media_en,title_articles,link_articles,date_original
hugkum,許容的・独裁的・権威的、あなたはどのタイプの親？ PCIT（親子相互交流療法）が目指す親のタイプとは,https://news.yahoo.co.jp/articles/ed9f28dc34be0f8b11ee15f55f955c3a6dce8380,8/24(木) 21:30
hugkum,30代でプレ更年期？銀座のクリニックで「更年期外来」を受診してみた結果は！治療方法も聞いてみた,https://news.yahoo.co.jp/articles/db02437dbd35d40a5171bbfb060d06cbdeefdecd,8/24(木) 21:10
hugkum,「チャンス」の意味の深さに衝撃。爆弾が降り注ぐ町を逃げのびた4歳の少年は、やがて作家になった【読みつがれるべき本】,https://news.yahoo.co.jp/articles/3ff64e6aec730f940991bf925ad39b94950f1c40,8/23(水) 21:30
hugkum,子どもと車でお出かけで困った！「汚す・ぐずる」みんなはどうしてる？お助けアイテムをアンケート調査,https://news.yahoo.co.jp/articles/bdf375bad63bdee63c68a3014196b3c6f811e3f0,8/23(水) 21:30
hugkum,子どものアタッチメント（愛着）には4つのタイプが。安定型なら大人になっても自立した人に。我が子はどのタイプ？,https://news.yahoo.co.jp/articles/dbca5a68dcc8d9c1bad4e2d9ca7778a0746d8ebb,8/23(水) 21:20
hugkum,国語教師が教える【チャットGPT】子どもと一緒にどう使うのが正解？「子どもの質問力」を鍛えるチャンスにも,https://news.yahoo.co.jp/articles/3faa4c20c649a84e51f21ff85fdc4c2975b41551,8/23(水) 20:20
hugkum,「ペンギン・金魚」が簡単に折れる！折り紙作家・カミキィさんが解説,https://news.yahoo.co.jp/articles/3b76b563b6913b0a7f250ebfbe665ecae4e9e786,8/23(水) 11:03
hugkum,池上彰さんに聞いた！なぜ戦争はなくならないの？どうしたら平和は守れるの？,https://news.yahoo.co.jp/articles/9e3aaf6aac2d2db4e5d8048d65008ac85b266340,8/23(水) 9:30
hugkum,【調査】子育て世代1153人のクルマ事情｜車種やメーカーは？買い替えのタイミングはどうしてる？,https://news.yahoo.co.jp/articles/d2eba0c0aa5ee8a2dfb1443e78fbee8eec980c3b,8/22(火) 21:40
hugkum,【産婦人科医・高尾美穂先生】「心はガラスのようなもの。自分と誰かを比べないで」プレ更年期は心のケアも大切,https://news.yahoo.co.jp/articles/c2d34bf0dc7dd5b8bbc2d5d287427c23ad9052b6,8/22(火) 21:20
hugkum,「イヤイヤ期」の園児に、保育園ではこんな風に対応しています。効果テキメンの伝え方【現役保育士がマンガで解説】,https://news.yahoo.co.jp/articles/bd6aa3774936b8f13d058f2d358e170b05a42abb,8/22(火) 21:10
hugkum,産婦人科医・高尾美穂先生に聞く30～40代女性「プレ更年期」の過ごし方。「食べる」より「睡眠」を、閉経すると痩せにくいから、適正体重に戻して！,https://news.yahoo.co.jp/articles/36cac857542124288cf4cf70b7bca08e26980697,8/21(月) 21:30
hugkum,【きのくに子どもの村学園長に訊く】「子どもに向き合うときは90°の角度から」子どもの心の土台をつくるために親が実践したい4つのこと。,https://news.yahoo.co.jp/articles/eb66381a97f01c2f5afef390da7adf27039865e4,8/21(月) 21:30
hugkum,テストがない、宿題がない、先生がいない。これでも正規の小学校！斬新すぎる自由な小学校があった！,https://news.yahoo.co.jp/articles/f129f44f95daca32b509f2da8010174ab66af822,8/21(月) 21:20
hugkum,【最新調査】「おむつはずれ」のプレッシャーに焦る原因は？はずす時期の多様化でマイペース派はどのくらいいる？,https://news.yahoo.co.jp/articles/640e331e9350ed52c280c56c08e5e68266472ab2,8/21(月) 21:10
hugkum,もっと早く知りたかった！ 誰でも読書感想文が書けるようになるワザを伝授！,https://news.yahoo.co.jp/articles/b511f1ad33245c37e373302745f68fec3daf4033,8/21(月) 21:10
hugkum,生きるために必要な力がつく！小学校「きのくに子どもの村学園」のプロジェクト型学びの魅力とは,https://news.yahoo.co.jp/articles/1d2a22419f1161f2b34facd43c321d485914a4b9,8/20(日) 21:30
hugkum,自由研究は「自学ノート」を応用して！〝自学指導の達人〟森川正樹先生にテーマの見つけ方や親のサポート法を聞いた！,https://news.yahoo.co.jp/articles/9bc342c1667e4c8eac65b953e7676fba420dd210,8/20(日) 9:30
hugkum,【駆け込み自由研究】レモン汁で色が変わる！色変わりムース ｜低・中学年におすすめ簡単サイエンススイーツ,https://news.yahoo.co.jp/articles/db5ade64e4c6db5700b74e39dbb08e27d6bc2ee1,8/20(日) 8:30
hugkum,「自由研究」は自由じゃなかった？ 昔は「教科の一つ」【こんなに変わった！小学校】,https://news.yahoo.co.jp/articles/d7b0bf7f28bcb881da1cb81e22ca3f355dd4fe88,8/19(土) 20:20
hugkum,【そうめん大量消費】マンネリ脱却レシピ3選！時短で「ごちそう麺」に,https://news.yahoo.co.jp/articles/bbcf5de76da297bd85331af09cec159e4c71ef58,8/19(土) 11:03
hugkum,公立学校はもっと自由になれる！映画「夢見る校長先生」が起こした革命とは？,https://news.yahoo.co.jp/articles/ffb032a68e865945499ae14e5f4a3166a6648fa9,8/19(土) 9:20
hugkum,【子どもの紫外線対策】ママ読者モデルがリアルに愛用中！日焼け止めからアームカバー、ベビーカーグッズまで,https://news.yahoo.co.jp/articles/f383a715f9481c183b71313bc075c7b8545a0ae2,8/19(土) 9:01
hugkum,ナルニア国が薦める5～6年生向け夏休みの本は『自由を求めて冒険へ！』高IQギフテッド冒険家による波瀾の旅行記,https://news.yahoo.co.jp/articles/6c5e99f6214ae54320b00878e205e214ff03151d,8/18(金) 21:30
hugkum,【中学受験経験談】御三家の発表直前にバタバタ！結果は？「親が頑張りすぎると後々よくない」父親が感じた反省点,https://news.yahoo.co.jp/articles/42ba8a478ca7d796f767181d12ad348a8874288f,8/18(金) 21:30
hugkum,【2023夏休みの自由研究最新調査】600人に聞いた人気第1位は工作！「親も手伝う」は80％！今からでも間に合う自由研究は？,https://news.yahoo.co.jp/articles/ea1a29d16393ca9159e6956bc2926b3009b4e70b,8/18(金) 21:20
hugkum,【子どもの本のみせナルニア国に聞く】3～4年生向け夏休みの本は『どうぶつ会議』。戦争と平和とSDGs、社会に目が向く名作古典,https://news.yahoo.co.jp/articles/b9dbe1c3f28a637fe248f608d6cb91292ef66307,8/18(金) 21:20
hugkum,「トリリオンゲーム」で目黒蓮演じるハルと佐野勇斗演じるガクの友情が修復して胸熱！【連載第5回】,https://news.yahoo.co.jp/articles/0d30250c19b71f1a9b83b80c74fe1660ec6e50ef,8/18(金) 9:41
hugkum,【中学受験体験記】妻からのバトンを受け取り、父子で勝ち取った御三家合格ストーリー,https://news.yahoo.co.jp/articles/31a080a7c0ff45bbad63187ec0d8b639e50c922a,8/17(木) 21:40
hugkum,17歳、最年少の世界遺産検定マイスター 山本・リシャール登眞さんに聞く「好きなこと」の見つけ方。自由研究も楽しんでできていた,https://news.yahoo.co.jp/articles/fd7b0367c9aef1b588e23eac663d4bc7f463c03a,8/17(木) 21:40
hugkum,【子どもの本のみせナルニア国に聞いた】1～2年生向け夏休みの本『王さまのアイスクリーム』。起承転結がはっきりしていて読書感想文向き,https://news.yahoo.co.jp/articles/54b85a8c34cdb0c51eef2d31b430e43cdb965ae1,8/17(木) 21:30
hugkum,読書感想文って「おもしろかったです」じゃいけないの？ 「おもしろい」の膨らませ方を読書教育のプロが伝授,https://news.yahoo.co.jp/articles/6fb80049b21dcec7eb9d8ea8843adaa53465f67b,8/17(木) 21:10
hugkum,【夏休みおでかけ】上野「国際子ども図書館」は親子で楽しめる超穴場スポット！動物園の後に寄って,https://news.yahoo.co.jp/articles/367984fc14e78dcf18d39f603d51b43b426eddcc,8/17(木) 9:00
hugkum,【B型肝炎ワクチン】2016年以前に生まれた子も積極接種を！サッカー、バスケをやっている子に接種を勧めるこれだけの理由,https://news.yahoo.co.jp/articles/d89c6d73dd8d2137cd954c7cc64d7603d4310bf5,8/16(水) 21:30
hugkum,カッターナイフ使えますか？20代～30代を境にカッターナイフに触れる機会が減っているデータも！子どもが安全に使えるお助けアイテムを紹介！,https://news.yahoo.co.jp/articles/0a49ad91ddc84e80f145ac7a6dc9adbb79e20be7,8/16(水) 20:51
hugkum,【小学生の単身留学】急増中！目的は？費用は？「中学受験の前に、海外生活を体験したい」というリアルな声も,https://news.yahoo.co.jp/articles/33761c8824db72877fecc63e54498706f8aff2a7,8/16(水) 20:50
hugkum,【ポケモンスリープ】朝起きるのが楽しみになる『Pokmon Sleep』を親子で一緒に体験レポ！,https://news.yahoo.co.jp/articles/d56361abb619655c8902fb11d348ed5927711979,8/15(火) 21:40
hugkum,小学2年生の「うんちの自由研究」がすごい！自分の排便を調べようと思ったきっかけや「僕のうんち堆肥でブロッコリーを生育」するまで,https://news.yahoo.co.jp/articles/5ca0c19340e5f30f04a9c66128771cdc8b08d7ed,8/15(火) 21:30
hugkum,流しそうめんで虫歯菌がうつる！？ 安全・安心な箸づかい・取り分け料理のマナーを再確認【歯科医が提言】,https://news.yahoo.co.jp/articles/a1d0f51d805c35a67735e90c7af693a16a685717,8/15(火) 21:20
hugkum,日本一の小学生プログラマーを決める戦い！「全国小学生プログラミング大会 ゼロワングランドスラム」第2回大会の予選が開催中,https://news.yahoo.co.jp/articles/5c0c64cc42969239eb949de5bfe2dfcaff07a9dc,8/15(火) 11:20
hugkum,夏休みの宿題にChatGPTは使える？ 生成AIのリスクと「あえて使うなら」の提案を国語のプロ・明治大学教授 伊藤氏貴先生に訊く,https://news.yahoo.co.jp/articles/391b2a245b883bfb3364fd1998ebd7fe3dbbb165,8/14(月) 21:40
hugkum,小学5年生が「おしっこの研究2022」で内閣総理大臣賞！「肉ばかり食べるとpHはどうなる」など深掘り研究の裏側に、母の食事サポートも,https://news.yahoo.co.jp/articles/3cc8598382d36137391195edde38a091f601ece0,8/14(月) 21:30
hugkum,【今すぐできる植物の自由研究】ねぎ、ニンニク、パプリカ…買った野菜が簡単にすぐ増える！TikTokで話題の「そらベジ ガーデンハック」が伝授,https://news.yahoo.co.jp/articles/fe595e58395ad6bf0ec0e31631ef3adf358ac1a3,8/14(月) 20:40
hugkum,【待望コラボ】カビゴン＆メタモンが“Yogibo”になっちゃった！,https://news.yahoo.co.jp/articles/38f8f7132d2f070da0f6ac836b7bf2435044d108,8/14(月) 9:40
hugkum,夏休みの朝寝坊が肥満体質を作る！子どもの「夏太り」に発育研究者が警鐘！,https://news.yahoo.co.jp/articles/15063115a4d0954bbe39cb6064cb6423b5f16643,8/13(日) 21:30
hugkum,なぜ「万引き」というの？実は「刑法」にはない用語です【知って得する日本語ウンチク塾】,https://news.yahoo.co.jp/articles/c32f8e62395a970d66f788d88e50f6d66fe8fa82,8/13(日) 21:30
hugkum,きっとママやパパも泣く！初の3DCG映画『しん次元！クレヨンしんちゃんTHE MOVIE 超能力大決戦 ～とべとべ手巻き寿司～』,https://news.yahoo.co.jp/articles/ba9f598a8e430be3ee8732746814317fabec4661,8/13(日) 11:32
hugkum,知ってる？6月から始まったアメリカザリガニ、アカミミガメの飼育規制。川や池に放すのは違法です！,https://news.yahoo.co.jp/articles/8c8d27733e77e4a4a0f3083d21200214064a29ea,8/13(日) 10:50
hugkum,【図書館でのマナー】気持ちよく利用するために子どもに伝えておきたいルールをマナー講師が伝授,https://news.yahoo.co.jp/articles/3b0e19c214edaed708531dbd6995520cc5524f53,8/11(金) 21:02
hugkum,【ハッピーセット】週末は「メザスタ」プレゼントも♪ピカチュウがハッピ姿で夏を盛り上げる「ポケモンなつまつり」がスタート！,https://news.yahoo.co.jp/articles/ef53632818d8c017bcdc5a6eafab84b254299e51,8/11(金) 14:55
hugkum,目黒蓮が闘志を燃やす表情にゾクッ！「トリリオンゲーム」社が放つ次の一手とは？【連載第4回】,https://news.yahoo.co.jp/articles/ca0b765fd7d97a606f1980bd16730c73a9eab859,8/11(金) 14:48
hugkum,【お盆の準備】子どもとできる「精進料理」や「精霊馬」づくりに挑戦してみよう,https://news.yahoo.co.jp/articles/0370fd84cf393f1d42f352911e8cd2639a99d888,8/11(金) 11:00
hugkum,「子どもがどんな絵本に興味をもつかわからない」読み聞かせ最大のお悩みに子どものタイプ別チャートが有効！,https://news.yahoo.co.jp/articles/5bee195d3be278207cde6751bc24189619cb5243,8/11(金) 9:01
hugkum,【ふるさと納税】でもらえるサンリオグッズがこんなにプロが教えるかわいすぎるサンリオ返礼品5選,https://news.yahoo.co.jp/articles/82e953498f8d2f4f735bddcf3bd5279512be2ec0,8/10(木) 21:30
hugkum,佐藤久美子先生に聞く、小学校の英語教育の現在地は？「うちの子の英語」どこをゴールに設定すべき？,https://news.yahoo.co.jp/articles/3b0dcd3cd5f476be93ecee17ba9d0297c253aba2,8/10(木) 21:10
hugkum,ズバリ！読書感想文が書きやすい本ってありますか？「面白くない」も書いていいの？ この夏の読書感想文攻略法を、オンライン読書教育Yondemyの代表に訊く,https://news.yahoo.co.jp/articles/8afd23a88f02fd24386bd37c6de796e390684353,8/10(木) 21:02
hugkum,消極的でママべったりの4歳の息子。 小学校に入っても、友達とうまく 遊べなかったらどうしよう【愛子先生の子育てお悩み相談室】,https://news.yahoo.co.jp/articles/d2c9e286bad22e79415cb57943fab5a7cff1ac22,8/9(水) 21:30
hugkum,【大発明】「1冊でも倒れないブックスタンド」が激売れ中！倒れないってこんなにストレスフリー♪,https://news.yahoo.co.jp/articles/d5cc9a63fd8a9ef0de45949a77e71181925eba98,8/9(水) 21:10
hugkum,【東京ミッドタウン】のキッズ向け夏イベント3選！暑さを避けて子どもと楽しく過ごそう,https://news.yahoo.co.jp/articles/3415c20dd644c38ac649af2e1264a162ea1f28ca,8/9(水) 11:10
hugkum,冷たいものでキーン、歯ブラシにビリビリッ！ 歯の知覚過敏。放っておいていいの？【歯科医が警鐘】,https://news.yahoo.co.jp/articles/796a31f22f78d9d1885553c969fc49533d7b4319,8/9(水) 11:10
hugkum,ルウなしで作れる！子どもも食べられる「簡単スパイスカレー」で夏バテ知らず【管理栄養士監修】,https://news.yahoo.co.jp/articles/88e65498af18eda59638e9ccc67799b9a0264cb8,8/9(水) 11:10
hugkum,きゃりーぱみゅぱみゅさん「ライブでも英語を使うことが楽しい！」NHK Eテレ子ども英語番組に出演し、自身も英語へのチャレンジ欲が！,https://news.yahoo.co.jp/articles/5076ce3c7f897e41f2e11ec0451fd6fa62d61165,8/8(火) 21:30
hugkum,「生涯記憶に残る一冊を」読書迷子の小一親子が選書のサブスクを体験してみた！,https://news.yahoo.co.jp/articles/59c753112fbf051f0fd23906c9e0bc1060fe30cb,8/8(火) 21:20
hugkum,中学受験でも有利に！小学生から英検にチャレンジしておいたほうがいいといわれるワケとは？,https://news.yahoo.co.jp/articles/0874108ae81950e37139766ef9c99013086f6c4a,8/8(火) 21:00
hugkum,【勉強に集中できる定規】教科書などの文字が読みやすくなる「モジサシ定規」で集中力ががぜんUP！,https://news.yahoo.co.jp/articles/795f62c3bcdfdf6d096701f4af88add9fdf3063b,8/8(火) 21:00
hugkum,装飾列車「ちいかわ号」が8月4日から運行！CHIIKAWA×HANKYUコラボがめちゃかわいい,https://news.yahoo.co.jp/articles/bf7cf63ddd90d3738eb5d3efb93a0362bdf328bc,8/8(火) 11:00
hugkum,【中学受験】合格経験者に調査！天王山となる夏休み、子どものモチベーションの上げ方とリフレッシュ方法は？,https://news.yahoo.co.jp/articles/9fcb0278a179c3b545b885dce1a44e18f2c28930,8/7(月) 21:40
hugkum,吃音、難聴などの相談は公立小・中学校に設置されている「きこえとことばの教室」へ。言語聴覚士・奈々先生に聞く活用法,https://news.yahoo.co.jp/articles/44e4da71022d8302e788ba3029ab3ac50bba823d,8/7(月) 21:30
hugkum,【30代・40代の白髪対策】ママ読者モデルがリアルに実践中！おすすめ商品や対策法は？,https://news.yahoo.co.jp/articles/338aae196e7b5c75c121a25cce56cbcb5b7f54f3,8/7(月) 21:30
hugkum,ボールペンの「カチッ」という音が苦手…そんな「音ハラスメント」対策ばっちりの「静音ボールペン」が話題！,https://news.yahoo.co.jp/articles/fbf2bea8045be556746280be2ed6eb93230e2789,8/7(月) 21:11
hugkum,算数の学力差は夏休み明けに出やすい 30億件のデータから見る、グンと成長する学習方法とは,https://news.yahoo.co.jp/articles/d3fe11ab0ccef0ee743ee676b9534b0f52a8569b,8/7(月) 20:40
hugkum,子どもの英語、2歳頃から始めるのがおすすめな理由は？パパママの英語力は関係ないってホント？,https://news.yahoo.co.jp/articles/d86bf22548abb51dcc9aa3777dfcd2a7299a857d,8/6(日) 21:31
hugkum,「アイスクリームは意外に虫歯になりにくい」データを検証。カギは口内の“停滞性”？【歯科医が教える夏のデンタルヘルス】,https://news.yahoo.co.jp/articles/25db87c45e341a30495c81e3f61c79579890dd69,8/6(日) 21:11
hugkum,「エルマーのぼうけん」展を密着レポ！音も光もあるリアルな空間でドキドキの冒険をしよう！,https://news.yahoo.co.jp/articles/4065b5949cc24c456e3a8bc8448d0033dbed83c4,8/6(日) 11:10
hugkum,マイクラをレゴで表現！？「レゴ認定プロビルダー」三井さんの作品と写真が撮れちゃう大人気無料イベント『レゴフェスティバル in Marunouchi 2023』,https://news.yahoo.co.jp/articles/5a26acdec9e9bcd37aa8f420c35f7048124bce2b,8/6(日) 9:10
hugkum,MARVELのプロクリエイターも使う本格3D制作ソフトで学べる！『みらいのおねんど教室』は子どもがやりたくなる秘密がいっぱい！,https://news.yahoo.co.jp/articles/5ab028064faa38848742a02890eef1c73528a649,8/5(土) 21:11
hugkum,驚愕！これがダンボールで出来てるの 平塚市美術館「ダンボール物語」にユニーク立体動物が勢ぞろい！,https://news.yahoo.co.jp/articles/ec521d960e7540cc1badedd0f4c5fe2e73ae312c,8/5(土) 11:11
hugkum,川口春奈と玉森裕太が浴衣姿で胸キュンのエピソードを披露！『マイ・エレメント』の夏祭りイベント,https://news.yahoo.co.jp/articles/f1e7a497d8ad539b583925c0337272e81ccd0fd3,8/5(土) 9:10
hugkum,【サンリオピューロランド】夏限定イベント「Puroland Camp」でキャンプ体験！ 親子で楽しく回るポイントを解説,https://news.yahoo.co.jp/articles/e1bcccb52069c17626a29f3792e61f998230bcf1,8/5(土) 9:10
hugkum,550人に聞いた、育児の方針として「心がけていること・実践していること」は？ アンケ結果から見える今の子育て,https://news.yahoo.co.jp/articles/c8db26a4eda0f2bc8f709811597695a428dc2628,8/4(金) 21:30
hugkum,【中学受験の実例】大学付属難関校合格をつかんだ勝者はどんな夏休みを過ごした？タイムスケジュールから各教科の学習法まで,https://news.yahoo.co.jp/articles/054c0c0046a8951026095b58878236b20c33e248,8/4(金) 21:30
hugkum,「夏休みだ、読書だ、子どもを本好きにするには？」パパママ、その考え自体ストップしよう！10歳で本の選び方も変わる。親の心がけは？,https://news.yahoo.co.jp/articles/369fca432ec6cf80db0cc35c330caad4b97581d5,8/4(金) 21:10
hugkum,目黒蓮や佐野勇斗が「トリリオンゲーム」で“にわかホスト”として大奮闘！【連載第3回】,https://news.yahoo.co.jp/articles/c410256df914f2f32ea6c8984f0f7cb8dac5e100,8/4(金) 12:27
hugkum,眉毛を整えるユニークな授業「眉毛ホームルーム」が開催！太眉カットで話題の井上咲楽さんも登壇,https://news.yahoo.co.jp/articles/f684ece1fe5f49ebc1e3330ec2e150bdfdea4f56,8/4(金) 11:10
hugkum,東京大学の実験サークル「CAST」に聞いた、小学生の自由研究におすすめのテーマは？家にあるもので手軽にできる学年別実験のやり方,https://news.yahoo.co.jp/articles/6ad62fbcfb4837daf6489ce4b5f2ba57c40900b8,8/3(木) 21:30
hugkum,図鑑は子どもたちのワクワクの宝庫！編集長に聞いた「なぜ」「なに」が広がる図鑑の楽しみ方,https://news.yahoo.co.jp/articles/d326e7d7ce756864ee9156c1320cf1b93e77f3e4,8/3(木) 21:10
hugkum,「夏休みの読書感想文、どうしよう…」に救世主！　読書のプロに聞く、これなら書ける「おたすけシート」と感想文のとらえ方,https://news.yahoo.co.jp/articles/38cb12be8b318fe335be08745296fdfd65e789a2,8/3(木) 11:10
hugkum,インスタフォロワー48万人「リト＠葉っぱ切り絵さん」が初のストーリー絵本『まねっこカメレオン』発売！「子どもたちにも切り絵に興味をもってもらえたら」,https://news.yahoo.co.jp/articles/497de77ad579bab5c52ef2f4d3c63a293aa0ba98,8/3(木) 11:10
hugkum,累計63万部超の大ヒット『図鑑NEO危険生物』は「チャドクガ」がきっかけで生まれた！身を守る実用書としてこだわり抜いた制作ウラ話を編集長に直撃,https://news.yahoo.co.jp/articles/8ec5e2a9f7a976835072f0a565843634a2570e09,8/2(水) 21:30
hugkum,2～4歳児の夏の体調管理オールガイド｜肌バリア・夏の感染症・暑い季節の発熱対策。おさえておきたい基本とは,https://news.yahoo.co.jp/articles/f79a2e2b3310ca66a5cccbdb4d8e81258e386131,8/2(水) 21:30
hugkum,思ったのと違う！音読み・訓読み。「菊(きく)」ってどっちだ？【知って得する日本語ウンチク塾】,https://news.yahoo.co.jp/articles/44d95cd7c760edf8791243bf29dc971dafe47467,8/2(水) 21:10
hugkum,【中学受験】勝者に聞く！夏休みの目標の立て方や勉強で工夫した点は？合格を掴んだ夏の過ごし方を大調査,https://news.yahoo.co.jp/articles/e6ccb91ea7c57728dfce66dcd40fe414cbccd53c,8/2(水) 21:10
hugkum,「スヌーピー in 銀座 2023」が銀座三越で開催中！越後屋スヌーピーなど限定グッズ＆フードで大盛況,https://news.yahoo.co.jp/articles/e569f54af2bd15a22dd7bbd748c0d420abc77499,8/2(水) 20:40
hugkum,元タカラジェンヌ 七海ひろきさんも出演！「サントリーホールでオルガンZANMAI!」【夏休みの子連れおでかけ】,https://news.yahoo.co.jp/articles/6903006cbd7a0875d6facc23cdfbcf1cd0bb36f3,8/2(水) 15:58
hugkum,【吉祥寺・親子さんぽ】ファンキーな読み聴かせが評判の絵本屋「MAIN TENT」に行ってみよう！,https://news.yahoo.co.jp/articles/28397b4aa95ac49d5059d8daf95f1c20e3c2f1a5,8/2(水) 10:30
hugkum,【小学校の変わり種授業｜中部・関西地方編】岐阜県の「鵜飼」や静岡県の「お茶工場見学」地域ごとの特色が楽しい！,https://news.yahoo.co.jp/articles/7522a61a9ab33a2a2b0acb891c65ffe2dab380a4,8/1(火) 21:30
hugkum,なんでも「1番」にこだわる娘。このままでは友達とぶつかるのでは？と心配【専門家がアドバイス】,https://news.yahoo.co.jp/articles/feff16e2c192cc075b7e089b30e11d4049bd9b53,8/1(火) 21:30
hugkum,英語習得には0～9歳の時期を逃さないで！坪谷ニュウエル郁子さんが語る「国際バカロレア」と英語教育の違いって ？,https://news.yahoo.co.jp/articles/be789ad123fda2aa39e0cc8dbe4f4e11175e4971,8/1(火) 21:20
hugkum,【ダイソー】リュックが肩からずり落ちてイラッ！「リュック固定ベルト」がプチストレスを解消！意外な使い方も,https://news.yahoo.co.jp/articles/c330193fa65213d21b637a6be9830a60d8b8668b,8/1(火) 11:20
hugkum,自由研究シート＆キット付き！梅体験専門店「蝶矢」の「梅シロップ作り」をオンラインで体験しよう♪SDGsの観点も学べる！,https://news.yahoo.co.jp/articles/9dc0a6bb412c915c84847dea51307244ee272707,7/30(日) 11:03
hugkum,映画『王様戦隊キングオージャー』主演の大成さん 池田匡志さんに、映画の見どころや気になるプライベートについて聞いてみた！,https://news.yahoo.co.jp/articles/d6ec71c282059d378b40a377b2ee922293ea433a,7/29(土) 9:02
hugkum,【ダイソー】で見つけたら即買い「デコふわっと」、正体は薄切りかまぼこ！キュートなおにぎりが簡単で映える,https://news.yahoo.co.jp/articles/4a378eca8d156e3b7ac489b3a4afbbf90147da63,7/29(土) 8:30
hugkum,子どもの耳も要注意！オンライン授業やゲームで「外耳炎」が急増？夏場の“イヤホン蒸れ”に気をつけて【耳鼻科医が解説】,https://news.yahoo.co.jp/articles/5f3b5519049e9317256ff1b32e240a6bc2ee35cb,7/28(金) 21:40
hugkum,発達に不安があるお子さんのリハビリを行うPT（理学療法士）はどんなサポートをしてくれる？小児理学療法士のかめきちさんから親御さんへのメッセージ,https://news.yahoo.co.jp/articles/8ffc2c35d0b1509a3a4daaeacd0eb019a1f2acf6,7/28(金) 21:30
hugkum,【大反響！】発達に配慮した子ども服をしまむら×小児理学療法士がコラボ開発。親御さんから喜びの声、続々！,https://news.yahoo.co.jp/articles/5622585243796dc0c7a2d03072a4b57b0330d962,7/28(金) 21:02
hugkum,【今夜22：00から第3話が放送】目黒蓮や佐野勇斗が“札束風呂”に！「トリリオンゲーム」社が本格始動,https://news.yahoo.co.jp/articles/be680375423b28ec1f847fd0fc0868b477d2765d,7/28(金) 11:50
hugkum,筑波大学附属特別支援学校の先生に聞いた！発達障害の子どもたちにコミュニケーションカードゲームが有効な理由,https://news.yahoo.co.jp/articles/d5d2e8d5cabfcc5a9e6a89cf3870e761be2d5834,7/27(木) 21:30
hugkum,「鉛筆のもちかた」と「運筆」正しくできていますか？持ち方を変えると体にもいいことが！,https://news.yahoo.co.jp/articles/7e46de2806fcb33b29ae163482a8441329427ff6,7/27(木) 21:10
hugkum,【悩ましい】夏休みの宿題計画どうする？夏休みを3つに区分けし、宿題グループを割り振るとうまくいく！,https://news.yahoo.co.jp/articles/524e9970c1c6b8a18f07034e0e8cc81633ae4890,7/26(水) 21:40
hugkum,自分の口臭に気付いてますか？ アフターコロナで脱マスク…気になる口臭の原因と対策【歯科医が解説】,https://news.yahoo.co.jp/articles/f21c49e516f41543480e380c1785fb39fc9bce53,7/26(水) 21:30
hugkum,【発達障害を応援する道具】特別支援学校の先生が開発！緊張や不安の強い子の気持ちをほぐし、引き出すコミュニケーションゲームの魅力,https://news.yahoo.co.jp/articles/62010d4236ceeb7212b43bc239403bf8e34d2d86,7/26(水) 21:20
hugkum,1000人に聞いてみた！子どものオムツ卒業のきっかけは？ 難しいトイトレ開始のタイミングをランキングで発表,https://news.yahoo.co.jp/articles/c9a4a6a4b5f3481cbe07a95f97eb549cb4547fc6,7/26(水) 21:10
hugkum,日本科学未来館「NEO月でくらす展」で夏休み自由研究フェス7月29日(土)～8月2日(水)に開催決定！,https://news.yahoo.co.jp/articles/16b86eb492dfa97f0fa2cebfa69e2fe92c69fced,7/26(水) 11:55
hugkum,【現役小学校の先生がおすすめ！】子どもも保護者も楽ちん＆楽しい 夏休みの読書感想画と読書感想文,https://news.yahoo.co.jp/articles/029fc162091728ee896e235812d06867275f6444,7/25(火) 21:30
hugkum,現役小学校教諭がすすめる【パソコンで自由研究】まとめのコツ＆夏の宿題を楽にするヒント,https://news.yahoo.co.jp/articles/c21a4c410ed8939268029df78dff2e81fee11d13,7/25(火) 21:10
hugkum,人前に立つのが苦手、友だちに言われたことをいつまでも気にする。繊細すぎる我が子にどう接すれば？【現役教諭がアドバイス】,https://news.yahoo.co.jp/articles/f4a4b94ac482074621d41e7d1f19ba8b93b6f8eb,7/24(月) 21:40
hugkum,昔は「犯人捜し」今は「子どもに考えさせる」【こんなに変わった！小学校】学級指導編,https://news.yahoo.co.jp/articles/9db43b5d53169e4bed7c2f21249c995ae7b62f58,7/24(月) 21:30
hugkum,8月3日は“はちみつの日”！アフタヌーンティー・リビングの「くまのプーさん」限定アイテムが可愛い,https://news.yahoo.co.jp/articles/b3fe72ef279e15113d61f6ba978a5ecf163d9e2b,7/23(日) 21:10
hugkum,「バスのボタンを押したがる」「カートを押したがる」1000人のママパパに聞いた「子どもがやりたがる“あるある”」をランキング発表！,https://news.yahoo.co.jp/articles/78739f0c6c95290e1de3ccbee2c62a247c28f951,7/23(日) 21:10
hugkum,北欧発「フライングタイガー」から、この夏 進化系知育玩具『 STEAMトイ』発売！遊んで学んで楽しもう,https://news.yahoo.co.jp/articles/8e37554bd83d9ef0bf903745c94255326dfc98e1,7/23(日) 10:10
hugkum,光にかざすとキラキラ！グラスデコオーナメントセットは夏の工作にも、おうち時間の充実にもおすすめ！,https://news.yahoo.co.jp/articles/01140545f7282e27799be38b0a6e351ce568798c,7/23(日) 9:10
hugkum,【AIGLE】のラバーシューズは雨に、ガーデニングに大活躍！たくさんのバリエーションからどれにする？,https://news.yahoo.co.jp/articles/bf79faad1ab6eaf436d833ac85953771a392c8d3,7/23(日) 8:04
hugkum,名作「エルマーのぼうけん」展が日本初開催！130点の貴重原画＆かわいいグッズが見逃せない！,https://news.yahoo.co.jp/articles/b35e9c29d91c4851dcc0656fcbeebfefde221ac5,7/22(土) 11:10
hugkum,恐竜キッズの夏休みはコレで決まり！全国82ヵ所恐竜スポットを大紹介『全国恐竜めぐり』,https://news.yahoo.co.jp/articles/7d690886d0471b21957c0cea9870caacb1600284,7/22(土) 10:30
hugkum,【星野リゾート リゾナーレ八ヶ岳】野菜ソムリエプロの緒方 湊さんの授業も！子どもが野菜好きになる「リゾナーレとカゴメの食育」を体験,https://news.yahoo.co.jp/articles/db94c8c7de5f3d4de539e03e85da2f2892992701,7/22(土) 9:31
hugkum,史上初！2大少女まんが誌コラボ「ちゃお×りぼん ガールズコミックフェス」が8/19・20に開催！事前応募は7月28日まで【夏休みイベント】,https://news.yahoo.co.jp/articles/850fdd46f422e8b7cc8c3a67a7f5a49b80c0ff81,7/22(土) 8:03
hugkum,愛知県岡崎市の全ての中学校に設置されているフリースクール「F組」とは？ 「学校が子どもに適応する」学びの現場の話を聞いた,https://news.yahoo.co.jp/articles/bd2d520cd4b0aa24c853d8b5aa004b23e3412d52,7/21(金) 21:31
hugkum,【体験レポ】帰りたくないほど楽しい！レゴスクールのプログラミング教室に行ってみた！話題のSTEAM知識が身につく,https://news.yahoo.co.jp/articles/5910c010fcd1248d44c707ce5b386e927e26d9fd,7/21(金) 21:20
hugkum,算数100点だよと見せてきたけれど。うちの子、こっそり答えを見てる？ 上手な「解答集」との付き合い方とは,https://news.yahoo.co.jp/articles/7d6429e151ef3fa73ba83b7e4baf74986712e59a,7/21(金) 21:20
hugkum,「たい焼き屋さん」も 「たこ焼き屋さん」も！ お家でお祭りごっこができちゃう夏休みおすすめ家電を徹底レポ！,https://news.yahoo.co.jp/articles/8f076d635f4622e5cb720fedb22a78411cad481f,7/21(金) 11:20
hugkum,【今夜22時 第2回放送！】目黒蓮、主演ドラマ「トリリオンゲーム」でのハッタリ成り上がり男が新たなハマリ役に,https://news.yahoo.co.jp/articles/6cc1ab897942cf88cab1874d789174e823d78dd8,7/21(金) 7:49
hugkum,【小学校の変わり種授業｜東北・関東地方編】雪国ならではのスキー授業や田植え、地方ごとの特色がおもしろい！,https://news.yahoo.co.jp/articles/35b02e9fb34682b5d1bb829b3f810c75c77b027b,7/20(木) 21:20
hugkum,漢字嫌いな子が苦手意識を克服する工夫ってあるの？大人気講座・探究学舎【ことば編】にコツを聞いた,https://news.yahoo.co.jp/articles/b505a05d3852b843ececa1808441b4a61b1dc3ae,7/20(木) 21:20
hugkum,本が大好きだった小学5年生は、高校生2年生の今、どんな本を読んでいる？徹底ルポ【本好きキッズのその後】,https://news.yahoo.co.jp/articles/8602feb16e49317ed0985c3b4e8aca59e7ea4315,7/20(木) 21:20
hugkum,「えっ、またそうめん？」から「わーい♪そうめん！」に変わる超コンパクトサイズの「魔法の道具」をみつけた,https://news.yahoo.co.jp/articles/75b0d2e6abe349d0b503846074ff17a6c5070f4d,7/20(木) 11:20
hugkum,産後の尿漏れ、気になってませんか？一度の出産で約10％が経験！加齢によって悪化することも,https://news.yahoo.co.jp/articles/cdb989b1fd929ef716705d794f06b11b1d8fe32f,7/19(水) 21:40
hugkum,生後1ヶ月の娘の心臓に3ミリの穴…検診で心雑音が発覚。 100人に1人の先天性心疾患「心室中隔欠損症」を体験して,https://news.yahoo.co.jp/articles/3f1a0a5215950b5be218c01fc5b06c9935b18a82,7/19(水) 21:20
hugkum,【小学校のオモシロ行事｜関東地方編】全国5175人に聞いた！「ゲゲゲ鬼太郎給食」や「ベイスターズ野球教室」など地域の特色が詰まった行事がすごい,https://news.yahoo.co.jp/articles/d6c229bd890fda3fc95343b7fdc300a078ca69ad,7/19(水) 21:20
hugkum,左利きの子どもの苦労が解決！おすすめの「左利き専用文具」を文具のプロが目利き【子ども文具お悩み相談室】,https://news.yahoo.co.jp/articles/db6f09c6aaf6083d44c86144258d21561e277e00,7/19(水) 21:10
hugkum,ミニオン史上初！海の家がオープン♪アンバサダーの高橋愛さんがおすすめメニューを紹介,https://news.yahoo.co.jp/articles/d77bceb1309f3d471bd8d32a8d29a07fd426661f,7/19(水) 15:02
hugkum,【不登校】「学校を休ませること」は法律で認められている！子どもの生き方を尊重するために、大人ができること,https://news.yahoo.co.jp/articles/242dc6069e6617e6d85e264ac5f6c89f318adc97,7/18(火) 21:50
hugkum,「不登校」という鎧を脱いだら、子どもそのものが見えきた！偏見や思い込みは捨てて,https://news.yahoo.co.jp/articles/01bad553c6ac9a1fcc7058244f485444e1c64cd6,7/18(火) 21:20
hugkum,「学校に行きたくない」には「わかった」と休ませるという選択も。『学校に行かない君が教えてくれたこと』著者の今じんこさんにインタビュー,https://news.yahoo.co.jp/articles/fca44f17907041496d7b0ba0e6af9fc3ae50eb79,7/18(火) 21:00
hugkum,【不登校】入学直後なのに筆箱がボロボロに!？ 「荒れ筆箱」に子どものSOSサインが現れる！,https://news.yahoo.co.jp/articles/10d9561f2b94fc5a24e2f38f87fbf0d9379c4ae7,7/17(月) 21:11
hugkum,1000人のママパパに聞いた「もらってうれしいノベルティ」3位お菓子、2位エコバッグやポーチ、1位に輝いたのは？,https://news.yahoo.co.jp/articles/59820478155976bbc3425c0098ff48b9a45f88a7,7/17(月) 11:20
hugkum,【夏休みのおでかけ】かわいい動物と触れ合える！新感覚のアニマルプレイグラウンド「ラブリー・アニモア」を体験,https://news.yahoo.co.jp/articles/caf7a8398443162daf353ea38d37c15496b44cae,7/17(月) 9:20
hugkum,水分補給と虫歯リスクの関係は「飲み物の種類」と「唾液コンディション」で決まる！【歯科医が解説】,https://news.yahoo.co.jp/articles/35368073ccad26368643322b6f8dbbd919447f21,7/16(日) 9:10
hugkum,折り紙作家・カミキィさんの「アイスクリーム」でおみせやさんごっこ♪小さい子でも製作できる！,https://news.yahoo.co.jp/articles/8bbf883fdc095e0ac44e7b6db29ad48d418c51aa,7/16(日) 9:01
hugkum,米粉で作る人気のもちもちドーナツ。小麦粉アレルギーの子も安心！【米粉の達人・梅子さんレシピ】,https://news.yahoo.co.jp/articles/188676f129fc4975f91a2c6d631ffd05f0c6b411,7/16(日) 8:04
hugkum,うちの保育園・幼稚園にも来て！無料でパン教室を開催してくれる吉永麻衣子先生の『日々のパン』を呼ぼう♪,https://news.yahoo.co.jp/articles/7801fc38d8c98c87c0478570800dd51fed2b75e3,7/15(土) 12:00
hugkum,【おさるのジョージ】のダイニングカフェ「Curious George Kitchen」が渋谷で10月まで期間限定オープン！メニューもカフェ限定グッズもかわいすぎ,https://news.yahoo.co.jp/articles/8c9824db7ceda11cd70bce6bba01c610158482a5,7/15(土) 9:00
hugkum,戸田恵子&トレンディエンジェル、映画『それいけ！アンパンマン』最新作でインタビュー「アンパンマンがからだに染みついてる！」,https://news.yahoo.co.jp/articles/b8b10592ecbd867aeb1cc0037c78c6767db05c57,7/15(土) 9:00
hugkum,「離婚すると受験に影響する？」「離婚調停を見せれば法律の勉強になる？」弁護士が語る、雑すぎる〝教育的〟配慮が子どもに逆効果な理由,https://news.yahoo.co.jp/articles/f14d39042a507db385a3df813d38881a6e851cf7,7/14(金) 21:40
hugkum,不倫を子どもにどう伝えるべき？『ホンマでっか！？TV』出演・堀井亜生弁護士が見てきた【離婚と子ども】のリアル,https://news.yahoo.co.jp/articles/77c11ae474892f8aa66b106699bfb3a07fae9a5a,7/14(金) 21:40
hugkum,弁護士が語る【離婚と子ども】意外と知らない「財産分与」「年金分割」「養育費」のリアル。「夫が居てくれないと子育てができない」という前提を見直して,https://news.yahoo.co.jp/articles/0c31933bc21f9fc0efd9a465eef589afe6f301c7,7/14(金) 21:20
hugkum,子どもの入院に付き添う親の現状は「食事も睡眠もとれないほど過酷」キープ・ママ・スマイリングが国に改善の要望書提出,https://news.yahoo.co.jp/articles/be023240464aff716cae8b6ce9cd92f89dc2b6b0,7/14(金) 21:10
hugkum,【映画ライターが観た】宮崎駿監督作『君たちはどう生きるか』は隅々までびっくり仰天の快作！子育て世代に観てほしい,https://news.yahoo.co.jp/articles/0933e3bbc9c8ea5bdf060adba77e464f3c89545a,7/14(金) 21:02
hugkum,「転校がかわいそうで離婚に踏み出せない」堀井亜生弁護士が見てきた【離婚と子ども】のリアル,https://news.yahoo.co.jp/articles/36b611e3dfd7968e6ae3729225bb4f5667c7def8,7/13(木) 21:20
hugkum,長年、米粉を研究し「粉のブレンド技」でどんなレシピも作る米粉の達人・梅子さんの「もっちりカラフル餃子」。蒸しても焼いてもおいしい！,https://news.yahoo.co.jp/articles/433748c8e64650e8c37fa06e65d8043dd130f520,7/13(木) 21:20
hugkum,11歳「つぶつぶアート」画家Conocaちゃん、トルコ大地震でがれきから救出された犬を描き、寄付！等身大のチャリティ活動に挑戦,https://news.yahoo.co.jp/articles/d4aa5dab151a9f332a7a047a9edd4e8742670486,7/13(木) 21:10
hugkum,【モスバーガー×すみっコぐらし】超～お得でかわいい「夏の福袋」が発売！事前予約でGETして,https://news.yahoo.co.jp/articles/f4d816e30d08e752b27fe8de7096dc14335057ba,7/13(木) 11:10
hugkum,【日本おもちゃ大賞2023 発表】受賞商品を部門別に発表！大人が楽しめる玩具には3万円越えのものも,https://news.yahoo.co.jp/articles/2f931192f1418d467a9c3c95ecb212e43de5c4d3,7/12(水) 21:10
hugkum,紙粘土の新時代到来！「きまるねんど」は思うままに作り出せるスゴイ軽量紙粘土だった,https://news.yahoo.co.jp/articles/b2e88ef3961ce36c7ff8ac23f44cef0d15afcfca,7/12(水) 21:10
hugkum,50年以上ロングセラーのカードゲーム「漢字博士」は、漢字嫌いなビジュアルデザイナーのアイデアから生まれた！「ドリルばかりじゃ漢字は好きになれない」,https://news.yahoo.co.jp/articles/797594cfaf3feb63fbf72cc61d1d48dd62d69b13,7/12(水) 21:10
hugkum,子どもが不登校になったとき、スクールカウンセラーにどう相談する？敷居が高いと思わないで。現役カウンセラーに聞いた、子供に寄り添う対処法,https://news.yahoo.co.jp/articles/4a020e62433857b14889cc4644584fab7da3dfa9,7/12(水) 21:00
hugkum,子どもが発する下ネタに「いやらしい」「そんな言葉使わないで！」と言ってしまいがち。実はその声かけ、逆性教育になっているかも！,https://news.yahoo.co.jp/articles/38bf47c1b4f403dc0a861be723e394d70d0673eb,7/11(火) 21:50
hugkum,「左脳＝理系脳」と「右脳＝アート脳」どちらも育つ習い事があった！建築アートデザインスクールを小学生が体験,https://news.yahoo.co.jp/articles/78af799f3f2d5b96fff3762e95286c24ab9eb37b,7/11(火) 21:10
hugkum,睡眠の質が下がる夏、プチ不調やだるさに悩む人は眠りの見直しを！健康オタクライターが夏の快眠グッズを試してみた！,https://news.yahoo.co.jp/articles/eaa287e8e1c49950663da9cf6999375cf8c0ffc9,7/11(火) 21:10
hugkum,「ママだって英語力を身に付けたい！」スキマ時間に習える”オンライン英会話”で無理なく楽しく学び直しに挑戦してみた,https://news.yahoo.co.jp/articles/acd417656af2631d8fdff90f5ea21e79637d718b,7/11(火) 21:00
hugkum,ラーメン店の行列に「〇名お待ちです」とは言わない。そのワケを解説！【知って得する日本語ウンチク塾】,https://news.yahoo.co.jp/articles/c6960fb2d9a167c3ce0e3d2f1763a85269b20f8e,7/10(月) 21:50
hugkum,セックスを習わない子どもたち「男の子と裸で抱き合ったけど妊娠しますか？」親がきちんと教えるべき？【性の赤裸々相談室】,https://news.yahoo.co.jp/articles/02e1fe3eec1cfac1661cea6d91f874b45398e610,7/10(月) 21:30
hugkum,朝ダルい、食欲がない中一の息子の異変。「起立性調節障害」と診断され、向き合った日々,https://news.yahoo.co.jp/articles/f97074c63af96d0154e974b7920b4dbadf1b69b3,7/10(月) 21:10
hugkum,【Gap】 “インディ・ジョーンズ”と “ジュラシック・ワールド”のキッズ向けコラボTシャツ登場！大人も欲しい,https://news.yahoo.co.jp/articles/8c22da1cf56b83e4d2e0f96ec09f08f93e9cfbd4,7/10(月) 20:51
hugkum,【おさるのジョージ】のダイニングカフェ「Curious George Kitchen」が渋谷に10月まで期間限定オープン！カフェ限定グッズも！,https://news.yahoo.co.jp/articles/4bb1eddff7aa294c68f8b5ed4a002d2c7c5a715e,7/10(月) 11:41
hugkum,女子小学生「ムダ毛が気になる」が4割以上！お手入れを始めた年齢は10歳が最多,https://news.yahoo.co.jp/articles/3b457f5219c8d9412e7df5888ff530570ef1f079,7/10(月) 11:10
hugkum,「生きるために医療行為を必要とする子ども」は過去10年で2倍に。子育て中のすべての人が知っておきたい医療的ケア児の話,https://news.yahoo.co.jp/articles/10366cfc8297af907e0ad0339ee8ebcb61ef24d3,7/8(土) 9:22
hugkum,夏休みこそ「ホビングリッシュ」で楽しく英語に触れるチャンス！プログラミングや運動、アートを英語で楽しく学べるプログラムを一挙紹介！,https://news.yahoo.co.jp/articles/51e97ebc08f29bab58c4bc065b4d0c321285beb5,7/6(木) 21:50
hugkum,「人間は水の中で静かに一瞬で沈みます」ライフジャケットで子どもを水難事故から守る！レンタル普及活動、徐々に全国へ,https://news.yahoo.co.jp/articles/1446a0a1bd1068a746aa69e93f9f490bc4031da8,7/6(木) 21:01
hugkum,【明日は七夕】行事食はそうめん。紫キャベツやレモンで色づけした「魔法のカラフルそうめん」の作り方,https://news.yahoo.co.jp/articles/96cafe8aef62ad4a5ca4cf4dc025d198663fd24f,7/6(木) 11:20
hugkum,【ハリー・ポッター×Q-pot.】ホグワーツ魔法魔術学校をモチーフにしたアクセ＆バッグがかわいい！,https://news.yahoo.co.jp/articles/c7fcd58bfcc1fcb076884fbb882839c92cc903d1,7/6(木) 9:20
hugkum,算数のケアレスミスが多い子、どのような傾向がある？ 高学年になる前に身に付けたい、プロが薦める対処法とは,https://news.yahoo.co.jp/articles/cdbe28c258cf116a6a0806c29b784dea11a29754,7/5(水) 21:50
hugkum,「こどもが考えた通貨」で買える書店が期間限定OPEN！葉っぱ・石・コインチョコなどで実際に書籍が買える！,https://news.yahoo.co.jp/articles/c7f3eba43fd9752d7c3653ecc2f35997f1a9de28,7/5(水) 21:40
hugkum,「読んでいるつもりで読めていない」子どもの読解力が危険！ 家庭でできる「音読チェック」で、我が子の理解度がわかる,https://news.yahoo.co.jp/articles/63ac5828716910855dc78f11ff5df35089ebb26b,7/5(水) 21:20
hugkum,【Vライン】の毛、アメリカでは完全になくすが主流だけど、残すべき？体験者3人が語る、VIO脱毛を始める時の注意点。,https://news.yahoo.co.jp/articles/cef9b44fbeb321747b066fca2649c35bc4d00cb8,7/5(水) 21:20
hugkum,【VIO脱毛】やってる／やりたいが50％とポジティブな声多め！理由は「衛生的だから」「おしゃれのため」「将来の介護に備えて」,https://news.yahoo.co.jp/articles/92e60d5878ee3d5f5b77c4d283749645fbb870a1,7/4(火) 21:20
hugkum,子どもの歯科矯正「それでもやるべき理由」と「やるべき時期」。治療過程の詳細を歯科医が解説,https://news.yahoo.co.jp/articles/e85872cfbc784bda633111cad64a791ce148d35d,7/4(火) 21:10
hugkum,5歳の娘が万引きをしました。それも初めてではなかった。盗み癖がつくのではと恐れています【愛子先生の子育てお悩み相談室】,https://news.yahoo.co.jp/articles/a99b82c24206095f899fed12198f31f9df8be7ee,7/3(月) 21:40
hugkum,【シングルファーザー奮闘記】子どもを飲み会に連れて行くのは非常識？私が小一の娘を職場の飲み会に連れて行った時に感じた周囲の反応,https://news.yahoo.co.jp/articles/21e7dd4fa8f35d1b396ef50bb1892db3d7bcc137,7/3(月) 21:20
hugkum,滑舌が悪い6歳の娘は「がっこう」が「だっとう」という発音に。友達関係も心配です【言語聴覚士・奈々先生の子どものことば相談室】,https://news.yahoo.co.jp/articles/de49995e31407f865b8047088ad3b134575d414f,7/3(月) 21:10
hugkum,パパママ1000人に聞いた「お弁当作りで気をつけていること」ランキング発表！ 1位に愛情たっぷりの回答が,https://news.yahoo.co.jp/articles/f1279ac9a0265ef2e9a0acafd16768e5b5697a7b,7/2(日) 11:10
hugkum,デパートの屋上ビアガーデンがアツい！手ぶらで片付けいらずのおすすめの屋上BBQスポット,https://news.yahoo.co.jp/articles/9b289e44c670827281f60271501413a04414eb18,7/2(日) 10:30
hugkum,「英語でバレエ」で子どもがいつの間にか英語に親しめる！笑い声が絶えないレッスン風景に密着,https://news.yahoo.co.jp/articles/ff7dd3d1a2e1ad8b72d1c96c9446e7e4a559a5a0,7/2(日) 9:40
hugkum,「きょうの猫村さん」×中川政七商店ベビーアイテムがふわふわかわいい描き下ろしの猫村さんが46柄も！,https://news.yahoo.co.jp/articles/9e66a8dc61a47e0b96a1e0c6ec56a6fa29ca938f,7/1(土) 8:40
hugkum,【雨の日便利グッズ】「ワークマン」のサロペットや「スリコ」のプールバッグ・・・おしゃれママの愛用品を大公開,https://news.yahoo.co.jp/articles/bd4ffa28981d42fc0a09ce991bb2653bf64c4b64,7/1(土) 8:31
hugkum,【小学校のオモシロ行事｜中国・四国地方編】全国5175人に聞いた！「人権フェスティバル」など社会問題に取り組む行事多数,https://news.yahoo.co.jp/articles/93ceee94df26bb8bcfc90058a278ef4e04b3953f,6/30(金) 21:31
hugkum,ミニテントも！【グラニフ】初のアウトドアコレクション「graniph outdoor」やレイングッズが可愛い,https://news.yahoo.co.jp/articles/0c4edd206d0c663d27019c83886e346cbd12ffc1,6/30(金) 21:03
hugkum,【フライングタイガー】の最新ステーショナリーがキュート＆画期的！2way文具や個性派ペンに注目,https://news.yahoo.co.jp/articles/0636ef40626c8122905778755555a10186be2cbf,6/30(金) 11:33
hugkum,幼児期の習いごとは将来のためのお試し？【ケース別】よかったこと、困ったこと、リアルな声を先輩ママ＆パパに聞いた,https://news.yahoo.co.jp/articles/54583d9319e3b67ae2f20dd8c9cfc777cd43b298,6/29(木) 21:31
hugkum,8歳までに「多様な動き」を体得すると運動神経がよくなる！子どものメンタルも整う「スポトレ」メソッド、神奈川県藤沢市から全国へ,https://news.yahoo.co.jp/articles/020ae6d9c1a7ecd0c601868f13caf6c44a3f2e89,6/29(木) 21:30
hugkum,「おもちゃを返せない」「思い通りにならないと泣く」イヤイヤ2歳児のお悩み、モンテッソーリ教師に聞く子ども主体の解決法は？,https://news.yahoo.co.jp/articles/8933deb353e3acd4445faf82f72f6aafc6f8257e,6/29(木) 21:10
hugkum,パパママ1000人に調査！ 子どもの暑さ対策に取り入れたいアイテムは？ アイスリングから冷感グッズ、小型扇風機まで多彩なアイテム勢揃い,https://news.yahoo.co.jp/articles/a076c79e6461ce63756cd4056d7b1334504d9518,6/29(木) 13:39
hugkum,【雨の日対策】おしゃれママ愛用！気分があがる＆便利なレイングッズ12選｜THE NORTH FACEからワークマンまで,https://news.yahoo.co.jp/articles/6c17d8fa3b9b292a58713d12a325ffc4fddac586,6/29(木) 8:20
hugkum,【AII口コミ】おすすめ「子どもの傘＆レインコート」をキッズスナップで紹介！雨の日のお出かけが楽しくなる,https://news.yahoo.co.jp/articles/f98d0a2e54c1df735148bd9a028eae1b3f5c86ca,6/28(水) 21:31
hugkum,女性ホルモンは45歳を目安に激減。「疲れた」「なんだか元気が出ない」カラダに不調を感じたら、何から始めればいい？,https://news.yahoo.co.jp/articles/6141e0e6bc83551677899a2f17abf1cef429b55e,6/28(水) 21:31
hugkum,「学校崩壊をなんとかして！」藤沢市でスポーツトレーナーが始めた活動で子どもたちが笑顔になった,https://news.yahoo.co.jp/articles/564d71112f1615b286aa53df60bfb86be807ae9f,6/28(水) 21:10
hugkum,「大丈夫！ 乗り越えていける！」プレ更年期、みんなの体験談。推し活にヨガ、さまざまな乗り切り方を聞いた！,https://news.yahoo.co.jp/articles/9a8637228326a199ece73de627c2c7abd77a99b2,6/27(火) 21:20
hugkum,「給食は残してもいい？」 いまの小学校はこんなに変わった！,https://news.yahoo.co.jp/articles/1547741ca122c920305b08b072719f520df6b062,6/27(火) 21:03
hugkum,発達障害の子にも有効な漢字学習法「ミチムラ式」とは？。書かずに漢字が覚えられる仕組みを開発者の道村静江先生に訊いた,https://news.yahoo.co.jp/articles/87ad85daa90f5b8f341b06b6aac38f29d923b40f,6/27(火) 21:02
hugkum,【お財布サコッシュ】＆【ゴミ箱バック】子どもとのお出かけに超便利な2大「技ありミニバッグ」を発見！,https://news.yahoo.co.jp/articles/2cd3db91f9ec4aa8fd3b94c9a531210de82e9c10,6/27(火) 20:50
hugkum,5分で作れる【初夏の開運メニュー】を紹介！モヤモヤ気分を「邪気祓い」食材で浄化しよう,https://news.yahoo.co.jp/articles/46fa3194cf37f33490d587d61abcb5f6eac571bd,6/27(火) 11:00
hugkum,小学一年生が朝の登校しぶりをしたら。親はどうしたらいいですか？【専門医がアドバイス】,https://news.yahoo.co.jp/articles/4abc071119a0aed0fe0ac3500648c47063ec07ee,6/26(月) 21:40
hugkum,小一の息子が5月以降 突然おねしょをするように。原因はいったい？【小児科医が回答】,https://news.yahoo.co.jp/articles/50f7732e3d4f438775b9b04f74c157896bba7195,6/26(月) 21:30
hugkum,発達に凸凹のある子がみるみる伸びた！盲学校での指導経験を生かした「ミチムラ式」漢字学習のすごさとは？,https://news.yahoo.co.jp/articles/f9162753551fce49fc5723b48bdaea88d6e4c5ea,6/26(月) 21:20
hugkum,人の話を聞くのが苦手な息子。すぐに自分の話に。将来だいじょうぶ？【現役教諭が回答】,https://news.yahoo.co.jp/articles/ae08b7807fffe505b0f6a6dac84412861422c88c,6/25(日) 8:40
hugkum,【小学校のオモシロ行事｜沖縄・九州地方編】全国5175人に聞いた！「エイサーや三味線」「長崎くんちの龍踊り」など伝統を大切にした学校行事に注目！,https://news.yahoo.co.jp/articles/b74f085f740a4c5dc700680be93c35b5279b795e,6/25(日) 8:20
hugkum,恐竜を描いた絵画が集結！特別展「恐竜図鑑―失われた世界の想像／創造」は大人も楽しめる空間♪,https://news.yahoo.co.jp/articles/e8822539b3e12f106efcb84bbf235c081acc3aee,6/24(土) 9:10
hugkum,綾瀬はるかさんが「世界難民の日」に合わせて小学生に出張授業！難民問題にできることを対話,https://news.yahoo.co.jp/articles/8356f14a3608c9505755f113315ba2d279093701,6/24(土) 8:10
hugkum,食パン1枚で作れる！【Toffy ハーフホットサンドメーカー】が便利！親子でオリジナルサンドを楽しもう,https://news.yahoo.co.jp/articles/c306e3ebf317ecf1e23b852b81eec484da5405c4,6/24(土) 7:50
hugkum,発達がゆっくりな子の親が悩むオムツ問題。当事者40人の声からわかったみんなの工夫は？,https://news.yahoo.co.jp/articles/6f5c07ecfbdaf058c89656a49fd39a065ac7cbf9,6/23(金) 21:31
hugkum,ぶっちゃけ歯科矯正ってなぜ高額？ ワイヤー以外の方法だと？ 料金システムの実際を歯科医ライターが解説,https://news.yahoo.co.jp/articles/9105b86014579212e0f44042f68cb12454474f8c,6/23(金) 21:30
hugkum,地域別【おもしろ給食】を調査！郷土料理「ほうとう」や「キムタクごはん」「カニ給食」に「ベイスターズカレー」まで！？,https://news.yahoo.co.jp/articles/02fae7bd19881bc826d72c49c7036177d9ad5208,6/23(金) 21:10
hugkum,神木隆之介主演のコメディ時代劇『大名倒産』が痛快！朝ドラ「らんまん」との共通点もあり,https://news.yahoo.co.jp/articles/19f17299bfddbfc3cb4a2979e09fb0d586ae0fdf,6/23(金) 9:00
hugkum,子育てに正解ってあるの？高校を退学した探究学舎代表・宝槻泰伸さんの“オヤジ”メソッドから学ぶこと,https://news.yahoo.co.jp/articles/fbc07cf9c251bb3279003448ae0cf57fa6629d4c,6/22(木) 21:30
hugkum,ハリポタの世界に耽溺「ワーナー ブラザース スタジオツアー東京 メイキング・オブ・ハリー・ポッター」の見どころを紹介♪,https://news.yahoo.co.jp/articles/9cea3f1b9ede1a974f527b1e250e1e16ae8f9ada,6/22(木) 20:51
hugkum,気圧？ホルモン？「イライラが止まらない」親の体調不良は子どもにきちんと伝えてみよう,https://news.yahoo.co.jp/articles/2d3728cb0969df42d224705b94f16746174aaab2,6/22(木) 20:51
hugkum,えっ！「パクリ」の語源ってそれなんだ！【知って得する日本語ウンチク塾】,https://news.yahoo.co.jp/articles/59e22c3aa8c097496e4b8e710e35e15750ec41cd,6/20(火) 22:10
hugkum,「帰納的学習」が中高生の探究力を育むポイント！探究学舎講師・星川賢吾さんに聞く今の子どもたちとの向き合い方,https://news.yahoo.co.jp/articles/f2f3c3edd002ddad85a609c5cd7d8203a41210f6,6/20(火) 21:40
hugkum,妊娠・出産の可能性で30代ワーママの転職は難しい。いつキャリアアップ・キャリアチェンジする？,https://news.yahoo.co.jp/articles/87a7d868f51be4ac47bc8a3107ed2b6ac1a7a488,6/20(火) 21:40
hugkum,【小学校のオモシロ行事｜関西地方編】全国5175人に聞いた！「だんじり祭りの日は学校が休み！」関西ならではの学校行事が盛りたくさん,https://news.yahoo.co.jp/articles/f21835cdd428fbf770efe4bb83c2e9e7e3d195fb,6/20(火) 21:40
hugkum,塩麹よりおいしくて簡単！【玉ねぎ麹】があればコンソメいらず,https://news.yahoo.co.jp/articles/deb90c4240811b31e7984d1c8c1c118234ccf9db,6/20(火) 11:40
hugkum,【小学生におすすめ】高機能な「防犯ブザー」を厳選紹介！防犯だけじゃなく災害時や事故防止にも,https://news.yahoo.co.jp/articles/d91e074cb631215928f55fbe78bdd5f1919973cd,6/20(火) 8:10
hugkum,「2人目の子が欲しいけれど、転職もしたい！」30代のワーママの悩みにキャリアコンサルタントの答えは？,https://news.yahoo.co.jp/articles/3468a8f05938b87b8e8e83ad4e109340edcf45b2,6/19(月) 21:40
hugkum,【発達がゆっくりな子のオムツ問題】40人のママに聞きました。どうしてる？大きくなった子どものオムツの悩み,https://news.yahoo.co.jp/articles/938d8017ba7a755ce316a595399b064b9d359881,6/19(月) 21:30
hugkum,「息子も娘も人一倍敏感なHSC」集団行動が苦手、学校に行き渋る。イライラして声を荒げてしまったことも。お悩みママの実体験,https://news.yahoo.co.jp/articles/2b75c1e78ed0f9f67d90959069c5a74bb37dde05,6/19(月) 21:30
hugkum,「いい旦那さんだね」といわれるたびにモヤッとする。あるInstagram投稿が話題に。いい旦那さんってどんな人？,https://news.yahoo.co.jp/articles/cb12f60ae40e74fb8c01d9109e8bb1bbc91aada5,6/19(月) 21:20
hugkum,探究学舎・向 敦史先生「子どものワクワクを引き出す鍵は4つの言葉」自身の留学や休学がキャリアのきっかけに,https://news.yahoo.co.jp/articles/eb8ea3a48a68cb933c22dc8e47257f3cb8810e2b,6/19(月) 20:50
hugkum,【ダイソー】洗い物が激減！「バーベキュー便利シート」が超便利フライパンやトースターでも使える,https://news.yahoo.co.jp/articles/49c6d21e5a317484dbd1a6ca421b6d98d0b30409,6/18(日) 9:20
hugkum,【推し活にも！】大切な物の定位置が作れる「コレクションポケット」シリーズが便利すぎる,https://news.yahoo.co.jp/articles/852bf82edcc15c8b6a37abca1e2af8622c9774dc,6/18(日) 8:20
hugkum,【ダイソー】ふくだけさっぱり「シャンプーシート」があれば超～快適！ 公園遊びや旅行、災害の備えにも♪,https://news.yahoo.co.jp/articles/e6590f99f6b540788b9d7075a1b4a08026949a65,6/17(土) 10:10
hugkum,【リゾナーレ小浜島】子連れ沖縄旅、全室ヴィラタイプのリゾートステイを体験してみた！,https://news.yahoo.co.jp/articles/88775c4b488099911dbda232488fb2470392194b,6/17(土) 9:10
hugkum,学びのホットワード「探究」はなぜ子どもたちに必要？パイオニア・探究学舎の歴史好き講師・木元隆雄さんと探る,https://news.yahoo.co.jp/articles/f0bd0740c2ddaed297e4d33150f745edce6a4126,6/17(土) 8:20
hugkum,「おこづかい」で学べる小学生算数の単元がこんなにあった！ お金が教材になる目からウロコの話を理数教育のプロが指南,https://news.yahoo.co.jp/articles/b6766d5b7bdefb1bd5d04f0bed31a3a085e55b7c,6/16(金) 21:40
hugkum,洗濯ストレスを減らすにはグッズ選びが肝！整理収納アドバイザーが教える目からウロコ便利アイテム,https://news.yahoo.co.jp/articles/66e51f66f84372afeaa9c81289f244be8acf46b6,6/16(金) 21:40
hugkum,「しつけは必要？」「食事に集中しない」1歳児のお悩みをモンテッソーリ流に解決！,https://news.yahoo.co.jp/articles/cb3c387d7a4a32215dfda8d20300984ab2d42d2d,6/16(金) 20:40
hugkum,不登校児の増加は、大人の無理解も問題。「登校拒否」を文字った「トーキョーコーヒー」が悩める親子の活動拠点に,https://news.yahoo.co.jp/articles/0b82ad6b6a0a80eb78c9fc83fee08b498913e10b,6/15(木) 21:50
hugkum,不登校・行き渋りに公立小学校はどう取り組んでいる？「誰一人取り残されない学びの保障」で学校はこう変わった,https://news.yahoo.co.jp/articles/a4b0617825bf38d7eb9b19baa3548570091ba5fa,6/15(木) 21:40
hugkum,子どもの頭痛、小6年以降は女児に多い傾向が。市販薬の多用はNG！慢性的な頭痛は「生活改善」が鍵に【専門医監修】,https://news.yahoo.co.jp/articles/2328f18b75c50168f56b6a2cfaf7048f7747722d,6/15(木) 21:30
hugkum,「ご当地ポテトチップス」から日本の食をサステナブルに。湖池屋が取り組む地域おこしの最前線,https://news.yahoo.co.jp/articles/f005ee3a341be665cfe734785e045312625c4756,6/15(木) 11:40
hugkum,不登校＝不幸せ？我が子が学校に行きたくないと言ったら、まずはネガティブな捉え方をやめること,https://news.yahoo.co.jp/articles/688f4737b429ea7ffc05262f1320f2f73b34e8fd,6/14(水) 21:40
hugkum,子どもの行き渋りや不登校を脱出するには？不登校コンサルタントのランさんに聞く「親だからできること」,https://news.yahoo.co.jp/articles/c7dee7498a0abda79c881b28c4a50c2cbce88f6f,6/14(水) 21:30
hugkum,【ファミマ】マイメロやクロミがもちもち今川焼き「まんまる焼き」で登場！和菓子「食ベマスモッチ」も見逃せない！,https://news.yahoo.co.jp/articles/3c0a3aea3b7b8ad4c8bf9b6d8bd34c0e96dc6c28,6/14(水) 11:41
hugkum,「相撲版スラムダンク」と超話題！Netflixシリーズ「サンクチュアリ -聖域-」はなぜここまで愛されている？魅力を深掘り,https://news.yahoo.co.jp/articles/9a64f3ccf632d58c14645814eb6ae651efe3b75b,6/14(水) 11:31
hugkum,中学受験リアル体験記。親子で決めた1000問チャレンジで成績上昇！難関校合格をつかんだ夏休みの過ごし方とは？,https://news.yahoo.co.jp/articles/284916e70ca22ddc087307ed565a15ceadbad1e8,6/12(月) 21:40
hugkum,子どものゲーム、本当に悪影響？成績は下がる？理数系教材のプロに聞いた、絶対に守るべき4ポイントとは,https://news.yahoo.co.jp/articles/9120008a21b516ccd5e05ed0ad66dad3d65c8f97,6/12(月) 21:30
hugkum,2025年の大学入試から重視される「読解力」は、短期間では身につかない！幼少期から親ができることはシンプルな習慣づけ,https://news.yahoo.co.jp/articles/7af97d7208cf7cd6ea055373e138fb1fbdcd47ab,6/12(月) 21:10
hugkum,スラスラかけて「パッ」と消せる電子メモパッド「ブギーボード」を小2の娘に渡してみた反応は？アプリ連動でこんなことまでできる！,https://news.yahoo.co.jp/articles/8f0416d2e09f17a048c7d64d80a21142e397b4ec,6/11(日) 9:30
hugkum,赤ちゃんの五感を刺激しまくる！ブルーナのおもちゃシリーズ「My First Bruna」がかわいすぎ,https://news.yahoo.co.jp/articles/488993b3705e57d46c8182ad08fdcc8657895c48,6/11(日) 9:10
hugkum,折り紙作家・カミキィさんのおすすめ作品「ことり」や「ちょうちょ」で部屋を明るく飾る！梅雨も吹き飛ばす！,https://news.yahoo.co.jp/articles/4aafb76b9fd7d3a8dae045b099d0e4187464ea3b,6/11(日) 8:03
hugkum,「ホテル椿山荘東京」の庭園に蛍が！ 親子で探検できるイベント「ほたる支配人とゆく! おにわ探検隊」に参加してみよう,https://news.yahoo.co.jp/articles/0fecc71a27abfdd5026e4af85dbce6acb72dd960,6/10(土) 8:50
hugkum,アフターコロナの海外旅行「オーストラリアの新名所」を現地の観光業者に聞きまくってみた,https://news.yahoo.co.jp/articles/7da714d1ba77d48f4cad70ed2d7c0fcbba97c6ce,6/10(土) 8:40
hugkum,カンヌを沸かせた是枝裕和監督作『怪物』の脚本は、結局どこがどう素晴らしいのか？,https://news.yahoo.co.jp/articles/9b4b15b9a31b13f21f8b389a31f164cfa07d8e31,6/10(土) 7:50
hugkum,イマドキ小学生女子の流行語3位にひろゆき氏「それってあなたの感想ですよね」がランクイン！,https://news.yahoo.co.jp/articles/5ec216c65e79079d124a73f5d505e57141586972,6/9(金) 21:40
hugkum,【中学受験】「親のエゴで御三家も受験させてしまいました」子どもとやり切った受験を振り返ったリアル体験談,https://news.yahoo.co.jp/articles/e41a8d564e3976589b0d692583ab8eca6043ab7a,6/9(金) 21:11
hugkum,母乳が上手く飲めない、舌足らずな発音になる【舌小帯短縮症】とは？気になる影響と治療法を歯科医が解説,https://news.yahoo.co.jp/articles/2b7f0b852de1f1bff620b7b7eb1431c0e1bdf7d2,6/9(金) 21:03
hugkum,発達特性のある子のための完全オーダーメイドの音楽教室が育むのはスキルではなく自己肯定感。ABA(応用行動分析)に基づいたメソッドとは,https://news.yahoo.co.jp/articles/8db0352894304850d34347c85f2d7154e4b094bc,6/9(金) 18:48
hugkum,小学生の不登校は、親の関わりも大きな要因。「あなたのため」は子どもにとってプレッシャーになる言葉【専門家監修】,https://news.yahoo.co.jp/articles/176e328f521ec9395c8a257b901cad0327a133f5,6/8(木) 21:10
hugkum,【中学受験】「兄弟や友達からのゲームの誘惑、遊びの誘いをかわすには？」親がまずすべきは、毎日の大変な勉強を認めてあげること,https://news.yahoo.co.jp/articles/a558eb18aa4d723aae9e78426160c8ee8099719e,6/8(木) 21:00
hugkum,子どもの漢字検定ってぶっちゃけどうなの？ 受験に有利？ その他メリットは？体験談とおすすめ勉強法をリサーチ,https://news.yahoo.co.jp/articles/0593ec9a42d12ceda50aec89d4714cfc01297d73,6/8(木) 20:40
hugkum,パパママ3432名が「2023年度に挑戦したいこと」は旅行や資格取得、ダイエット！,https://news.yahoo.co.jp/articles/c680294770fb76c785c0a2922edd6f51ef32f493,6/8(木) 8:02
hugkum,【中学受験の悩み】「今すぐ塾に通わせなくても大丈夫？入塾のタイミングは？」受験のプロがお答え！,https://news.yahoo.co.jp/articles/e480699977372bb09d065dbd7b1f15f28ab665e0,6/7(水) 21:01
hugkum,発達障がいの子どもたちを支援する「ロボット療育」とは？自閉スペクトラム症（ASD）の子どもたちを伸ばすきっかけに,https://news.yahoo.co.jp/articles/e5b67ca66bc94ad64c24ffb3ea303e02384ab275,6/7(水) 21:00
hugkum,小学1年生 1000人に聞いた「1日の勉強時間は？」9割近くが1時間未満と回答。時間よりも習慣づけが大事な時期！,https://news.yahoo.co.jp/articles/a93e68375a8a2437847571ede749593f32555f2f,6/7(水) 20:40
hugkum,運動神経・集中力がイマイチの我が子。歯科矯正で改善できるかも？【歯科医に訊く、噛む力の驚くべきメリット】,https://news.yahoo.co.jp/articles/84681d6dad047c6c80236d217615bd64a611b5c5,6/7(水) 20:30
hugkum,ダウン症の子どもにも「ランドセルを背負わせたい」。ママ友のつぶやきから生まれた「ことゆくラック」は発達障害の子も、みんなにも使いやすい工夫が満載,https://news.yahoo.co.jp/articles/ece9ca63222812151bc5178fa33d5dcd95bfc4c2,6/6(火) 21:20
hugkum,【中学受験の悩み】「志望校・併願校の決め方や子どもへの提案の仕方が知りたい」受験のプロがお答え！,https://news.yahoo.co.jp/articles/d42881c86a045b93689a36491def185d46f9950b,6/6(火) 21:20
hugkum,ダンスバトル「KIDS」部門日本一！中学2年生のYou-kiさん「赤ちゃんの頃からダンスが身近に。内気な性格を変えてくれた」,https://news.yahoo.co.jp/articles/a4a8d2ec9d9addb5414a8409aa45903c7cbe0301,6/6(火) 20:40
hugkum,【小学校のオモシロ行事｜北海道・東北地方編】全国5175人に聞いた！北の豊かな大地を生かした行事が盛りだくさん,https://news.yahoo.co.jp/articles/593674e039872aaeddb0e998e8df1ee44eac8dcb,6/6(火) 20:20
hugkum,「軽い尿もれにも便利」吸水ショーツがとにかく快適！閉経までずっと使いたい【ママの私をいたわるフェムケア】,https://news.yahoo.co.jp/articles/84f5504c007d773f5a1604746add8d1cef1bb752,6/5(月) 21:30
hugkum,贅沢な悩み？「中学受験を目指す息子、壁にもぶつからず御三家合格も問題ない成績らしいが、一抹の不安も」,https://news.yahoo.co.jp/articles/e5d56704e15f63c3396e99d60ba2c0a89e085eeb,6/5(月) 21:11
hugkum,「10歳と5歳のシングルマザーです。この先、中学受験のスケジュールをひとりでこなせるか不安です」中学受験のプロ・松島伸浩先生が悩みにお答え！,https://news.yahoo.co.jp/articles/453d921fd74cf1810ebff03c7b7453c75a400d9c,6/5(月) 20:40
hugkum,大旋風の【ポケモンカードゲーム】は、遊びながら思考力も育つ！ 松丸亮吾さんもおすすめのプレイ法とは？,https://news.yahoo.co.jp/articles/d06e082d2a1abb833c0d3656b6ef1dbf9b1d4c84,6/3(土) 9:30
hugkum,北アイルランドの公立小学校で、10年前から行われている哲学の授業とは？映画『ぼくたちの哲学教室』から学ぶこと,https://news.yahoo.co.jp/articles/6ae021d887155b65a9f13104463c485dfe3345e8,6/3(土) 8:20
hugkum,11歳「つぶつぶアート」画家Conocaちゃん、ファンレターを持って個展に来る小学生も！メディアにも引っ張りだこ、彼女の作品が人々の心をつかむ理由は？,https://news.yahoo.co.jp/articles/5fafab96a29d69f4c09ebe932749cc74b4323b4e,6/2(金) 21:30
hugkum,ウチの子の発語の幼さは「み合わせ」のせいだった！ 歯並び・不正咬合が発育に与える影響＆対策を歯科医に訊く,https://news.yahoo.co.jp/articles/61bbca3ffe5adfdc4a0b3540520b3ef52ab09dd2,6/2(金) 21:20
hugkum,欠席連絡はアプリ、PTAも任意参加。今の小学校はこんなに変わった！親世代とのギャップについて調べてみた,https://news.yahoo.co.jp/articles/ca59e691f9a1eae980a33ea5b204077e36797f09,6/2(金) 21:10
hugkum,「ランドセルいつ買う予定？」2024年度新入学ファミリーに調査！3大人気ブランドは「かるすぽ」「天使のはね」「フィットちゃん」,https://news.yahoo.co.jp/articles/1005b6c21fbc76530397be558cd96da793cbca46,6/2(金) 20:30
hugkum,元教師・あんさんの手作りおもちゃが大バズり！現在4歳7歳の子育て中、「手作りおもちゃは息子の子育てに悩んだから生まれた」,https://news.yahoo.co.jp/articles/326ecbc9b5ab3d2c4fc9aaaf5d54cb5653ccfd41,6/1(木) 21:10
hugkum,そのおねしょは治療が必要かも。日本夜尿症学会の理事長が語る「心配なおねしょ」の特徴,https://news.yahoo.co.jp/articles/3178ec8a941c1c7fcefd6de3a9bf6d0a62087f9e,6/1(木) 21:10
hugkum,高濱正伸先生×松丸亮吾さん対談　子どもの「地頭力」ってどうやったら鍛えられるの？,https://news.yahoo.co.jp/articles/2936ff32811e8aaed43d20c7def1e4672d9dabb2,5/31(水) 21:11
hugkum,藤本美貴さんも興味津々！【日産×BEAMS JAPAN】子どもの“旅育”を推進する「てしごとトリップ」プロジェクトが始動,https://news.yahoo.co.jp/articles/f480c4677673c94ec7b762bc84005402d7d1acd7,5/31(水) 20:51
hugkum,車いすバスケ日本代表・古澤拓也さん「車いすでも、車いすじゃなくても、僕は最高にかっこいい」パリパラリンピックに向けて始動！,https://news.yahoo.co.jp/articles/766ee395e6bef25e6070070d58b0ee3ec6fe514a,5/31(水) 20:51
hugkum,【ベイブレード】第4世代がこの夏、発売！どこが進化した？コミック・アニメもスタートして、また一世風靡の予感,https://news.yahoo.co.jp/articles/842193a594f1639279fbb0db5afd524c5c35808a,5/30(火) 21:01
hugkum,漢字の直しがポジティブに楽しめる！4つのマス目がついたフセン【kaketa!】が大活躍,https://news.yahoo.co.jp/articles/11ee3447e512fff29b8d502e152d89cf3b8d1b5b,5/30(火) 20:40
hugkum,「離れるとすぐにグズグズ、何もできない！」「赤ちゃん言葉はNG？」0歳児のお悩みをモンテッソーリ流に解決するなら？,https://news.yahoo.co.jp/articles/1f9d62a88d63fc823fdb1d62ff28c1d8f817d9ed,5/29(月) 21:10
hugkum,【中学受験の悩み】「もし複数受かったら、よりレベルの高い学校に行くべき？」,https://news.yahoo.co.jp/articles/5589dc51507181b87bb614335b0288d5cbf1ad2e,5/29(月) 21:01
hugkum,【ダイソー】「貼って浮かせる！マグネットキット」が使える！ 浮かせる収納で空間上手になろう！,https://news.yahoo.co.jp/articles/db8d6dcc2cf87ae29283e2ceb944e7bbc6d2d04d,5/28(日) 9:10
hugkum,【サーティワン】人気フレーバー総選挙！100種の人気フレーバーから1位に選ばれたのは何味！？,https://news.yahoo.co.jp/articles/03e879f0a974b7c75bdeed02a8339cc0f66aa11a,5/28(日) 9:10
hugkum,人気スーパー【ベイシア】で買うべき「新PB商品5アイテム」を厳選紹介！ベイシア広報担当もおすすめ♪,https://news.yahoo.co.jp/articles/28fa113194b5d26503bbfd1060dfdc18ac7d4d12,5/28(日) 8:40
hugkum,【Gap】のベビー＆キッズ水着がおしゃれすぎる♪夏が待ち遠しくなる「2023年新作水着」を紹介！,https://news.yahoo.co.jp/articles/808839ed9982f8ea5aa4ac6e14408e27eb8fe024,5/27(土) 11:02
hugkum,【ダイソー】「吊り下げ鉢カバー」でおしゃれに収納！吊り下げても平置きしても使えて大活躍,https://news.yahoo.co.jp/articles/4be20f9db1d8869dcef149671a986b495a49c656,5/27(土) 9:10
hugkum,【体験レポ】大井川鐵道の「きかんしゃトーマス号」に乗ってきました♪運転日数が過去最多で会えるチャンス大！,https://news.yahoo.co.jp/articles/a7dc7b3765c75d3d48ce60ac78e6e860c1aefdbc,5/27(土) 8:40
hugkum,小学4～6年生の算数、子どもがつまずきやすい単元は？ 10億件の学習データからわかる、その原因と克服法,https://news.yahoo.co.jp/articles/d115b4c0caf7926d6ae3930f8fefb8a16748629d,5/26(金) 21:10
hugkum,「書かない漢字学習法」なら学習障害（LD）の子でも楽しく学べる！「手指で感じる凹凸かんじドリル」はみんなにやさしいドリル,https://news.yahoo.co.jp/articles/d023816224dcb32fdd3e71baa44f721a5655a60c,5/26(金) 20:51
hugkum,3歳女の子の母の悩み「子どもが絵本に飽きてしまった時も、読み聞かせは続けるべき？」絵本編集者が提案する解決案は,https://news.yahoo.co.jp/articles/4444251cff59ccffd8863894a3aab63e5382bdcf,5/26(金) 20:50
hugkum,「ピラミッド漢字」ってどんな漢字か知ってる？【知って得する日本語ウンチク塾】,https://news.yahoo.co.jp/articles/c6dc08307bf7c1e6133c7b16edd464a5d03f6e69,5/26(金) 20:40
hugkum,タッチで点灯する【Panasonic多機能でかランタン】がスゴイ！防災時だけじゃない大活躍っぷり,https://news.yahoo.co.jp/articles/61944be57e3a168778f285093cce5681f7d53aaa,5/25(木) 21:30
hugkum,きょうだいの中のひとりの子にだけ愛情をもてない。 私は母として失格ですか？【柴田愛子先生の子育てお悩み相談室】,https://news.yahoo.co.jp/articles/6b6e1000e391d8048e210bcd8ffda98f212ab5db,5/25(木) 21:10
hugkum,【中学受験の悩み】「反抗期まっただなかで不安定な娘に苦戦中」この時期の女子との向き合い方は？,https://news.yahoo.co.jp/articles/07997ce86251f96eba4155bf62c46daafcd469ef,5/25(木) 21:10
hugkum,会話がなかなか成立しない3歳児。知っている・言えることばの数は増えてはいるのですが、どう働きかけるべき？【言語聴覚士・奈々先生の子どものことば相談室】,https://news.yahoo.co.jp/articles/fdc066f864fd37895abbc1c495cb42d07969eab0,5/24(水) 21:10
hugkum,【H＆M】が国内で初めてカフェ併設！銀座並木通りのコーヒーショップと「H&M HOME」新店をさっそくレポ,https://news.yahoo.co.jp/articles/e98c28cd130ff31fe0c62b89c8dda5290cac9031,5/24(水) 8:10
hugkum,発達障害の息子が麻布中学に合格。フリーアナウンサー・赤平 大さんが息子のため、発達障害への理解のために夢中で始めた動画ビジネスとは,https://news.yahoo.co.jp/articles/afa374063009217c4906ad74f13b7e6e7bb35389,5/23(火) 22:10
hugkum,「なぜ勉強しないといけないの？」と子どもに聞かれたら。脳卒中を発症し復帰した出口治明さんだからこそ言える、スッキリ納得の答え,https://news.yahoo.co.jp/articles/6b4c1f49f5ca18061719147682899b811bde36fd,5/23(火) 21:11
hugkum,玉木宏さんが親子で大ファンだった・劇場版『シナぷしゅ』に出演！パパになって変わったところは？,https://news.yahoo.co.jp/articles/4d30d3e255dfa1eb815b24c79913867d2eaefe3a,5/23(火) 20:51
hugkum,ママパパ1000人に聞いた「レンタルした育児グッズ」ランキング発表！3位おもちゃ、2位セレモニー服、1位はベビーベッド,https://news.yahoo.co.jp/articles/3e15241d3b93d09562b65fefa4c4ab8a6b50e002,5/22(月) 22:01
hugkum,元テレビ東京アナウンサー・赤平 大さん「息子の発達障害はADHDとASDと高IQの混ざり合い。ひとりひとり違うからこそ、まずは学ぶことから始めた」,https://news.yahoo.co.jp/articles/84ba2259e6f553822dc5d066686002202229320f,5/22(月) 21:10
hugkum,【セカンドランドセル】高機能・軽量・2万円以下！モンベルがランドセル「わんパック」を開発した理由を直撃,https://news.yahoo.co.jp/articles/7abb30a53b6ed2dc449f66ed960c7f57599ad998,5/21(日) 9:10
hugkum,就学前の子に多い「発達障害もどき」。「発達障害かもしれない」とき、親がやるべきこととは【小児科医からの提案】,https://news.yahoo.co.jp/articles/ae33719e984038bf8f1f8356c9adc4a263f53c86,5/21(日) 8:10
hugkum,【小学校のオモシロ行事・中部地方編】全国5175人に聞いた！「やれるまで検定」から「干し柿づくり」まで、地方色あふれる個性的な行事が満載,https://news.yahoo.co.jp/articles/503be6d66d6e71c610a3e8b3fcf0c293f9b0da12,5/20(土) 9:01
hugkum,子ども名義の銀行口座、つくっている家庭が77％。その使い道をランキング発表！ お年玉貯金や積立、マネー教育との声も,https://news.yahoo.co.jp/articles/565e09606ff5f6b0ec9e5a292c9ed5efdabbef98,5/20(土) 8:40
hugkum,早生まれの子は「発達障害」と診断される確率が高い？「発達障害もどき」と呼ばれる子どもたちとは【小児科医監修】,https://news.yahoo.co.jp/articles/6ceb12e014466281235e0421346d5a06381dd7ad,5/19(金) 21:40
hugkum,教育業界の最先端として注目を集める「レッジョ・アプローチ」とは？これからの子どもたちに非認知能力が不可欠な理由,https://news.yahoo.co.jp/articles/f0d5aba80ae01aa26aaa54da3a11d6fa424f5a1b,5/19(金) 21:11
hugkum,外食・中食には【食物アレルギー】表示のルールがない！アナフィラキシーショックを起こした事例も。消費者庁が注意喚起,https://news.yahoo.co.jp/articles/f583994031227868f1ff1890a4ab166c77823209,5/19(金) 20:51
hugkum,Google・Disney本社でも採用！イタリア発祥の教育法「レッジョ・アプローチ」にいま世界が注目！どんな教育法？,https://news.yahoo.co.jp/articles/72323cea12cf4a9b1d639e46733d78c975943700,5/18(木) 21:11
hugkum,【我が家の実体験レポ】5月は「行き渋り」に注意！子どもが「学校に行きたくない」と言った日、休ませる？行かせる？,https://news.yahoo.co.jp/articles/73b6c38a5958727adba20f7a333833ae39b50131,5/18(木) 20:40
hugkum,モンテッソーリ教師に教わる【幼児の食育】ってこんなに簡単！カギは「食にまつわる会話」と「ちょこっと手伝い」,https://news.yahoo.co.jp/articles/32289041ed6a8450af2cd584b05acd26817353d7,5/17(水) 21:40
hugkum,【キャンドゥ】で見つけた！洗濯物干しが超～ラクになる「ワザありハンガー」2選,https://news.yahoo.co.jp/articles/00543a56d892d0673abaeb3d07ef1e436a536858,5/17(水) 21:30
hugkum,【ダイソー】で話題の「わたぐも」って何？使ってみたら超便利で手放せないアイテムに,https://news.yahoo.co.jp/articles/059eaafc1181de50f3dc5c0fdfcffb416be5e352,5/17(水) 21:10
hugkum,学童文具のスペシャリストがおすすめする鉛筆削り3選「子ども自身が力を入れやすいという目線で選んで」,https://news.yahoo.co.jp/articles/a626cc4952391e08cad7d8f398f8e0adaf5da1fe,5/17(水) 20:40
hugkum,小6女子のスマホ事情のリアル。LINEで友達の悪口、チェーンメール、深夜に電話。ドキドキの母は一体どうしたら！？,https://news.yahoo.co.jp/articles/84ef8d98cc33134ea1bb7795a00403b696f5c2bc,5/16(火) 21:40
hugkum,子どもの読解力が危ない！「日本語リスニング」が必要な大学生も 国語力の基礎〈聴解力〉のためにやっておきたいこと,https://news.yahoo.co.jp/articles/6e84eac40d9b90559ab90bcafb1537351dfc9dc5,5/16(火) 21:40
hugkum,脳科学者・中野信子さんが生きづらさを感じる10代に伝えたい「他人のメガネ」とは？社会に蔓延する「バイアス」の正体,https://news.yahoo.co.jp/articles/aaede7b753f01216a914ea6c96c1ba6299aa487d,5/16(火) 21:40
hugkum,後を絶たない保育・教育現場での性犯罪から子どもを守るには？こども家庭庁が発足して注目される「日本版DBS」を専門家が解説,https://news.yahoo.co.jp/articles/a6fc287cf8607498ea9fd917fdaee00e2c9cdee5,5/15(月) 21:40
hugkum,脳科学者・中野信子さんに教わる「論破しないスキル」。思春期の子どもたちは親・学校・世間の同調圧力とどう付き合うべきか,https://news.yahoo.co.jp/articles/8df2a066ef049d9608ee6ecc0e6dbe1efc1a9dd3,5/15(月) 21:10
hugkum,東大生が子ども時代にやっていた3大習い事は水泳、ピアノ、英語！ではなぜその習い事がいいの？ 教師陣に訊くメリットと考察,https://news.yahoo.co.jp/articles/0a30bdd443d5f22c3cfd129d6d4a3e46ccb9c7e8,5/14(日) 21:10
hugkum,小学生保護者2616人に聞いた「運動会の開催時期」いちばん多いのは5月？10月？春開催が増えた理由は？,https://news.yahoo.co.jp/articles/7868c0987edbd67b765aeefe461d043d9ebcfadf,5/14(日) 11:40
hugkum,育児中のママパパ1000人が選んだ「サブスク」人気ランキング発表！家事代行からコスメ、教育まで多彩,https://news.yahoo.co.jp/articles/6cc7cf431bb8236794b80798d1c1e8fae26383ec,5/13(土) 21:40
hugkum,誕生数でわかる！母の日の贈り物は「ラッキーカラー」の花束やギフトを選んでみては？,https://news.yahoo.co.jp/articles/4f5f7ff14347d39139291324ac176f66bf4bb24b,5/13(土) 10:46
hugkum,メッセージが深すぎる！マーベル最新作は号泣の感動映画『ガーディアンズ・オブ・ギャラクシー：VOLUME 3』,https://news.yahoo.co.jp/articles/8d57e783c83634406017dedad3f9dfa29e631b6f,5/13(土) 8:10
hugkum,小学生が「習い事をやめたい」ときの本音とは？親が「今まで頑張ったのだから続けてほしい」はあり？,https://news.yahoo.co.jp/articles/ba332328d790713076c7c68f4155cb3799dd4e93,5/12(金) 21:40
hugkum,パエリア量り売りも！ポルトガルのスーパーで文化の縮図を見る【パパ目線の海外子育て便り】,https://news.yahoo.co.jp/articles/5e911b6354e93c9b76162426d283d5482b5b2f82,5/12(金) 21:10
hugkum,「三者面談」を「三人面談」と言わないワケとは？【知って得する日本語ウンチク塾】,https://news.yahoo.co.jp/articles/9a6ed22a89daec926d5ec30b6c6a85d9937e1920,5/11(木) 21:40
hugkum,幼児期の習い事、子どもがイヤと言い出したときの親の対応は？「上手にできない＝才能がない」と決めつけないで,https://news.yahoo.co.jp/articles/d490d7e9d1f572c766600774e52a4ae9189371aa,5/10(水) 21:31
hugkum,おにぎりって万能！塾弁にも！チーズにサバ缶、具材ひと工夫で成長期に必要な栄養が摂れる「パワーアップおにぎり」に変身,https://news.yahoo.co.jp/articles/abbb4ace7fccd36dc3cc1f1180e429b4e914d546,5/10(水) 11:10
hugkum,小学1～3年生算数で「子どもがつまずきやすい単元」はコレ！ 克服法を10億件の学習データから導く,https://news.yahoo.co.jp/articles/a559fb67a6971008281754e511e91b57fe31843e,5/9(火) 21:10
hugkum,「ひっ算の線は定規で引かなきゃだめなの？」子どもの【線引きストレス】を軽減する便利な文具を見つけた！,https://news.yahoo.co.jp/articles/d3da34c6a6f698cdd0145cccf3a4a629478f65e3,5/9(火) 20:40
hugkum,【セカンドランドセル】こども ビームスから「LUCAS BACK PACK」が登場♪通学や習い事に大活躍,https://news.yahoo.co.jp/articles/e2248a90021ceef7be1651a37c1b9ac98ceddffe,5/8(月) 21:30
hugkum,大人が子どもになれる「こどもの視点カフェ」がオープン！こどもにはモノがこんなに大きく見えるの？,https://news.yahoo.co.jp/articles/bb1d507df1c58146e669f5a55fa77fa8d127304a,5/8(月) 21:11
hugkum,今、使っている歯磨き粉に納得している？迷った時はナチュラル歯磨き粉を使ってみて！【ママの私をいたわるフェムケア】,https://news.yahoo.co.jp/articles/b07956b698c43b8890a1f412d91fbeb25b181bb2,5/8(月) 20:50
hugkum,「母の日」にNGなプレゼントはある？実母と義母は一緒にすべき？贈り物の疑問にマナー講師がお答え,https://news.yahoo.co.jp/articles/e1ec23544a2105eeec3299bdac52b2209d04c3d0,5/7(日) 11:30
hugkum,5175人に聞いた、みんなが旅行に行きたい都道府県ランキング！断トツ人気の1，2位に納得,https://news.yahoo.co.jp/articles/4b9a87737b51e59f552bbede13ede2f8180eaca9,5/7(日) 9:10
hugkum,新オープンの「＃ワークマン女子」へ！おしゃれに進化して相変わらず機能もスゴイ！,https://news.yahoo.co.jp/articles/dd1ea42771f68ec3347f499bebf9200ed516db32,5/7(日) 9:00
hugkum,教育資金は「幼児期からコツコツ貯める」が正解！ 貯め方3カ条で、中学卒業までに300万円を,https://news.yahoo.co.jp/articles/2040a24c22160c45f6da3bbd57b36b2b2e1061c2,5/6(土) 21:10
hugkum,「学習机は入学後に購入」が急増中！その理由は？【ニトリ】に聞いた最新事情,https://news.yahoo.co.jp/articles/aad1d7d5e75988983111734e5dce61d7e104d7e8,5/6(土) 21:10
hugkum,NFTクリエイター草野絵美さんに聞く、AI時代の「ネオ子育て」とは？「息子とも、将来的には何でも相談し合える友達同士のように」,https://news.yahoo.co.jp/articles/86e6c36cb23f4c161c39741f84a02dcbc01b5f4d,5/6(土) 21:02
hugkum,【辻希美さんも悩んだ「小1の壁」】共働き世帯の味方！家族がつながる新サービス「Hello! Family.」が登場♪,https://news.yahoo.co.jp/articles/1082b5e56d1bc54c7ea344652953dac016997c00,5/5(金) 21:10
hugkum,意外と知らないビュッフェでの「マナー」。子どもと気を配りたい食べる順番、盛り付け方をマナー講師が解説,https://news.yahoo.co.jp/articles/2df56f8e4867f0959b291f31cb5a9151550e94d7,5/5(金) 11:10
hugkum,「トンフラサース」と「センカイシャー」がついに映画で共闘！NEXT注目俳優だらけのにぎやか舞台挨拶をお届け♪,https://news.yahoo.co.jp/articles/6a10429a6b05eac066673ef74931d57d19e122d3,5/5(金) 9:44
hugkum,「ポケモンの生みの親」が少年時代を過ごした東京都町田市のポケモンマンホール『ポケふた』巡りへ！ポケモン好きにはたまらない♪,https://news.yahoo.co.jp/articles/cb4490d3c33544c53f32110f40cfeb42d262b6cc,5/5(金) 8:50
hugkum,からだにまつわる漢字に「月」がつくワケは？漢字好きの歯科医が考えてみた,https://news.yahoo.co.jp/articles/ebf1963323a2fab9e510150d2b2e189213f75a1f,5/4(木) 21:10
hugkum,【夫婦の悩み】ママとパパの言うことが違ってもOK？一つの価値観で子育てしない方がいい理由,https://news.yahoo.co.jp/articles/f58138f339bd3865afbb19970c498b8a87684f13,5/4(木) 21:10
hugkum,バラの花が太巻き寿司に！「こどもの日」のごちそうにいかが？【千葉の郷土料理・太巻き祭り寿司】,https://news.yahoo.co.jp/articles/ff15e1efe7bd452d44d9f4d216c1b88f3b8d1f80,5/4(木) 11:40
hugkum,【GWおすすめ土産】名古屋の新名物「ぴよりん」って知ってる？「ぴよりんルーム」まで登場する大ブームに！,https://news.yahoo.co.jp/articles/66bb3c10b89077e142b6df2d0f2ff804c2e48879,5/3(水) 21:20
hugkum,【ダイソー】見つけたら即買い！ 「三角屋水産だし塩」がおいしすぎ！ 本格派の味が100均で手に入る,https://news.yahoo.co.jp/articles/0724f99b41e2395c344c35c741b4c5c267f8525b,5/3(水) 11:20
hugkum,スタバ好きライターがエモいと評判の【スターバックス コーヒー 東急歌舞伎町タワー店】へ！初代ロゴの前がフォトスポット♪,https://news.yahoo.co.jp/articles/db884a78da5e98a1da7bf110292831d29f0116f6,5/3(水) 9:40
hugkum,【シングルファーザー奮闘記】幼稚園に空っぽのお弁当箱を持たせて。娘のお迎えは有志の保護者さんたちに支えられた,https://news.yahoo.co.jp/articles/b2e225d857d9f82e7e7d892c3667041f1fa790f7,5/2(火) 21:20
hugkum,自閉症の娘・ムーちゃんの子育てをマンガに。障害を受け入れられなかった夫が今はいちばんの理解者,https://news.yahoo.co.jp/articles/9129082954ff2909e76310a30dbd7d44be988170,5/2(火) 21:10
hugkum,2～4歳児ママ＆パパの体験談からわかった【子連れ外出】持ち物リストと注意ポイント,https://news.yahoo.co.jp/articles/36615f1bbb658ff2e48190240179c6af3cf3cc23,5/2(火) 20:51
hugkum,【GW子連れおでかけ】パーキングエリアでのマナーや親子で気をつけたいことをマナー講師が伝授,https://news.yahoo.co.jp/articles/f467035759308da367adb854e405f98ffd211397,5/2(火) 8:40
hugkum,運転中の文句や舌打ち！これってパパの更年期症状？専門家に聞く、女性の更年期との違いは？,https://news.yahoo.co.jp/articles/f898cf86524534b7d8605cd3833fafe6d9ec09e6,5/1(月) 21:20
hugkum,難病「アンジェルマン症候群」の息子との日々を発信する、元湘南ベルマーレ・島村毅さん。「夏斗の笑い声に、どれだけ家族が癒されているかわかりません」,https://news.yahoo.co.jp/articles/60803719c39d4d472b6c7caa9bbe037ea2f5dbc7,5/1(月) 21:20
hugkum,【人気落語家・桂宮治さん】スゴ腕の化粧品営業マンから30歳で転身！3児のパパとして小学校での「学校寄席」にも力をいれる,https://news.yahoo.co.jp/articles/eebb120e3e8361509409dc800a023013a3ecb3b6,5/1(月) 20:50
hugkum,「おざなり」と「なおざり」。間違って使ってない？【知って得する日本語ウンチク塾】,https://news.yahoo.co.jp/articles/9aa1da384742346375dbc7d1b50eac4d69a076d2,5/1(月) 20:40
hugkum,全世界で興行1000億円突破『ザ・スーパーマリオブラザーズ・ムービー』が遂に日本で公開！強くて勇敢なピーチ姫にしびれる,https://news.yahoo.co.jp/articles/1ed1fef6fcfbdc730e2aad3af8d452844157c8ea,5/1(月) 10:06
hugkum,【美女と野獣のカフェ＆レストラン】気分はプリンセス「ベルのドレスのオムライス」食べてみた！,https://news.yahoo.co.jp/articles/cb2f77921e6673d734aaedf5121c9d43d46ab06b,5/1(月) 8:30
hugkum,元宇宙飛行士が語る子ども時代の冒険の大切さ。映画『イントゥ・ザ・ネイチャー 自然が教えてくれること』,https://news.yahoo.co.jp/articles/0b34dfb19b3348e143eb60d281673f5f3f1f26d6,4/30(日) 20:10
hugkum,消しゴムが壊れる！消し残る！スリーブが使いにくい！を大解決【第四回子ども文具お悩み相談室】,https://news.yahoo.co.jp/articles/2b0a5e0fc5b772dd54a78e2095de4ef8ad13e0c9,4/30(日) 13:10
hugkum,アメリカ人パパ推薦！【STEAM教育「KiwiCo」】のサブスクボックスで、2歳児も工作に夢中,https://news.yahoo.co.jp/articles/332143e751c17a704bde21cec007b5999049859c,4/30(日) 11:10
hugkum,【ボーネルンド利用料 30分無料の日あり!】こどもプレイリーダープログラムを開催｜お子さんがママパパに遊び方を提案！？,https://news.yahoo.co.jp/articles/83156aa51ba068fb0bb2a62432cb14ede2981056,4/30(日) 8:10
hugkum,我が子はなんでも口に入れる「異食症」 うんちまでも！漫画家・みなと鈴先生が自閉症の娘、ムーちゃんとの日々を描きたかった理由,https://news.yahoo.co.jp/articles/bf67a9e1c80fad10815ca80960bab579149c7197,4/29(土) 21:10
hugkum,「星のカービィ」の世界観に親子で夢中に！「 カービィカフェ PETIT 東京駅店」オープン【試食レポ】,https://news.yahoo.co.jp/articles/7d782d5f5a697b191cdde1ee8efeefcbcca5b756,4/29(土) 8:10
hugkum,【キッザニア東京 】大人気の新パビリオン「バンダイのおもちゃ工場」で業界初「ガシャポン」リサイクル体験をやってみた！,https://news.yahoo.co.jp/articles/61c710b4e5da5ba41638882239d555e49406d859,4/29(土) 8:10
hugkum,行ってきました！北海道日本ハム新球場「エスコンフィールド」アクセス最高、家族で楽しみ尽くせる！,https://news.yahoo.co.jp/articles/1a409a90d29d4972434414c3b733f972ca0dee8e,4/28(金) 21:11
hugkum,6歳の息子が難病のアンジェルマン症候群。元サッカー選手 島村毅さん＆由子さんに聞く、病気がわかるまでの紆余曲折,https://news.yahoo.co.jp/articles/17f222687a33ab7c4dc963cccf73d9b9f9ce615f,4/28(金) 20:40
hugkum,【子連れ旅行】のコツとおすすめホテルが知りたい！人気トラベルインフルエンサー・ぐりぐらママさんに聞いてみた,https://news.yahoo.co.jp/articles/735797c342f2a90efdb5edb65ea2488b9b83e3d8,4/28(金) 20:40
hugkum,子どもが車内に取り残される「キー閉じこみ」に注意！気温上昇のこの時期はアルコール消毒液など可燃性の高いものもNG,https://news.yahoo.co.jp/articles/d1bdaf4c9386247703ca95d4104f0cc7b2c6cb93,4/28(金) 12:49
hugkum,心理カウンセラーが教える「兄×妹」「姉×弟」の子育てポイント！「同年代の友だちと遊ばせる」のが大切,https://news.yahoo.co.jp/articles/720baab354581a6618e72aeaac2d66c078bf4b9b,4/27(木) 21:10
hugkum,自傷行為をしている子どもに出逢ったら？命の大切さを説くよりも大切なこと【児童精神科医監修】,https://news.yahoo.co.jp/articles/b900f2d89b2376e30c4ab628cef1192d6c2d014c,4/27(木) 20:51
hugkum,【2024ランドセル速報】3色の新色が登場！ポロ ラルフ ローレンの「ランドセルコレクション」は上品おしゃれ,https://news.yahoo.co.jp/articles/cdd570aeb03ac97dab9907ccd68c2ea45b61b9b4,4/27(木) 11:40
hugkum,九州発祥の【ドラッグストアコスモス】が熱い！冷食だけじゃない、コスモスで買うべき激うまPB商品4選,https://news.yahoo.co.jp/articles/9b98ffca6de0720c36a091e838d6341655a16cfa,4/27(木) 11:20
hugkum,SNS社会が生んだ「身体醜形症」は自分の顔が嫌いでたまらなくなるこころの病。美容整形に行く前にまずやるべきことは,https://news.yahoo.co.jp/articles/2571d03839c6e7f9f79aa51b0ca744f1d85df45f,4/26(水) 22:10
hugkum,ママが子どもを叱りすぎるのは「甘えられる存在」だから。心理カウンセラーに聞く、自分を許す時間の必要性,https://news.yahoo.co.jp/articles/db29a49c95b7f6e7d6fa4e4c50d2677951d08459,4/26(水) 21:10
hugkum,パパたちの悲痛な叫び「毎日家に帰るのが憂鬱です」なぜ？ママが知るべきパパの本音,https://news.yahoo.co.jp/articles/529a332fd56b9600f77c4331195ac455e7280851,4/26(水) 21:10
hugkum,自傷行為をする子どもは少なくない　しんどいサインに気づくヒント【児童精神科医監修】,https://news.yahoo.co.jp/articles/16e365e0cff3c00e4d86eed40bcf1db2b8438698,4/26(水) 20:40
hugkum,【Q-pot.のランドセル2024】ハリー・ポッターランドセルには魔法の杖ホルダーも！他にないデザインのとりこに,https://news.yahoo.co.jp/articles/d84e5f838fd134d891adc913697d0a946a8d8fcf,4/26(水) 11:10
hugkum,4月28日発売【ユニクロ×マメ クロゴウチ】2023年春夏コレクション！今年注目のシアー素材など使えるアイテムが豊富,https://news.yahoo.co.jp/articles/7954cf212f5807973d6b0242697b9f7deed516f5,4/25(火) 21:40
hugkum,新田真剣佑が感無量！『聖闘士星矢 The Beginning』は「日本の映画界にとっても大きな一歩」,https://news.yahoo.co.jp/articles/3e92a32aea1e7c7be851607397361445602ecdfb,4/25(火) 20:40
hugkum,松丸亮吾さんがひらめき学習塾「リドラボ」をスタート！子どもの「地頭力」を育てるその内容とは？,https://news.yahoo.co.jp/articles/6701fb33cf3002a433e31b87abeeba8403398383,4/25(火) 20:11
hugkum,兄と弟は”母親の愛”を奪い合う！ ライバル意識を持つ「兄×弟」「姉×妹」はどう育てる？,https://news.yahoo.co.jp/articles/83949490ede8d7f08dc7e966f6c0b14f68c5b2d0,4/24(月) 21:20
hugkum,横のつながりが苦手な「一人っ子」や「年齢差きょうだい」におすすめの習い事は？心理カウンセラーが指南！,https://news.yahoo.co.jp/articles/992ac28ec3d78e89c21c627c91c385c8bd2dff46,4/24(月) 20:51
hugkum,2023年度中学受験の必勝法！夏休みの天王山に向けて、1学期の今、親がすべきことを松島伸浩先生に聞いた,https://news.yahoo.co.jp/articles/5e4deafcdd9f5cea36eac66a36717a3eedaa2b1d,4/24(月) 20:50
hugkum,1028人に聞いた「子連れ旅行、これが困った」 大泣き・トイレ問題・急病。旅先はトラブルがいっぱい,https://news.yahoo.co.jp/articles/0bcf7461e91383348ffd00ab76ab0a18c8ee3e05,4/24(月) 20:50
hugkum,読解力がないと国語だけでなく算数も苦手な子に…。文章題を克服する「すぐ実践できる」3つのポイントとは,https://news.yahoo.co.jp/articles/f94e3ad75cd76086a63a0b90242fb9e672a6bafe,4/24(月) 20:11
hugkum,【ダイソー】釣り具の「仕掛け用ファイル」が小物収納に超～使える！アクセやアメニティ入れに便利♪,https://news.yahoo.co.jp/articles/ebcf197a237bfb67d9ada1a44cb360efa7a26dd3,4/23(日) 11:10
hugkum,東京ディズニーリゾート40周年“ドリームゴーラウンド”、フォトスポットはどこ？パレード通ライターが徹底解説！,https://news.yahoo.co.jp/articles/55fc575f53b4fa6b380b8fdd1f6a5f8a4a4e1b1a,4/22(土) 11:10
hugkum,【かわいすぎ】セサミストリート×クリスピー・クリーム・ドーナツがコラボ！「エルモ」と「クッキーモンスター」がドーナツに,https://news.yahoo.co.jp/articles/ab350142e6d7c424e882df46a8588e2d7e4f82f5,4/22(土) 9:10
hugkum,遊びながら学べる新スポット「METoA Ginza」（メトアギンザ）」はサステナブルなイマドキのお出かけ先！,https://news.yahoo.co.jp/articles/8eac42bf2fd6893d7a3f5c355a7192c92620ad3e,4/22(土) 8:10
hugkum,2022年度の中学受験者は過去最多！来年の予測は？「コロナ禍以降、子どもは減っても中学受験はさらにヒートアップ！」,https://news.yahoo.co.jp/articles/d9aa35aa698904532c3e3b75236881f430bac9bd,4/21(金) 21:11
hugkum,爪をかむクセがなおらない小2の娘。わたしの愛情不足?どうしたらやめさせられますか【愛子先生の子育てお悩み相談室】,https://news.yahoo.co.jp/articles/7ea97ef065901eef8c39468a7e409bbe1834c2e5,4/21(金) 21:10
hugkum,「今年は家族旅行に行きたい」が9割！ただし、予算は3－5万円。1028人に聞いた、子連れ旅行のリアル,https://news.yahoo.co.jp/articles/1b9c4deab7008a072833ac30680e50ce09ccae5e,4/21(金) 20:40
hugkum,【ヤオコー】行ったらこれ買うべし！マニアおすすめPB商品5選［2023最新］冷凍パスタ、激うまパン、意外な人気者まで,https://news.yahoo.co.jp/articles/c7604d3191e94919cff744ecdf694aa24d62c57b,4/20(木) 21:10
hugkum,絵本専門士が選ぶ「生き物好きな子ども」にはこの絵本！ダンゴムシもアリも極められる,https://news.yahoo.co.jp/articles/beeb3744bb926d720740ed2ea90ce90649756398,4/20(木) 20:51
hugkum,2023年4月1日に発足した「こども家庭庁」の役割は？小学1年生からは「こども若者★いけんぷらす」で社会参加ができる！,https://news.yahoo.co.jp/articles/cc101e4b217ab94eeec85ea633d81041a0a29b1b,4/20(木) 20:40
hugkum,2023年4月20日牡羊座で「金環皆既日食」。西日本では部分日食を楽しめそう！,https://news.yahoo.co.jp/articles/c0713cdeefd25f64f1ee9d0a499de6f957c6b8e0,4/20(木) 10:58
hugkum,ファミリー層の「おでかけ先」で一躍検索トップになった場所は？アフターコロナで変化が！,https://news.yahoo.co.jp/articles/be957dbdbca1faa04f21d48fa8b335aa271c7111,4/19(水) 21:20
hugkum,【中学受験】大学附属の本命校にチャレンジも叶わず。第三志望でも納得できたのは本人の「やりきった感」,https://news.yahoo.co.jp/articles/ba9e80331ad9ad46cd3fcb47d644ec67bdcfad6f,4/19(水) 21:10
hugkum,いつも受け身で輪に入れない様子。大人しい息子の友だち作りが心配です【新学期のお悩みに現役教諭が回答】,https://news.yahoo.co.jp/articles/67e9a22ee4c81ed41d1842ff365cf880199c18b4,4/19(水) 20:40
hugkum,2040年には人口の半分が独身！？確実にやってくる〝ソロ社会〟。子どもたちに「居場所がない」と言わせないためには？,https://news.yahoo.co.jp/articles/cf581bd8da8fbaf7b43a25836fe7b544ed3646db,4/18(火) 21:11
hugkum,【ランドセル活動最前線】女の子の人気色、ついに赤が3位に脱落！「ランドセル選びのプロ」に聞いたトレンドと選び方のコツ,https://news.yahoo.co.jp/articles/2d2eec0c9c7a411622cc1e156fb6455e4426946f,4/18(火) 21:11
hugkum,単語をひとつも話さない1歳2か月の息子。喃語もあまりなくて不安です【言語聴覚士・奈々先生の子どものことば相談室】,https://news.yahoo.co.jp/articles/656c64f0217ab8bd3914dbd1469ca67d6d1df4a7,4/18(火) 20:51
hugkum,【中学受験】日本の受験は不毛？港区ママが「大学附属校」にこだわった理由,https://news.yahoo.co.jp/articles/2a76b5d4c5a0d23fc1b7050b2e701b4661fcd31c,4/18(火) 20:40
hugkum,小学生 900人に聞いた「担任の先生は好き？嫌い？」子どもたちが述べた理由が正直！,https://news.yahoo.co.jp/articles/bf13bfa756b309eaa1675bac686bd2da11a05ffc,4/17(月) 21:10
hugkum,【新1年生の宿題問題】子どもがなかなか宿題をしないとき、親はどう関わる？やってはいけない5大行動とは,https://news.yahoo.co.jp/articles/b34df6fb6a031c5e8f6c5c7c9187da58318c9517,4/17(月) 20:50
hugkum,無印良品のトラベル用品がとにかく優秀！元無印社員の整理収納アドバイザーが便利な組み合わせ方を教えます,https://news.yahoo.co.jp/articles/10ebd69c00de3a9a4e2a2e79ca1d45fedbf1a046,4/17(月) 20:40
hugkum,平面図形のセンスや思考力は幼少期に育まれる！算数のプロ・大迫ちあき先生おすすめの「図形パズル」をずばり紹介,https://news.yahoo.co.jp/articles/5f99dd946a158a81a5ef8e47a3f2b1cc21568fbc,4/17(月) 11:40
hugkum,【GW旅行】アドベンチャーワールドのパンダに会うため、南紀白浜パンダヴィレッジに宿泊！パンダ尽くしの旅はいかが？,https://news.yahoo.co.jp/articles/c522e59ba2b49e6fefdb902d187a5525a98c6586,4/16(日) 11:10
hugkum,【子連れ旅グッズ】洗うのがラクすぎる♪水筒選びは「シームレスせん」が断然おすすめ！,https://news.yahoo.co.jp/articles/853bf0d9f0e665a75f74b474fccd5c4ac2788e75,4/16(日) 10:10
hugkum,「劇場版コナン」灰原哀の正体が気づかれる？コナンも絶体絶命のピンチに！最新作は手に汗握る極上のアクション＆ミステリー,https://news.yahoo.co.jp/articles/e12ecbdb07adcf676ac364058095664b248046c0,4/15(土) 20:11
hugkum,なんでこんなにかわいいの？ドイツ文具メーカー「KUM」のカラフルデザインは日本オリジナル！,https://news.yahoo.co.jp/articles/508aa6b702338f78645506a1517a4b3db675f6ae,4/15(土) 9:56
hugkum,現在、我が子が不登校の真っ最中。どう対応すべき？ 「アイスクリーム療法」も試した不登校支援ご夫妻に訊く“3つの壁”の乗り越え方,https://news.yahoo.co.jp/articles/b6414369ae912f3de630ef2a25061d315ef853d8,4/14(金) 20:50
hugkum,ほっこり＆トホホ。先輩ママたちに聞く入学式や入学後の子どもたちの「あるあるエピソード」,https://news.yahoo.co.jp/articles/31ac6d514dbe8196da49ddf767563dae8ba3fad3,4/14(金) 20:40
hugkum,数の学びに「アドベントカレンダー」が大ヒット！ 元幼稚園教諭が我が子に実践,https://news.yahoo.co.jp/articles/38377f890a622e1bb7f530d41f305d539c20034f,4/14(金) 11:40
hugkum,共働きのリアル！「共働きなのになぜかワンオペ」ワーママの旦那にモヤッとする瞬間は？,https://news.yahoo.co.jp/articles/46e027182caf22ea5b27ee6e9da5092e9a1b4b9a,4/13(木) 21:20
hugkum,「学校、行きたくない」我が子に不登校の兆候があったら？ “初期対応”を不登校の保護者支援団体に聞いた,https://news.yahoo.co.jp/articles/0a23e53f4e154d6f492b337534a274107a73da5c,4/13(木) 20:40
hugkum,子どもの読書、紙とデジタルで効果は同じ？東京大学の研究で分かったデジタル時代の「子どもと本」の関係,https://news.yahoo.co.jp/articles/51ae34f4f932c1b0395dba9724edbbb3a8d73e0c,4/13(木) 20:40
hugkum,【中学受験】熱望校は不合格も、最後の最後で成績がグンと伸びた娘が誇らしい！もう一度やれるなら「子どもを叱らないように」母の本音,https://news.yahoo.co.jp/articles/d2f110232f700beee71c53e2a4fc1812c0c08654,4/12(水) 21:10
hugkum,子どもトレーニング箸、「使ったことがある」が6割。使わせてみた親の半数以上がネガティブな意見だった理由は？,https://news.yahoo.co.jp/articles/1203e5f444e935bbbe8347f1b6638e74bd61e28a,4/12(水) 20:20
hugkum,1000人に聞いた子どもの好きな麺・ランキング！ラーメン、うどん、パスタ、焼きそばを制したのは？,https://news.yahoo.co.jp/articles/c99f13014ce6853079bb7113a60932752ec6e76c,4/12(水) 20:05
hugkum,【中学受験】小2から塾通いも成績不振、絶えぬ親子バトル。「これではマズイ」本人にスイッチが入ったきっかけとは？,https://news.yahoo.co.jp/articles/5bc1704042de902d963c7c389bcc8b56647c6ec2,4/11(火) 21:10
hugkum,デリケートゾーン用ソープって本当に必要？経皮吸収率は前腕の42倍だから、専用ソープをあれこれ試してみた【フェムケア】,https://news.yahoo.co.jp/articles/5c1b836999d27464668af2af5995f9dbcad26aab,4/11(火) 11:53
hugkum,灰原哀役の林原めぐみ、脚本を読んだ途端に号泣！『名探偵コナン 黒鉄の魚影』の豪華声優陣大集合の完成披露試写会レポート,https://news.yahoo.co.jp/articles/67b3d75b3b8ef19ffef230817973753ce1c185bc,4/10(月) 21:10
hugkum,コロナ禍が学校での歯磨き習慣を変えた！「口を閉じた状態」で「うがいはゆっくり」ニュースタンダード時代の歯磨き法を歯科医が解説,https://news.yahoo.co.jp/articles/5418ed54979dd836421ddde59d60be8b8068877d,4/10(月) 20:40
hugkum,小学5年生のゲームクリエイター・うしりゅーきさんに聞くプログラミングの魅力。自信作ゲームは「福岡市ばりいいとこばい！！」,https://news.yahoo.co.jp/articles/e9373220ecb371ed5dfb15eb61fd41af8d5a1e12,4/10(月) 20:40
hugkum,「四角形＝正方形」の思い込みで算数が苦手な子に？高学年で苦労しない「平面図形センス」は簡単な折り紙遊びで育てられる！,https://news.yahoo.co.jp/articles/ce7bd27bd39734b366d59f1171017a7cbde89902,4/10(月) 19:50
hugkum,浅田真央さんの夢、スケートリンクを創る「MAO RINK PROJECT」が立川で始動！真央さんが未来の子どもたちに込めた想いは,https://news.yahoo.co.jp/articles/df29d801affcb8b8b76e562c6e8e758ed8d7e4c0,4/10(月) 11:40
hugkum,【エセSDGsモラハラ夫】「暑いよ～」と訴える子どもに、汗だくで「エアコンは地球を壊す」と怒鳴る地獄絵図！,https://news.yahoo.co.jp/articles/54fd0178a5f8e74ab684ae51d67e32d81c00e618,4/9(日) 21:11
hugkum,絵本の読み聞かせ、子どもが聞いてくれないなら「待ちよみ」を試してみては。絵本講師の内田早苗さん「子どもをよく見て、子どもの感じる力を信じて」,https://news.yahoo.co.jp/articles/6101542287c93181b07ecb5753210b8271bf7e41,4/9(日) 20:10
hugkum,「横浜アンパンマンこどもミュージアム」バースデープランを体験！効率よく遊べる裏ワザはある？新しいイベント情報も,https://news.yahoo.co.jp/articles/1d8ab102e998fc67599020fddacc92da51ecf432,4/9(日) 9:14
hugkum,【セカンドランドセル購入レポ】息子が高学年になり、買い替えたのはニューエラボックスパック。中学生になっても使いたい,https://news.yahoo.co.jp/articles/b2bc11025deafcfadc58c2e1d1b474d74e3c2175,4/9(日) 7:50
hugkum,【子連れ旅行グッズ】「デジタル耳栓」を使い比べ！騒音やフライト時も安心。音に敏感な方にオススメ,https://news.yahoo.co.jp/articles/7fc30abbfa352beb09813363d80acb617801b121,4/8(土) 20:40
hugkum,【子連れ旅グッズ】スマホが入るショルダーがとにかく優秀！旅好きライター推しのKING JIM（キングジム）商品を一挙紹介！,https://news.yahoo.co.jp/articles/bc2db24de4eb5e14e361a83cc3f0a0c440bc0d20,4/8(土) 11:41
hugkum,大阪で「たぬき」を頼むと「きつね」がでてきます。これどういうこと？東西でこんなに違う食習慣,https://news.yahoo.co.jp/articles/279ee1d147e7a5a2654a41ebbbd344f9bdbe6c84,4/8(土) 11:40
hugkum,Twitterでバズった【自分で作る恐竜ランドセル】カスタマイズは320通り！監修は福井県立恐竜博物館,https://news.yahoo.co.jp/articles/3ca56446dd8df0832c6af17cd35c608758d5e098,4/8(土) 9:40
hugkum,発達障害の子どものコミュ力を育てる「アナログゲーム療育」とは？おすすめゲームや癇癪への対応をプロに聞いた,https://news.yahoo.co.jp/articles/998c00d370177b801735a00251e95785a82b5702,4/7(金) 20:51
hugkum,自分が子どもの頃はもっと勉強できたのに！「我が子が自分より出来が悪い」と感じる親が増えているのには理由があった,https://news.yahoo.co.jp/articles/c6f40b1df35528639f149db28f5aa348e40e751d,4/7(金) 20:51
hugkum,【失敗しない塾選び】子どもに合った中学受験塾はどうやって選ぶ？「なんとなく大手」はとても危険！,https://news.yahoo.co.jp/articles/9342892068c219a209ff253d8897ebe67790ab11,4/7(金) 20:10
hugkum,1歳半～3歳は「小さいものへの敏感期」だから子どもの観察力を高める遊びを！モンテッソーリ講師が解説,https://news.yahoo.co.jp/articles/80f57ed2fb959468ea1e05947754f457660b2c80,4/7(金) 11:20
hugkum,小学校は2学期制？3学期制？黄色い帽子はかぶってる？787人の保護者に聞いた小学校のリアル,https://news.yahoo.co.jp/articles/ad4cb33bab403b6196ef395212373ce9e8bf4688,4/7(金) 10:50
hugkum,「一生懸命」と「一所懸命」ってどっちが正しいの？【知って得する日本語ウンチク塾】,https://news.yahoo.co.jp/articles/c3ce9996af36091dd617f1cc23b395963d88af69,4/7(金) 6:40
hugkum,【モンテッソーリ教育から悩みをひもとく】幼児期の子どもが「おはよう」や「ありがとう」が言えない！それは社会性の敏感期だから,https://news.yahoo.co.jp/articles/e5df949e7c82a20e7172b86c8ffb6ec1d35d03ad,4/6(木) 20:51
hugkum,プログラミングは小学2年生が始め時！公教育だけじゃなく教室に通うべき理由は？どんなチカラが身につく？,https://news.yahoo.co.jp/articles/6c745565e384784c5ffc4c975957a007d59cfb37,4/6(木) 20:40
hugkum,新・小学1年生の悩みあるある「学校のトイレで用が足せるか心配」小児科医に聞いた解決策は？,https://news.yahoo.co.jp/articles/27c949427bb511b2a488465eb1f06292ba7c50d2,4/6(木) 7:10
hugkum,「中学で勉強についていけなくなる子の特徴は？」「英語は今からやっておいたほうがいい？」石田勝紀先生がお悩み解決,https://news.yahoo.co.jp/articles/f34958353e447ea13368bdf1442ab0ca8f43f3df,4/5(水) 20:40
hugkum,【入園式当日】気を付けたい親のマナーや、子どもが笑顔になれる声かけ法をマナー講師が伝授,https://news.yahoo.co.jp/articles/ca7482234d7f787f978a1e9bab0e4a49aef34e9a,4/5(水) 11:40
hugkum,【入園直前】子どもが集団生活に慣れるために親ができることは？声かけ法や親離れのコツをマナー講師が伝授！,https://news.yahoo.co.jp/articles/4711b777f8c62baba8a49c710766c3a550db5d18,4/5(水) 11:10
hugkum,【中学受験物語】5年生で大手進学塾へ転塾。「ひたすら勉強漬けの日々、元旦の正月特訓にはお節弁当を持たせて」,https://news.yahoo.co.jp/articles/7f43fa0c04a1abb189cf72da8a98d22113d22127,4/4(火) 20:50
hugkum,入園・入学で「コレ使えた！」ママたちの買ってよかった口コミ神アイテム発表！,https://news.yahoo.co.jp/articles/6fae231d5aa1a24905bef46924300b7362b1c4aa,4/4(火) 20:40
hugkum,「中学受験しなくても塾は行くべき？」「公立入学後の内申点が心配」石田勝紀先生が【中学受験しない派】ママパパの悩みに答えます！,https://news.yahoo.co.jp/articles/c5afc56b04976c6059fb325e555691e02d8fc5c2,4/4(火) 20:20
hugkum,【中学受験】成績順調だったのにまさかの3校連続不合格「冷静な父親の存在が家族の支えになりました」,https://news.yahoo.co.jp/articles/cd6d9e4b3fcc21721fca86baf8dec115b72ee367,4/3(月) 21:10
hugkum,【モンテッソーリ】子どもが動き回って言うことを聞かない！それはワガママじゃなくて「運動の敏感期」が原因かも,https://news.yahoo.co.jp/articles/6aa86426a5d4045d0314973d5810caf009163482,4/3(月) 20:40
hugkum,小学校5年生のときに視力を失い全盲に。栗山龍太さんと盲導犬アンジーのクスっと笑える日々,https://news.yahoo.co.jp/articles/995c1ef5a4181447de823f927e6bdc362f4793b3,4/2(日) 20:40
hugkum,【入園・入学式リアルスナップ】キッズ総勢9人のフォーマル服を公開！,https://news.yahoo.co.jp/articles/fd276a3118c870fb6b69496f99286d05f5b5904e,4/2(日) 8:10
hugkum,【入園・入学式スナップ】先輩ママ10人のリアルな入学式コーデが参考になる！,https://news.yahoo.co.jp/articles/38136d17ba45ce70cd73e9a17326e62b44eec0a1,4/2(日) 7:10
hugkum,【2024最新ランドセル】三越伊勢丹バイヤーに聞く人気色やトレンドは？オリジナルから人気ブランドまで一気見せ,https://news.yahoo.co.jp/articles/a5ddbdf6244a8d36432dda9790ec1e5f5e12da4a,4/1(土) 21:10
hugkum,我が家に家庭用AIロボット「Romi」がやってきた！ 得意ワザは雑談。はたして家族の一員になれる？,https://news.yahoo.co.jp/articles/ae74ba6155373121a76c70b2189941631ac6fa93,4/1(土) 20:50
hugkum,【すみっコぐらし】×ルーブルの限定コラボグッズは今だけ！国立新美術館「ルーヴル美術館展 愛を描く」はお土産もアツい,https://news.yahoo.co.jp/articles/07d0c65e4b24af2d01232a7c31938e0011950e30,4/1(土) 15:24
hugkum,子どもの鉛筆問題「すぐ折れる」「正しい持ち方ができない」お悩みを文具のプロが解決！,https://news.yahoo.co.jp/articles/c16a5bdccadc9d91f4195118b2f7fc07c65e4caa,3/31(金) 11:40
hugkum,英語「を」学ぶより、英語「で」学ぶ。小学校での「英語必修化」に向けて、幼児期から本当にやるべき5つのこと,https://news.yahoo.co.jp/articles/9d446a932b77191574b30613270bce0dc8c04914,3/30(木) 21:02
hugkum,【ユニクロ】2023年春夏のキッズ新作はハッピーカラー！UV機能や撥水加工もうれしい,https://news.yahoo.co.jp/articles/e0b897d9912c59b3ec12454492209521b4e1eb04,3/30(木) 20:40
hugkum,圧力鍋ってみんな持ってる？Panasonicビストロなど、1259人に聞いた人気調理家電も発表！,https://news.yahoo.co.jp/articles/d72f55cbec026bb0604b48b76e4372478f8a2306,3/30(木) 20:30
hugkum,【小6算数の総復習】難所は分数！「円周率」や「比例と反比例」など中学算数へのつながりを意識して,https://news.yahoo.co.jp/articles/ddb4b15de9be72491e7cd2e2fa7a6be230a930d6,3/30(木) 12:18
hugkum,計算が複雑になる【小4算数】は大人のヘルプでこう乗り切る！四角形の性質も整理を【学年末の算数振り返り】,https://news.yahoo.co.jp/articles/23d72f55e739064e5b21deb058d4864d92d8ed21,3/30(木) 11:10
hugkum,絵本の読み聞かせで大人が寝落ち？そんな時の絵本の選び方を絵本編集者が伝授！,https://news.yahoo.co.jp/articles/c8df95474f50f244edd814464cae90f0c60795c5,3/29(水) 21:02
hugkum,料理家・SHIORI「私自身、実はめちゃくちゃポンコツ…だから夫に頼るし完璧を求めない」行きついた育児と仕事のおいしい両立論は,https://news.yahoo.co.jp/articles/ce1974aff10aab88b49016f7a86ab51154048d94,3/29(水) 20:40
hugkum,【ビーミング by ビームス】で発見！春夏のおでかけにぴったりな親子リンクコーデ♪,https://news.yahoo.co.jp/articles/c7f9a3e25bf287fa07888732d252412acf86e658,3/29(水) 20:11
hugkum,【学年末の総復習】小5算数は最大難所「割合」が登場！苦手克服のコツは割り算に回帰すること,https://news.yahoo.co.jp/articles/b55890965667419621eb7a58564a24975f73ad51,3/29(水) 19:50
hugkum,わが子が「二重跳び」できないなら！ 元シルク・ドゥ・ソレイユの縄跳び師が伝授する練習法の効果がすさまじかった,https://news.yahoo.co.jp/articles/c320e370f8ddc1632d28428ae552b89e238791d2,3/28(火) 20:40
hugkum,【小3算数】高学年の得意・苦手を決める分岐点！「割り算」の理解と「三角形の性質」がポイントに,https://news.yahoo.co.jp/articles/7d9c5505163aa5742877ae56a26f70197223d987,3/28(火) 19:40
hugkum,パパママ1000人に聞いた子どもの「誕生日ケーキ」といえば？ 3位チョコケーキ、2位キャラクターケーキ、1位は,https://news.yahoo.co.jp/articles/57e060d9844bbd4ed31afbe4f945f7285f397293,3/28(火) 11:10
hugkum,【小2算数】かけ算や図形、つまずきポイント多数！学年末の見直しはこんな視点で声かけを,https://news.yahoo.co.jp/articles/03f91c22c6a929663c03a2ef55f0c96001ecc6d2,3/28(火) 7:10
hugkum,小学1年生で「算数が苦手」をなくすには学年末の振り返りが肝！プロに聞くつまずきポイント,https://news.yahoo.co.jp/articles/a2610d13310ca0137de6907c9effb371c39bfc8a,3/27(月) 21:20
hugkum,【僕のシングルファーザー奮闘記】突然の妻の死。お坊さん不在の葬儀に「何を考えているんだ！」と実父に言われながらも全力で見送る,https://news.yahoo.co.jp/articles/3de8b8ca7a68e3f3c02df4226695ebc0068590b6,3/27(月) 21:10
hugkum,11歳、つぶつぶアートの天才画家Conocaちゃんが色彩センスを磨く方法は？Z世代ならではのグラデーション学に脱帽,https://news.yahoo.co.jp/articles/fea2a6c40af7e7cf337f52614be35f4e034a2395,3/27(月) 20:50
hugkum,元モーグル日本代表・上村愛子さんが絵本の作画に初挑戦！温暖化で減少する「雪」への想いを込めて,https://news.yahoo.co.jp/articles/63222981ccd3395cd81f18c8a0973632accc9611,3/27(月) 20:40
hugkum,イースターおすすめ料理「イースターの卵コロッケ」や「たまごクイズ」で季節を楽しんでみて,https://news.yahoo.co.jp/articles/484e570d6704d683e4b82beabb70456ea34aa5a0,3/27(月) 11:20
hugkum,【中学受験】偏差値的には厳しかった御三家に合格！「大金星だよ。よくやったね」後伸びした理由は？,https://news.yahoo.co.jp/articles/adcd0a4a0dbbe65d69eb0a1c40fdce6ab0a0b14e,3/25(土) 20:50
hugkum,【電車のおもちゃ比べ】木製トーマスVSプラレールどっちがいい？ 電車好きな子どもが遊び比べてみた,https://news.yahoo.co.jp/articles/30203734df22a6a6bb7a53268f8af575a26aa7ef,3/25(土) 10:50
hugkum,【中学受験】サッカーも続け、御三家を第一志望に。成績は低空非行、母子バトルも増えて,https://news.yahoo.co.jp/articles/d98c97e6638e572c856a4c750cf392bac8e5ca21,3/24(金) 21:10
hugkum,恐るべき〝美容禁止モラハラ夫〟イヤリングをつければ「下品だ」、下着を買えば「浮気でもするのか」と罵られ,https://news.yahoo.co.jp/articles/778de8622d3c42c06cb425e50bd29c0c4c631dc3,3/24(金) 20:40
hugkum,小1～小3算数の学年末総仕上げはここを押さえる！「総復習」より効果的な「弱点検証」のポイントを教材開発のプロに訊く,https://news.yahoo.co.jp/articles/3ed9fb935994ea5f0a1914fec92b9079c12e4782,3/24(金) 20:20
hugkum,幼少期の英語学習には「チャンツ」が効く！「えいごであそぼ」でおなじみのエリックさんに訊く楽しいインプット方法,https://news.yahoo.co.jp/articles/4353e57994de913d04087ad50ab0fd47f9198cef,3/24(金) 10:50
hugkum,「話を聞きたい子育て中の著名人」ランキング発表！ 杏さん、藤本美貴さんなどをおさえて1位に輝いたのは親近感抜群のご夫婦,https://news.yahoo.co.jp/articles/be7f05103f9758a2dcc8bdeaa190f50d2ff14d87,3/23(木) 20:51
hugkum,入園・入学前の子どもの不安にどう寄り添う？ 保育者歴50年! 柴田愛子先生が「親の大事な心構え」を伝えます！,https://news.yahoo.co.jp/articles/5ee84771a545f3789eb47868696395878bd3ddc1,3/23(木) 20:40
hugkum,【入園入学の悩み】「新しい環境が苦手」「友達とのトラブルが心配」ママパパの不安に保育士歴48年の柴田愛子先生がお答え！,https://news.yahoo.co.jp/articles/efb955544ecb2844a85bd759623266dd8a1fb87f,3/23(木) 11:41
hugkum,「小学生の筆圧が弱くなっている」問題、極上の下敷を使うと文字の書きやすさが倍増！0.8mmという厚さに秘密が,https://news.yahoo.co.jp/articles/78d5b1e7649d04c1c83803cfd175a70463c2a2c8,3/23(木) 11:20
hugkum,「ほっこりした」はネガティブワード！？地域で違うこんな使い方【知って得する日本語ウンチク塾】,https://news.yahoo.co.jp/articles/56f54497c6c89ec10860eef12cc104406f091737,3/22(水) 21:30
hugkum,ファミマをにぎわせる「ブラックサンダー」コラボ4商品を食べ比べ！ザックザク具合がやみつきに,https://news.yahoo.co.jp/articles/b5d17a170efd99e85e8b7d2181c1ae3c3d8894e5,3/22(水) 21:10
hugkum,「入園前にできてないとダメなことは？」「行きたくないと言いだしたら？」入園直前の不安と疑問にベテラン園長先生が回答,https://news.yahoo.co.jp/articles/e62af1e5e4c1bebc5505bceb731f48a8de9e9912,3/22(水) 10:58
hugkum,人生ゲームはいま7代目。歴代ゲームの時代背景がおもしろすぎる！令和版には「ロボットクリエイター」「ブランド農家」も登場,https://news.yahoo.co.jp/articles/69fd2cccb3fb5360d3ab7ace9042bc7dc78ab4f7,3/21(火) 17:50
hugkum,「エライね」「静かにしてね」は【声かけ変換】で肯定的に言い換えられる！ 幼児のほめ方・叱り方のちょっとしたコツ,https://news.yahoo.co.jp/articles/55808ea50142a4ae8f7ab20e88ac5cf25e11c16c,3/20(月) 21:10
hugkum,7人にひとりの子どもが貧困の日本。「学習支援」が経済的に厳しい子たちの人生を変える！【認定NPO法人キッズドアインタビュー】,https://news.yahoo.co.jp/articles/24036c24d7506e2ffb973bcf211266fcecfcee56,3/20(月) 21:00
hugkum,小学生の娘が肥満気味。 ダイエットしたほうがいいでしょうか？小児科医の回答は,https://news.yahoo.co.jp/articles/486a71b35ee5a6c1000671bbb780a74cf86073b0,3/20(月) 20:40
hugkum,「ウチはやらせようと思うんだけど」受験準備、塾や習い事、ママ友の話に心がざわざわ。現役教諭がお悩みに回答,https://news.yahoo.co.jp/articles/602137f17d5315c6eb2775b69f4e9a01124b4ec3,3/20(月) 8:10
hugkum,【ビームス】おしゃれスタッフの「卒・入園入学セレモニー服」スナップ！スタイルアップの秘訣も＜2023年最新版＞,https://news.yahoo.co.jp/articles/5b095d2a0715a045675000c082c294e276b82dc1,3/19(日) 14:30
hugkum,『すみっコぐらし』5キャラクターを市販の折り紙で！かんたんキュートなオリジナル折り紙の折り方,https://news.yahoo.co.jp/articles/2969c60792c5ae12186a08c654c05522e5de659c,3/19(日) 11:10
hugkum,【ダイソー】ありそうでなかった「アイロンリボン」が使える！ 洋服や小物を簡単かわいくアレンジ！,https://news.yahoo.co.jp/articles/75a55e4fd9cf3ffcd616aa61f0700f0893e48f2b,3/19(日) 11:10
hugkum,米倉涼子、松本穂香が『エンジェルフライト 国際霊柩送還士』で共演！心を打たれた国際霊柩送還士の仕事とは？,https://news.yahoo.co.jp/articles/caba5c06afdb9be9cf54744c8b9ed8f8fc102361,3/19(日) 10:58
hugkum,ポケカ、アイロンビーズなど子どものコレクション意欲は100均ケースでサポート！整理収納アドバイザーがおすすめケースを伝授,https://news.yahoo.co.jp/articles/4a06114004e1831153a82419f4124cfeab26a51d,3/18(土) 11:40
hugkum,【ドラックストアコスモス】「おすすめPB商品」5選！神コスパなおかずやおやつを紹介＜2023年最新＞,https://news.yahoo.co.jp/articles/b837b900593289e5cb1172d277c7af62781eaf4e,3/18(土) 11:10
hugkum,【ヤオコー】マニア主婦が厳選！絶対買って欲しい「おすすめPB商品」5選＜2023年最新＞,https://news.yahoo.co.jp/articles/90819ab5df26b322be92b44e2910da29fda76b2a,3/17(金) 21:10
hugkum,【おうちでできるモンテッソーリ】「大好きなタオルがないと眠れない」これって大丈夫？ 0~4歳は感覚の敏感期,https://news.yahoo.co.jp/articles/80f568583406183fd1a2e39f1fe0dc758a8a6738,3/17(金) 20:40
hugkum,【私立女子校目指して中学受験】「手応えがあった」第一志望まさかの結果から逆転劇まで,https://news.yahoo.co.jp/articles/ba6e387c2ad4f994ebe547f6ae9d9c82c1e59a77,3/17(金) 20:40
hugkum,【273名の保護者に聞いた中学受験アンケート】早稲アカ、サピ、日能研が3大人気。塾選びの決め手、子どもの勉強への悩みは？,https://news.yahoo.co.jp/articles/7bfe1536633cd8f877e5518ee9ec7a7a6d6ecd88,3/17(金) 20:10
hugkum,「ゲームはやるだけじゃなくて、つくる側にもなれる」今、注目のプログラミングアプリ「Springin’」の開発者に直撃！,https://news.yahoo.co.jp/articles/3d5fa6037d0f46ff989a191e432d71e28abfb595,3/17(金) 11:10
hugkum,インスタで大人気！男子3兄弟子育て中のマンガ家マルサイさんの学習スペース作りのコツ。子どもの成長と共に工夫したことは？,https://news.yahoo.co.jp/articles/c6848731338f2cc72d475e1a90696e50915cd5c5,3/16(木) 20:40
hugkum,【我が家の中学受験物語】小4で私立女子校に一目ぼれ！「行きたい」気持ちが勉強の原動力に。成績乱高下どう乗り越えた？,https://news.yahoo.co.jp/articles/9219fc2f4d7418b338190fbfdb098d4f74f8575e,3/15(水) 21:10
hugkum,【我が家の中学受験】運命の2月1日、午前・午後とも不合格。再チャレンジの結果は？,https://news.yahoo.co.jp/articles/c623e72b4e60d70a774889a1f0bffb97fefc3cd3,3/15(水) 20:40
hugkum,【ダイソー】「壁にも貼れるフレームテープ」が使える！貼るだけ簡単DIYでインテリアが見違える,https://news.yahoo.co.jp/articles/b4795b1dc33167bbffb5630025a9b9b32461686d,3/15(水) 11:10
hugkum,【我が家の中学受験物語】目指すは大学付属女子校！スタートは5年生「背伸びせず、等身大の塾・志望校を選びました」,https://news.yahoo.co.jp/articles/e1f60527f0fa5f2cfee771386ada8c548b9befa5,3/14(火) 20:50
hugkum,小3頃で悩む中学受験「する？」「しない？」受験のプロに聞く考え方は？「する」なら受験コンセプトノート作りを,https://news.yahoo.co.jp/articles/37c769289cc89c6d1d5d7e75582fed355128a1d5,3/14(火) 20:40
hugkum,【小学校の持ち物準備】は子どもと一緒に行うのがおすすめ！マナー講師が教える「入学準備の声かけ法」,https://news.yahoo.co.jp/articles/c0d08d76e91c727156867369ae9891fb786eb5cc,3/14(火) 11:30
hugkum,20万部突破のヒット絵本『大ピンチずかん』の作者・鈴木のりたけさんに聞く、鈴木家流しあわせのかたち。3人のお子さんのユニークな子育ても,https://news.yahoo.co.jp/articles/976b1b92e32b889667f8200d009efe25b3544898,3/12(日) 20:40
hugkum,料理家・和田明日香さん、小学2・4・6年生の子どもたちの食事、お弁当作りどうしてる？「家族の顔を思い浮かべながら」,https://news.yahoo.co.jp/articles/d36f12e921f529f1079489ff6c44ea0887a2dee4,3/12(日) 20:10
hugkum,【レースおもちゃ比べ】4月発売のマリオの最新レースおもちゃを一足先に紹介！　こどもの日ギフトにおすすめレースカー比べも,https://news.yahoo.co.jp/articles/673620d8a46f73ee476e5e62b9f51c35179a84d8,3/12(日) 9:10
hugkum,YOUさん&藤井 隆さんが「映画 きかんしゃトーマス めざせ！夢のチャンピオンカップ」でゲスト声優に。映画もトークも息ぴったり！,https://news.yahoo.co.jp/articles/076691237c7cee82b5deeaae359193e837189f9b,3/11(土) 20:51
hugkum,宅浪で東大合格！勉強法デザイナー「みおりん」さんが中学受験をする小学生に大人気なワケとは,https://news.yahoo.co.jp/articles/3faf10d7a288382f88fbaee9640201ccc10f35d4,3/11(土) 20:40
hugkum,和田明日香さんが『家事ヤロウ!!!』の2022年ベストレシピを紹介！「料理以外の家事は苦手！ていうか嫌い」,https://news.yahoo.co.jp/articles/8af194c2575aceeb1d28c7c0a6e49ab6473c9244,3/11(土) 20:21
hugkum,ラルフ ローレン キッズのセレモニー服、コーデのコツは？ママスタイリストが教える「こなれ」の秘訣,https://news.yahoo.co.jp/articles/1d8a8c7432ae5a905497a95817991c2a621c4143,3/11(土) 11:51
hugkum,【小学生の学習環境調査】リビング学習が9割！いいっていうけれど弟妹がいる家ではどうしてる？,https://news.yahoo.co.jp/articles/d9b30072788990502d7b25baca92674b8e310df7,3/10(金) 20:40
hugkum,【発達障害の入学準備】迷った結果、特別支援学校に入学した息子の変化。「学校大好き」な息子の姿がなにより嬉しい,https://news.yahoo.co.jp/articles/67a3bef21b6ad54b0854fec9098303718136ffe0,3/10(金) 20:40
hugkum,「ラン活」は入学前年の4～6月が最多！600人の保護者に早まるランドセル購入時期の実態を調査,https://news.yahoo.co.jp/articles/2083c483ca2bbafabdd39d5019a097ecee6355cd,3/10(金) 11:31
hugkum,【GU・ユニクロ】子どものハレの日は家族でコーデ！お手頃プライスだからなせるワザ♪,https://news.yahoo.co.jp/articles/935954410f3f624bc80640d6cc3cb1a92a9c1132,3/10(金) 8:40
hugkum,藤本美貴さん「私がドラえもんで旦那さんがのび太君かな（笑）」子育てもたっぷり語る,https://news.yahoo.co.jp/articles/18ce9c5d199b4958a24427fc8eeb212325904020,3/9(木) 21:11
hugkum,双子男子が東京医科歯科大と東大に合格！中学受験アドバイザー西和美さんの、ほんわか体験談,https://news.yahoo.co.jp/articles/df47cc42af4d14bee1d5dce82eba8c1e1bb2f49a,3/9(木) 20:40
hugkum,2023年3月7日、約2年半ぶりに「土星」が移動！魚座に「土星」が滞在中の開運アクションとは？,https://news.yahoo.co.jp/articles/8922a5b1caa2cc7b9ebac23ad8d02e6abdb118e8,3/8(水) 21:20
hugkum,【発達障害の子育て】後悔がない就学先を選ぶには？知的障害を伴う自閉症の息子が特別支援学校を選んだ我が家の場合,https://news.yahoo.co.jp/articles/797312a86ac75a212aad86c9adfdfd7ad4603eed,3/8(水) 20:40
hugkum,【2023年版】「ここがツライよ、PTA！」先輩パパ・ママの765人のリアルな声をまとめてみた,https://news.yahoo.co.jp/articles/58c86fe7fd61708c70947ae246ef479a65f56c7b,3/8(水) 11:20
hugkum,「カツを入れる」の「カツ」。漢字でどう書く？【知って得する日本語ウンチク塾】,https://news.yahoo.co.jp/articles/fa2b54fb3900cfc41970af85b8f2c66877b5ad8b,3/7(火) 21:10
hugkum,【100均で入学準備】新1年生におすすめの文房具＆おうち学習にぴったりのドリルを紹介！,https://news.yahoo.co.jp/articles/e9a7845d980ad93fc954e51b6418bdc2ca05d70c,3/7(火) 21:01
hugkum,【子どもと陶芸体験】自宅のオーブンで焼けちゃう！「オーブン陶土」を使って作品作りを楽しもう♪,https://news.yahoo.co.jp/articles/ad75076292be22c29330ebf5b7c9d3c8acc0a257,3/7(火) 20:20
hugkum,【電車ルーム】小田急線の本格運転シミュレーターが体験し放題！「まるごと小田急プレミアムトレインルーム」に宿泊してみた,https://news.yahoo.co.jp/articles/a85d0b070063088a707e033e4d5527889a8a16fa,3/6(月) 21:00
hugkum,【春風亭一之輔さん】家族にも内緒だった「新メンバー」入り。初回放送後、長男からは厳しいひと言が,https://news.yahoo.co.jp/articles/51728c59be915d2669b8356b18f6aedc06668012,3/6(月) 20:51
hugkum,【ユニクロ】キッズ用セレモニーウェアが大好評につき一部店頭でも発売中♪急いでGETして,https://news.yahoo.co.jp/articles/15703fc8828c245e71dd1a584d8e06e34c47817c,3/6(月) 19:50
hugkum,子どもの背を伸ばしたいのなら「黄金の90分」によく寝かせること！睡眠の質ブームの立役者、西野精治医師が解説,https://news.yahoo.co.jp/articles/418317b5ad5f2faa62dfe8e4a0113ae8c0d053dc,3/4(土) 20:50
hugkum,「オンライン部活」に潜入！業界プロや強豪校指導者と離島をつなぐ最前線サービスの現状,https://news.yahoo.co.jp/articles/1aba0ef1d13800bd967dee3a11444bb0a9081e6c,3/4(土) 20:30
hugkum,家族でポルトガルに移住して10か月。「子どもがすぐバイリンガルに」は甘い、と思い知る毎日【パパ目線の海外子育て】,https://news.yahoo.co.jp/articles/474fa2c51a02512c339d025800f6e7a27db78daf,3/4(土) 10:10
hugkum,600名に聞いた夫婦問題の悩み。毎日ワンオペ！ 育児・家事が辛すぎる。子どもをかわいいと思えないことも,https://news.yahoo.co.jp/articles/d8c07678abf5676fce7b607222ba88f225a7a3fa,3/3(金) 20:51
hugkum,人見知りが激しく、親以外の誰にもなつかない2歳の娘。このままで大丈夫でしょうか？【愛子先生の子育てお悩み相談室】,https://news.yahoo.co.jp/articles/bef3f96154d7a2b1063acb9ea2f3489d195b6f66,3/3(金) 20:40
hugkum,たくさんあって憂鬱な「名前付け」の悩みを解決できる神アイテム発見！【子ども文具お悩み相談室】,https://news.yahoo.co.jp/articles/6ec1cdf0fbc0af6f8682280d410e326b7e64469c,3/3(金) 7:10
hugkum,【PTA】わが子が3年生までにPTAを引き受ける人が7割！ 先輩パパ・ママが最も楽だと感じた役割も調査,https://news.yahoo.co.jp/articles/8c0d6930875839928d33338336517aa722574668,3/2(木) 20:40
hugkum,コント職人・東京03が子ども時代を語る「一緒のクラスだったら絶対仲良くなってない！」,https://news.yahoo.co.jp/articles/84b0fee6557fa057d799c68bfd276fb14b698246,3/2(木) 20:40
hugkum,宝塚音楽学校で習い事ができるって本当？夢が現実になる、宝塚コドモアテネとは？,https://news.yahoo.co.jp/articles/34858bc05db51b5a6c36c9b82047c59eec6dfdb6,3/2(木) 20:11
hugkum,ひな祭りに「並べるちらし寿司」はいかが？子どもが規則性を学べる！行事食が作れないときのアイデアも,https://news.yahoo.co.jp/articles/5df6cc46938f4eb2271b594153b778fe9abf38f6,3/2(木) 11:10
hugkum,【小学生の忘れ物ランキング】3位帽子、2位水筒。圧倒的1位は,https://news.yahoo.co.jp/articles/afb839b1d9a0ccc2198a1dfb2efd76eafe7094b1,3/2(木) 7:10
hugkum,天文少年だった筆者が教える【スマホで天体撮影】のコツ。2023年は日食、月食など天体ショーが目白押し！,https://news.yahoo.co.jp/articles/ad19ff9b2cc56413c505e61ab9188a934511d2ec,3/1(水) 21:20
hugkum,【俵万智さん子育てを語る】期間限定の子育ての日々は終了。大学生の息子と新しい親子関係が始まっています,https://news.yahoo.co.jp/articles/824e97b670e470cef9c61f002af593b0ad180ef7,3/1(水) 20:40
hugkum,【ひな祭り】男雛と女雛はどちらが左？ひな祭りの由来や意味をマナー講師が解説！,https://news.yahoo.co.jp/articles/42efc6c0bfbe6dcffd6fe0d8434a07b20868a17c,3/1(水) 19:51
hugkum,【入学グッズお名前付け】は「新テプラ」VS「お名前スタンプ」どっちにする？　新小1ママが試してみた！,https://news.yahoo.co.jp/articles/979c1ed1fa84eae6ad763795d71ea8d4d0c12fa4,3/1(水) 11:20
hugkum,【入学式の服装マナー】何を着ればいい？品よくおしゃれな印象になるポイントをマナー講師がお答え！,https://news.yahoo.co.jp/articles/b73d64527f31acf2b1d7c8bd236939350980ac7c,2/28(火) 21:10
hugkum,【入学祝い】心が伝わる「お祝いメッセージ」の書き方をマナー講師が伝授！新一年生に言葉の贈り物を,https://news.yahoo.co.jp/articles/31e1671addf6fbce6a8a46b1341ab338d429c1fa,2/28(火) 12:40
hugkum,「2度目の入学準備は効率重視！」二人目入学ママが実践する【入学準備の手抜きポイント】を徹底レポ,https://news.yahoo.co.jp/articles/42ea98c3fcc1d305c507af1cd318fa506f6d5181,2/27(月) 21:48
hugkum,【入学祝い】文房具大賞1位の筆箱から、100色の色鉛筆まで！ 文房具大好きライターのおすすめリスト,https://news.yahoo.co.jp/articles/dcf57fc2bec1e299c5fdc9b1cc0c52e746683871,2/27(月) 7:20
hugkum,【100均で入学準備】ランドセルカバーや防犯ブザーなど、こまごました必需品は100均でまとめてGET！,https://news.yahoo.co.jp/articles/144e264049ee2d6877c0a925cd496cb7347b1118,2/27(月) 7:10
hugkum,小1のいじめが増えているってホント？いじめ問題の専門家に実態を聞いた,https://news.yahoo.co.jp/articles/83d6ebb5447fc8390d9ceb3a5849b0e86f0608e2,2/26(日) 20:11
hugkum,新スーパー戦隊のモチーフは”昆虫”！様々な分野で活躍する5人が演じる「王様戦隊キングオージャー」,https://news.yahoo.co.jp/articles/6421e3d521dc97caab8e9d74e439e9ad6dc6940f,2/26(日) 19:40
