media_en,media_jp,title_articles,link_articles,date_original
engine,ENGINE WEB,リタイヤしたら将来は暮らすことも考えて建てた別荘　いま人気のエリア、目の前に海が広がる南房総　アメリカ人ビジネスマンの願いをかなえた「海辺の家の名手」の建築とは？,https://news.yahoo.co.jp/articles/e7493a32ed8278ffd8f62d16d7b490c36636f158,12/21(木) 7:10
engine,ENGINE WEB,【NISA解約しても欲しい800～1000万円】第1位は塩澤則浩が「これに代わるスポーツカーは今年も現れなかった。新車で買えるのもあとわずか！」と絶賛するあのクルマ！,https://news.yahoo.co.jp/articles/cc452b98f1fd0c015e1f7296082a706a8ca5fc86,12/21(木) 6:10
engine,ENGINE WEB,125万円高の価値はあるか？　ジープ・ラングラーのPHEV、「4xe」に本格オフロード・コースで試乗した,https://news.yahoo.co.jp/articles/af0b81e9fc2b4ec515ab700a12105461e87913db,12/20(水) 17:10
engine,ENGINE WEB,アンダー100万円の“価格を超えた価値ある”時計はこれだ！  「CARTIER カルティエタンク マストウォッチソーラービートTM」をエンジン時計委員会が、理性と欲望で熟考チョイス,https://news.yahoo.co.jp/articles/91c82223ec5265006f1d593307de708c65a4861d,12/20(水) 8:10
engine,ENGINE WEB,「派手さがないので、一見、つまらなく見えるけれど、良いものは良い！」という理由で640iに乗る、ファッション・ディレクターの森岡弘さん「BMWは、オトナの選択です！」,https://news.yahoo.co.jp/articles/af43b23d29096b29d409c47f983f98ff1f68c0a7,12/20(水) 7:10
engine,ENGINE WEB,【宝くじが当たったら欲しい1000万円台】第1位は国沢光宏が「現在買えるクルマの中で一番コスパが高い」と言い切るあのクルマ！,https://news.yahoo.co.jp/articles/52ba222dcb69066dc251e2369c8f3c627f25ee67,12/20(水) 6:10
engine,ENGINE WEB,今でも中古車市場で大人気！　ジープ・ラングラー、メルセデスベンツG350、レンジローバー、トヨタ・ランドクルーザー70に国沢光宏がイッキ乗り！【『エンジン』蔵出しシリーズ／ジープ篇】,https://news.yahoo.co.jp/articles/6b3fe6806b0676af4fc053767f71d6910fb7b9a4,12/19(火) 19:10
engine,ENGINE WEB,【後篇】意見は真っ二つ！？　エンジン編集部員が選んだジュリアったは、1.4リッターか？　それとも1.75リッターか？【『エンジン』蔵出しシリーズ／アルファ・ロメオ篇】,https://news.yahoo.co.jp/articles/e1da2515d8d0cbc9c810919b8bf9206014c1885c,12/19(火) 17:11
engine,ENGINE WEB,【前篇】「ドッカン・ターボかよ？　と思うぐらいのロケット加速！」　ホットハッチのジュリエッタはどんなアルファ・ロメオだったのか？【『エンジン』蔵出しシリーズ／アルファ・ロメオ篇】,https://news.yahoo.co.jp/articles/fffb4fdabfc1dbb05735eef8b19c670b08d0ba15,12/19(火) 17:10
engine,ENGINE WEB,一体、どれぐらい走れるのか？　電気自動車の距離と年数の耐久テストだと笑うオーナーのBMW i3は、現在驚きの23万キロ！,https://news.yahoo.co.jp/articles/7443545481592fef28782884399df1c20c8d5e7b,12/19(火) 7:10
engine,ENGINE WEB,メルセデス・ベンツのフラッグシップSUV、「GLS」が改良　AMG版とマイバッハ版も合わせてリフレッシュ,https://news.yahoo.co.jp/articles/fce0193612ce2d69f9b50e29450881a9745b9997,12/19(火) 6:10
engine,ENGINE WEB,イノブタちゃんみたいな顔が可愛いくて検索サイトでBMWに一目惚れ！　ハコちゃんと呼んで溺愛するX3は家族の一員です！！,https://news.yahoo.co.jp/articles/d4c8381411fcc2ba555e5908423df54e3666e0b3,12/18(月) 19:10
engine,ENGINE WEB,9000まで軽々と駆け上がる4.5リッターV8の回転の速さが、ドライバーの快楽中枢を直撃する！　458スパイダーはどんなフェラーリだったのか？【『エンジン』蔵出しシリーズ／フェラーリ篇】,https://news.yahoo.co.jp/articles/4a1f0996cee60dce9f8b50bf419e7535fb32dd19,12/18(月) 17:10
engine,ENGINE WEB,荒波を乗り越え、2024年で創立90周年を迎える日産が、記念すべき年を祝う特別仕様車を発表,https://news.yahoo.co.jp/articles/fa1134b0fc4303cd9f7a21655d6544b2376f400c,12/18(月) 6:10
engine,ENGINE WEB,「何が出ようとこれが最後のポルシェよ！」と奥さんから念押しのひと言　911とザ・フーを愛するロックなオーナーは優しいお医者さん,https://news.yahoo.co.jp/articles/1f6bc91fef2370fb692e540530a9286b09978695,12/17(日) 19:10
engine,ENGINE WEB,911を超えるミドシップ・ポルシェなのか？　ボクスター・スパイダーはどんなポルシェだったのか？【『エンジン』蔵出しシリーズ／911誕生60周年記念篇#11】,https://news.yahoo.co.jp/articles/59e7eca88c0abc7ee6708fb5f21eea04c0afc036,12/17(日) 17:10
engine,ENGINE WEB,「世界中を探しても、こんな幸せなZ1は、そうはない」　恩人から託されたBMW Z1にずっと乗り続けているオーナーの密かな誓いとは,https://news.yahoo.co.jp/articles/cc5bfd7d3a33d6e4f7b072d3086cdcf1c0c4ec41,12/17(日) 7:10
engine,ENGINE WEB,TTに続きR8も終焉　アウディR8に8台限定の日本最後の特別仕様車、「ジャパン・ファイナルエディション」を設定,https://news.yahoo.co.jp/articles/d15ade72a3d5aa5156f759afbe40f0e89f59cc7a,12/17(日) 6:10
engine,ENGINE WEB,【保存版】中古車市場ではいまだに人気のランボルギーニ・ガヤルド　2駆かそれとも4駆か、走って一番楽しいのはどれだ？【『エンジン』蔵出しシリーズ／ランボルギーニ篇】,https://news.yahoo.co.jp/articles/2f36a06cf67aa6d993e922963824b5a3d1706f2b,12/16(土) 21:10
engine,ENGINE WEB,「乗ると凄いけど、パッと見は普通の乗用車　そういうのが好き」　 iX xDrive50とM2コンペティションに乗るオーナーがBMWを愛する理由がこれ！,https://news.yahoo.co.jp/articles/3b5462585bdca5070cecd2e3481f7ea7faa9eb3a,12/16(土) 19:10
engine,ENGINE WEB,新たに生まれたクラシック・ポルシェの聖地「ポルシェ・クラシック・トレーニングセンター」に潜入！　ポルシェの夢と情熱を繋ぐ場所,https://news.yahoo.co.jp/articles/403414b2e586bb766e9328da84139c0427cebe32,12/16(土) 7:10
engine,ENGINE WEB,三菱のプラグイン・ハイブリッドSUV、アウトランダーがユーザーの細かいニーズに応える一部改良を実施,https://news.yahoo.co.jp/articles/2164fe9b61aff3edfd9f95e617d38e28a54217b0,12/16(土) 6:10
engine,ENGINE WEB,奥さんのベンツ以外、家のクルマは全部MT（笑）　子供の頃からの念願だった911を手に入れたMT好きのオーナーのポルシェ・ライフとは,https://news.yahoo.co.jp/articles/fea82637399ecf618bcbd6adcf5731dec76fe47e,12/15(金) 19:10
engine,ENGINE WEB,日産ノートがマイナーチェンジ　ミニバンのセレナに似た新顔を採用でイメージチェンジを図る,https://news.yahoo.co.jp/articles/f32ca4c70aaed732df42d49cfad1e1eac07295f4,12/15(金) 17:10
engine,ENGINE WEB,現金2000万円を鞄に詰めて行ったのに買えなかったカウンタックのエピソードは爆笑　アヴェンタドールを5台も乗り継ぐ元ホームラン王の山崎武司さんの豪快なクルマ遍歴とは,https://news.yahoo.co.jp/articles/60635b8326317cd798de2306c2185d1083a3d68e,12/15(金) 7:10
engine,ENGINE WEB,再び「アルファード」&「ヴェルファイア」に挑む　ホンダ・オデッセイが中国製で復活,https://news.yahoo.co.jp/articles/d08ed72e6fb95140896dcafa738e3afbb44967d4,12/15(金) 6:10
engine,ENGINE WEB,トヨタもテスラ・モデル3の牙城に挑む　トヨタがクロスオーバー・スタイルのEVコンセプトを欧州で展示,https://news.yahoo.co.jp/articles/a3b6d0d4ea03e327b4bcd51806753de7dd7f5f48,12/14(木) 17:10
engine,ENGINE WEB,幅広大径のランフラット・タイヤを見事に履きこなす！　ランフラット歴20年余のBMWの独壇場　自動車ライターの渡辺敏史がX5に試乗【3シリーズ、8シリーズ、Z4、X5にイッキ乗り／その4】,https://news.yahoo.co.jp/articles/17b7f98bcee39e76e25ff3decfb25431264d5d6b,12/14(木) 7:10
engine,ENGINE WEB,トヨタが東京大会に続き、パリ五輪に車両提供　EVのコミューターや車椅子用の電動アシストなどを用意,https://news.yahoo.co.jp/articles/3797774796fa940c4a81b6b28a77f650b7146de7,12/14(木) 6:10
engine,ENGINE WEB,家族に相談してないことを思い出したのサインの後（笑）　24歳、勢いあまって目一杯背伸びをして組んだローンで買った911は「お尻で曲がる感覚に病みつきです！」,https://news.yahoo.co.jp/articles/5a80a2734e74277ab12563754eca1a564bf4a453,12/13(水) 19:10
engine,ENGINE WEB,重量配分の利は間違いなく直4にある！　選ぶのは直6かそれとも直4か？　自動車ライターの渡辺敏史がBMW Z4に試乗！【3シリーズ、8シリーズ、Z4、X5にイッキ乗り／その3】,https://news.yahoo.co.jp/articles/d5aa9e4efe1bf51ab3808aae24c2479525b3c1d0,12/13(水) 17:10
engine,ENGINE WEB,850iも凄いが、8シリーズの白眉は840i　はたしてその理由とは？　自動車ライターの渡辺敏史がBMW M850i xドライブ・クーペに試乗【3シリーズ、8シリーズ、Z4、X5にイッキ乗り／その2】,https://news.yahoo.co.jp/articles/a26033b7ce849fe02143023a417692fe0b3737cb,12/13(水) 7:10
engine,ENGINE WEB,ヤリスクロスのEVバージョンか　トヨタが2024年に導入予定のBセグメントSUVのEVコンセプトを披露,https://news.yahoo.co.jp/articles/ff8ce9a1bdcd9585be02b46ebdd7b946ad0cae3d,12/13(水) 6:10
engine,ENGINE WEB,内燃機関の3シリーズは無くならない！　自動車ライターの渡辺敏史がBMW M340iに試乗【3シリーズ、8シリーズ、Z4、X5にイッキ乗り／その1】,https://news.yahoo.co.jp/articles/d82c5acc0a4241209fb95bd52ae21a55d177af83,12/12(火) 17:10
engine,ENGINE WEB,DS 4に黒のアクセントを効かせたスポーティな特別仕様車、パフォーマンス・ラインを設定,https://news.yahoo.co.jp/articles/0fe1947a09df19d0681b736db204bf4f65af35a9,12/12(火) 7:10
engine,ENGINE WEB,新型メルセデス・ベンツGLCにPHEVのGLC350e 4マチック・スポーツ・エディション・スターを追加,https://news.yahoo.co.jp/articles/d672008e1b509267fcdbc42652c06140fac187c8,12/12(火) 6:10
engine,ENGINE WEB,【後篇】 こんなに面白い乗り比べはない！　まったく新しい新時代の「駆けぬける歓び」に挑戦しているEVのi5、最新技術を入れて進化し続ける内燃エンジンの523i、悩ましい選択だ！,https://news.yahoo.co.jp/articles/681e3af8257d553ebdee8aae12ebe907edbe4e98,12/11(月) 19:11
engine,ENGINE WEB,ライバル、メルセデスとの違いは、内燃機関とEVのプラットフォームが共通なこと！　上陸ホヤホヤの523iとi5、2台の新型BMW5シリーズを比較試乗！！【前篇】,https://news.yahoo.co.jp/articles/5951974712fa135dea7adda6e6a5d0c07ba99483,12/11(月) 19:10
engine,ENGINE WEB,レクサス初の電動化専用モデル「RZ」にお求めやすい価格の前輪駆動モデル「300e」が追加された,https://news.yahoo.co.jp/articles/4a5441aa691d5d83f2fc67e84669f50850fe4d55,12/11(月) 17:10
engine,ENGINE WEB,中国のレンジローバーになれるか？　BYDがプレミアム・ブランドの「ヤンワン」が手掛けた大型SUVを披露,https://news.yahoo.co.jp/articles/0692c66883c14e59fa4816ed551eb2a2fa2e5b67,12/11(月) 6:10
engine,ENGINE WEB,【保存版】ランボ初の6発ドライブ！？　アヴェンタドールLP700-4ロードスターとはどんなランボルギーニだったのか？【『エンジン』蔵出しシリーズ／ランボルギーニ篇】,https://news.yahoo.co.jp/articles/7616eabbc8270fe0d2bce1a02a37e6a550a527de,12/10(日) 21:15
engine,ENGINE WEB,「すべてが深い縁でつながっている！」　世界でたった8台のM8グランクーペ ・ワン・オブ・エイトやM1、3.0CSLなど、BMWクラブジャパン会長の貴重なコレクションから5台を公開！,https://news.yahoo.co.jp/articles/948d192706ae7c2e7e3cac7531ed960fbfd431a0,12/10(日) 17:10
engine,ENGINE WEB,モデリスタがランドクルーザー70用カスタマイズ・パーツを発売　人気ブランドとのコラボ・アイテムも用意,https://news.yahoo.co.jp/articles/905e16dd76c7cf4ebc4b99e3f5c0516149a2dc88,12/10(日) 7:10
engine,ENGINE WEB,アルファード&ヴェルファイアに強敵出現　BYDがプレミアム・ブランドの高級ミニバン。デンツァD9をお披露目,https://news.yahoo.co.jp/articles/8c20bab00d73a658b3cd462538f8bc10b6ebc724,12/10(日) 6:10
engine,ENGINE WEB,【保存版】ロータスの凄いヤツのようなシャープなハンドリングのマクラーレンと金切り声を上げてブン回る多気筒エンジンのガヤルドの対決！【『エンジン』蔵出しシリーズ／マクラーレン篇】,https://news.yahoo.co.jp/articles/42e25468d5eb449592bf6efffb5d24daecf05a3a,12/9(土) 21:10
engine,ENGINE WEB,「クルマ好きの父を看取ったときに、後悔のない人生をおくらなければダメだと思った」　亡き父が背中を押した996型GT3オーナーの911ストーリーとは,https://news.yahoo.co.jp/articles/629e941dadc11c4225189fc883b4cb5b4a091733,12/9(土) 19:10
engine,ENGINE WEB,元祖デートカーが復活　市販化が確実視される次期プレリュードのコンセプト・モデルとは,https://news.yahoo.co.jp/articles/5f6744dd94a24c3cb2c79e97a55bcec405b4e18c,12/9(土) 7:10
engine,ENGINE WEB,販売予定は月400台　激しい争奪戦は必至　ATのワゴンで復活したトヨタ・ランドクルーザー70の販売開始,https://news.yahoo.co.jp/articles/b128eb89d93d3c818a11a46a7fc04036c5bac3fd,12/9(土) 6:10
engine,ENGINE WEB,【後篇】最後の高性能マニュアル車かも？　M2に「買うかどうか目線」で国沢光宏が試乗！　BMWのスポーツ・モデルといえば、やっぱり「M」でしょう！,https://news.yahoo.co.jp/articles/5d933a87d3fa8ad23d4415a21437977dc9cf80f9,12/8(金) 21:10
engine,ENGINE WEB,これが最後の純内燃機関？　M3とM3ツーリングに国沢光宏が試乗！　BMWのスポーツ・モデルといえば、やっぱり「M」でしょう！ 【前篇】,https://news.yahoo.co.jp/articles/b7adf639392f725cc019d4aa65e727c71bcb00a6,12/8(金) 19:10
engine,ENGINE WEB,素晴しい出来映えの新型アウディQ8 e-tron　ただし1275万円払ってでも欲しいかと言われると「！？」　そこがEVの難しいところ！,https://news.yahoo.co.jp/articles/5abb3c7a32053d5f8d1e8c93ad9075b9d8ed464d,12/8(金) 17:10
engine,ENGINE WEB,アジア初出店！　感覚を刺激する「没入型ガストロノミー」　オランダ出身のスター・シェフが監修する「ル・プリスティン東京」,https://news.yahoo.co.jp/articles/7db05b317d7ff7812223773f659c4a352e8f78ba,12/8(金) 8:10
engine,ENGINE WEB,まずはディーゼルのマイルド・ハイブリッドでスタート　メルセデス・ベンツGLCクーペが初のフルモデルチェンジ,https://news.yahoo.co.jp/articles/6f4cca643e0cc66408d0d4eee8c89ce7108dc7f1,12/8(金) 7:10
engine,ENGINE WEB,エイムの超小型EVは2025年に沖縄で生産を開始し、車両本体で100万円以下（電池を除く）を目指す,https://news.yahoo.co.jp/articles/72836f9d6b315b2bd79d7ffe34c902f6b3b07fbf,12/8(金) 6:10
engine,ENGINE WEB,612psの4リッターⅤ8ツインターボを積むGLEの最速最強モデル、GLE 63 S 4マチック+がマイナーチェンジ,https://news.yahoo.co.jp/articles/f2786c34d1fcf76bf33b2695e8b1bdde6da7035f,12/7(木) 17:10
engine,ENGINE WEB,8000人のエキストラを動員した圧巻の戦闘シーン！　主演ホアキン・フェニックス　『グラディエーター』の名匠が描く大作映画『ナポレオン』,https://news.yahoo.co.jp/articles/538fa8d46f07e729a7726c56dcb65a9071303fe6,12/7(木) 8:10
engine,ENGINE WEB,上達のポイントは同乗試乗！　エンジン・プレミアム・クラブのイベント、レーシング・レッスンに参加しました！【エンジン編集部長期リポート 79号車 ポルシェ911カレラ4S（996型）#65】,https://news.yahoo.co.jp/articles/5d6b92f48d0554b7dbdff284148d4e691f0f0ef9,12/7(木) 7:10
engine,ENGINE WEB,丸みを帯びた愛らしいグリルが特徴的　スズキのBセグメント・ハッチバック、新型スイフトがデビュー,https://news.yahoo.co.jp/articles/313cac68014fc59678c0142ae022aaadd761d038,12/7(木) 6:10
engine,ENGINE WEB,フェラーリとまったく同じボア・ストロークとバンク角のV6ツイン・ターボ　ジュリア・クアドリフォリオとはどんなアルファだったのか？【『エンジン』蔵出しシリーズ　アルファ・ロメオ篇】,https://news.yahoo.co.jp/articles/a042784646c17ab6c3033f1f477410ddfe5a7aab,12/6(水) 21:10
engine,ENGINE WEB,アルファ・ロメオ・ジュリアとステルヴィオの最速最強モデル、クアドリフォリオがマイナーチェンジ,https://news.yahoo.co.jp/articles/ff24b69dd7257f6e79ac595e3ab220df8779c0e4,12/6(水) 17:10
engine,ENGINE WEB,アウディのフラッグシップSUV、Q8の「内燃機関モデル」がマイナーチェンジ！　4リッターV8ツインターボが素晴らしい！,https://news.yahoo.co.jp/articles/818572f53b0a3a9ff8945c2dd7c963a2ec1d67d2,12/6(水) 8:10
engine,ENGINE WEB,フィアット・パンダの最終モデルはマニア垂涎のMT＋4WDのクロス4×4　台数はたったの200台,https://news.yahoo.co.jp/articles/6a4f2575b7675f85f3060fd7aae039104a15847a,12/6(水) 6:10
engine,ENGINE WEB,ポルシェ・パナメーラが3代目に進化　EV化は行われず、内燃機関スポーツ・セダンを踏襲,https://news.yahoo.co.jp/articles/cd47bbca512371df16a0fbfd96cc436bd608de14,12/5(火) 17:10
engine,ENGINE WEB,ちょっと古いカングー、スライドドアのローラーを交換しました！【エンジン編集部の長期リポート37号車：ルノー・カングー（2007年型）#11】,https://news.yahoo.co.jp/articles/aad953886b980fe8336214380bf2f8cea5e1342b,12/5(火) 7:10
engine,ENGINE WEB,デリカD:5で人気の特別仕様がデリカミニに装着できる　専用の内外装を持つシャモニーパッケージを設定,https://news.yahoo.co.jp/articles/f05e93505785696ca9b232cf4ebeed867587589f,12/5(火) 6:10
engine,ENGINE WEB,コンパクトな3列シートSUVとして日本でも人気を博すメルセデス・ベンツGLBがマイナーチェンジ,https://news.yahoo.co.jp/articles/3535b16fbbb84ad0a7cb1cc4563db84360b14642,12/4(月) 17:10
engine,ENGINE WEB,これが世界最先端のショーのカタチ　この巨大な目玉の正体は？ 　ラスベガスに現れた新世代のコンサート・ホールで味わう異次元体験,https://news.yahoo.co.jp/articles/80490106e8e4abc45b7795d5d0205910977a9a40,12/4(月) 8:10
engine,ENGINE WEB,驚異的にフラットな乗り心地がポイント！　ポルシェ・パナメーラが3代目に生まれ変わった　ドイツのワークショップで試乗！！,https://news.yahoo.co.jp/articles/ef3c09fbdc8bd9294600f4cc024a09273872ad46,12/4(月) 7:10
engine,ENGINE WEB,6年ぶりに名物の特別仕様車が復活　三菱デリカD:5に後期モデル初の「シャモニー」登場,https://news.yahoo.co.jp/articles/916714263d996cbbba944d20e17bf9dfde2e08f1,12/4(月) 6:10
engine,ENGINE WEB,【超保存版】8歳でお父さんが乗るジュリエッタに恋したのが始まりだった　世界に名高いアルファ・コレクターの愛と情熱の私設博物館とは？【『エンジン』蔵出しシリーズ　アルファ・ロメオ篇】,https://news.yahoo.co.jp/articles/1399060ea8365b27f02967f9aa116fa813d53c9e,12/3(日) 20:50
engine,ENGINE WEB,新型マセラティ・グラントゥーリズモのアジア向けお披露目イベントが築地本願寺で開催された,https://news.yahoo.co.jp/articles/290036fba865ffdc615bf5c31397347ff5e3277d,12/3(日) 17:10
engine,ENGINE WEB,シトロエンとポーランドの繋がりには、日本も関係していた！？　ヤフオクの7万円のエグザンティア・オーナー、ウエダがシトロエン長年の謎に迫る【シトロエン・エグザンティア（1996年型）長期リポート#27（番外篇5）】,https://news.yahoo.co.jp/articles/1f76a33966bf60124ebf6dbc8cd20c31f7a8e831,12/3(日) 7:10
engine,ENGINE WEB,トヨタMR2の未来形か？　ミドシップ風のスタイリングがイケているトヨタのEVスポーツ・コンセプト「FT-Se」,https://news.yahoo.co.jp/articles/67c9032d7d999865bcb81d17bf78323c0c93ef0d,12/3(日) 6:10
engine,ENGINE WEB,【試乗速報】新型ポルシェ・カイエンPHEV、イッキ乗り！　新しいカイエンのイチ押しは、このモデルだ！,https://news.yahoo.co.jp/articles/9f3376d1cabf02e6904548f290c434087a3b69da,12/2(土) 19:10
engine,ENGINE WEB,SUVらしさが格段に向上　ミニ・クロスオーバーがフルモデルチェンジし、車名もカントリーマンに改名,https://news.yahoo.co.jp/articles/998f7f1b862dffd900bc03b818b875d1af63b083,12/2(土) 17:10
engine,ENGINE WEB,乗る前は「期待と不安」だらけのアバルト500e　はたしてアバルト版のEVは乗ってみてどうだったのか？,https://news.yahoo.co.jp/articles/655f657a510aad08bc0a6a6bd80b15e592e33688,12/2(土) 7:30
engine,ENGINE WEB,bZ4Xの上級車種のデザイン・スタディか？　トヨタのSUVスタイルのEVコンセプト、「FT-3e」,https://news.yahoo.co.jp/articles/e8625c147a307b81ec655143f82ce8a37cc4b973,12/2(土) 6:10
engine,ENGINE WEB,【保存版】4つのタイヤをバランスよく生かして走る、これぞアルファ！　マニア垂涎の60年代のクラシック・アルファ5台にイッキ乗り！【『エンジン』蔵出しシリーズ　アルファ・ロメオ篇】,https://news.yahoo.co.jp/articles/4a37f70e5c49f9e3cd9e464dfa453e8fda549231,12/1(金) 20:35
engine,ENGINE WEB,アウディのフラッグシップSUVクーペのQ8に待望のディーゼル・モデル、50TDIがデビュー,https://news.yahoo.co.jp/articles/ec9faca1ad7dc0729f7a5f41c53feecb02cdf324,12/1(金) 17:10
engine,ENGINE WEB,リーフを圧倒！　ヒョンデの第3弾、SUVスタイルの小型EV、コナに自動車評論家の国沢光宏が試乗した！,https://news.yahoo.co.jp/articles/a8bee88556ba42b6164bdb0eac7b967c2103c943,12/1(金) 7:10
engine,ENGINE WEB,夢の自動運転まであと少し　自動運転タクシーの2026年運用開始に向け、ホンダとGMが始動,https://news.yahoo.co.jp/articles/4da4460fd9120e0e501acb277147fff4ccae5beb,12/1(金) 6:10
engine,ENGINE WEB,ジープ・グランドチェロキーに日本未導入グレードのエクステリアを持つ90台限定の特別仕様車登場,https://news.yahoo.co.jp/articles/0962fef5b3ade08b027805bd7e9361ddd490d320,11/30(木) 17:10
engine,ENGINE WEB,世界中の食通が注目！　料理のテーマは天体の動きで決める!?　南仏のスター・シェフがプロデュースする「CYCLE」,https://news.yahoo.co.jp/articles/911bde155f4bee6cf762bce6984d456693707de6,11/30(木) 8:10
engine,ENGINE WEB,N-BOXは、なぜ日本で一番売れているのか？　3代目に生まれ変わったホンダの稼ぎ頭に国沢光宏が試乗！　はたしてその理由とは,https://news.yahoo.co.jp/articles/93471640a1f39d1274e5e6201eeb4fe321fd007d,11/30(木) 7:10
engine,ENGINE WEB,レクサスLMに続け　高級ミニバン時代の到来か、ボルボが初の大型EVミニバン「EM90」を発表,https://news.yahoo.co.jp/articles/86246f1a982774363521559ef57f3ead818b2135,11/30(木) 6:10
engine,ENGINE WEB,「次女が生まれたのに2シーターなんて意味がわからない」と奥さんに笑われた　以来17年、993型のカレラRSを所有し続けるオーナーの空冷911との付き合い方とは？,https://news.yahoo.co.jp/articles/dc8497efeaff099bf168b2031af5fee692bd6ac5,11/29(水) 19:10
engine,ENGINE WEB,アルシオーネが再来？　スバルがEV時代に向けたオリジナルの2ドア・スポーツクーペをお披露目,https://news.yahoo.co.jp/articles/603afd67b26363b881c31c1d2e407965dee38532,11/29(水) 17:10
engine,ENGINE WEB,クルマの操作すべてが手で行える新しい運転デバイス　ハンディキャップ用以外にもメリットが多数,https://news.yahoo.co.jp/articles/b2fc61f06b0710680410ea2a1de03ba4cc5c47f8,11/29(水) 6:10
engine,ENGINE WEB,【保存版】「ガバッとV10の咽を開ければ、すかさずノーズがピクッと外へ動く」このソリッド感がたまらない！　ガヤルドLP550-2はどんなランボルギーニだったのか？【『エンジン』蔵出しシリーズ　ランボルギーニ篇】,https://news.yahoo.co.jp/articles/62e3acce7a05d53c3783c4890f96385dbac40abb,11/28(火) 19:10
engine,ENGINE WEB,2リッターで421psの強心臓を持つメルセデスAMGの4ドア・クーペ&シューティングブレーク、CLA45がリフレッシュ,https://news.yahoo.co.jp/articles/b1ae2efbfd46c18107f0c7d3c92c68aa40f4f547,11/28(火) 17:10
engine,ENGINE WEB,階段を昇降でき、自律走行も可能なトヨタが提案する未来の車いすコンセプト「JUU」,https://news.yahoo.co.jp/articles/b8e0500567892ee38b342df9c786909dda973fae,11/28(火) 6:10
engine,ENGINE WEB,【保存版】「退屈しないんだよ、ジュリエッタは！」　新世代アルファとして登場した「ジュリエッタ」はどんなアルファ・ロメオだったのか？【『エンジン』蔵出しシリーズ　アルファ・ロメオ篇】,https://news.yahoo.co.jp/articles/204a28808c53003d11881432539e34e2853e8d73,11/27(月) 20:30
engine,ENGINE WEB,PHEV、電動ターボ、後輪モーター駆動、後輪操舵など新機構満載の新世代AMG、C63がデビュー,https://news.yahoo.co.jp/articles/2adc63d6a2b96df051f5a97c9fcaf50324174933,11/27(月) 17:10
engine,ENGINE WEB,クルマの内装は全部これになる！？　本革に替わる素材になるか?　ピーナッツやコーヒー豆を使ったヴィーガン・レザーの未来,https://news.yahoo.co.jp/articles/b3528ddf84b0292e9a3acd739bf57b98fe81a944,11/27(月) 7:10
engine,ENGINE WEB,押し出しの強いフロント・マスクが特徴的　スバルの人気SUV、フォレスターの新型がアメリカで初公開,https://news.yahoo.co.jp/articles/ca911c1b4128327e76d85da14e085b9091baeb06,11/27(月) 6:10
engine,ENGINE WEB,【保存版】「身体じゅうの細胞が騒然としている！」　踏み込んだ瞬間に全身が総毛だつ「599GTO」とはどんなフェラーリだったのか？【『エンジン』蔵出しシリーズ　フェラーリ篇】,https://news.yahoo.co.jp/articles/4c8d3aa8af8a91bfd772a6a93b0294a2222d682a,11/26(日) 19:10
engine,ENGINE WEB,空も得意なスバルが提案する空飛ぶ自動車　ヘリコプターなどで実績があるだけに実現の可能性は高いかも,https://news.yahoo.co.jp/articles/f35f6883e8e3ada945d241c7f7bd2f4d8059e70e,11/26(日) 17:10
engine,ENGINE WEB,「グイッと4輪で路面をけり出したときの感触は最高！」　ラングラー・ルビコン10thアニバーサリー・エディションはどんなジープだったのか？　【『エンジン』蔵出しシリーズ・ジープ篇】,https://news.yahoo.co.jp/articles/29be18b2ed8cff9e4c2d627d966a8daa8cffea24,11/26(日) 7:10
engine,ENGINE WEB,トヨタが提案する新しい短距離移動ツール、ランドホッパーは特定原付に属する折り畳み可能な電動3輪車,https://news.yahoo.co.jp/articles/0865742d985dbe1278eb85b2e8c4d2b095de033a,11/26(日) 6:10
engine,ENGINE WEB,日本グランプリで優勝した生沢徹氏のカレラ・シックスが原点　5台の空冷911を乗り継いできたオーナーの現在の愛車は生産台数411台の964型ターボ3.6,https://news.yahoo.co.jp/articles/341aa983412866813998471afb79b40bacb4f668,11/25(土) 19:10
engine,ENGINE WEB,ハイラックスも次はEVなのか？　トヨタがジャパン・モビリティショーでEVピックアップのEPUを出展,https://news.yahoo.co.jp/articles/ad043f2402cfdc8128efccfcaca3892684bea33b,11/25(土) 17:10
engine,ENGINE WEB,どう見ても未来のGT-Rでしょｗ　日産が未来のEVスーパースポーツを示唆する、ハイパーフォースをお披露目,https://news.yahoo.co.jp/articles/0cf84a47a7e9b42edcb54cd195b94bc11b0667aa,11/25(土) 6:10
engine,ENGINE WEB,「エンジンがものすごく遠くにある！」　ロールス・ロイス・ファントム・シリーズIIの6.75リッターのV12エンジンは、未来に残したい 世界遺産だ！,https://news.yahoo.co.jp/articles/1837599251a58885ced911e3e699ed277a8f86a4,11/24(金) 21:10
engine,ENGINE WEB,ランボルギーニのV10には「ある種の凶暴さが秘められている！」　最後のウラカン、テクニカが搭載する5.2リッター自然吸気V10は、未来に残したい世界遺産だ！！,https://news.yahoo.co.jp/articles/584e827262048c2d347af6240cbb35234a66616d,11/24(金) 19:10
engine,ENGINE WEB,SUV版のレクサスLSか？　レクサスが大型SUVスタイルのEVコンセプト、LF-ZLをお披露目,https://news.yahoo.co.jp/articles/4abc6a598646710875da18b061b3fb20968fc25b,11/24(金) 19:10
engine,ENGINE WEB,レジェンドたちに胸が熱くなる！　貴重なレーシング・ポルシェがラグナセカに一堂に会する「レンシュポルト・リユニオン」に行ってきた！,https://news.yahoo.co.jp/articles/a3e7338a745b990b6938931d0efb77e97922722c,11/24(金) 7:10
engine,ENGINE WEB,オリジナルよりも人気が出るかも!?　ホンダWR-Vに独自デザインのグリルをはじめとする純正アクセサリーが登場,https://news.yahoo.co.jp/articles/9649741a7a5072a5c6cf33c074260bf8eeec006d,11/24(金) 6:10
engine,ENGINE WEB,【保存版】アルファ・ロメオの救世主、ミトに追加された2ペダルモデル「ミトTCT」はどんなクルマだったのか？【『エンジン』蔵出しシリーズ　アルファ・ロメオ篇】,https://news.yahoo.co.jp/articles/e0e523cb5d0bf94b70049ad647ed0567f8670ead,11/23(木) 21:10
engine,ENGINE WEB,「信じられないくらい低く搭載されたV8　これぞスポーツカーのエンジン！」　シボレー・コルベットの6.2リッターV8OHVは、未来に残したい世界遺産だ！,https://news.yahoo.co.jp/articles/714eebfc4182f17292f4232932af268a6975f8e4,11/23(木) 19:10
engine,ENGINE WEB,「精密に組まれた機械が9000rpmまで回る！　吸い込まれそうで恐くなる」　ポルシェ911GT3の4リッター・フラット6は、未来に残したい世界遺産だ！,https://news.yahoo.co.jp/articles/86b357ad9de626a0f7a0dde54e554d5baa0bd0e7,11/23(木) 17:10
engine,ENGINE WEB,大好評、ファッション好きは見逃せない！　国立新美術館で開催中のイヴ・サンローラン展に見るエレガンス,https://news.yahoo.co.jp/articles/87074fbfa544708fd5ebf7a422b788f9115d840f,11/23(木) 8:10
engine,ENGINE WEB,「ソレックス・ツインキャブの味はやはり別格！」　初代トヨタ・セリカ1600GTをはじめ懐かしの国産旧車にイッキ乗り！,https://news.yahoo.co.jp/articles/6b5d6228084b8de08105d1d10b90b5e714ecb56b,11/23(木) 7:10
engine,ENGINE WEB,レクサスLBXをスポーティ&エレガントに仕立てる　金属調を巧みに採り入れたエアロパーツ登場,https://news.yahoo.co.jp/articles/01fb974248874e54e353012a35a3c2565b16d6df,11/23(木) 6:10
engine,ENGINE WEB,「アルファ・ロメオではテスト・ドライバーが依然としてクルマの背後にいる」とは、どういうことなのか？　国際試乗会で知ったジュリエッタの真実　これだからアルファ好きはやめられない！,https://news.yahoo.co.jp/articles/85a5a4a6cb739b18f46e47f3aa710a3c0b8589cb,11/22(水) 21:10
engine,ENGINE WEB,「古いものは乗りこなす難しさがあるから面白い」　ちょっと古いポルシェ、Gモデルのカレラ3.2に乗るのは元自転車レースのチャンピオン！　今は911で毎朝のように箱根を走っている！,https://news.yahoo.co.jp/articles/c349a2b588bf4bf693b0a7e531ef698195dee3fb,11/22(水) 19:10
engine,ENGINE WEB,RX-7の後継か、それとも次期ロードスターの雛型か？　絶対に市販して欲しい「マツダ・アイコニックSP」,https://news.yahoo.co.jp/articles/6311a28b547125808e1078ab8e27911dcd61b200,11/22(水) 17:10
engine,ENGINE WEB,存在そのものがモダンアート！　宙に浮く歯車はいつまでも見ていられる複雑時計　「時計で遊ぶ」ユリス・ナルダンの最新作！,https://news.yahoo.co.jp/articles/9a1de6d85368fdadc06d04d1558961322239f21a,11/22(水) 15:10
engine,ENGINE WEB,ヤフオクの7万円のシトロエンに200万円をつぎ込んだエンジン編集部ウエダ、修理連発で財政ピンチ？　モグラ叩きはいつまで続く？【シトロエン・エグザンティア（1996年型）長期リポート#26】,https://news.yahoo.co.jp/articles/b76c6168866512ce3a57fbaf6da1c1bf7e846548,11/22(水) 7:10
engine,ENGINE WEB,SUVテイストを加えたスバル・レヴォーグ・レイバックはアウトバック、クロストレックに続く人気モデルになれるか？,https://news.yahoo.co.jp/articles/76ce6fe8db4d40fa47e5949c01fb8d8422966d5d,11/22(水) 6:10
engine,ENGINE WEB,次期レクサスISはこうなるのか？　レクサスがDセグメントEVセダンのコンセプト・カー、LF-ZCをお披露目。,https://news.yahoo.co.jp/articles/8419d94031295dea8060a34a5196c09f980d545d,11/21(火) 17:10
engine,ENGINE WEB,意外と大事なパーツ、ブレーキスイッチを交換しました！【エンジン編集部の長期リポート37号車：ルノー・カングー（2007年型）#10】,https://news.yahoo.co.jp/articles/56e5b86c43c091b8716ec5d2cee17503b0ee5d9e,11/21(火) 8:10
engine,ENGINE WEB,次期三菱デリカD:5かも？　より現実的なコンセプトがそう想像させる三菱のコンセプト・モデル、D:X登場,https://news.yahoo.co.jp/articles/3ae141e8112928edbc423ad3e950d0a681afe8ca,11/21(火) 6:10
engine,ENGINE WEB,奇跡の1台！　レーシング・マシンさながらの工法で手づくりされるカーボン・バスタブを持つ「アルファ・ロメオ4C」とはどんなスポーツカーだったのか？【『エンジン』蔵出しシリーズ　アルファ・ロメオ篇 #3】,https://news.yahoo.co.jp/articles/ccbb88f0b2a5089959a0ff0a4e70fd1c424dda04,11/20(月) 18:10
engine,ENGINE WEB,未来のタウンエース!?　電動化時代に向けたトヨタ小型商用バンのコンセプト・モデル、その名は「カヨイバコ」,https://news.yahoo.co.jp/articles/07504860e2436fb898a2b0428be62a900377cc5f,11/20(月) 6:10
engine,ENGINE WEB,【後篇】「こんな幸せなクルマを私はほかに知らない」　祝911誕生60周年！　ナローから992型まで、7台の911にポルシェと酒をこよなく愛する『エンジン』編集長がドイツでイッキ乗り！！,https://news.yahoo.co.jp/articles/7392137e40101d3a65bc9358ed216d9a43626e78,11/19(日) 21:10
engine,ENGINE WEB,祝911誕生60周年！　ナローから992型まで、7台の911にドイツでイッキ乗り！！  　ポルシェと酒をこよなく愛する『エンジン』編集長が旅で感じた「ポルシェの哲学」とは？【前篇】,https://news.yahoo.co.jp/articles/3b573746db55971cbb4ead9e5a78a156dcdcd0e1,11/19(日) 19:10
engine,ENGINE WEB,マクラーレン最後の純内燃エンジン車！　750Sの発表に併せて来日したマクラーレンのプロダクト・プランニング・マネージャーの本音とは？,https://news.yahoo.co.jp/articles/e8f3b418b74e5fdb5d0452a5046629752cb6f964,11/19(日) 7:10
engine,ENGINE WEB,超クールなスタイリングは日本でもけっこうウケるかも　トヨタが新型ピックアップを日本で初披露,https://news.yahoo.co.jp/articles/25b193d5ae8ae50b19a0c23bad25d94bd8afa767,11/19(日) 6:10
engine,ENGINE WEB,【保存版】電子制御漬けの退屈な新型車ばかりのなかで、これは新鮮な驚きだった！　「991型911カレラT」は、どんなポルシェだったのか？　【『エンジン』蔵出しシリーズ／911誕生60周年記念篇#11】,https://news.yahoo.co.jp/articles/1828cd6316552a8fbf42b5eb8810aba00446bb5a,11/18(土) 21:10
engine,ENGINE WEB,ついにバッテリーEVになったBMW5シリーズ「i5」に、モータージャーナリストの島下泰久がポルトガルで試乗！   i5が見せた新しい“駆けぬける歓び”とは？,https://news.yahoo.co.jp/articles/61d3426784cd024074f217b1026f8de9c1138817,11/18(土) 19:10
engine,ENGINE WEB,電動化でランドクルーザーにも革命が起きるか？　高級SUV仕立てのEVランドクルーザーのコンセプトが登場,https://news.yahoo.co.jp/articles/60ffca59e8bd8d6ba0bdb9152f8d854061372952,11/18(土) 17:10
engine,ENGINE WEB,23歳の筆者には価格はまったく身近でないけれど、いつかこんなクルマで大冒険旅行をしてみたい！　若手編集者が6台のベントレーに袖ケ浦フォレストレースウェイで試乗！！,https://news.yahoo.co.jp/articles/72d1e0fa9a95fb5cb1ad4720c368a1f39edc2246,11/18(土) 7:10
engine,ENGINE WEB,"EVがまだ""買い""ではない理由とは？　アウディQ4eトロンにモータージャーナリストの石井昌道が試乗！　【ドイツ御三家の最新BEV3台を乗り比べる　その3】",https://news.yahoo.co.jp/articles/bf1785c5efa9ebf8be7d6533c4f13653ff0967b4,11/18(土) 6:10
engine,ENGINE WEB,子供の頃に見た姿が忘れられなくて手に入れた黄色いナローの911T　そのままの姿で次の世代にちゃんと自動車文化を継承したというオーナーのオールド・ポルシェ愉しみ方とは？,https://news.yahoo.co.jp/articles/c25bd223c9f374ede653d1897d95f7c3bad52b88,11/17(金) 20:10
engine,ENGINE WEB,スポーティよりもコンフォートを大切にしている！　メルセデス・ベンツEQEに石井昌道が試乗！【ドイツ御三家の最新BEV3台を乗り比べる　その2】,https://news.yahoo.co.jp/articles/e5b699126be80f4dae5768e3724b933db6267b2b,11/17(金) 17:10
engine,ENGINE WEB,「身に着ける人をトップクラスの時計愛好家に引き上げる」実はものすごいパテック フィリップ　日本で初公開されたその超複雑機構とは？,https://news.yahoo.co.jp/articles/48041924853149712a5cc0d7b1a77468082900ae,11/17(金) 7:10
engine,ENGINE WEB,ヴェゼルより安価なホンダの新しいエントリーSUV、WR-Vは実直なSUVスタイルを持つBセグメント・モデル,https://news.yahoo.co.jp/articles/84f96a4c97ec144bf9b79b4cabc4e26f57e19430,11/17(金) 6:10
engine,ENGINE WEB,驚いたことに7シリーズは、電気のi7の方がハンドリングがいい？！　BMW i7に石井昌道が試乗！　【ドイツ御三家の最新BEV3台を乗り比べる　その1】,https://news.yahoo.co.jp/articles/6ac46d2182ddd60f6170d018d0be6a8ed2f6abf4,11/16(木) 17:10
engine,ENGINE WEB,世界にはまだまだ美味しいものがある！　香港で大人気の「居酒屋料理」とは？　逆輸入で日本に上陸した東京・神宮前「CENSU TOKYO」,https://news.yahoo.co.jp/articles/1b296809358abe4703987ba0173a7154e2f6e8b9,11/16(木) 7:10
engine,ENGINE WEB,走るロボコップ!?　ヒョンデから奇抜なスタイリングが目を惹くコンパクトSUVタイプのEV、「コナ」登場,https://news.yahoo.co.jp/articles/a1aaeb466edda7e94937999906f00738017d8b71,11/16(木) 6:10
engine,ENGINE WEB,「GT-Rは間もなく死ぬ」のか？　自動車評論家の清水草一が、GT-Rの2024年モデルと日本で一番売れているEVのサクラに乗って、日産の未来を考えた！,https://news.yahoo.co.jp/articles/adc66720709698665dd1d1a1ccf468aff766dcc6,11/15(水) 21:10
engine,ENGINE WEB,「1100Nmのすべてを解き放ち、宇宙にまで吸い込まれそうな絶頂感を味わう」　BMW i7シリーズに加わったM70 xDriveに島下泰久がポルトガルで試乗！,https://news.yahoo.co.jp/articles/021b471bf595f30204e6f2dd8b7e09b7938a3dd8,11/15(水) 19:10
engine,ENGINE WEB,エンジン編集部の911、不具合をすべて修理して万事快調！ 【エンジン編集部長期リポート 79号車 ポルシェ911カレラ4S（996型）#64】,https://news.yahoo.co.jp/articles/67060ad39d232720e8c53915f98eea714d252cc5,11/15(水) 17:10
engine,ENGINE WEB,プジョー2008がマイナーチェンジで一新　フレーム・レスの新デザイン大型グリルをまとって登場,https://news.yahoo.co.jp/articles/b0c5a116aa496221fe569b963e3abd6e682fd1df,11/15(水) 6:10
engine,ENGINE WEB,「乗り心地の良さは、どんな基準をもってしても全ての日本車は勝てない！」　いまEVは買いか？　それとも待ちか？　自動車評論家の国沢光宏がBYD ATTO3に乗ってみた！,https://news.yahoo.co.jp/articles/dba1baa168b12ffff147202df0ad0b515cac9450,11/14(火) 17:10
engine,ENGINE WEB,床に落ちたミック・ジャガーのハーモニカは何処にある？　ステージセットのミニチュアが凄すぎる！　時計史上最高にロックなユニークピース！！,https://news.yahoo.co.jp/articles/63d29a7e0c8520c33021f14335c5d9fc427c669e,11/14(火) 8:10
engine,ENGINE WEB,新型クラウン・セダンがスポーティ・モデルに大変身　モデリスタからエアロパーツ・キットや21インチ・ホイールが登場,https://news.yahoo.co.jp/articles/a7b8b0ebe5c1118ad7262ef78ce6167ab5455965,11/14(火) 6:10
engine,ENGINE WEB,「電子制御のない996型GT3で箱根を飛ばすのとは違った怖さがある」　ポルシェ911GT3（992）の底知れない凄さとは？　カレラT、カレラ・カブリオレ、カレラ4GTS、そしてGT3の4台に試乗【911GT3篇】,https://news.yahoo.co.jp/articles/553b84445188d4d7ecf9c0e219a0fcaf12ca8746,11/13(月) 19:10
engine,ENGINE WEB,いまEVは買いか？　それとも待ちか？　自動車評論家の国沢光宏がヒョンデ・アイオニック5に乗ってみた！　売れ筋の欧州とアジアのコンパクトBEV4台をまとめてテスト！！,https://news.yahoo.co.jp/articles/2c9537add100e4c07a85c636132c8ebe7cce3688,11/13(月) 17:10
engine,ENGINE WEB,名機がまたひとつ消える　フィアット500とパンダでお馴染みのフィアット・ツインエアの販売が年内で終了,https://news.yahoo.co.jp/articles/903a733350c15bd27bd6b8365a82fcb0ea4b50cd,11/13(月) 6:10
engine,ENGINE WEB,カレラ・シリーズの頂点　911カレラ4GTSの万能感、これはもう神がかり的！！　カレラT、カレラ・カブリオレ、カレラ4GTS、そしてGT3の4台に試乗【911カレラ4GTS篇】,https://news.yahoo.co.jp/articles/a7461a7b4aa79d6ee7a478ae4a02886ee48c625f,11/12(日) 21:10
engine,ENGINE WEB,いまEVは買いか？　それとも待ちか？　自動車評論家の国沢光宏がフィアット500eに乗ってみた！　売れ筋の欧州とアジアのコンパクトBEV4台をまとめてテスト！！,https://news.yahoo.co.jp/articles/670f4f7fe452a2e0825ab12990701221ab65f651,11/12(日) 19:10
engine,ENGINE WEB,ヤリス・クロスが大変身!?　レクサス初のBセグメントSUV、「LBX」はクラスレスの高級感と上質なつくりが魅力,https://news.yahoo.co.jp/articles/a4f0d1423e60b0af1b291d9058fd6d43d23a0afb,11/12(日) 7:35
engine,ENGINE WEB,6.5リッターV12が9000rpmオーバーまで一気に淀みなく回る様はもはや感動的！　PHEVに生まれ変わったランボルギーニの旗艦、レヴエルトに試乗！！,https://news.yahoo.co.jp/articles/3f9e13acb59855304539dc17ee687c32857fa057,11/12(日) 6:10
engine,ENGINE WEB,カブリオレの良さがわかるようになったらポルシェ趣味も本物です！　オジさんのハートに刺さるオシャレな911、カレラ・カブリオレの魅力とは？,https://news.yahoo.co.jp/articles/fae65be74fbc90d2b920d9a08fe3c4e494759a09,11/11(土) 21:10
engine,ENGINE WEB,スポーツカー好きの還暦オヤジにオススメのポルシェならこれ！　911がMTで乗れるカレラTが最高の理由とは？,https://news.yahoo.co.jp/articles/16e51fe169a3f284bfc3f34147a011cfec1e9ef2,11/11(土) 19:10
engine,ENGINE WEB,新生クラウンの第3弾としてFRベースでセダンが復活　ミライ譲りの燃料電池車も設定,https://news.yahoo.co.jp/articles/519b91e1908e83f3c11cc5d9506ad790fabcf99a,11/11(土) 17:10
engine,ENGINE WEB,いまEVは買いか？　それとも待か？　ボルボC40リチャージのデキやいかに？！　売れ筋の欧州とアジアのコンパクトBEV4台に国沢光宏が試乗！！,https://news.yahoo.co.jp/articles/82fae76c7e92ca8b55a29d1bd3314c70fa74ad05,11/11(土) 6:10
engine,ENGINE WEB,世界限定30本の貴重で希少なパテック フィリップ　最初にして最後となる新ムーブメントを搭載した美しい音色を奏でる特別なミニット・リピーターを発表！,https://news.yahoo.co.jp/articles/767b55aae4cef042c2bf9feb5464dbea8e2ee50b,11/10(金) 17:00
engine,ENGINE WEB,「レクサスLMの感触は、まるでロールス・ロイス」　富士でレクサスのプロトタイプ、LM、GX、LBX、RZにイッキ乗り！,https://news.yahoo.co.jp/articles/01c683e05a3bc07b5151668220d78e957edd36ea,11/10(金) 6:10
engine,ENGINE WEB,これからのスーパースポーツカーの楽しみ方！　フェラーリSF90ストラダーレと296GTB、２台のプラグイン・ハイブリッド・フェラーリに乗って考えた「フェラーリの未来、スポーツカーの未来」,https://news.yahoo.co.jp/articles/6dc8325fdf50e78d3cb00510a1f44c56c0b95a3e,11/9(木) 19:10
engine,ENGINE WEB,ル・マン優勝車を所有し、その走りが楽しめる　フェラーリのLMHマシン、499Pの市販版が登場,https://news.yahoo.co.jp/articles/2ff09bd2747b8ad8ced91eec5e7fd52095d64efe,11/9(木) 17:10
engine,ENGINE WEB,フェラーリ296GTSとGTBを乗り比べる！　2台同時に試乗してはじめて296の魅力の本質が見えてきた！！,https://news.yahoo.co.jp/articles/4052e2017bed5e8ff108e731b079594c0e5fcfee,11/8(水) 19:10
engine,ENGINE WEB,今度の世界にたった1台のカスタマイズ・フェラーリはV8ミドシップのF8をベースにしたロードスター,https://news.yahoo.co.jp/articles/ac303b793984aef4a5dfeb93ed00ef55cbb2f6ef,11/8(水) 17:10
engine,ENGINE WEB,残念ながらトップチェッカーならずも「新車の開発は順調！」　アルピーヌA470が最後の富士に挑む！！,https://news.yahoo.co.jp/articles/1997c232913fb1a8db02642e3e280258d79d40b9,11/8(水) 7:10
engine,ENGINE WEB,カングー鬼門のATトラブルをなんとかクリア！　ATFも交換！！【エンジン編集部の長期リポート37号車：ルノー・カングー（2007年型）#9】,https://news.yahoo.co.jp/articles/2b1d694856b006d48290b9f2e2a76f77a1910a90,11/8(水) 6:10
engine,ENGINE WEB,いま静かなブーム！　古くて新しいオールド・レンズの魅力とは？　写真愛好家から若者、はては来日外国人にも人気！！,https://news.yahoo.co.jp/articles/3c9515cd51d419737fb4f0539f1b6c143e219966,11/8(水) 6:10
engine,ENGINE WEB,エアロパーツに、金粉と漆のパーティション　最高級ミニバンのレクサスLMをさらに艶やかにするドレスアップ・パーツ,https://news.yahoo.co.jp/articles/ae3b4c74699117e6bda775275a0c80537b59ff8e,11/7(火) 17:10
engine,ENGINE WEB,「ヘッドライトのカバーの曇りは取れるのか？」エンジン編集部のポルシェ911にまたしても問題発生！！【エンジン編集部長期リポート 79号車 ポルシェ911カレラ4S（996型）#63】,https://news.yahoo.co.jp/articles/981e74967b50bfd99a28048964138a72f6a27f79,11/7(火) 8:10
engine,ENGINE WEB,さすがは人気のホンダZR-V　来夏に発売する特別仕様車「ブラックスタイル」を今から受注,https://news.yahoo.co.jp/articles/1b264427b058aa1f4f6463b7d8f583757caebc88,11/7(火) 7:10
engine,ENGINE WEB,最高級ミニバン、レクサスLMの走りをさらにバージョンアップさせるパフォーマンスバンパー・キット,https://news.yahoo.co.jp/articles/8d630b2acb6ee43d7494c0b57144410d5bd5cb98,11/6(月) 17:10
engine,ENGINE WEB,ハイブリッドもガソリンも新ユニットを投入　トヨタ・カローラ・クロスが一部改良でさらなる進化を遂げる,https://news.yahoo.co.jp/articles/e668bc4038f3cc2637b235e7ac6b095be75f70af,11/6(月) 7:10
engine,ENGINE WEB,リア・ウイングのないスタイルはオリジナリティを大切にする、いかにもプジョーらしいデザイン！　プジョー・ブランドCEOがWECを観戦！,https://news.yahoo.co.jp/articles/eb377a24eafb5c188de3553a5372d684ba520acc,11/6(月) 6:10
engine,ENGINE WEB,休日はお父さんが必ず一緒にドライブ　「頭文字D」が幼児番組がわり　毎年フェラーリの帽子でF1観戦　そんな少年が長じてファーストカーに選んだ中古車とは？【連載『若者だってクルマ好き！』#5】,https://news.yahoo.co.jp/articles/d1a950209d36ec45ab05cdea01aa42b295c27a8d,11/5(日) 19:10
engine,ENGINE WEB,エンジン・プレミアム・クラブ会員限定のスペシャル・イベントを開催！　自慢の愛車でポルシェ・エクスペリエンスセンター東京を走った！！,https://news.yahoo.co.jp/articles/5d6e255ddb338fdc89b9228b16afa92f67e2fb2e,11/5(日) 17:10
engine,ENGINE WEB,【試乗記】「一心不乱どころか半狂乱でドライブした！」　世界でたった1963台だけのポルシェ911、S/Tに試乗！　GT3RSのスペックを持つ驚異的ロードカーとは？,https://news.yahoo.co.jp/articles/6d7f473faf19841329eb0dd9cd63e153d906cc56,11/5(日) 8:10
engine,ENGINE WEB,徳利とおちょこを駐車場に持って行って盃を交わした愛車との別れに涙　俳優の川上麻衣子さんにとって、クルマはずっと相棒であり恋人だった！,https://news.yahoo.co.jp/articles/94ba687ce2943f987c2f90a3a5c4f73e06b7e98b,11/5(日) 6:10
engine,ENGINE WEB,日産キャラバンに純正カスタマイズの車中泊仕様登場　木目調のオシャレな移動空間を構築,https://news.yahoo.co.jp/articles/f4f913b6068c70263989a3f5ff5fa2f340e48651,11/4(土) 19:10
engine,ENGINE WEB,【後篇】2023年総まとめ！　総合第1位は？　自動車評論家41人が選んだ「2023年いま買いたいクルマのランキング！」　“愛”と“欲望”の公開座談会,https://news.yahoo.co.jp/articles/dce946c2f7e9e10db4312fbcdb9d2e8c7399848d,11/4(土) 7:10
engine,ENGINE WEB,2023年総まとめ！　自動車評論家41人が選んだ「2023年いま買いたいクルマのランキング！」　“愛”と“欲望”の公開座談会【前篇】,https://news.yahoo.co.jp/articles/614a3c2f208757dfa429dd6426aa0080069bb02d,11/4(土) 6:10
engine,ENGINE WEB,世界最高峰のワンメイク・レース、フェラーリ・チャレンジがマシンを296GTBベースに変更,https://news.yahoo.co.jp/articles/6669c9660653985fead61871217dcca7a4445f68,11/3(金) 19:10
engine,ENGINE WEB,「こんなに気持ちのいいスパイダー、乗ったことがない！」　最新オープン・フェラーリ、ローマ・スパイダーにイタリア・サルディニア島で試乗！,https://news.yahoo.co.jp/articles/b7ed578299da785459a7fb8881d1d75724acc979,11/3(金) 17:10
engine,ENGINE WEB,ミシュラン・シェフが監修する「アヤタナ」がホテルのメインダイニングとしてオープン　伝統的なタイ料理が日本の京都で楽しめるという幸せ！,https://news.yahoo.co.jp/articles/493d060673e5d9470b3a7d87cbebd2313feeddf2,11/3(金) 7:10
engine,ENGINE WEB,「クルマとドライバーがこんなにごく自然に対話できるスポーツカーは他にない！ by 斎藤聡」　総合第1位はなんと5連覇のこのクルマだ！　自動車評論家41人が選んだ「2023年いま買いたいクルマのランキング！」,https://news.yahoo.co.jp/articles/892d80581a1ec6b4620db5563433012d32a88079,11/3(金) 6:10
engine,ENGINE WEB,ジャガー最後のエンジンを搭載したスポーツカー、「FタイプZPエディション」登場　日本は12台のみ,https://news.yahoo.co.jp/articles/20272ecacfb32cdaa87af195ed790ddcc387c8f6,11/2(木) 19:10
engine,ENGINE WEB,ライバルは新型センチュリー　レクサスが誇る2000万円の超高級ミニバン「LM」の導入開始,https://news.yahoo.co.jp/articles/c17f830e89db17e01de06710ef9f442fa649a6ec,11/2(木) 17:10
engine,ENGINE WEB,こんなスタイリッシュな空間でお酒が飲めるのは驚きだ！　往年の形で蘇った世界的デザイナー倉俣史朗の伝説のバー「コンブレ」が、静岡の町で今なお営業されている理由とは？,https://news.yahoo.co.jp/articles/a853ebf2f6022360da6fb08334f64abb070be887,11/2(木) 7:10
engine,ENGINE WEB,還暦のオジさんも若者も、誰もが楽しめる「ドライビング・マシーンのマスターピース！ by 渡辺敏史」　総合第2位はあのクルマ？　自動車評論家41人が選んだ「2023年いま買いたいクルマのランキング！」,https://news.yahoo.co.jp/articles/4d37ec441ad3e42af5f6ac784b8c1112e728f861,11/2(木) 6:10
engine,ENGINE WEB,アバルト500がEVに進化　エグゾースト・ノートを聞かせる新機構でエンジン車の刺激を再現,https://news.yahoo.co.jp/articles/43342dda4148bc960a496c4a242005af0b73a70e,11/1(水) 19:10
engine,ENGINE WEB,東京モーターショーあらためジャパン・モビリティ・ショー開催　すぐ先の未来の向こうに見えるものは？,https://news.yahoo.co.jp/articles/052a1505f868eb29fdc4b38de95e9bb1c44722c6,11/1(水) 17:10
engine,ENGINE WEB,「都会の足にふさわしい！」　後輪駆動になったピュアEV、ボルボXC40リチャージに試乗　これが本来のEVの使い方！！,https://news.yahoo.co.jp/articles/7462bb4da92c0516f190d355fd1acf4355937ab3,11/1(水) 7:10
engine,ENGINE WEB,「最高の内燃機関体験、そこに幸せあり！ by 渡辺敏史」　総合第3位はあのクルマ？　自動車評論家41人が選んだ「2023年いま買いたいクルマのランキング！」,https://news.yahoo.co.jp/articles/dfa589f7d49ad08f4d37cf7fe6ec9753ab541772,11/1(水) 6:10
engine,ENGINE WEB,アストン・マーティンもル・マンのトップ・カテゴリーに挑戦　2025年からヴァルキリーを投入,https://news.yahoo.co.jp/articles/f689daf717eb186bd602ae812446a6038fde3c9d,10/31(火) 17:10
engine,ENGINE WEB,新型ルノー・カングー特別仕様車の第1弾は商用車っぽさ全開のグレーのボディを持つ「ヴァリエテ」,https://news.yahoo.co.jp/articles/28f70bd573c07c04af8f8052e73bb94a0fffe136,10/31(火) 7:10
engine,ENGINE WEB,「買うなら今、いつカタログモデルから落ちてもおかしくない！ by 国沢光宏」　自然吸気フラット6＋ミドシップの最後の砦　総合第4位はあのクルマ？　自動車評論家41人が選んだ「2023年いま買いたいクルマのランキング！」,https://news.yahoo.co.jp/articles/0527be4e024585da913aa07491564f1ad4d9ba14,10/31(火) 6:10
engine,ENGINE WEB,マツダ2とCX-3が一部改良で商品アップ　ただし、CX-30に続いてCX-3もMTのラインナップを全廃,https://news.yahoo.co.jp/articles/6d99dc1399c7193c06e409c972fa32afbb2ddbb5,10/30(月) 17:10
engine,ENGINE WEB,国沢光宏の体験談！　こんな傷の支払いが45万円以上!?  ビッグモーターの不正で分かった自動車保険の黒の領域,https://news.yahoo.co.jp/articles/c17d2bb5aa8bf578529ec3c3c039ac6fa978a691,10/30(月) 8:10
engine,ENGINE WEB,苦手なバックもこれで安心　マイナーチェンジで後方の運転支援装置が進化した新型日産デイズがまもなくデビュー,https://news.yahoo.co.jp/articles/4f21ea8328196c28e11c904cb1e2b3f0ad5b87b4,10/30(月) 7:10
engine,ENGINE WEB,「みんな電子デバイスに頼らないピュアなスポーツカーを求めている！ by 大井貴之」　総合第5位はあのクルマ？　自動車評論家41人が選んだ「2023年いま買いたいクルマのランキング！」,https://news.yahoo.co.jp/articles/f8fa9b586f742847ee55101e4e27761f3eb8c689,10/30(月) 6:10
engine,ENGINE WEB,ベース・モデルより実質40万円以上お得なジープ・ラングラーの特別、「フリーダム」が登場,https://news.yahoo.co.jp/articles/6ce3bbb5b6be91f606cf9be10ba87d92d75d12bb,10/29(日) 17:10
engine,ENGINE WEB,武器はツルハシ1本！　たったひとりでナチスと戦う伝説の老兵が最高！！　ツッコミどころ満載のフィンランド発のアクション映画『SISU／シス不死身の男』が面白い！,https://news.yahoo.co.jp/articles/4c88dc822fb77b5a4ed912df951dff3743b0a3c1,10/29(日) 8:10
engine,ENGINE WEB,メルセデス・ベンツGLEがマイナーチェンジ　オフロードでの利便性をアップし、全車を電動化,https://news.yahoo.co.jp/articles/edd3d8de3c04479b8d996098cdff8444477497ec,10/29(日) 7:10
engine,ENGINE WEB,「このパワーで後2輪駆動　アクセルを踏み込むだけでドキドキする！ by 菰田潔」　総合第6位はあのクルマ？　自動車評論家41人が選んだ「2023年いま買いたいクルマのランキング！」,https://news.yahoo.co.jp/articles/73ad166b092cce8e5f972ef8155b39878b1e5013,10/29(日) 6:10
engine,ENGINE WEB,エアロ・キットをはじめ、トヨタ・クラウンスポーツ用のカスタマイズ・パーツがモデリスタから登場,https://news.yahoo.co.jp/articles/18b5a0bfaeadd686329e4fbbe9cedd9c9f39ab40,10/28(土) 17:10
engine,ENGINE WEB,「見た目はまるでロボコップ！」　こんなデザイン、日本車にはない　ヒョンデ・コナに韓国の公道で試乗！！,https://news.yahoo.co.jp/articles/37079dc8a4279e5ba2d53c135f4d3ae1152f3955,10/28(土) 8:10
engine,ENGINE WEB,ザ・ローリング・ストーンズ、18年ぶりの新作が凄すぎる！　なんとベースはポール・マッカートニー！！,https://news.yahoo.co.jp/articles/c3a14d8a4bda73ef850bd55ba67f8b1db0948168,10/28(土) 7:10
engine,ENGINE WEB,「日本の誇りの一台！ by 日下部保雄」　総合第7位は世界最速FFのあのクルマ？　自動車評論家41人が選んだ「2023年いま買いたいクルマのランキング！」,https://news.yahoo.co.jp/articles/f0c5a465a66721547bcbc85e25e5585f1ed53d38,10/28(土) 6:10
engine,ENGINE WEB,オジさんを夢中させる新ジャンルの乗り物！　ガダルカナル・タカさんにおしえてもらったカンナム・スパイダーに乗ってみました！,https://news.yahoo.co.jp/articles/f4f917c5d31d7a52454b8275c33a4e34f3479ef0,10/27(金) 19:10
engine,ENGINE WEB,車名の通り、電動化の先駆けとなるか？　北米市場を主眼に置いたホンダのEV、「プロローグ」がデビュー,https://news.yahoo.co.jp/articles/ae758f65ea333f12aede71944b05efd8e5c38ef8,10/27(金) 17:10
engine,ENGINE WEB,マツダの魂、ローター・エンジンが復活　「MX-30ロータリーEV」はRX-7の13Bよりここが新しい,https://news.yahoo.co.jp/articles/057c86269ac8661b30ce99c9957c9d5b3353df5b,10/27(金) 7:10
engine,ENGINE WEB,「いま逃したら、こんなクルマにはもう二度と出会えない！ by 島下泰久」　総合第8位は？　自動車評論家41人が選んだ「2023年いま買いたいクルマのランキング！」,https://news.yahoo.co.jp/articles/45c0570dbc24c1656e135e215ff56746532fc5ec,10/27(金) 6:10
engine,ENGINE WEB,トヨタ、スズキ、ダイハツ連合に1人で戦いを挑む　ホンダの軽商用EV、「N-VAN e:」が先行公開,https://news.yahoo.co.jp/articles/32eb7e6777bb83801460a5524199dfeb335ae575,10/26(木) 17:10
engine,ENGINE WEB,ランボルギーニ初のBEV、ランザドールもお披露目！　 完全復活したモントレー・カー・ウィーク,https://news.yahoo.co.jp/articles/63e74901e6c0268b9ae8ba19ff90e26c25c9c1a2,10/26(木) 7:10
engine,ENGINE WEB,「これほど内燃機関の喜びを全身で体感できるモデルはない！ by 武田公実」　総合第9位は？　自動車評論家41人が選んだ「2023年いま買いたいクルマのランキング！」,https://news.yahoo.co.jp/articles/75ba85c42e551e2feea170c9156ae82eed6e4106,10/26(木) 6:10
engine,ENGINE WEB,マイルド・ハイブリッドとは別物の力強さ！　アルファ・ロメオ・トナーレのプラグイン・ハイブリッドに試乗　電気を吐く大蛇！！,https://news.yahoo.co.jp/articles/ada2cd0be4ff681bf47d818995a58a2a5dfcbe9e,10/25(水) 17:10
engine,ENGINE WEB,3輪操舵の新感覚ドライビングマシン　ヤマハが3輪タイプのスポーツ・モデル、「トライセラ」をお披露目,https://news.yahoo.co.jp/articles/c648f4bb3b0df244817d856dca99cc30ddfa8cf9,10/25(水) 9:10
engine,ENGINE WEB,本日、日本で世界初公開！　BMWのSUVクーペ、新型X2がジャパン・モビリティショー2023でデビュー,https://news.yahoo.co.jp/articles/b08e5444bfd909cbdab9f55711fc9858393978e9,10/25(水) 7:10
engine,ENGINE WEB,待ってました！「あの極上ディーゼルが選べるようになった！ by 武田公実 」　総合第10位は？　自動車評論家41人が選んだ「2023年いま買いたいクルマのランキング！」,https://news.yahoo.co.jp/articles/81f4617e1707dc4e6b7e9f4cca0558ca4df4088a,10/25(水) 6:10
engine,ENGINE WEB,渡辺謙も出演！　渋谷の109？ほか未来のアジアが舞台の戦闘シーンはまるでAI版『地獄の黙示録』？　SF大作『ザ・クリエイター／創造者』のアクションが凄い！,https://news.yahoo.co.jp/articles/761cabacf78008a46b84ba1d62a65d17fad3b60f,10/24(火) 19:10
engine,ENGINE WEB,スズキが放つ世界戦略EVの第1弾となる「eVX」を日本初公開　精悍なデザインをSUVスタイルのEV,https://news.yahoo.co.jp/articles/f06e0db791ca47e125dd01868d07086cd7b1acaa,10/24(火) 17:10
engine,ENGINE WEB,あなたは何を創造する？　日産のEVコンセプト、「ハイパーパンク」はクリエイターのための動く創作部屋だ,https://news.yahoo.co.jp/articles/1c0cb615064ba436fa2efb05960fabe86a625622,10/24(火) 7:10
engine,ENGINE WEB,オジさんたちの期待に応えて「6段MTを設定する粋な計らい 」が嬉しい！　総合第11位は？　自動車評論家41人が選んだ「2023年いま買いたいクルマのランキング！」,https://news.yahoo.co.jp/articles/45c35d901f2fba9b6412001d35d5d3f760094f11,10/24(火) 6:10
engine,ENGINE WEB,ボディ剛性のアップからスマホによるデジタルキーまで、多種多様な改良を受けた新型レクサスLSが登場,https://news.yahoo.co.jp/articles/f7ff556b2e742143782ba61afc40fd73be89b7f8,10/23(月) 19:10
engine,ENGINE WEB,もしかしたら次期エルグランドの雛型か？　日産が次世代のEVミニバン・コンセプト、「ハイパーツアラー」,https://news.yahoo.co.jp/articles/17d50c690ca3a22122046dd224ca2c1c7295501b,10/23(月) 17:10
engine,ENGINE WEB,コレ、ちょっといいかも　ダイハツのバギー風オープン・スポーツ軽EVコンセプト、その名は「オサンポ」,https://news.yahoo.co.jp/articles/a4c41b0cdff00ad41206d91d7c67f282519ba0b8,10/23(月) 7:10
engine,ENGINE WEB,「還暦過ぎたら乗りたいクルマの筆頭がこれ！ 」　総合第12位は世界遺産級のあのクルマ　自動車評論家41人が選んだ「2023年いま買いたいクルマのランキング！」,https://news.yahoo.co.jp/articles/802ab463e241cd94bacc107694205ebcebd22aa2,10/23(月) 6:10
engine,ENGINE WEB,アロンソ選手が帰って来ない？！　アストン・マーティンDBX707に富士スピードウェイで乗ってわかった「その訳とは？」,https://news.yahoo.co.jp/articles/16f52664078d3092fe992ede98cac72f93a4357f,10/22(日) 19:10
