media_en,media_jp,title_articles,link_articles,date_original
kobenext,神戸新聞NEXT,近畿地方、やっと梅雨入り　平年より15日遅く　過去3番目の遅さ,https://news.yahoo.co.jp/articles/e3a209ce7aed0fe32a54b7914e94e7b77ad3e56d,6/21(金) 12:14
kobenext,神戸新聞NEXT,山口組と絆会を「特定抗争指定暴力団」に指定　神戸市が警戒区域に,https://news.yahoo.co.jp/articles/713ccbcf7620860ced4d0401736e42f8560c63a5,6/21(金) 11:29
kobenext,神戸新聞NEXT,北播磨最大級のアジサイ園、白や紫3千株が見頃に　併設カフェで期間限定スイーツも　兵庫,https://news.yahoo.co.jp/articles/a98c8a369a1b8aff6af196ab2877a6d206ee18de,6/21(金) 10:00
kobenext,神戸新聞NEXT,煮物を調理中、服に火が燃え移ったか　79歳女性が全治数カ月のやけど、消火した夫も負傷　姫路,https://news.yahoo.co.jp/articles/9c64b21db0e220193b0317002b7a963ac8fcf31e,6/21(金) 9:03
kobenext,神戸新聞NEXT,社長が時代劇を見てひらめいた、アース製薬「アースノーマット」　発売40年で国内シェア9割に、コロナ禍も影響,https://news.yahoo.co.jp/articles/b0240a661deb23eccf4e558ec47eb675a00ca381,6/21(金) 8:00
kobenext,神戸新聞NEXT,91歳女性暴行死、孫を傷害致死罪、長男を暴行罪で起訴　神戸地検姫路支部,https://news.yahoo.co.jp/articles/6ffef4f224d9a27a5c68916b72e97596b84bbacb,6/20(木) 22:30
kobenext,神戸新聞NEXT,路上で包丁所持、無職の男を逮捕　「男同士もめている」通報で駆け付け発見　神戸市兵庫区,https://news.yahoo.co.jp/articles/59ec41d64dc554ec225f5e520be5262d52e2a6c0,6/20(木) 22:30
kobenext,神戸新聞NEXT,斎藤知事、パワハラなど七つの疑惑を否定　批判文書問題巡り、公の場で初説明「指導は業務上必要な範囲」,https://news.yahoo.co.jp/articles/a855041fbec36fe94f2bd3d9c80a6df0164deb75,6/20(木) 22:01
kobenext,神戸新聞NEXT,市の土地建物100万円で売却、丹波市長の故意や過失なし　「金額低くて違法」住民の請求棄却、神戸地裁判決,https://news.yahoo.co.jp/articles/33ecc3fd2d5f06ab85767c9eddaa2bbb67a565db,6/20(木) 21:19
kobenext,神戸新聞NEXT,芦屋の84歳女性、900万円詐欺被害　警察官名乗る女「偽造紙幣が多発、確認させて」と電話、現金やカード渡す,https://news.yahoo.co.jp/articles/88c8029cb41d2103ddc22168815fe13d1d21284c,6/20(木) 20:19
kobenext,神戸新聞NEXT,路上で女性に抱きつき、逃走　西宮の27歳会社員を逮捕,https://news.yahoo.co.jp/articles/927777bd21135b72c69a0a71883f89a0efb740c3,6/20(木) 20:19
kobenext,神戸新聞NEXT,路上で下半身露出した疑い、14歳中学生逮捕　姫路,https://news.yahoo.co.jp/articles/38443684982c40e650835a5c3bd61a017e6a2dac,6/20(木) 19:55
kobenext,神戸新聞NEXT,2階建て民家から出火、1階ほぼ全焼　けが人なし　姫路,https://news.yahoo.co.jp/articles/fd03d08e2bd9d751a63322fefa2484af379c053a,6/20(木) 19:55
kobenext,神戸新聞NEXT,盗んだ自転車で移動、車上荒らしなど繰り返す　50歳男を送検　18件、計124万円被害裏付け,https://news.yahoo.co.jp/articles/78bffe884b11139b0c47d2a200320a11f1fe49de,6/20(木) 19:08
kobenext,神戸新聞NEXT,22歳男性を15～16歳の少年3人が暴行　連絡無視され「スパーリングした」　伊丹,https://news.yahoo.co.jp/articles/574928b403d9871d06e2875a81d0348ffeeb05e5,6/20(木) 18:59
kobenext,神戸新聞NEXT,消防車16台が出動、神戸のマンション駐輪場から出火　ミニバイク1台が全焼,https://news.yahoo.co.jp/articles/9d7f33751e5e5b75f23b1e413b0422dbd23687a6,6/20(木) 18:45
kobenext,神戸新聞NEXT,基準値5倍のアルコール　車運転の49歳女、追突事故で発覚　未明に飲酒「かなり残ってる状態」 兵庫県警高速隊が逮捕,https://news.yahoo.co.jp/articles/e5a6f9aea81aa2b6d84f01e8eadb81a27b409736,6/20(木) 18:19
kobenext,神戸新聞NEXT,麦わら帽子の社員らがコツコツ育てたマリーゴールド　オレンジの花畑が見頃に　加古川のハリマ化成近く,https://news.yahoo.co.jp/articles/192c1ccbf36da47a30d5129938fd2fcfced82fcc,6/20(木) 17:45
kobenext,神戸新聞NEXT,運転手が降りた隙、タクシー盗み走り去る　乗客の20歳男逮捕　「知らん」と容疑否認　尼崎,https://news.yahoo.co.jp/articles/d02ed7f4acfe8e1387cda82b12e420fd91cc0734,6/20(木) 13:33
kobenext,神戸新聞NEXT,宝塚宙組公演、9カ月ぶり再開　劇団員急死で中止　ファン「素直に感動していいのだろうか」,https://news.yahoo.co.jp/articles/0ad50fbef2dc84e968c0746eaad370ef9dc20229,6/20(木) 13:12
kobenext,神戸新聞NEXT,「結婚したい」「将来の資金に」…仮想通貨投資勧められ　会社員女性、SNSで3905万円詐欺被害,https://news.yahoo.co.jp/articles/d0fef2f11a5577795771d55e1d73311b2fe6f497,6/20(木) 10:50
kobenext,神戸新聞NEXT,兵庫県歯科医師会部長の男を酒気帯び運転疑いで逮捕　単車で自転車女性と接触、軽傷負わせる　神戸,https://news.yahoo.co.jp/articles/07d0ab2ba7494636f2bd3e29f738626a96dfff8c,6/20(木) 9:50
kobenext,神戸新聞NEXT,「ポケモンカード」転売断った後輩社員を脅迫　「1億円用意しろ」「しばくぞ殺すぞ」　35歳男を容疑で逮捕,https://news.yahoo.co.jp/articles/98cb99d385993f8cac9100dc66e2830f0997cf0a,6/20(木) 9:25
kobenext,神戸新聞NEXT,姫路の路上で放置自転車を持ち去った疑い　40歳男を逮捕「仕事や移動に使うため」,https://news.yahoo.co.jp/articles/86835ed018b0f1b812b92cb1a9e0f4684d26cf25,6/20(木) 8:25
kobenext,神戸新聞NEXT,架空の投資話で新幹線回数券117冊を知人からだまし取る　詐欺容疑で58歳の男を逮捕　神戸北署,https://news.yahoo.co.jp/articles/9ae21ca020b3aee82f7ec3b6afd64e45a750d9cb,6/19(水) 22:42
kobenext,神戸新聞NEXT,「何らかの詐欺とわかってた」振り込まれた金を自分の別口座に　58歳の男、容疑で逮捕　兵庫・東灘署,https://news.yahoo.co.jp/articles/63e9469f20c49dcd0547e571f3bcabeb58f19cc6,6/19(水) 22:42
kobenext,神戸新聞NEXT,パトカーに飛び乗りフェンダー壊す　22歳男「覚えていない」、公務執行妨害疑い　須磨署,https://news.yahoo.co.jp/articles/e2abd5465cd3c5c7be907dea88007e311d4920c2,6/19(水) 20:55
kobenext,神戸新聞NEXT,JR神戸線須磨海浜公園駅の人身事故　死亡は85歳の男性　身元が判明,https://news.yahoo.co.jp/articles/b585d248962297ed800350f4594548508475a7ae,6/19(水) 20:46
kobenext,神戸新聞NEXT,甲南大生の自殺、上級生2人による名誉棄損認める　神戸地裁が慰謝料命令　自死との関係は認めず,https://news.yahoo.co.jp/articles/3c35bc62fbed4dd4e9463d9d7a26a41cfe5027d5,6/19(水) 20:42
kobenext,神戸新聞NEXT,「元部下の女性を引き寄せ左胸に手が当たった」　65歳男に不同意わいせつ疑い　神戸の駐車場,https://news.yahoo.co.jp/articles/e77bcb64ad69aaa603e20bec5e128366833fb48c,6/19(水) 20:32
kobenext,神戸新聞NEXT,不正軽油を製造容疑　神戸の石油販売会社社長ら男6人を逮捕,https://news.yahoo.co.jp/articles/7e8ef206296043eedef4ec0b1ab07471c6f0fc98,6/19(水) 20:21
kobenext,神戸新聞NEXT,両替した小銭を運賃箱に全額投入、バス運転手に暴行　58歳消防司令を減給　兵庫・明石,https://news.yahoo.co.jp/articles/487c53339ff420782006d40cc0fe4d489178ca1f,6/19(水) 18:54
kobenext,神戸新聞NEXT,ふるさと納税返礼品、おせち558個廃棄　650万円相当、大量注文して余る　兵庫・洲本市議会で調査,https://news.yahoo.co.jp/articles/2a23234559b37746cad8a87548893c9cfd2e3489,6/19(水) 17:55
kobenext,神戸新聞NEXT,神戸・中央市民病院で医療事故　80代男性患者の大腸がん治療を1年間怠る,https://news.yahoo.co.jp/articles/6d5d3b222db5e3403e961c649735fbd520ff7a68,6/19(水) 16:28
kobenext,神戸新聞NEXT,スーパー各社　ワインに注力　「選ぶ楽しみ」提供　国内消費拡大を背景に　ソムリエに聞いたポイント,https://news.yahoo.co.jp/articles/a7d3b1790512870d350bf823311d9134f19bfad8,6/19(水) 15:45
kobenext,神戸新聞NEXT,神戸市垂水区の自宅で大麻草栽培疑い　照明器具など押収　いとこ同士の男2人を逮捕、送検,https://news.yahoo.co.jp/articles/56ab993bda847f94ed8873caf97ccc49617e76bf,6/19(水) 12:23
kobenext,神戸新聞NEXT,レストランバー「ノミーナ」6月で閉店　震災、コロナ禍越え30年超　神戸名店百選「お客さんと成長」,https://news.yahoo.co.jp/articles/aa4000c48b935fe19966bf9b2f2ef7be134e16e9,6/19(水) 11:00
kobenext,神戸新聞NEXT,原材料名欄にスマホかざすと…食品添加物が一目瞭然　アレルギー克服した高校生、アプリ開発へ　ネットで資金募る,https://news.yahoo.co.jp/articles/986420173f4d8a165f01aec17a3e6787f5da2505,6/19(水) 10:00
kobenext,神戸新聞NEXT,姫路ゆかたまつりのパレード、混雑回避で1時間前倒し　22、23日開催　姫路駅北側で交通規制も,https://news.yahoo.co.jp/articles/ebb325c2a62a2b5a598e8eb397942ed9d0844fa2,6/19(水) 9:30
kobenext,神戸新聞NEXT,涼感じる「つりしのぶ」出荷が本格化　作り手は全国に2軒　兵庫・宝塚,https://news.yahoo.co.jp/articles/628565addf76a73843be895bd2ea37d8c929d6f6,6/19(水) 8:30
kobenext,神戸新聞NEXT,所持金11円で…岡山から神戸・三宮までタクシー無賃乗車、運賃5万円踏み倒す　63歳男を逮捕,https://news.yahoo.co.jp/articles/29247ed576e4f8621e6ad9bfb2e6382b606778d7,6/19(水) 8:22
kobenext,神戸新聞NEXT,JR須磨海浜公園駅で男性が電車にはねられ死亡　神戸、京都、琵琶湖線で一時運転見合わせ　8万人に影響,https://news.yahoo.co.jp/articles/2aa63924244a7fea3d193869bca461a012e6fe10,6/19(水) 7:48
kobenext,神戸新聞NEXT,宝塚歌劇団を脅迫疑い、30代男を書類送検　俳優の女性急死「自分の職場と重なる」　兵庫県警,https://news.yahoo.co.jp/articles/251acfc76ee71794d84477b100dcf0c8c4c9848a,6/19(水) 7:00
kobenext,神戸新聞NEXT,ミニバイクと車が衝突、39歳男性が転倒しけが　車は逃走　神戸・灘,https://news.yahoo.co.jp/articles/b8b7fac36ea996589e3a68035e180acd85207f50,6/18(火) 23:39
kobenext,神戸新聞NEXT,バイクと車が衝突、男性が意識不明　兵庫・尼崎　容疑で車運転の42歳会社員逮捕,https://news.yahoo.co.jp/articles/62d18a8548ac9ab47b2b7ab5a0ed9388e50e860a,6/18(火) 21:46
kobenext,神戸新聞NEXT,猫に驚いて道路脇に転落した自転車の男性　中学生4人が救助,https://news.yahoo.co.jp/articles/80ff86a9a819a719dacc73fc84aecdb38f74638e,6/18(火) 21:12
kobenext,神戸新聞NEXT,リベンジポルノ投稿「間違いない」　34歳会社員が容疑認める　知人女性がネット上で発見　相生,https://news.yahoo.co.jp/articles/4280ffcaed9ec16b470948bc5561b63032062b62,6/18(火) 20:29
kobenext,神戸新聞NEXT,年金受給者489人に納税通知書を誤送付　兵庫県三田市、市民税や森林環境税など　5月にも固定資産税など誤徴収のミス,https://news.yahoo.co.jp/articles/45b447d76a896d905659485fb34b9fa81d9e84f9,6/18(火) 20:20
kobenext,神戸新聞NEXT,加害者が親族「犯罪被害者給付金の減額は違法」　神戸地裁に提訴　伯父が放火、小学生兄弟殺害,https://news.yahoo.co.jp/articles/d54c62bae2ca005923927047e255619ee8afca76,6/18(火) 20:13
kobenext,神戸新聞NEXT,指定薬物「HHC」を所持、配送業の29歳男を逮捕　兵庫のドラッグ販売店経営　麻薬取締部が逮捕,https://news.yahoo.co.jp/articles/0afcd98b7e3b56e1985b48ef7bb1f617abf42a9c,6/18(火) 20:11
kobenext,神戸新聞NEXT,「飲酒運転した」と110番、でも呼気検査は拒否　65歳男が車で発進やバック繰り返す　兵庫,https://news.yahoo.co.jp/articles/a6134c03fa018718bc7568e529da024a5b6cf737,6/18(火) 18:07
kobenext,神戸新聞NEXT,21歳無職の男、79歳女性から100万円詐取疑い　「おい」かたり「仕事に必要」　兵庫県警が逮捕,https://news.yahoo.co.jp/articles/05aa6ef297e95f3487e114c8931056ca52bcb3da,6/18(火) 17:42
kobenext,神戸新聞NEXT,深夜の民家に侵入し窃盗疑い34歳会社員逮捕　兵庫・尼崎の27歳男性が物音に気付く　3万9千円被害,https://news.yahoo.co.jp/articles/8ebdf91f45cad366f942a70429c84fa35540f111,6/18(火) 17:40
kobenext,神戸新聞NEXT,窃盗や特殊詐欺の疑い6回目逮捕　新宿の44歳無職男　女性からキャッシュカード盗み現金盗む　兵庫県警,https://news.yahoo.co.jp/articles/a3e773bf5a2e2f61a90ea08f6db62375f2ad56a7,6/18(火) 17:32
kobenext,神戸新聞NEXT,交際相手の体にナイフで自分の名を刻む　「俺のもんと分かるよう」計4カ所　男子高校生を容疑で逮捕　兵庫・尼崎,https://news.yahoo.co.jp/articles/31edea148b2b083d0e6c4661dc28d4293da064f6,6/18(火) 17:16
kobenext,神戸新聞NEXT,新水族館オープンの神戸・須磨海岸、プールの青くっきり　空から眺めると光景一変,https://news.yahoo.co.jp/articles/6ccbcd9478ef908ef8e1504a79346f7ee96791e8,6/18(火) 16:30
kobenext,神戸新聞NEXT,センバツ準V報徳、春県王者の社　初戦組み合わせ決まる　高校野球兵庫大会・抽選会,https://news.yahoo.co.jp/articles/0ad12d5e3357f49a1e807fad4b4ab955419c2af1,6/18(火) 14:25
kobenext,神戸新聞NEXT,朝のラッシュ直撃、雨雲は兵庫から東へ　注意報解除、始発から運休のJR線も再開,https://news.yahoo.co.jp/articles/479d348ceeedf0cf926bc3693093d448bae980a5,6/18(火) 11:50
kobenext,神戸新聞NEXT,ムクドリ撃退作戦再び　高周波音発生装置を設置　JR加古川駅南の商店街　市、11月末まで実証実験,https://news.yahoo.co.jp/articles/7efcb7a5eb2d46736bb1f368bd3864a9179c6c7a,6/18(火) 11:00
kobenext,神戸新聞NEXT,電柱折れて県道が通行止めに　衝突事故か　伊丹,https://news.yahoo.co.jp/articles/42ff5d777d3bad8e9dbe37500e40bbc0f3a47677,6/18(火) 10:52
kobenext,神戸新聞NEXT,陸自隊員が無免許運転で停職6日　42歳の1等陸尉「更新忘れていた」　千僧駐屯地,https://news.yahoo.co.jp/articles/e2ed2a94e4626cc2775400723901c0c5fb86a500,6/18(火) 10:30
kobenext,神戸新聞NEXT,JR加古川線、運転再開　始発から運休の西脇市－谷川,https://news.yahoo.co.jp/articles/1ffca2391c9b7a5fec9e3a2abc9eecbfcb815ff1,6/18(火) 10:30
kobenext,神戸新聞NEXT,尼崎の路上、85歳男性がかばん奪われる　男は車の助手席に乗り込み逃走,https://news.yahoo.co.jp/articles/0fab10eb3a0dde061a7cb03969f45fbdd264e09e,6/18(火) 10:25
kobenext,神戸新聞NEXT,女子高生のスカート内にスマホ　尼崎の46歳男逮捕「覚えてない」と否認,https://news.yahoo.co.jp/articles/65e6aa99c3e1566073e7d5adc7bfc680d1e5bafa,6/18(火) 10:25
kobenext,神戸新聞NEXT,詐欺の「受け子」疑いで逮捕　21歳男「黙秘します」　尼崎の高齢女性からカード盗む,https://news.yahoo.co.jp/articles/a30f066d1ba19264b32b2ec2b9175b28b9ce70bc,6/18(火) 10:25
kobenext,神戸新聞NEXT,87歳男性が170万円詐欺被害　「財務局」かたる女にカード6枚取られる　宝塚,https://news.yahoo.co.jp/articles/4a91af2705f7a2dfaac70ca4b4956dcb05900ebc,6/18(火) 10:25
kobenext,神戸新聞NEXT,光源氏のモデル、尼崎にゆかり　平安時代の左大臣・源融　琴浦神社に邸宅描いた絵図　海水運び塩作りか,https://news.yahoo.co.jp/articles/6c912118cbe754401190c2361726d2abc61dbf76,6/18(火) 10:00
kobenext,神戸新聞NEXT,「スリップした」第二神明で3時間通行止め　大型トレーラー車線ふさぐ　神戸,https://news.yahoo.co.jp/articles/d17168bc6267417ffe5f76f5bd17dc1b4a279d54,6/18(火) 8:49
kobenext,神戸新聞NEXT,車運転の男、職務質問され逃走→妻から事情聴き無免許運転が判明、逮捕,https://news.yahoo.co.jp/articles/6cde94816b967665238c4de4957114ef0d75d247,6/17(月) 23:15
kobenext,神戸新聞NEXT,姫路城の入城料、外国人の値上げ検討　数倍程度、市長が示唆　市民は値下げ? 実現は不透明,https://news.yahoo.co.jp/articles/56f013da6b3baf84216b40e87f9520646a5ea5c3,6/17(月) 22:57
kobenext,神戸新聞NEXT,携帯電話が不正に契約「口座調べるのでお金振り込んで」65歳女性、2000万円詐欺被害　兵庫・姫路,https://news.yahoo.co.jp/articles/1267912faa588bad8e68ed65b46eac76a4b853a9,6/17(月) 22:20
kobenext,神戸新聞NEXT,サイト利用料の納付名目、265万円だましとられる　65歳男性、返金制度で8割返ってくると言われ振り込む,https://news.yahoo.co.jp/articles/b023f4f356bd254773464cc0319dad808fc142b4,6/17(月) 21:49
kobenext,神戸新聞NEXT,コカイン所持容疑、逮捕者は計7人に　神戸の大学生6人、21歳の男,https://news.yahoo.co.jp/articles/94b7f75b47ae442925998c2d03e4816854691923,6/17(月) 20:29
kobenext,神戸新聞NEXT,兵庫・西脇の飲食店で食中毒、3日間の営業停止　弁当食べた16人に症状,https://news.yahoo.co.jp/articles/a648bfd8f9181232c9297bcd3e6f684a74e2b6ee,6/17(月) 19:53
kobenext,神戸新聞NEXT,JR加古川線の西脇市－谷川間、18日始発から運転取りやめ　他の区間でも取りやめの可能性　大雨見込みで,https://news.yahoo.co.jp/articles/10237a058d3d676c624798a22c224b871f1d42bf,6/17(月) 19:50
kobenext,神戸新聞NEXT,高校野球兵庫大会、18日に組み合わせ抽選　152チーム、4回戦までのカード決定,https://news.yahoo.co.jp/articles/931f87bd6d10baa2d07d8827e99fba5b13c6dfd1,6/17(月) 19:37
kobenext,神戸新聞NEXT,「鑑真号」新造船、神戸に初入港　日中結ぶフェリー、客室ゆったり48時間の旅　旅客輸送は9月再開の見通し,https://news.yahoo.co.jp/articles/07b8249070b45479281e806fd6f05f7f829089ff,6/17(月) 19:00
kobenext,神戸新聞NEXT,6色千本の風車、涼しげにクルクル　兵庫県、新温泉町の宇都野神社,https://news.yahoo.co.jp/articles/5fbec1f90eb4203010a22025589f3f0edb254b55,6/17(月) 18:20
kobenext,神戸新聞NEXT,無許可でガールズバー、神戸で営業　35歳の男を容疑で逮捕「接待営業していることは知らなかった」,https://news.yahoo.co.jp/articles/3e2f480b3f7ae616a59e8cb393738cfd861e4439,6/17(月) 18:07
kobenext,神戸新聞NEXT,尼崎のコンビニ窃盗容疑で誤認逮捕　パート従業員の女性が国や兵庫県など提訴「現在もフラッシュバック」,https://news.yahoo.co.jp/articles/ff5b12bb8b97b41754180e08f93469d8027060fa,6/17(月) 15:30
kobenext,神戸新聞NEXT,病院送迎中のワゴン車と軽貨物車が衝突　利用者の80代男女3人が軽傷　神戸・須磨,https://news.yahoo.co.jp/articles/b29d452bafa3507ff9b34697300b628b3aa5fe9c,6/17(月) 13:42
kobenext,神戸新聞NEXT,JR西、18日に遅れや取りやめの可能性　大雨見込みで京阪神全域　通勤通学に影響も,https://news.yahoo.co.jp/articles/2347d24441f229535166acc42db2de8c0134fa0a,6/17(月) 12:42
kobenext,神戸新聞NEXT,猿回し引退後の猿、「老猿施設」で余生を　神戸のモンキーズ劇場運営会社社長、福岡に施設を建てた思い語る,https://news.yahoo.co.jp/articles/52d324f80699de31b00c9cb727b45e73e8dad439,6/17(月) 11:30
kobenext,神戸新聞NEXT,深夜の駐車場で軽乗用車から出火、全焼　神戸・長田の集合住宅,https://news.yahoo.co.jp/articles/940c555b701b4df5592c8fecac5b0a8c54efe65d,6/17(月) 10:42
kobenext,神戸新聞NEXT,マンションの一室から出火　寝室や廊下など30平方メートル焼く　神戸・西区,https://news.yahoo.co.jp/articles/3174b3cde9e7d457bc79dd0c327895fb77827f90,6/17(月) 10:09
kobenext,神戸新聞NEXT,集合住宅1階の庭から女性用下着盗んだ疑い　近隣住民が目撃し通報　51歳の男逮捕　姫路,https://news.yahoo.co.jp/articles/c598b0dc67ce14e60bd5ce1a856a81a0e8881b3b,6/17(月) 9:16
kobenext,神戸新聞NEXT,ピンクに染まる夏の味覚、早生桃が収穫期　兵庫県川西市 加茂地区などの特産,https://news.yahoo.co.jp/articles/11b70537e131eadb9d950290615cb27711ba2342,6/17(月) 9:00
kobenext,神戸新聞NEXT,尼崎でひったくり、８７歳女性が被害　自転車の男に手提げかばん奪われる,https://news.yahoo.co.jp/articles/fd765c9d33afc46bb974bb2a4b6af3759090e24e,6/16(日) 22:49
kobenext,神戸新聞NEXT,91歳女性をひき逃げした疑い、72歳自営業の男逮捕　「人間だとは思わなかった」容疑否認　兵庫・姫路,https://news.yahoo.co.jp/articles/505924ec4d1582f007b4f64ab7d544eb1ce19a8c,6/16(日) 22:49
kobenext,神戸新聞NEXT,「バリアFree」と西宮署のスロープに落書きした疑い　65歳無職男逮捕「段差が気に入らず赤いペンで訴えた」,https://news.yahoo.co.jp/articles/0966d7bb4d313863c1d8dd9a1b0b8a464793afd5,6/16(日) 22:26
kobenext,神戸新聞NEXT,インターハイ近畿地区予選　陸上女子3000ｍ　須磨学園2年、池野が初優勝　女子七種競技、園田の本多が兵庫高校新で制す,https://news.yahoo.co.jp/articles/52b09a7e672a3c2ca88b7ceba68f324c31428655,6/16(日) 21:04
kobenext,神戸新聞NEXT,姫路城や熊本城など文化財の災害テーマに意見交換　100カ国参加の防災関連国際会議、開幕前プレイベントでシンポ　姫路,https://news.yahoo.co.jp/articles/bc09df3819885827bc7eb8fa048b587e43f63433,6/16(日) 20:04
kobenext,神戸新聞NEXT,はかない光の点滅、寄せては返す波のよう　ヒメボタル、兵庫県多可町の神社で乱舞,https://news.yahoo.co.jp/articles/339852ba8c55496238a780b435d983e389e84f83,6/16(日) 19:01
kobenext,神戸新聞NEXT,武藤が決勝弾　ヴィッセル神戸、川崎に1-0で勝利　リーグ戦4試合ぶり白星,https://news.yahoo.co.jp/articles/c6dd709566d7a28a494ba6439d01f7e0acdf23b0,6/16(日) 16:19
kobenext,神戸新聞NEXT,電柱が倒れ作業員が死亡　長さ10メートル、撤去作業中　突然根元から倒れ転落　兵庫,https://news.yahoo.co.jp/articles/5cf0f663562ff75beca1e4252adc239ddfeb7912,6/16(日) 14:15
kobenext,神戸新聞NEXT,ゲンジボタル求愛の舞　無数の淡い光、川辺に明滅　保護条例で産卵の環境守る　兵庫・佐用,https://news.yahoo.co.jp/articles/a32d89ab0c36f464cda3a7531ca7e5355d581d8e,6/16(日) 11:30
kobenext,神戸新聞NEXT,「クレームに対応するだけで収入になる」　69歳男性が3500万円詐欺被害　クレーム多く中断申し出る,https://news.yahoo.co.jp/articles/ca7511169be4dde9711991833a03eeed3a4d3d4f,6/16(日) 11:18
kobenext,神戸新聞NEXT,「千円しかないがシャンパン空けた」　38歳の無職男が10万円無銭飲食疑い　神戸,https://news.yahoo.co.jp/articles/7650f0bfe8cb5eb291e54354808371b73704987f,6/16(日) 11:00
kobenext,神戸新聞NEXT,仕掛け人はゲーム好き「楽しく過ごせる」eスポーツ施設　明るい雰囲気で一緒に対戦、部活の地域移行の場にも,https://news.yahoo.co.jp/articles/2bdb207b91959338db990bfc3de16e84f6af94b1,6/16(日) 10:30
kobenext,神戸新聞NEXT,91歳女性、頭から血を流し死亡　交差点、近隣住民「ドンという音」　ひき逃げか　兵庫・姫路,https://news.yahoo.co.jp/articles/1d313f6307bbd3d6eb72d456b0917b1648f679ce,6/16(日) 9:06
kobenext,神戸新聞NEXT,本堂と競演、梅雨待つアジサイ鮮やか  兵庫・川西の頼光寺,https://news.yahoo.co.jp/articles/0bc6d16ce8f6ce7e592bc2f7ffe7c9c23a0a660f,6/16(日) 8:30
kobenext,神戸新聞NEXT,「バリアFree」?「ゼブラ」?　西宮署や付近の路上に謎の落書き　最大1m、意味は不明,https://news.yahoo.co.jp/articles/45c196e81bd9ea0c9a86060953ad4f6a7eb2f47e,6/15(土) 15:18
kobenext,神戸新聞NEXT,知人女性の裸の画像「拡散して」と複数回投稿　リベンジポルノ容疑、浜松の男を逮捕　兵庫県警,https://news.yahoo.co.jp/articles/ed4b95a81e3e4aea110d0993ed7c11b30847558e,6/15(土) 14:50
kobenext,神戸新聞NEXT,神戸・北野のステーキハウスでぼや　スタッフが炭を焼き準備中、排気ダクトの一部焼ける,https://news.yahoo.co.jp/articles/925cdd6113fbf5405faf3ea4d4b85285e5d9a5c7,6/15(土) 12:45
kobenext,神戸新聞NEXT,ユーミンに学んだ「チャレンジ精神」　異色の盆栽師が語るBONSAI入門,https://news.yahoo.co.jp/articles/6e2799fd3bc7c12ee57fb0e79041d4df5f7df6ea,6/15(土) 11:00
kobenext,神戸新聞NEXT,ふらふら歩く40代男性、車道に転倒→女性2人が急いで救助　「放置すれば、重大な事故」兵庫県警南但馬署が表彰,https://news.yahoo.co.jp/articles/14de296cc4fb8f90072255d129df1533f782d2db,6/15(土) 10:00
kobenext,神戸新聞NEXT,ドリフト騒音で「眠れない」 110番絶えず　神戸、夜の人工島　危険運転横行、異例の逮捕者も,https://news.yahoo.co.jp/articles/9f99d0b5d33b90610b1c6ce3692a9c2727d8e9b5,6/15(土) 9:00
kobenext,神戸新聞NEXT,JR京都線の2日連続トラブル、原因判明　指令員が勘違いも　神戸線含め影響計22万人　JR西日本が陳謝,https://news.yahoo.co.jp/articles/1bd10aa71ccf834ce692abaccaf6258107c2a9e1,6/15(土) 7:30
kobenext,神戸新聞NEXT,野焼き燃え広がり、100平方メートル焼く　小野の田んぼ,https://news.yahoo.co.jp/articles/c0289bcebae70b1abc1d5523197eb5a122fe183d,6/14(金) 23:24
kobenext,神戸新聞NEXT,児相保護の連れ子連れ去り　読売社員の男と妻に懲役2年求刑　神戸地裁,https://news.yahoo.co.jp/articles/ae7a114b6de010d1f10d58a5570573a26e4359af,6/14(金) 21:15
kobenext,神戸新聞NEXT,フォークリフトの下敷き、50代男性死亡　操作ミスで転落か　佐用の養鶏場,https://news.yahoo.co.jp/articles/dd7dab88be91e3fffc3f073d9a3faa6d13085f4a,6/14(金) 21:10
kobenext,神戸新聞NEXT,だまし取った1億8500万円隠した疑い　名古屋の親子ら男3人逮捕　親族に預ける　兵庫県警,https://news.yahoo.co.jp/articles/98014bc4ca865c868520fead19d209eb766bca71,6/14(金) 21:05
kobenext,神戸新聞NEXT,80歳女性が6500万円詐欺被害　警察官ら名乗る電話「薬物売買の収益が入金された」　洲本,https://news.yahoo.co.jp/articles/bd6f078e3e9b029fc72c94a5a4587b4d988b602c,6/14(金) 21:02
kobenext,神戸新聞NEXT,酔ってコンビニ駐車場で全裸に　付近に衣服散らばる　容疑で尼崎の51歳男逮捕,https://news.yahoo.co.jp/articles/e57abfe945a4f23c19b68087cfc3cb1d4a7c018c,6/14(金) 20:20
kobenext,神戸新聞NEXT,2090万円だまし取られる、神戸の64歳女性　スマホゲーム中に投資広告タップ,https://news.yahoo.co.jp/articles/53aa3a37363f0a2d48982d87f4aa5e10c7795c64,6/14(金) 20:20
kobenext,神戸新聞NEXT,数万円相当の化粧品万引、神大の女性職員が停職1カ月,https://news.yahoo.co.jp/articles/f3ff9738df9e55cf4b0dbce78ecac3065e1300d2,6/14(金) 20:01
kobenext,神戸新聞NEXT,介護保険料を過少に算定　15人から追加徴収へ、最大10万円超　芦屋,https://news.yahoo.co.jp/articles/4fd91f1a0229538526ed837e970771963a79a423,6/14(金) 18:06
kobenext,神戸新聞NEXT,神戸・ポーアイ、公衆トイレで不審火相次ぐ　5月以降に公園や駅内、同一犯か,https://news.yahoo.co.jp/articles/8b3556a7fd8df285ace1c685ce413137f26dc813,6/14(金) 17:54
kobenext,神戸新聞NEXT,ゴルフ日本女子アマ　滝川第二高の鳥居が初V,https://news.yahoo.co.jp/articles/94ee968b402932939bd41a05c47e03685fce01ed,6/14(金) 16:10
kobenext,神戸新聞NEXT,街路樹から白煙、神戸・垂水のバス停そば　周囲に吸い殻、不審火か,https://news.yahoo.co.jp/articles/1cebdd8b73904fdb41f17e59ef075e2af603c8f5,6/14(金) 15:50
kobenext,神戸新聞NEXT,播州信金理事長に和田高広専務　27年ぶりトップ交代、父長平氏は会長に　兵庫の信金で預金量2位,https://news.yahoo.co.jp/articles/621881faa453dce79552571636c524a530356226,6/14(金) 11:26
kobenext,神戸新聞NEXT,アジサイ20種3000株、巡礼道しっとりと　小野・浄土寺、6月中旬から見頃に,https://news.yahoo.co.jp/articles/4a2ceb0e34248a80fece1c1bae07b7e7d7de7048,6/14(金) 11:00
kobenext,神戸新聞NEXT,阪急阪神HDの角会長、来年にも退任の意向示唆　株主総会で歌劇団員急死を謝罪,https://news.yahoo.co.jp/articles/d64d415c4dc75effff0910f6c6ebf80c96ab02b8,6/14(金) 10:27
kobenext,神戸新聞NEXT,「無差別殺人をします」兵庫大学に予告メール　HP上から2回送信疑い、神戸の大学生を逮捕,https://news.yahoo.co.jp/articles/7f96ec85f3957000e9e346ff5a8e25f0cea61673,6/14(金) 10:20
kobenext,神戸新聞NEXT,「おい、殺すぞ」損保会社オペレーターに怒号　事故の担当者に代わるよう執拗に要求、47歳男を逮捕,https://news.yahoo.co.jp/articles/eb021dcebbd88f7f147a00df68dc672d34790300,6/14(金) 10:00
kobenext,神戸新聞NEXT,48歳男性、急発進の車に14ｍ引きずられる　車でトラブル、追走した高齢男性に?　神戸,https://news.yahoo.co.jp/articles/13f7b31366a3deab3a4fac4697f47a37f9abc0fb,6/14(金) 10:00
kobenext,神戸新聞NEXT,中国伝統の「変面」、神戸の中学生が一目ぼれ　門外不出の技…師匠探し出し、初の日本大会へ,https://news.yahoo.co.jp/articles/a37b5e8a467e4011028051d26d77095e6bfc3cea,6/14(金) 9:00
kobenext,神戸新聞NEXT,三田署で勾留中の52歳男が死亡　13日夜、息をせず呼び掛けにも無反応で119番,https://news.yahoo.co.jp/articles/5080b40a507f701b5912515d8ad175ddaf8ad51d,6/14(金) 8:50
kobenext,神戸新聞NEXT,会社役員宅に侵入、7万6千円盗んだ疑い　「無施錠のところ探した」60歳男を逮捕　たつの署,https://news.yahoo.co.jp/articles/21a4cece46cbbab575ee1380dede374b9f2b00c1,6/14(金) 8:50
kobenext,神戸新聞NEXT,マッチングアプリで知り合った相手が…ビットコイン投資名目、31歳男性が260万円詐欺被害,https://news.yahoo.co.jp/articles/b0faefdf1ca8613c4220bfa9aa33fa999f2a064d,6/14(金) 8:50
kobenext,神戸新聞NEXT,SNS投資詐欺、71歳男性が1820万円詐欺被害　中国人かたる女からFX勧められ,https://news.yahoo.co.jp/articles/a3ee915c03e1128dc668eb63dd24b8f636d0d9d3,6/14(金) 8:50
kobenext,神戸新聞NEXT,インターハイ近畿予選開幕　陸上男子400m、滝川第二・久保が大会新V,https://news.yahoo.co.jp/articles/dfbc07f29000a327b42b48f6807d2053c2077d0f,6/13(木) 21:06
kobenext,神戸新聞NEXT,バスケB2神戸、新監督にクルニッチ氏　ドイツリーグでヘッドコーチ経験,https://news.yahoo.co.jp/articles/04eb4582fe8ae3f8ada53a288f027ee39964087d,6/13(木) 21:06
kobenext,神戸新聞NEXT,山口組と絆会「特定抗争指定暴力団」に指定　兵庫県公安委、神戸市全域を「警戒区域」に,https://news.yahoo.co.jp/articles/b095481cb5e25ce4a8d1c23e24751f6f6e30bf82,6/13(木) 21:02
kobenext,神戸新聞NEXT,夕暮れに染まる棚田　シーズン限定の幻想風景　写真愛好家ら「残したい」　淡路,https://news.yahoo.co.jp/articles/e4646f549cc4276807119ea552bf1be5cfb98249,6/13(木) 21:02
kobenext,神戸新聞NEXT,丹波市職員、公用車を運転中に赤信号無視で事故起こす,https://news.yahoo.co.jp/articles/e49a857aef1294803de505232091c6b06bc340ae,6/13(木) 19:55
kobenext,神戸新聞NEXT,東海道・山陽新幹線「ドクターイエロー」引退へ　東海は来年1月、西日本は27年以降,https://news.yahoo.co.jp/articles/a7a50cf98b799cef79f69e9af067c7ec2f396c9c,6/13(木) 19:51
kobenext,神戸新聞NEXT,生まれ変わった神戸ポートタワー、入場者が10万人突破　リニューアルオープンから49日目,https://news.yahoo.co.jp/articles/4878343dcf438d2c9fd7d50d49f572d3445f738b,6/13(木) 19:49
kobenext,神戸新聞NEXT,姫路バイパスで車5台とバイク1台が絡む事故、9人けが　渋滞の車列にトラックが追突か,https://news.yahoo.co.jp/articles/08a38a97615d9464b88cab4f37361b58ba24be17,6/13(木) 16:30
kobenext,神戸新聞NEXT,兵庫県議会、百条委設置を可決　51年ぶり　知事批判文書問題で　25年知事選に影響か,https://news.yahoo.co.jp/articles/5e9ddf0603ce09867fc590e09e316c52a561682f,6/13(木) 12:31
kobenext,神戸新聞NEXT,草むらの黒い物体は!　全身真っ黒のバッタ発見　生き物好き小学生「まっくろちゃん」と命名、飼育中,https://news.yahoo.co.jp/articles/aa40d7564932582d4870ff992bb39189eb0f1ae0,6/13(木) 10:30
kobenext,神戸新聞NEXT,路上で追い抜きざま女性の体触る　「好みだった」　不同意わいせつ容疑で32歳の男逮捕　姫路,https://news.yahoo.co.jp/articles/de001ce3541511c999514e3d8f916fb7248df2c6,6/13(木) 9:44
kobenext,神戸新聞NEXT,同居する父を包丁で刺し、110番　殺人未遂容疑で27歳の女逮捕　姫路,https://news.yahoo.co.jp/articles/bdd0b498320d5ab0c640eccdc540f2edce05e8d6,6/13(木) 9:44
kobenext,神戸新聞NEXT,家族4人で須磨シーワールドの帰り道、無免許運転で男逮捕　妻のシートベルト非着用で発覚,https://news.yahoo.co.jp/articles/1b8e5e3ed4a9705f84649432e15dd9642bfa0167,6/12(水) 23:23
kobenext,神戸新聞NEXT,現金3800万円など愛媛の民家から盗む　建設業、飲食店の従業員…男女5人逮捕　「匿名・流動型」姫路でも被害,https://news.yahoo.co.jp/articles/7757ab09c2c6662ca848321162cc8b3df4595566,6/12(水) 22:12
kobenext,神戸新聞NEXT,立ち小便で口論→無免許発覚　尼崎のコンビニ、44歳の会社員逮捕,https://news.yahoo.co.jp/articles/c4e19194edb72ecb258c66d1d2aaf9f585ed96be,6/12(水) 21:12
kobenext,神戸新聞NEXT,ベランダ侵入し窓を割る　43歳会社員を逮捕「理由はお金です」空き巣目的か,https://news.yahoo.co.jp/articles/cdb304dfffbc1da3f8e32e69437489c1a1b9aeb2,6/12(水) 21:11
kobenext,神戸新聞NEXT,「マッチングアプリで知り合った相手に364万円だまし取られた」芦屋の26男性が被害,https://news.yahoo.co.jp/articles/688bf290e2f5da5591d1f702cde0462f92621bbb,6/12(水) 21:11
kobenext,神戸新聞NEXT,サッカー天皇杯、J1神戸が初戦突破  富山に2-0で快勝  公式戦5試合ぶりの白星,https://news.yahoo.co.jp/articles/a9a61ffb5a0a77ae7a9273e39e4d846c56ea6bd7,6/12(水) 21:09
kobenext,神戸新聞NEXT,百条委設置、賛成多数で可決見通し　兵庫県議会13日採決　多数意見で採決は「記名投票」へ　知事批判文書問題,https://news.yahoo.co.jp/articles/c6ae239c97b2c4c7a3efd17ef0570ffa0b19130c,6/12(水) 20:45
kobenext,神戸新聞NEXT,大阪万博「リング」完成間近　世界最大級の木造建築物、9割組み上がる　開幕まで300日,https://news.yahoo.co.jp/articles/cafb55a1c7a8f9e9e163c1b9b678b93beda81cdf,6/12(水) 19:52
kobenext,神戸新聞NEXT,「個人情報のやりとりに会員登録必要」　SNSで知り合った男通じ、女性会社員が217万円だまし取られる,https://news.yahoo.co.jp/articles/c2abeca1b322e635ef0c6a8e869ecbb27d8742b0,6/12(水) 19:44
kobenext,神戸新聞NEXT,鉄製ラック落下、男性下敷き事故　神戸のトラック運転手、起訴内容認める,https://news.yahoo.co.jp/articles/3d5fc818549163ac89e817ada4b57c9b20d403be,6/12(水) 19:43
kobenext,神戸新聞NEXT,ひろゆき氏かたる人物が投資持ちかけ　女性会社員1000万円だまし取られる,https://news.yahoo.co.jp/articles/299e2e3f3e50ee11b62f488cff189498784c0c36,6/12(水) 19:39
kobenext,神戸新聞NEXT,現金500万円、77歳男性からだまし取る　息子装い「妊娠させた示談金いる」　「受け子」?の男を逮捕,https://news.yahoo.co.jp/articles/f9fae914680e2686fe8c33b8f2bceee1f2c6683f,6/12(水) 18:22
kobenext,神戸新聞NEXT,「風呂場をのぞきたかった」公共施設の敷地内に侵入　アルバイトの64歳男を逮捕,https://news.yahoo.co.jp/articles/2be28cea4cbf1ab75181b2b07a2f1623c4339f34,6/12(水) 18:05
kobenext,神戸新聞NEXT,ハンガー型カメラで盗撮しようと　体育館の鍵盗んだ男を逮捕　合鍵作り複数の学校でも犯行か,https://news.yahoo.co.jp/articles/994cc327a467c067c03847df0688217c3f971070,6/12(水) 17:26
kobenext,神戸新聞NEXT,開放感たっぷり、レトロ建築の屋上で乾杯!　国文化財「芦屋モノリス」でビアガーデンオープン,https://news.yahoo.co.jp/articles/048b81153ff5147ca1a70617e4abedfef74e82fb,6/12(水) 17:16
kobenext,神戸新聞NEXT,桂ざこばさん死去　76歳、ぜんそくで　尼崎での高座が評価され芸術選奨文科大臣賞を受賞,https://news.yahoo.co.jp/articles/754480aa598c68580f67daf5e488c2b96ea1f0c2,6/12(水) 16:38
kobenext,神戸新聞NEXT,50歳以上の婚活盛んに　未婚者、熟年離婚の増加影響　コロナ禍も背景に,https://news.yahoo.co.jp/articles/814c7c1efda3558762ad7b5eb700ca9e12765568,6/12(水) 13:03
kobenext,神戸新聞NEXT,Uターン中の乗用車と後続のバイク接触、男性重体　40代女逮捕「安全確認できてなかった」　神戸,https://news.yahoo.co.jp/articles/3d0bed9b9ea6c24a8579ef0c86637e5445f8f9de,6/12(水) 12:38
kobenext,神戸新聞NEXT,JR京都線で2日連続トラブル、広範囲でダイヤ混乱　信号が赤のまま変わらず、通勤通学ラッシュ直撃　12万5千人影響,https://news.yahoo.co.jp/articles/862655fdebf9490eeb28151321b8e2685a9a8145,6/12(水) 11:32
kobenext,神戸新聞NEXT,燃料販売会社名乗る電話を信じて…85歳女性が270万円詐欺被害　兵庫,https://news.yahoo.co.jp/articles/42f770247bf16b420d7ce75c31370500b895ba53,6/12(水) 10:08
kobenext,神戸新聞NEXT,JR川西池田駅近くで不同意わいせつ事件　徒歩の女性が被害　兵庫,https://news.yahoo.co.jp/articles/e65740bafcea0b032b9067224960074513173674,6/12(水) 8:31
kobenext,神戸新聞NEXT,歩道で自転車同士がぶつかり、女子中学生重傷　相手の男走り去る　ひき逃げ事件で捜査　兵庫,https://news.yahoo.co.jp/articles/e4e74d84f77f8af2fba103f412c38209ded139f9,6/12(水) 8:31
kobenext,神戸新聞NEXT,スマホで通行女性を撮影、追跡した被害者を自転車で引きずる　「悪いことした認識で逃げました」　兵庫・西宮,https://news.yahoo.co.jp/articles/7b1e64c25cd0c8d953ee533f0bcdd7172b93e19d,6/11(火) 22:28
kobenext,神戸新聞NEXT,ポートライナー市民広場駅、男性トイレのトイレットペーパー燃える　5月にも近くで不審火　神戸,https://news.yahoo.co.jp/articles/ecc635fabc5d516ca87ca3ed41d1bc1ef2fa6c17,6/11(火) 22:12
kobenext,神戸新聞NEXT,未明の路上、飲食店で知り合った男性を蹴り頭の骨折る　大阪の32歳男を容疑で逮捕　神戸市長田区,https://news.yahoo.co.jp/articles/a6bb505456d097143e22b2dee58338d3ff44fc0f,6/11(火) 19:49
kobenext,神戸新聞NEXT,自宅で車上狙いにかばん盗まれ発覚　37歳会社役員の男、大麻草所持疑いで逮捕　高砂,https://news.yahoo.co.jp/articles/bf93e16bac650fadb4bea2f7c1d44cdfdbc506c8,6/11(火) 19:49
kobenext,神戸新聞NEXT,落とし物のポイントカード悪用、全ポイント使い切る　9千円分横領疑いの35歳男逮捕　兵庫,https://news.yahoo.co.jp/articles/4e4cf99d5ab7ce2de5ef8232f2b07dee6b8e9efe,6/11(火) 19:18
kobenext,神戸新聞NEXT,禁止命令が出ているのにインスタでフォロー申請　ストーカー規制法違反容疑、23歳男逮捕　神戸,https://news.yahoo.co.jp/articles/8d6fc24317abe6f65065678684c4772a0f95ae07,6/11(火) 19:07
kobenext,神戸新聞NEXT,携帯ショップで店員の胸触る　不同意わいせつ容疑、74歳の男逮捕　明石,https://news.yahoo.co.jp/articles/88619541acd9ee3fc1cef2995233d46a92504739,6/11(火) 18:33
kobenext,神戸新聞NEXT,JR米原－姫路で一時運転見合わせ 順次運転を再開　サンダーバードでトラブル,https://news.yahoo.co.jp/articles/3ce2f222c89184066212a1601798a6a4d6ed215e,6/11(火) 18:13
kobenext,神戸新聞NEXT,西宮市の委託業者、ランサムウエア感染　サーバーに課税情報など78件　流出は確認されず,https://news.yahoo.co.jp/articles/3e1653935cb7ca6738a6c9b3b9e9e097194d877b,6/11(火) 18:11
kobenext,神戸新聞NEXT,スコットランド代表フッカー、ターナーが神戸へ　ラグビー・リーグワン1部、来季加入,https://news.yahoo.co.jp/articles/3fe541d05f7960175cb76ac176c096f437e53cd4,6/11(火) 17:55
kobenext,神戸新聞NEXT,JR米原－姫路で運転を見合わせ　サンダーバードでトラブル　関西一円に影響,https://news.yahoo.co.jp/articles/7ff0f8e2cf484f505ca921157d7ac995f76e1384,6/11(火) 17:31
kobenext,神戸新聞NEXT,夏の高校野球兵庫大会、決勝は午前10時スタート　暑さ対策、午後1時から前倒し,https://news.yahoo.co.jp/articles/964253a87606a41fc17751319d94d31924a4e7ab,6/11(火) 17:30
kobenext,神戸新聞NEXT,明石・大蔵海岸の公園トイレに不審物　爆発物処理班が出動、危険物ではないことを確認　国道28号で一時規制,https://news.yahoo.co.jp/articles/3e8a8fafcf2919788fda26a72fa5ba57cbfaebe4,6/11(火) 17:20
kobenext,神戸新聞NEXT,山口組、「特定抗争指定」に向けた意見聴取に欠席　兵庫県公安委,https://news.yahoo.co.jp/articles/78109f08efde943ffc575f476c7dde566536d0ce,6/11(火) 17:19
kobenext,神戸新聞NEXT,危ない「魔の交差点」を調査　人身事故、年間13件の場所も　兵庫県,https://news.yahoo.co.jp/articles/280464350b19c8ded5509539b1dae0b43f562b53,6/11(火) 17:00
kobenext,神戸新聞NEXT,「廊下の窓から白煙」　集合住宅で火災、女性が1人死亡　住人と連絡取れず　西宮の住宅街,https://news.yahoo.co.jp/articles/9fe1251a1ac56c4ad7fee0a3df21aff65a481d9e,6/11(火) 13:08
kobenext,神戸新聞NEXT,宝塚雪組、次期トップスターに朝美絢さん　お披露目公演は「愛の不時着」　11～12月に東京、大阪,https://news.yahoo.co.jp/articles/51287ba7f0bd0d6642a1e9f34ded29e931540c7d,6/11(火) 12:31
kobenext,神戸新聞NEXT,高校のグラウンドにヘリコプターが緊急着陸　エンジントラブルで降下、けが人なし　相生,https://news.yahoo.co.jp/articles/8aaa3cb56258734e56ecc001e25cbf13119bb95f,6/11(火) 12:29
kobenext,神戸新聞NEXT,「但馬とらふぐ」目指せ特産品　海なし朝来で兵庫県内初の陸上養殖、試験販売を開始,https://news.yahoo.co.jp/articles/4da0083ca752f89eba5c55ad2ddb5c0ef8e4ffdb,6/11(火) 10:30
kobenext,神戸新聞NEXT,そうめん製麺所から出火　納屋と民家500平方メートル全焼　けが人なし　兵庫・たつの,https://news.yahoo.co.jp/articles/94ccd7b64da0c446ccc4912a3ea876100123a945,6/11(火) 10:29
kobenext,神戸新聞NEXT,体液付着させた衣類を駐車場に捨てる　Tシャツや女性用下着　66歳の会社員男逮捕　姫路,https://news.yahoo.co.jp/articles/b2e8097bc614568903b8668bf1378ff21a8f3d8e,6/11(火) 10:01
kobenext,神戸新聞NEXT,家庭訪れ「5年生以下の子は」「体操服回収させて」　市教委名乗る不審事案　5月末から兵庫・加古川で3件,https://news.yahoo.co.jp/articles/ab4d08ac1fcf64cf9d1fac1b8249d318f3dd0445,6/11(火) 10:00
kobenext,神戸新聞NEXT,すれ違った男性に因縁、入れ墨見せ「俺はやくざやぞ」　脅迫容疑で組員の男逮捕　神戸,https://news.yahoo.co.jp/articles/6c52ef909a00f434a1ef8a38b83889bb324ed482,6/11(火) 9:40
kobenext,神戸新聞NEXT,自転車で帰宅中の女性、電柱の陰に立っていた男に太もも触られる　男は逃走　尼崎,https://news.yahoo.co.jp/articles/a7c54de3622725b89c43e2a452b4d071842af39c,6/11(火) 8:54
kobenext,神戸新聞NEXT,拾ったクレジットカードでホテル宿泊　持ち主が高額請求に気付き発覚　容疑で28歳男逮捕　神戸,https://news.yahoo.co.jp/articles/34505ff2fa8c961b06d4afa063fd460e753f9f7e,6/11(火) 8:44
kobenext,神戸新聞NEXT,特殊詐欺の指示役と「かけ子」役か、32歳男を再逮捕　東京の女性から21万円盗んだ疑い,https://news.yahoo.co.jp/articles/1385958073d4995693b99144e659e99cafb9d958,6/10(月) 23:00
kobenext,神戸新聞NEXT,救急車など車3台絡む事故　神戸市北区の交差点　救急車の運転男性が軽症、搬送に影響はなし,https://news.yahoo.co.jp/articles/6ad6e6b81d142b665743eea78fa4406566713d85,6/10(月) 21:40
kobenext,神戸新聞NEXT,片山副知事「百条委やめて」と自民に依頼　知事批判文書問題、辞職と引き換えに　兵庫県議会で答弁,https://news.yahoo.co.jp/articles/e6967573d2d5b59cb37ca94d240601835f8ac5a2,6/10(月) 21:20
kobenext,神戸新聞NEXT,知事批判文書問題、兵庫県議会が百条委設置へ　自民が党議拘束決定、賛成過半数の見通し,https://news.yahoo.co.jp/articles/51f20ae66ded1611f1455ebeb2e5eceee8aeb7d5,6/10(月) 19:55
kobenext,神戸新聞NEXT,投資サイトで知り合った人物に株投資誘われ　75歳男性が1300万円詐欺被害　神戸西署に届け出,https://news.yahoo.co.jp/articles/544181a36c741970cb1c44f95218a2a8168caf9d,6/10(月) 19:30
kobenext,神戸新聞NEXT,神戸徳洲会病院、新病院開設は2年以上延期か　不適切治療による複数患者死亡で,https://news.yahoo.co.jp/articles/e42dfbb05a1e81fc24e88e3472e24a4acb9eac96,6/10(月) 18:11
kobenext,神戸新聞NEXT,安彦良和さん「ヴイナス戦記」制作秘話にファン夢中　神戸で回顧展「手描きの可能性に挑戦」,https://news.yahoo.co.jp/articles/0ce684cdd69c6f99d78c46f0fe95a9a2f1fb8873,6/10(月) 18:05
kobenext,神戸新聞NEXT,太陽光発電施設の送電ケーブル1.3トン盗んだ疑い　車で持ち去り転売、140万円稼ぐ　岡山の男を再逮捕,https://news.yahoo.co.jp/articles/eb21453e6f2b0fa1f4b07270b54648a4aa38d738,6/10(月) 17:35
kobenext,神戸新聞NEXT,男性脱衣所で盗撮疑い　28歳男逮捕　豊岡・城崎の宿泊施設,https://news.yahoo.co.jp/articles/2d002b3d442cc14d57531343aa9f4ad3fe31f453,6/10(月) 13:17
kobenext,神戸新聞NEXT,神戸・北区高2刺殺事件　元少年と両親に1億4900万円の損害賠償求め、遺族が提訴　地裁,https://news.yahoo.co.jp/articles/f6d1da0543887fff271dbbb4c52a17fd06dca138,6/10(月) 10:35
kobenext,神戸新聞NEXT,酔ってキッチンばさみで35歳長男刺す、口論きっかけ　67歳男逮捕「殺すつもりなかった」　姫路,https://news.yahoo.co.jp/articles/f29f24d932688d30eef563c0c4c90becb1cde716,6/10(月) 9:06
kobenext,神戸新聞NEXT,さらば、世界王者が愛した味　長谷川穂積さんのタイ料理店　世界3階級制覇の陰にシェフとの心の交流　神戸,https://news.yahoo.co.jp/articles/8ff07d4a87ba17807f1f13f762cb449ca95c1df9,6/10(月) 8:30
kobenext,神戸新聞NEXT,神鉄で倒木、新開地-鈴蘭台で一時運転見合わせ　2万人超に影響,https://news.yahoo.co.jp/articles/56e8c843129fc8a35ac5cd0481e97edacb30dbac,6/10(月) 8:20
kobenext,神戸新聞NEXT,8カ月「孤独と恐怖、トラブルとの闘い」ヨット世界一周で日本人最年少の快挙、成功の秘訣は　西宮の木村さん,https://news.yahoo.co.jp/articles/ec0474ec6f56e479c43ac235e13fde955a9c097a,6/9(日) 22:38
kobenext,神戸新聞NEXT,日本人最年少でヨット世界一周「皆さんにお礼を」　木村さん、笑顔で兵庫・西宮に帰港　堀江謙一さんから花束,https://news.yahoo.co.jp/articles/58f939b4d3745736ddc87c34775b861586a22317,6/9(日) 17:20
kobenext,神戸新聞NEXT,民家の倉庫から出火、1人軽傷「魚焼きグリルの電源入れ、目を離した間に発火」　兵庫・洲本,https://news.yahoo.co.jp/articles/bac58d289deb9395518adfd68d1741fda8a88a2d,6/9(日) 16:58
kobenext,神戸新聞NEXT,ほころぶ花びらに気品　佐用・西新宿の花しょうぶ園、写真コンテストの作品も募集,https://news.yahoo.co.jp/articles/debec3f7b7fc5fcfb5c3e915ba38fd3c98f3a0c1,6/9(日) 11:00
kobenext,神戸新聞NEXT,ラーメン店主射殺、絆会幹部ら5人を送検　共謀し殺害計画、役割分担　組織的殺人の疑い,https://news.yahoo.co.jp/articles/27e1106c3401a8847746729edd71a985666471a7,6/9(日) 10:37
kobenext,神戸新聞NEXT,賞味期限は15分　濃厚バナナジュース飲んで　店内で熟成、SNSで発信し話題に　小野・山本くだもの店,https://news.yahoo.co.jp/articles/3b77b80c95e8dcd4fc921b8c1353eada2b06eeb3,6/9(日) 10:30
kobenext,神戸新聞NEXT,都心の憩いの空間に  三宮・磯上公園リニューアル  庭園や芝生広場　神戸市が整備,https://news.yahoo.co.jp/articles/ff4f6db24bd31d42909ecbe4a7bc494fb2311a4e,6/9(日) 10:00
kobenext,神戸新聞NEXT,「医療費の還付金、急いで手続きを」電話で指示　神戸市の女性が100万円詐欺被害,https://news.yahoo.co.jp/articles/f3e10a4459482cf9a9d8609fcc001dbe8a368a2a,6/8(土) 23:17
kobenext,神戸新聞NEXT,「申請すると医療費減額」市職員名乗る男から電話、118万円だまし取られる　兵庫県西宮市,https://news.yahoo.co.jp/articles/3eab6b5e8a3ef8a044cb982971e3cea21cb5cb55,6/8(土) 23:17
kobenext,神戸新聞NEXT,男子平泳ぎは平井、広本が大会新でV3　男子背泳ぎ・浜口は中学新　競泳兵庫県選手権が開幕,https://news.yahoo.co.jp/articles/e11909df55805a1e99772dc19f3a3b0b98f21cdf,6/8(土) 23:14
kobenext,神戸新聞NEXT,パトカーに追跡された車、コンクリブロックに衝突　一時不停止で3キロ逃走　兵庫県淡路市,https://news.yahoo.co.jp/articles/54857f33f0b18194af7ff305727cb9f095e22023,6/8(土) 21:19
kobenext,神戸新聞NEXT,「ウイルス感染」とPCに警告画面、電話で指示され送金　兵庫県西宮市の女性が285万円詐欺被害,https://news.yahoo.co.jp/articles/8da59decadae9724ba7fcde69bb155a80398033d,6/8(土) 21:19
kobenext,神戸新聞NEXT,線路に子どもが立ち入りか　木片と鉄棒置かれ、運転士が緊急停車　神戸電鉄有馬線,https://news.yahoo.co.jp/articles/42e425feff412457de61af91450b30ebf40567a8,6/8(土) 20:04
kobenext,神戸新聞NEXT,ハナショウブ、源氏物語ゆかりの品種も注目　須磨離宮で見ごろ,https://news.yahoo.co.jp/articles/3a5776f67411ee479ca0cd024aec93727ae5f511,6/8(土) 19:46
kobenext,神戸新聞NEXT,INAC神戸、DF竹重とMF天野が海外移籍向け退団へ サッカー女子WEリーグ,https://news.yahoo.co.jp/articles/560f8144602637eeb882c0b26303e02282cb5f52,6/8(土) 19:24
kobenext,神戸新聞NEXT,兵庫県高校総体　バレーボール男子、市尼崎が15大会連続で優勝　柔道男子団体は神港学園が2年ぶり栄冠,https://news.yahoo.co.jp/articles/41f008f8d0f4c938406d4904bae50d40f0d993b7,6/8(土) 19:11
kobenext,神戸新聞NEXT,最大斜度38度! 「空中散歩」無料で楽しめるミニモノレール　兵庫県宍粟市「国見の森公園」,https://news.yahoo.co.jp/articles/54b661a02f97b83096bd628d88c87da0d3d9f26c,6/8(土) 17:06
kobenext,神戸新聞NEXT,「中国人の男」に外国為替投資持ちかけられ468万円振り込み　神戸の女性が詐欺被害,https://news.yahoo.co.jp/articles/bad244a85c6b35e2f655fe86ce73139a0252416c,6/8(土) 16:23
kobenext,神戸新聞NEXT,ラーメン店主射殺　現場からの逃走などで役割分担か　逮捕の絆会幹部ら５人,https://news.yahoo.co.jp/articles/5483e2f5dd9972adcc2443a1158b0457328920ea,6/8(土) 15:48
kobenext,神戸新聞NEXT,中2男子自殺、36件いじめ認定　相生市第三者委調査　「うざい」と中傷、殴る蹴るの暴行も,https://news.yahoo.co.jp/articles/c4b24004955ca8f3a48a0dac69b789642fbff07f,6/8(土) 13:07
kobenext,神戸新聞NEXT,品ぞろえ充実　スーパーのワイン　ソムリエに聞く選び方　家飲みの裏技は,https://news.yahoo.co.jp/articles/764f7cd5dcc74ffb8954a2204b78a99a520a2ec3,6/8(土) 11:12
kobenext,神戸新聞NEXT,親子で工場見学、商品づくり楽しんで　三木のヤクルト、ナリス、グリコ　7～9月無料開催,https://news.yahoo.co.jp/articles/ad45111f367a747bead5694380923571c801c119,6/8(土) 10:30
kobenext,神戸新聞NEXT,神戸・小3女児遺体発見から23年　「ささいなことでも」情報提供を　神戸電鉄2駅で署員らビラ配り,https://news.yahoo.co.jp/articles/b26205263111a858060849c3c2950769ae64052a,6/8(土) 9:30
kobenext,神戸新聞NEXT,神戸市垂水区の公園で不審火　切り株状の木製椅子が燃える,https://news.yahoo.co.jp/articles/2cc65692d97dea4ccd5fe75af742cdf45e987bd6,6/8(土) 8:57
kobenext,神戸新聞NEXT,公用車の軽トラ、車検切れで62日間走行　三田市8公園の指定管理者に貸与,https://news.yahoo.co.jp/articles/3d7cb084b4a5b12fbd10f60cbe87bdd00938fb8e,6/7(金) 20:55
kobenext,神戸新聞NEXT,うそ八百発言「表現行き過ぎた」　批判文書問題で斎藤兵庫県知事、非を認める,https://news.yahoo.co.jp/articles/27c70d2a744fb3718079a064eb2d53ffe8122f38,6/7(金) 20:25
kobenext,神戸新聞NEXT,お母さんコウノトリどこへ　淡路市の人工巣塔、姿消して3週間　雄がワンオペ育児に奮闘中,https://news.yahoo.co.jp/articles/150dab45263a9113e744499a9c43304f796c3c99,6/7(金) 20:00
kobenext,神戸新聞NEXT,駐屯地内の食堂で不正飲食　50代隊員を停職30日懲戒処分　陸自姫路駐屯地,https://news.yahoo.co.jp/articles/4d565cd1ac9b272d6a3dfd1e7ed0a4e0221b26e2,6/7(金) 19:35
kobenext,神戸新聞NEXT,ラーメン店主射殺疑い、絆会幹部ら５人逮捕　押収した拳銃の「線条痕」一致　兵庫県警,https://news.yahoo.co.jp/articles/2c0ea7c84347fc3fa45d6b82ab81eea0f27fc914,6/7(金) 19:17
kobenext,神戸新聞NEXT,知人男性と口論で小競り合い　傷害容疑で絆会幹部の男ら3人逮捕、送検,https://news.yahoo.co.jp/articles/1d3c40d3383d58fffd5eda6cfcdd8bc18f4b72a9,6/7(金) 19:10
kobenext,神戸新聞NEXT,日本代表GK山下杏也加、海外挑戦へINAC神戸を退団　サッカー女子WEリーグ,https://news.yahoo.co.jp/articles/c0dc3f2530d087679a8b9307330ceee0840f47e7,6/7(金) 18:30
kobenext,神戸新聞NEXT,「世界一過酷なレース」開幕　累積標高エベレスト登頂2回分　完走56時間以内　兵庫・丹波でトレイルランニング大会,https://news.yahoo.co.jp/articles/210ac80def2550f0933a16963504f2f3309f87cb,6/7(金) 18:25
kobenext,神戸新聞NEXT,「機動戦士ガンダム」手がけたアニメ作家の足跡たどる　安彦良和さん回顧展、神戸で8日開幕　原画や資料展示,https://news.yahoo.co.jp/articles/cf25379ce4e5df2c0ce5cd7ae747bd95cdd79a11,6/7(金) 18:11
kobenext,神戸新聞NEXT,「定額減税と別に納税超過がある」　税務署職員名乗る男から電話、61歳女性が99万円だまし取られる,https://news.yahoo.co.jp/articles/0f173f0b520590f063e09063a25c1ae7fd72699b,6/7(金) 17:20
kobenext,神戸新聞NEXT,ラーメン店主の組長射殺疑い、絆会幹部を7日にも逮捕　昨年4月神戸で発生　事件関与の組員ら数人も,https://news.yahoo.co.jp/articles/523aa0781362e202d71eb24439c6b9e0a679e5a1,6/7(金) 16:44
kobenext,神戸新聞NEXT,酒飲み羽交い締め「抵抗され殴った」　24歳自衛官を懲戒免職　後輩隊員は全治2カ月　兵庫,https://news.yahoo.co.jp/articles/ad75fa7e4591b96f664695797254b03a15c4b73a,6/7(金) 14:56
kobenext,神戸新聞NEXT,強迫症で「浴室から6時間出られず」　小学生で発症した経験胸に　悩む子へ「人に頼って」　＃令和の子,https://news.yahoo.co.jp/articles/90a3c4d79c6015332e15cdcd0f3782d92b44928c,2/15(木) 17:03
