media_en,media_jp,title_articles,link_articles,date_original
eclat,Web eclat,50代 ありそうでない！シルエットがきれいな「春スカート」,https://news.yahoo.co.jp/articles/39026c54c57047428e81ec169d057466859fe740,1/7(日) 8:03
eclat,Web eclat,50代 新年の集まり、何を着ていく？「食事会コーデ」3選,https://news.yahoo.co.jp/articles/22410645ec4e7b10faaf8fe851f720e9d77de224,1/6(土) 22:10
eclat,Web eclat,【50代髪型人気ランキングTOP5】2023年下半期、一番人気の髪型って？,https://news.yahoo.co.jp/articles/0b86c2ccc982853be6c792a7fba193d266df6283,1/6(土) 21:10
eclat,Web eclat,50代 リラックス感ときちんと感「簡単に着映える服」,https://news.yahoo.co.jp/articles/7477220b85cd2b1f3b7624fbf8956a60964b4a55,1/6(土) 20:10
eclat,Web eclat,50代 コーデいらず！大人かわいい「ワンピース」ラクなのにきちんと見える,https://news.yahoo.co.jp/articles/7ceb74d4b7b015e31fb28ea67910fe211db563bd,1/6(土) 19:30
eclat,Web eclat,50代 清楚で華やか「白シャツ＆ブラウス」大人の着こなし,https://news.yahoo.co.jp/articles/4c9d1eb9247020672a56e23a44a37513c1077540,1/6(土) 19:00
eclat,Web eclat,50代 定番パールを今っぽく！「ホワイト×ブラック」を重ね付け,https://news.yahoo.co.jp/articles/58e8cbba8acb072793ecc73b3d2de5ee20f42403,1/6(土) 8:03
eclat,Web eclat,48歳で幸せな結婚「マッチングアプリ」で出会った実体験,https://news.yahoo.co.jp/articles/355030d4e5e27dd7698c6562ca1f5eb79b25b884,1/5(金) 22:10
eclat,Web eclat,50代 気分が上がる「肌ざわりのいいニット」旬コーデ,https://news.yahoo.co.jp/articles/b6d5d84f5b934e6b864551644d1bdf86c4c81865,1/5(金) 21:10
eclat,Web eclat,50代 流行に左右されない！長く着られる「ジャケット」,https://news.yahoo.co.jp/articles/01322f6f8eda79e4d130f1c26b24424565c6b245,1/5(金) 20:10
eclat,Web eclat,50代カジュアルな日「おしゃれなメガネ」で上品映え,https://news.yahoo.co.jp/articles/25b9362b7d774ec0b179ae087f67fec261baa5ef,1/5(金) 19:04
eclat,Web eclat,50代 トップスで勝負！デザインが目を引く「黒シャツ」,https://news.yahoo.co.jp/articles/625641d02a585cef5048203db93678cfe844e773,1/4(木) 22:10
eclat,Web eclat,50代 着るだけでおしゃれ！「冬のカーディガン」4選,https://news.yahoo.co.jp/articles/d48bb9f7282ee40e9338f8f4a74c34bfbd5a54ab,1/4(木) 21:10
eclat,Web eclat,50代 黒タートルがあか抜ける！「イヤカフとピアス」の重ねづけ,https://news.yahoo.co.jp/articles/7120f57bea354636644fab25b794355792750860,1/4(木) 20:10
eclat,Web eclat,女性に嬉しい韓国鍋「タッカンマリ」ヘルシーでコラーゲンたっぷり,https://news.yahoo.co.jp/articles/73f8896ddf3b65ca06dbab3e63cff900012e1ec0,1/4(木) 19:03
eclat,Web eclat,50代も急増中「マッチングアプリ」理想の相手と出会う8カ条とは？,https://news.yahoo.co.jp/articles/f9167437348467e22ffdb5c4bd4f7f2d99a5c573,1/3(水) 22:10
eclat,Web eclat,50代 好印象！「年始のお出かけコーデ」5選,https://news.yahoo.co.jp/articles/9e8fad2f070afde0d044d3b2f84159ad2f22e230,1/3(水) 21:10
eclat,Web eclat,2024年買うべき「新作財布」ルイ・ヴィトン、エルメス、グッチなど10選,https://news.yahoo.co.jp/articles/771ef25f73292cbb1c64fe764a4f2414b2a91894,1/3(水) 20:10
eclat,Web eclat,【センスのいい手土産】歓声があがる！味も見た目も「絶品3選」,https://news.yahoo.co.jp/articles/d3ed688fb9924c6dde6630313eea9f93a5d479d1,1/3(水) 19:00
eclat,Web eclat,富岡佳子さんが愛用している「冬のお気に入りアイテム7」って？,https://news.yahoo.co.jp/articles/d9bba7aff04c735f4fba73397adb2b352d3b616d,1/2(火) 22:10
eclat,Web eclat,50歳からが大切！「今から始める頭皮ケア」5選,https://news.yahoo.co.jp/articles/2046cb4d7497b67f6676d61ffb875737a9a442e4,1/2(火) 21:10
eclat,Web eclat,【韓国ドラマ】笑いあり、涙あり、ロマンスあり「大人気ドラマ」7選,https://news.yahoo.co.jp/articles/7050f00d554c63a955db3e65d855f71619739653,1/2(火) 20:10
eclat,Web eclat,【大人の手土産】お呼ばれしたら「絶品スイーツ」3選,https://news.yahoo.co.jp/articles/57ee09fa35c642b7cd898ac3223335f55e1e2d9d,1/2(火) 19:03
eclat,Web eclat,【大草直子】オール私物で「大人のドレスアップ」4選,https://news.yahoo.co.jp/articles/4632ba6e00bd94fe69945354497e2d07cfd29053,2023/12/30(土) 22:10
eclat,Web eclat,【50代髪型人気ランキングTOP5】自然なカールで若見え！大人の冬スタイル,https://news.yahoo.co.jp/articles/681c392d3ad8a9ec8c425e2ed7d894b6b45618c4,2023/12/30(土) 21:10
eclat,Web eclat,50代 冬の黒コーデには「ジュエリーの重ね付け」が必要！,https://news.yahoo.co.jp/articles/24b801cd7f32552da96b48863e285a08f8d7b458,2023/12/30(土) 20:10
eclat,Web eclat,50代なりたい雰囲気で選ぶ「おしゃれなメガネ」人気のブランド6選,https://news.yahoo.co.jp/articles/70b24d8d5feb8af88a302acf8dc6303ca2acbc11,2023/12/30(土) 19:30
eclat,Web eclat,50代「おしゃれな日常着」ちょうどいい甘さで着映える,https://news.yahoo.co.jp/articles/2bd7b5053f6bd68390ce2598e206cf09e199bb13,2023/12/30(土) 19:03
eclat,Web eclat,【大人の辛うま鍋】韓国で人気「ナクチ・チョンゴル（タコの韓国風すき焼き）」レシピ,https://news.yahoo.co.jp/articles/6526a4a9821e1eb62895bc36e053973f37e0cb3b,2023/12/30(土) 8:03
eclat,Web eclat,50代、買ってよかった「ユニクロ・GU」冬のアイテムって？,https://news.yahoo.co.jp/articles/c25886bc2d2c6de0e9d883356164feb03e8cc654,2023/12/29(金) 22:10
eclat,Web eclat,50代 エレガントな「素肌が透けるトップス」で女らしく着映える,https://news.yahoo.co.jp/articles/a0e87dd524db2085f12b93f4fd55c01836fa5b3a,2023/12/29(金) 21:10
eclat,Web eclat,おしゃれな50代から大人気！エッジの効いた「センスのいい財布」,https://news.yahoo.co.jp/articles/745bb32ebeb0cd400e645fb158bb33049ebd1775,2023/12/29(金) 20:10
eclat,Web eclat,絶品！肉とサラダ「冬のおもてなし」喜ばれるレシピ3選,https://news.yahoo.co.jp/articles/f1731029988c44b0fa5e8352296135fd3243805b,2023/12/29(金) 19:04
eclat,Web eclat,【大草直子】50代の定番「パール」は華やかに重ねづけ,https://news.yahoo.co.jp/articles/ea93a09dd685735877c8394dbd4659426b3e53af,2023/12/28(木) 22:10
eclat,Web eclat,50代、知らないと損する！珠玉のシャンプー&コンディショナー3選,https://news.yahoo.co.jp/articles/ddf03f3eac8c2d313d9e8340a589c1dfdb72d3a2,2023/12/28(木) 21:10
eclat,Web eclat,50代 コーデに迷ったときの救世主「着映えトップス」,https://news.yahoo.co.jp/articles/3b132c6da99d358a550743a75181978bc1d8bcf3,2023/12/28(木) 20:10
eclat,Web eclat,一瞬で笑顔になる「スイーツ4選」見た目も味も最高！,https://news.yahoo.co.jp/articles/6a8d4290e2bd8ba2e9ce10ddb2c853ca60919781,2023/12/28(木) 19:03
eclat,Web eclat,50代 今買って、春まで大活躍！3シーズン使える大人気コート,https://news.yahoo.co.jp/articles/2b566aed22fec31d2e344e891803f8bb62a50cfa,2023/12/27(水) 22:10
eclat,Web eclat,50代 歩きやすさ抜群！服装を選ばない「使える黒」,https://news.yahoo.co.jp/articles/174737b66f8a49c07cc0f31c73eec5f949c8f759,2023/12/27(水) 21:10
eclat,Web eclat,「50代のおしゃれな眼鏡」優しい女性に見えるニュアンスカラー,https://news.yahoo.co.jp/articles/a7e198bcb691a747529de036fa8be1051a55486b,2023/12/27(水) 20:10
eclat,Web eclat,【50代におすすめの本】芥川賞作家「最新作」じっくり読みたい,https://news.yahoo.co.jp/articles/bf1ed4de861afc64d1cd0991c48fea8bb238ed5f,2023/12/27(水) 19:04
eclat,Web eclat,50代の憧れブランド「新作腕時計」ロレックス、カルティエ、シャネルなど8選,https://news.yahoo.co.jp/articles/caaccdd8c7ffb3d9bb97daefc0c9a51e48865bd5,2023/12/26(火) 22:10
eclat,Web eclat,50代 上品で華やか「魅せるトップス」大人のドレスアップ3選,https://news.yahoo.co.jp/articles/c0be51530ad42c2e45b67db52b49c3835f8a8411,2023/12/26(火) 21:10
eclat,Web eclat,富岡佳子さんが毎日つけている「腕時計＆ブレスレット」って？,https://news.yahoo.co.jp/articles/10d08fc24ba286f1a0f8ab3fcf36a79fb5c2f0b9,2023/12/26(火) 20:10
eclat,Web eclat,50代が夢中になった漫画「あさきゆめみし」の名場面,https://news.yahoo.co.jp/articles/6995331255765a1e0074c795f200941c0fec2bd1,2023/12/26(火) 19:03
eclat,Web eclat,女優・中谷美紀「大人の黒」を格上げするジュエリー5選,https://news.yahoo.co.jp/articles/e007de5515a1391224efa9be452fd601e13a5ca7,2023/12/25(月) 22:10
eclat,Web eclat,50代 冬のおしゃれは「差し色」が決め手！パッと華やぐ,https://news.yahoo.co.jp/articles/b69899ff02cbce454825c8da3c3f013921b20cba,2023/12/25(月) 21:10
eclat,Web eclat,50代 驚くほど違う！美肌に見える「ベースメイク」3選,https://news.yahoo.co.jp/articles/ef26d30ffa13ea07a44ba86e3f2a1847f25ef6f4,2023/12/25(月) 20:10
eclat,Web eclat,50代が買うべき「センスのいい使えるスマホケース」5選,https://news.yahoo.co.jp/articles/729945a641a8767abc83dad10e19f2283541d11b,2023/12/25(月) 19:04
eclat,Web eclat,50代「逆流性食道炎」は放っておくと食道がんのリスクも！,https://news.yahoo.co.jp/articles/58043f1937be689daf0c2afe4fcf531a734c3cc3,2023/12/24(日) 22:10
eclat,Web eclat,50代「ZARAで冬コーデ」高見え間違いなし！,https://news.yahoo.co.jp/articles/8402ab020a34553eaa317a42d99c475e01e52492,2023/12/24(日) 21:10
eclat,Web eclat,50代ふんわり感が若々しい「冬のボブヘア」5選,https://news.yahoo.co.jp/articles/c52adb268c0d080b9db92c776ad3335203b32738,2023/12/24(日) 20:10
eclat,Web eclat,50代「冬のモノトーン」富岡佳子さんの私服コーデ3選,https://news.yahoo.co.jp/articles/672f1abfb5fc6826d7e530a869fd6840af480696,2023/12/24(日) 19:30
eclat,Web eclat,【韓国ドラマ】めっちゃ面白い！絶対に見たい話題のドラマって？,https://news.yahoo.co.jp/articles/71ec16d87fa4fb4ce76832c6b4f483b07040a527,2023/12/24(日) 19:01
eclat,Web eclat,50代が買うべき「新作財布」ルイ・ヴィトン、ディオール、セリーヌほか5選,https://news.yahoo.co.jp/articles/901544184a5c9b182138977edbfdca3381797952,2023/12/24(日) 8:04
eclat,Web eclat,富岡佳子さんの私服「冬のワードローブ」4アイテム,https://news.yahoo.co.jp/articles/68891c8558b537c0f4121100ff937809f4b324a2,2023/12/23(土) 22:10
eclat,Web eclat,【50代髪型人気ランキングTOP5】朝のセットが簡単！あか抜け「こなれショート」,https://news.yahoo.co.jp/articles/c8ee7e37d8af9e9768ba0d99141ec4e2d3def4b0,2023/12/23(土) 21:10
eclat,Web eclat,50代 エレガントで可愛らしい！大人のボウタイブラウス,https://news.yahoo.co.jp/articles/ff670a01f794ad90dd38d30f61d663e5e64f3649,2023/12/23(土) 20:10
eclat,Web eclat,【大草直子】50代はデニムを華やかに着こなす,https://news.yahoo.co.jp/articles/52fe1ebb2501cae191a115bbc15d6d0b46c40e1a,2023/12/23(土) 19:30
eclat,Web eclat,50代 カジュアルすぎない「大人のスニーカー」富岡佳子さん愛用,https://news.yahoo.co.jp/articles/301ce29e76e49e13162800e4efacfcddfafef77a,2023/12/23(土) 19:04
eclat,Web eclat,50代、女らしさ格別！つややかな光沢「ドレッシーなブラウス」5選,https://news.yahoo.co.jp/articles/ba4d454bf3e982fccc88ba7ad7736872743fe02b,2023/12/23(土) 8:05
eclat,Web eclat,50代 胸やけ、ムカムカ、胃痛「逆流性食道炎」の8つの症状,https://news.yahoo.co.jp/articles/fc244a9638b3a4007fb7cd0a08742d30279f30be,2023/12/22(金) 22:10
eclat,Web eclat,50代 清楚で華やか「冬の白」エレガントな大人のコーデ,https://news.yahoo.co.jp/articles/3be208cb473027b86bb4fc396b119f67d2542d78,2023/12/22(金) 21:10
eclat,Web eclat,50歳からの薄毛対策「やっていいこと」「やってはいけないこと」,https://news.yahoo.co.jp/articles/44b5579ff6dbb0ef5096d31470600242efb4ba37,2023/12/22(金) 20:10
eclat,Web eclat,【50代におすすめの本】週末に読みたい「大ヒット作」,https://news.yahoo.co.jp/articles/eaf6a2c9ee736cc286e0f7df79ab83d8b17a0fb2,2023/12/22(金) 19:05
eclat,Web eclat,更年期世代「頭皮のかゆみ」「細かなフケ」対処法,https://news.yahoo.co.jp/articles/576dfaefd7beba31e811389e1d62a790490aeae4,2023/12/21(木) 22:10
eclat,Web eclat,50代 人気の「ボウタイブラウス」今どきスタイルに着こなす,https://news.yahoo.co.jp/articles/2e92f1bade99b9aff2be5001fcd83ad727c2568b,2023/12/21(木) 21:10
eclat,Web eclat,スタイリスト・大草直子「50代のドレスアップ」のコツ,https://news.yahoo.co.jp/articles/f596d29d0133c2b77af9ccecc1a9a6bab1ea404b,2023/12/21(木) 20:10
eclat,Web eclat,美プロが絶賛！50代に使って欲しい「スキンケア3選」,https://news.yahoo.co.jp/articles/3faf1ae159a1cd43b0d720c184e39a88f59bbffc,2023/12/21(木) 19:05
eclat,Web eclat,【富岡佳子】50代に似合う「白シャツの選び方」,https://news.yahoo.co.jp/articles/16ff230f6898051099100f4ef0c96d6735a666cf,2023/12/20(水) 22:10
eclat,Web eclat,働く50代「12月の通勤コーデ」知的で女らしいスタイル,https://news.yahoo.co.jp/articles/5f0f1a099a5a5e0c55c577a7c254aa750b56986b,2023/12/20(水) 21:10
eclat,Web eclat,50代から使いたい！手応え感じる「育毛剤」4選,https://news.yahoo.co.jp/articles/02532c77311e27b4c15c7cad47d474230b7bc6c5,2023/12/20(水) 20:10
eclat,Web eclat,おしゃれな50代の御用達ホテル「ウェスティンホテル東京」がリニューアルオープン,https://news.yahoo.co.jp/articles/2f26798db17e174148583f3a1e27eee16aef776d,2023/12/20(水) 19:05
eclat,Web eclat,50代「肩の痛み」更年期？それとも五十肩？,https://news.yahoo.co.jp/articles/250764923f0ba6594d678837b0a62d9878178e88,2023/12/19(火) 22:10
eclat,Web eclat,50代のアイシャドウは質感が勝負！絶対、買うべきベスト3,https://news.yahoo.co.jp/articles/689d8e254444d827a0f56d844f1c060399b01e6b,2023/12/19(火) 21:10
eclat,Web eclat,「50代のデニム」カジュアルさと女らしさが絶妙！,https://news.yahoo.co.jp/articles/c82958d524455d1d75db0ce2ef3c2188b17541f9,2023/12/19(火) 20:10
eclat,Web eclat,50代どんな服装にも似合う「大人のリップ」ベスト3,https://news.yahoo.co.jp/articles/f6ec68d8a888a39cdc2bde4e2a319f745e0f0269,2023/12/19(火) 19:02
eclat,Web eclat,50代 冬のはじまりに着たい「ウールコート」5選,https://news.yahoo.co.jp/articles/565ae42ceda4163242e64399367c29c357048fd2,2023/12/18(月) 22:10
eclat,Web eclat,50代 老け見えしない！自然なふんわり感「ショートヘア」3選,https://news.yahoo.co.jp/articles/09c6925b96c2f8e6c0698a491fa97bc84846aa81,2023/12/18(月) 21:10
eclat,Web eclat,富岡佳子さんの「ニットコーデ」女らしくてかっこいい,https://news.yahoo.co.jp/articles/820c0086d085046741348ad6bb8c319fa5afa777,2023/12/18(月) 20:10
eclat,Web eclat,50代 クレジットカード派「極薄カードケース」「スモール財布」,https://news.yahoo.co.jp/articles/6d52ef1c55388b513312ca1b6bbf7104b1630961,2023/12/18(月) 19:04
eclat,Web eclat,50代、年々増える「うっかり」「もの忘れ」をなくす5カ条,https://news.yahoo.co.jp/articles/34efd752c54dbeb7de33fbedcb308da9c17dcdc4,2023/12/17(日) 22:10
eclat,Web eclat,50代 上品な可愛らしさ「冬のショートヘア」5選,https://news.yahoo.co.jp/articles/7a9f9b544a4f0f6cee724d7befc5e001708f77b4,2023/12/17(日) 21:10
eclat,Web eclat,「50代の冬コーデ」12月半ば、何を着る？着映えスタイル5選,https://news.yahoo.co.jp/articles/282138c686eb6bef28dde7d4a68e6cd644329791,2023/12/17(日) 20:10
eclat,Web eclat,センスのいい50代、スカートに合わせる「冬のブーツ」スタイル,https://news.yahoo.co.jp/articles/84a3595f92acab54c367667771b2be7c9059f77b,2023/12/17(日) 19:30
eclat,Web eclat,50代 ラクなのに、きちんと見える「大人の日常着」6選,https://news.yahoo.co.jp/articles/b32810aed2eb413d8367e544c66e6210fa02df5e,2023/12/17(日) 19:03
eclat,Web eclat,50代 しゃれ見え「ふんわり袖」大人かわいいブラウス,https://news.yahoo.co.jp/articles/7bd55707a2d151963fffa60a14d86e5a8258a46e,2023/12/17(日) 8:05
eclat,Web eclat,50代 軽くて暖かい！富岡佳子さんがまとう「大人の極上ダウン」,https://news.yahoo.co.jp/articles/cb3647df312c06f1b6c5e3a8cac3db0c5cc93015,2023/12/16(土) 22:10
eclat,Web eclat,【50代髪型人気ランキングTOP5】冬服と相性抜群！「大人のショートヘア」って？,https://news.yahoo.co.jp/articles/4100ef314e58e4eef28082994dfe7c097874357c,2023/12/16(土) 21:10
eclat,Web eclat,50代 気品のある華やかさ「冬のブラウス」スタイル,https://news.yahoo.co.jp/articles/5dc73d14ac1c0dc22bf75c92472bbdce00ec9804,2023/12/16(土) 20:10
eclat,Web eclat,おしゃれな50代は、デニムもパンツも「美脚ブーツ」で格上げ！,https://news.yahoo.co.jp/articles/32f80492c339c60108bb45579c976baee696b6f7,2023/12/16(土) 19:30
eclat,Web eclat,50代「おしゃれな財布」エルメス、プラダ、グッチなど6選,https://news.yahoo.co.jp/articles/6b6e62499e18b2aaf688d7676b921dcb9167a1e7,2023/12/16(土) 19:05
eclat,Web eclat,50代素敵な女性に見える「大人のドレスアップ」スタイル,https://news.yahoo.co.jp/articles/f30e1bf7f74aa877bfa92f8c6b490038310c14ce,2023/12/16(土) 8:05
eclat,Web eclat,50代、どんな服装にも合う「50代の極上ダウン」5選,https://news.yahoo.co.jp/articles/9840060abb898f1fe93c8c3bf958f80ef5ceaeb8,2023/12/15(金) 22:10
eclat,Web eclat,50代 上品に若返る「こなれショート」簡単にセットできる！,https://news.yahoo.co.jp/articles/433204108315af55ee6a8100611c043267e1684c,2023/12/15(金) 21:10
eclat,Web eclat,50代 ディオール、ジミー チュウ「大人かわいい財布」,https://news.yahoo.co.jp/articles/aa583f8067095dd6dd130603aeea8ae8b2db0fd4,2023/12/15(金) 20:10
eclat,Web eclat,使い続けたい！と思う実力派「50代の化粧水」って？,https://news.yahoo.co.jp/articles/31578c0be11ae6299698f436c3f08f191e8d6831,2023/12/15(金) 19:02
eclat,Web eclat,50代「冬のスニーカー」あか抜けコーデ5選,https://news.yahoo.co.jp/articles/7f9f845ce6d50915140710410f49ceec283d7a48,2023/12/14(木) 22:10
eclat,Web eclat,驚くほど、自然な仕上がり「50代のファンデーション」ベスト3,https://news.yahoo.co.jp/articles/9e57e0986e293628be239d477df1da1b2e72a408,2023/12/14(木) 21:10
eclat,Web eclat,50代がひと目惚れ！ルイ・ヴィトンの「キャリーケース」,https://news.yahoo.co.jp/articles/c5008496ba51a1749dde5f9cf8fea1517cdf18af,2023/12/14(木) 20:10
eclat,Web eclat,豪華客船「クイーン・エリザベス」でいく大人の旅,https://news.yahoo.co.jp/articles/546e6d0a6f8f3edeadac436a790fd4764f0e0849,2023/12/14(木) 19:02
eclat,Web eclat,50代 憧れのダイヤモンド「ピアス＆イヤリング」,https://news.yahoo.co.jp/articles/48c6466706a23b681577ad333872f7a11b09291d,2023/12/13(水) 22:10
eclat,Web eclat,50代 朝、ぬらすだけ！くせ毛は「こなれて見せる」,https://news.yahoo.co.jp/articles/d5dbc90fd24feabf5b699041a3d543adcdd7ecca,2023/12/13(水) 21:10
eclat,Web eclat,【富岡佳子さんの私服】きちんと見えて「リラックスムード」,https://news.yahoo.co.jp/articles/f9412a0c81e620a2716ca393a3fe7aa795c84ecf,2023/12/13(水) 20:10
eclat,Web eclat,50代 週末どこへ行く？おすすめ「映えスポット」新・虎ノ門ヒルズに注目！,https://news.yahoo.co.jp/articles/b61c53ee8128755bac7ab910b80f86bab15326e1,2023/12/13(水) 19:04
eclat,Web eclat,50代 鼻をほぐして！「ショボショボ目」「どんよりぐま」老け見え解消,https://news.yahoo.co.jp/articles/27bbf691ee4300b07fd2d4e1d3bbe01d0437d6e8,2023/12/12(火) 22:10
eclat,Web eclat,50代 華やかで女らしいパール「ネックレス＆ピアス」,https://news.yahoo.co.jp/articles/546e1bd86a82b83128e3ea353cf7479f5a6329ea,2023/12/12(火) 21:10
eclat,Web eclat,50代 モダンな上品さが漂う腕時計「グランドセイコー」,https://news.yahoo.co.jp/articles/d5edf5c9e1c94db800a7ccb0b5cbd418db85590d,2023/12/12(火) 20:10
eclat,Web eclat,効果を実感！50代が使うべき「冬のクリーム」ベスト3,https://news.yahoo.co.jp/articles/b6cfc00ca7168940fcd174405ea5afac14112f10,2023/12/12(火) 19:05
eclat,Web eclat,50代 冬のセンスのいい配色「グレー×白」上品コーデ5選,https://news.yahoo.co.jp/articles/6bf0955c028c1d568e5f21ab7c788cc4564ccbef,2023/12/11(月) 22:10
eclat,Web eclat,50代「モード感あるおしゃれな人」冬の黒ワンピース3選,https://news.yahoo.co.jp/articles/28708bc0c8e09a066acd22d03896209c5860b0d0,2023/12/11(月) 21:10
eclat,Web eclat,2024年は「グレー」の財布でおしゃれも運気もアップ,https://news.yahoo.co.jp/articles/d2e4f2acfc65a94a9fdbee908ec2f95ff6383ca1,2023/12/11(月) 20:10
eclat,Web eclat,50代使わなきゃ損！実力派「美容液」今年のベスト5,https://news.yahoo.co.jp/articles/9c854cd077e4c1b2fdb595ad76848ca32c477f2e,2023/12/11(月) 19:05
eclat,Web eclat,50代 12月に着たい「50代のおしゃれなニット」コーデ5選,https://news.yahoo.co.jp/articles/370f0060f78c53929e74fe042e91e3b820e51bc5,2023/12/10(日) 22:10
eclat,Web eclat,50代プチプラで即しゃれ見え！「ユニクロ・GU」冬のコーデ,https://news.yahoo.co.jp/articles/711b4ea088b1436237b9965c7c3f4bed1c51ecb6,2023/12/10(日) 21:10
eclat,Web eclat,50代 着るものに迷ったら、一枚で着映える「冬のワンピース」3選,https://news.yahoo.co.jp/articles/ea143adde27260367cac4034f14a6bec0a2e3864,2023/12/10(日) 20:10
eclat,Web eclat,【2024年人気ブランドの財布】幸運を引き寄せる「品格ホワイト」5選,https://news.yahoo.co.jp/articles/c850210efe013817898d368b0cc03b2e1f5005db,2023/12/10(日) 19:30
eclat,Web eclat,【韓国ドラマ】ハマる！心が締め付けられる、恋の行方は？！,https://news.yahoo.co.jp/articles/c8e192cd639b6addcba73985d934d3a83b486ed8,2023/12/10(日) 19:01
eclat,Web eclat,一年のご褒美！50代が癒される「冬の旅」非日常を楽しむ,https://news.yahoo.co.jp/articles/deb989bd6d4f30ab8179d26c733c6cc87bddb8fc,2023/12/10(日) 8:05
eclat,Web eclat,50代上品さが際立つ「冬のドレスアップ」3選,https://news.yahoo.co.jp/articles/3bc98a4ddb5a520721393d24f329770843c443b4,2023/12/9(土) 22:10
eclat,Web eclat,【50代髪型人気ランキングTOP5】分け目がポイント！華やぐ冬のショート,https://news.yahoo.co.jp/articles/3a79de53f766748a7587b247da07d823e5ab956e,2023/12/9(土) 21:10
eclat,Web eclat,50代 冬のおしゃれ「12月のニットコーデ」着映えスタイル7選,https://news.yahoo.co.jp/articles/845d6d6874ea41e29f0d91ce9be0214191c8a76b,2023/12/9(土) 20:10
eclat,Web eclat,運気絶好調！ルイ・ヴィトン、エルメスなど「2024年の幸運財布」4選,https://news.yahoo.co.jp/articles/603e5b18ddd3f73aff17cac1875905676ac374de,2023/12/9(土) 19:30
eclat,Web eclat,【韓国ドラマ】イケメン俳優にハマる「珠玉のラブロマンス」,https://news.yahoo.co.jp/articles/7904cc009a49498951802421e2a6dca61cb48d52,2023/12/9(土) 19:04
eclat,Web eclat,50代コートを脱いでもおしゃれ！バルーン袖ブラウス,https://news.yahoo.co.jp/articles/5d0e42f4fd563e0adff5954133ee80670876cadd,2023/12/9(土) 8:05
eclat,Web eclat,50代大人かわいい「キャミワンピース」大人の着こなし6選,https://news.yahoo.co.jp/articles/281913bdb8765b303401a2eea905d13c0a466d2f,2023/12/8(金) 22:10
eclat,Web eclat,50代 老けない、パサつかない「冬のショート」って？,https://news.yahoo.co.jp/articles/98a3897103148b2a9a7cb1901608a7ce3fba7c1f,2023/12/8(金) 21:10
eclat,Web eclat,運気も金運もアップ！絶対欲しい人気ブランド4選「2024年の財布」,https://news.yahoo.co.jp/articles/b343206b97bcb75065266fec4f86f4e6f7903cf3,2023/12/8(金) 20:10
eclat,Web eclat,50代 特別な品格「エルメス」のブレスレット＆腕時計,https://news.yahoo.co.jp/articles/230e057cbd732ec36296218a74b0150537bfe0c6,2023/12/8(金) 19:05
eclat,Web eclat,50代のおしゃれを格上げ「ひと目惚れスカート」,https://news.yahoo.co.jp/articles/65011749bba8976f7c3b24031c7b7d53fd84b2ce,2023/12/7(木) 22:10
eclat,Web eclat,50代 若々しい「こなれショート」毛先長めが女性らしい,https://news.yahoo.co.jp/articles/963a7a92b1618984a0dc34139f79ec5f594b4550,2023/12/7(木) 21:10
eclat,Web eclat,50代が使うべき！究極の「若返りファンデーション」って？,https://news.yahoo.co.jp/articles/e7ff9522d357951b1ab54aa86d613847cdf3abd6,2023/12/7(木) 20:10
eclat,Web eclat,50代 身に着けるだけで幸せ「ティファニー」ブレスレット時計,https://news.yahoo.co.jp/articles/b1289be879abc6218e28588c586e89bb41425186,2023/12/7(木) 19:05
eclat,Web eclat,50代 冬のドレスアップ「華やかなワンピース」2選,https://news.yahoo.co.jp/articles/1c8cb5afdf096f3cd41ce784277cdd7437f04246,2023/12/6(水) 22:10
eclat,Web eclat,50代ひと目惚れ「カシミヤコート」雨の日も着れるはっ水機能,https://news.yahoo.co.jp/articles/f97398c2699d9bde5ada5dbaca7df8c078ec37d6,2023/12/6(水) 21:10
eclat,Web eclat,50代の魅力を格上げ！幸せな気持ちになれる「大人のリップ」,https://news.yahoo.co.jp/articles/b1422a814cea12c144d95beaece84b7c50234544,2023/12/6(水) 20:10
eclat,Web eclat,50代 見惚れる「大人のクリスマスイルミネーション」おすすめスポット9選,https://news.yahoo.co.jp/articles/25a2ea9c55bb044e0558a44a21d1afe6c29d1076,2023/12/6(水) 19:04
eclat,Web eclat,50代 冬コーデが華やぐ「大人の赤」おしゃれに着こなす,https://news.yahoo.co.jp/articles/7033ce3ba7a79ce8685f1d7f28481ca6dea62143,2023/12/5(火) 22:10
eclat,Web eclat,50代 簡単に着やせ「気になる下半身」にはボリュームトップス,https://news.yahoo.co.jp/articles/fb337fb0e82e9dfaf3972f406ab5034d56a63916,2023/12/5(火) 21:10
eclat,Web eclat,50代 肩こり改善！熟睡できる「こだわりの枕」って？,https://news.yahoo.co.jp/articles/d346f5b263c9348becc446307461700a1664383e,2023/12/5(火) 20:10
eclat,Web eclat,【台湾、美食の旅】大人が満足する、注目の名店3選,https://news.yahoo.co.jp/articles/f0ef57bdce3e6c7df16dffde722f638e3003ecaa,2023/12/5(火) 19:02
eclat,Web eclat,50代デニムやスカートに合わせる「冬のスニーカーコーデ」,https://news.yahoo.co.jp/articles/6c80a83ec064be2fd18e92a79b3ff8184c02505f,2023/12/4(月) 22:10
eclat,Web eclat,50代 アイシャドウで若々しい印象！大人に似合う3色って？,https://news.yahoo.co.jp/articles/77abbc5188a237a44ac4359a95acee56333e7856,2023/12/4(月) 21:10
eclat,Web eclat,50代に似合う「品格ワンピース」女優・黒谷友香さんが女らしく着こなす,https://news.yahoo.co.jp/articles/9edb74f6e50f8edb5b1fe8b74d57f9b40919bdb0,2023/12/4(月) 20:10
eclat,Web eclat,冬の絶品料理！必ず喜ばれる「ねぎワンタン」斉風瑞さんがレシピを伝授,https://news.yahoo.co.jp/articles/81158a9f50ca2d2f25650846b27f0855c6e40e87,2023/12/4(月) 19:04
eclat,Web eclat,50代「閉経後の出血」子宮の病気なの？【産婦人科医に聞く】,https://news.yahoo.co.jp/articles/a20dda98cb90f6fd8bf722a94b306c411369b0be,2023/12/3(日) 22:10
eclat,Web eclat,50代に似合う！女らしくてかっこいい「冬のショートヘア」3選,https://news.yahoo.co.jp/articles/dee3e88642ca4b3554d63faee7ad751b82d72b59,2023/12/3(日) 21:10
eclat,Web eclat,50代、確実に着映える「黒ワンピース」大人の品格,https://news.yahoo.co.jp/articles/5751c0c4edd6e4763eb9898f8b54c90247c3c954,2023/12/3(日) 20:10
eclat,Web eclat,50代 着るだけで、大人かわいい「冬のワンピース」5選,https://news.yahoo.co.jp/articles/be75104a776e62984a54f4cafb9ce42e4ca46958,2023/12/3(日) 19:30
eclat,Web eclat,50代、ユニクロ・GUアイテムで「大人の秋冬コーデ」,https://news.yahoo.co.jp/articles/f4782bb11df4ed255cd585fa277c97569aa1ce34,2023/12/3(日) 19:00
eclat,Web eclat,50代「気になる下半身」スカートで簡単に細見え！,https://news.yahoo.co.jp/articles/087e3b1fbf85dc5349dee726bce6949133e0e447,2023/12/3(日) 8:03
eclat,Web eclat,50代に多い足の違和感「歩くと痛くなる」3つの症状,https://news.yahoo.co.jp/articles/616af54f9b8d0d73c3dab117147c5bfdfcf4f29b,2023/12/2(土) 22:10
eclat,Web eclat,【50代髪型人気ランキングTOP5】冬の髪型どうする？「前髪ありショート」で見違える,https://news.yahoo.co.jp/articles/3b9d034a5b52cbb3bd8a2f51b331bde8410cd3c8,2023/12/2(土) 21:10
eclat,Web eclat,50代 圧倒的人気！羽織るだけでしゃれ見え「話題のアウター3選」,https://news.yahoo.co.jp/articles/87f39c75100087f30b67f1092cdfa576f63b0850,2023/12/2(土) 20:10
eclat,Web eclat,50代チクチクしない！「肌触りのいいニット」色ち買い決定！,https://news.yahoo.co.jp/articles/5e37d2cc44524a0ebee91827dc9cd5db78870cf1,2023/12/2(土) 19:30
eclat,Web eclat,50代 冬のおしゃれは「黒カーディガン」があれば上手くいく！,https://news.yahoo.co.jp/articles/9658e12b248a68ada02031fa90d2e940ed748718,2023/12/2(土) 19:00
eclat,Web eclat,50代 暖かくて履き心地が最高！ムートンつきローファー,https://news.yahoo.co.jp/articles/2a52ea6c5d550243ebec431c8bc46c649818726e,2023/12/2(土) 8:04
eclat,Web eclat,50代にちょうどいい華やかさ「ツヤ感スカート」4選,https://news.yahoo.co.jp/articles/11f6b3f26c1a679cc4c53c24952122e78ebf4759,2023/12/1(金) 22:10
eclat,Web eclat,50代 冬服と相性抜群！首もとすっきり「こなれショート」,https://news.yahoo.co.jp/articles/99d01cb22548223866d9254c3d54b74ea5e17ac4,2023/12/1(金) 21:10
eclat,Web eclat,50代 リラクシーな華やかさ「大人の赤」冬映えスタイル3選,https://news.yahoo.co.jp/articles/01fada1768b9ba76d0194b1f9283c3b1aacba2a8,2023/12/1(金) 20:10
eclat,Web eclat,50代 お世話になった方へ「センスが光る贈り物」7選,https://news.yahoo.co.jp/articles/2d6d39ee0b6da5cebc98c9ca1fea3761d496898c,2023/12/1(金) 19:02
eclat,Web eclat,50代特別な日「ワンピース」華やかなスタイル3選,https://news.yahoo.co.jp/articles/bc1a967fed858e1f9f266ae7bfffdfd6cc293223,2023/11/30(木) 22:10
eclat,Web eclat,50代ハイセンスで存在感のある「ダイヤモンドリング」4選,https://news.yahoo.co.jp/articles/220688bd7ece0073666220e32e34bb133dfb25f1,2023/11/30(木) 21:10
eclat,Web eclat,50代 着るだけでおしゃれな「グレー」今年らしい着こなし方って？,https://news.yahoo.co.jp/articles/ab7832c5caf154bc441cccfe9ae3027e6d95baa7,2023/11/30(木) 20:10
eclat,Web eclat,【今行くべきレストラン】青山の人気店『中華風家庭料理 ふーみん』の元オーナーシェフ 斉風瑞さんが開いた一日1組限定ダイニング,https://news.yahoo.co.jp/articles/0ddf3b80cf294c186b924c8e6d5cd1b2a951f2a8,2023/11/30(木) 19:05
eclat,Web eclat,50代「腰痛改善」におすすめのベッドって？ぐっすり眠れる,https://news.yahoo.co.jp/articles/e02211e2292e0a7269bcd754e89b0adcff9d8f66,2023/11/29(水) 22:10
eclat,Web eclat,50代幸運のシンボル「ヴァン クリーフ & アーペル」新作時計,https://news.yahoo.co.jp/articles/aec0cb2f951f4a75b3177200d57285c0e4c68a38,2023/11/29(水) 21:10
eclat,Web eclat,50代 本当に肌に合うクリームって？「価値あるクリーム」16選,https://news.yahoo.co.jp/articles/2c1ceff5f0af9df69008a8a2bbbd10737a196c3f,2023/11/29(水) 20:10
eclat,Web eclat,【松本千登世】究極の1本があればいい「50代におすすめ美容液」,https://news.yahoo.co.jp/articles/187ce24808b46acf99fe5f0a973ace504aa02a20,2023/11/29(水) 19:03
eclat,Web eclat,【更年期】50代から増える「体のかゆみ」なんとかしたい！,https://news.yahoo.co.jp/articles/84f768668d2491bd1e2b99a8d7844180d399edbd,2023/11/28(火) 22:10
eclat,Web eclat,50代、どう着る？冬のトレンドカラーの着こなし方,https://news.yahoo.co.jp/articles/e8939b960c13587b98923805ec8ff73a33941ff1,2023/11/28(火) 21:10
eclat,Web eclat,【50代が読みたい本】三谷幸喜「ボクもたまにはがんになる」,https://news.yahoo.co.jp/articles/7967cd5e55a6b172b24acb13753c13436faf627d,2023/11/28(火) 20:10
eclat,Web eclat,50代メイクが苦手な人も上手くいく「ベージュ」のアイシャドウ,https://news.yahoo.co.jp/articles/6adfdc6b9ef6ca78f6e606626ba556ca8a2ff959,2023/11/28(火) 19:02
eclat,Web eclat,50代、手足にできた「コブ状のしこり」放っておいて大丈夫？,https://news.yahoo.co.jp/articles/d90972b1e212d96f67d8bd31fd00c9fc9331d88a,2023/11/27(月) 22:10
eclat,Web eclat,寒くなる11月下旬なに着る？「50代のニットコーデ」5選,https://news.yahoo.co.jp/articles/29ad344ba8281a890ed1f44fe2dd8f772ab23f9c,2023/11/27(月) 21:10
eclat,Web eclat,50代、大人っぽいムードが漂う「レオパード柄」を着こなす,https://news.yahoo.co.jp/articles/a62cbfc91f913c68e319e84a65f964aed299cce0,2023/11/27(月) 20:10
eclat,Web eclat,50代、たった1色でOK！冬のアイシャドウは「潤いピンク」,https://news.yahoo.co.jp/articles/0a99ed77c84947e629c64c9b49968fa71c43a5a3,2023/11/27(月) 19:04
eclat,Web eclat,50代は疲れやすい「気をつけたい6つの症状」,https://news.yahoo.co.jp/articles/efa85ac8508fbd29856f1692967baa4f3d7ffc79,2023/11/26(日) 22:10
eclat,Web eclat,おしゃれな50代の「秋冬スカート」が素敵！,https://news.yahoo.co.jp/articles/5aaa11b76de34c0fb098a0e36c1d2713fde13921,2023/11/26(日) 21:10
eclat,Web eclat,50代が注目している「上品なボブヘア」って？人気スタイル5選,https://news.yahoo.co.jp/articles/f14b7227d0e9bb7d596fc0fdc48eaf34f5d5a32b,2023/11/26(日) 20:10
eclat,Web eclat,50代のための「ZARAコーデ」おしゃれな人の着こなし5選,https://news.yahoo.co.jp/articles/bdca85dd608581eab74ae01c08e455c9f3c22d84,2023/11/26(日) 19:30
eclat,Web eclat,今買って、長く着回す「50代の冬アイテム」5選,https://news.yahoo.co.jp/articles/d6f5b37171b0fa4d6dc12397ebe118eb6b04b378,2023/11/26(日) 19:02
eclat,Web eclat,50代「使えるトップス」着るだけでおしゃれ！,https://news.yahoo.co.jp/articles/27a36bbf7f18269a538b1ad1d41ae02e5fcd26d9,2023/11/26(日) 8:04
eclat,Web eclat,50代「手指のしびれ・痛み」その違和感、見逃さないで！,https://news.yahoo.co.jp/articles/85bbcc0204c9178f3e915d6a779ae115219e0920,2023/11/25(土) 22:10
eclat,Web eclat,【50代髪型人気ランキングTOP5】おしゃれな50代「大人のこなれショート」に変身！,https://news.yahoo.co.jp/articles/333a2c43c892f4ae4b72db0d9e353a5bd9933ec8,2023/11/25(土) 21:10
eclat,Web eclat,50代絶対、欲しい「大人のスカート」抜群に着映える17選,https://news.yahoo.co.jp/articles/5650c81c4ac38d1b2ac4a71f2e0adeea054b08f2,2023/11/25(土) 20:10
eclat,Web eclat,おしゃれな50代「どこの服？」と聞かれる、センスのいいブランド,https://news.yahoo.co.jp/articles/4d77b5d23b1a0f63a9bee180b9d238b376a14c1e,2023/11/25(土) 19:30
eclat,Web eclat,50代 秋から冬へ「気温15度の服装」何を着る？おすすめコーデ7選,https://news.yahoo.co.jp/articles/c61d627730101107931262b46356a3f4d3e9b99c,2023/11/25(土) 19:03
eclat,Web eclat,50代品よく攻める「レオパード柄」大人のムード,https://news.yahoo.co.jp/articles/d4ab0858323af0dafdb066d5767c56d61d95d679,2023/11/25(土) 8:04
eclat,Web eclat,50代かっこよく着映える「大人のワンピース」上品な雰囲気,https://news.yahoo.co.jp/articles/d5db25392373864325298c88012ceb243e641101,2023/11/24(金) 22:10
eclat,Web eclat,50代 前髪の分け目がポイント！ふんわり華やか「こなれショート」,https://news.yahoo.co.jp/articles/03e2e27e9340908b427c022352515b148b0fdfeb,2023/11/24(金) 21:10
eclat,Web eclat,50代着膨れ感なし！上品なカラーのダウンジャケット,https://news.yahoo.co.jp/articles/78f8ad8cdc1f821f39c531de2e9ac5906959c7ad,2023/11/24(金) 20:10
eclat,Web eclat,50代アイシャドウは何色を選ぶのが正解？目もとが際立つカラー,https://news.yahoo.co.jp/articles/44c760feb450549058b375ebef761e7354ec6611,2023/11/24(金) 19:02
eclat,Web eclat,「ガン」と告げられたら...。50代が知っておきたいお金や補助のこと,https://news.yahoo.co.jp/articles/f1fb39ce9c91afc1925db22a78c19acc649f0a2e,2023/11/23(木) 22:10
eclat,Web eclat,50代抜群におしゃれ「華やぎニット＆カーディガン」15選,https://news.yahoo.co.jp/articles/181162c1d3ce398ea3079937e74d06787667a591,2023/11/23(木) 21:10
eclat,Web eclat,50代、モダンな品格「大人の赤」富岡佳子さんの着こなし,https://news.yahoo.co.jp/articles/12efb43076a5b8a789ab338968f85ae76ec2c5b3,2023/11/23(木) 20:10
eclat,Web eclat,【冬の京都】まだ知らない魅力が満載！“冬の風物詩”に出会える,https://news.yahoo.co.jp/articles/f4e5f757a0e1b556af6bf9836cf3c586514f1c0c,2023/11/23(木) 19:00
eclat,Web eclat,50代「上品グレージュ」にひと目惚れ！360度大人かわいい,https://news.yahoo.co.jp/articles/72ec68b1bf9d24b7151ddb694040582b272ecd71,2023/11/22(水) 22:10
eclat,Web eclat,50代 一生使いたい「最愛の腕時計」人気ブランド8選,https://news.yahoo.co.jp/articles/9efa46ee27ccd9ca59b53d3396ed6ff9a2d39486,2023/11/22(水) 21:10
eclat,Web eclat,50代 女らしくてきちんと見え「大人のワンピース」スタイル,https://news.yahoo.co.jp/articles/ea8aae75fc015a3bfd255b127d55b8d9a09d8eae,2023/11/22(水) 20:10
eclat,Web eclat,50代実演メイク！絶対に使いたい「KATEパレット＆リップモンスター」,https://news.yahoo.co.jp/articles/f0840be79f8180f0ff2b47cad1a213509c14b0ba,2023/11/22(水) 19:04
eclat,Web eclat,40代後半～50代「乳がん」どう対処し、乗り越え、自分らしく生きるか,https://news.yahoo.co.jp/articles/85ce735fd947ccbb6c63553b80602a8d444cc214,2023/11/21(火) 22:10
eclat,Web eclat,50代 女性らしい雰囲気「素敵なダウン」冬のスカートスタイル,https://news.yahoo.co.jp/articles/d88ac22b143b8654ce4f654e922be2139a004d95,2023/11/21(火) 21:10
eclat,Web eclat,50代 上品に華やぐ「大人のバングル4選」リッチな装い,https://news.yahoo.co.jp/articles/89f436484f25d07c4d9c74c4691f3c593497dd61,2023/11/21(火) 20:10
eclat,Web eclat,50代スキンケアの締めは「大人のクリーム」冬の6選,https://news.yahoo.co.jp/articles/62040794b1c6b05814290c5f6895091bd1f7a9d1,2023/11/21(火) 19:03
eclat,Web eclat,50代抜群におしゃれ！センスのいい「ブーツスタイル」6選,https://news.yahoo.co.jp/articles/212750c5a87e23005ac8bfafa4fdf60b20dcc80c,2023/11/20(月) 22:10
eclat,Web eclat,50代 一生、自分の足で歩くために。習慣にしたい「2つのこと」,https://news.yahoo.co.jp/articles/e53960c35e6dd5f7e9103501ef02f1bb83706ebf,2023/11/20(月) 21:10
eclat,Web eclat,50代 特別な「冬の京都」この時期しか見られない！寺院の“特別公開”,https://news.yahoo.co.jp/articles/bc031c9dda50a94779734824060472d57b053db6,2023/11/20(月) 20:10
eclat,Web eclat,50代、クリームはどれを使うべき？大人の肌を満たす4選,https://news.yahoo.co.jp/articles/bd4b5c04cc10964b6aa811ddf8298d11e87590e3,2023/11/20(月) 19:04
eclat,Web eclat,50代「4大ブランドのダウン」で着映える冬のおしゃれ！,https://news.yahoo.co.jp/articles/081ea13cd9aaef7ba002017d591024d72a572e32,2023/11/19(日) 22:10
eclat,Web eclat,50代 短くても女らしくて華やか「冬のショート＆ボブ」6選,https://news.yahoo.co.jp/articles/73923a13abe75f461346916b0917b6c348a7792d,2023/11/19(日) 21:10
eclat,Web eclat,50代 上品で可愛らしい「秋冬ワンピース」着映えスタイル,https://news.yahoo.co.jp/articles/92e6e1dc0d94fa7e8d8b9a4ed1d2f4b45c28057f,2023/11/19(日) 20:10
eclat,Web eclat,50代 即しゃれ見え！絶対に気映える「5つの組合せ」って？,https://news.yahoo.co.jp/articles/920a2dcf71fce45aba50166d0ab635cfad14510c,2023/11/19(日) 19:30
eclat,Web eclat,50代 ZARAアイテムでおしゃれ度アップ！秋冬コーデ,https://news.yahoo.co.jp/articles/1e014c817acec94c96569f0e4fda6f6dd540f590,2023/11/19(日) 19:01
eclat,Web eclat,50代スカートもパンツも相性抜群！争奪戦になる「話題のショートダウン」,https://news.yahoo.co.jp/articles/888f963f3145fb53a27afaad839bd972dde65028,2023/11/19(日) 8:04
eclat,Web eclat,50代 羽織るだけでおしゃれ！ふわふわの肌触り「大人気アウター」,https://news.yahoo.co.jp/articles/9cea924c27ae5a5eae8f221039ae0fb7f52c8e0b,2023/11/18(土) 22:10
eclat,Web eclat,【50代髪型人気ランキングTOP5】若作りに見えない「失敗しない前髪の作り方」,https://news.yahoo.co.jp/articles/a290c35add1fb60f133c78e6e643cf4163e1ed27,2023/11/18(土) 21:10
eclat,Web eclat,50代 女らしく着映える「センスのいいグレー」スタイル10選,https://news.yahoo.co.jp/articles/b84cf373b12c056adf158b7a9c9baee6a55ef343,2023/11/18(土) 20:10
eclat,Web eclat,50代 注目度も女らしさもNo.1！ 最旬ツイードスカート4選,https://news.yahoo.co.jp/articles/8c73a6b72c6e09c409845b4d9bafc53d4ef499f5,2023/11/18(土) 19:30
eclat,Web eclat,50代が最高に着映える「ブラウン×グレー」スタイル3選,https://news.yahoo.co.jp/articles/92f371c8505eedffd7cbf2070b285da0e6c3ddf4,2023/11/18(土) 19:03
eclat,Web eclat,50代 秋冬のワンピースは「重ねてこなれる」大人のスタイル,https://news.yahoo.co.jp/articles/7866e60a715bc879b69bfe44fb788d9b653e0b36,2023/11/18(土) 8:05
eclat,Web eclat,50代、秋冬はスカートで着映える！定番トップスを合わせるだけ,https://news.yahoo.co.jp/articles/1941043b6f0d1456ad7814451f577057aa6c0f58,2023/11/17(金) 22:10
eclat,Web eclat,50代 今年のショートブーツは1択！色・ディテールが決め手,https://news.yahoo.co.jp/articles/ea1431d0b30ca11cbb250fbe5463509edf7c7d68,2023/11/17(金) 21:10
eclat,Web eclat,50代ブレンダの「美しくいるため」のセルフケアを大公開,https://news.yahoo.co.jp/articles/52c855898bef25a5a408b245f446819e9318d613,2023/11/17(金) 20:10
eclat,Web eclat,タレント・青木さやかさんが語る「がん」世界が一瞬で色を失った,https://news.yahoo.co.jp/articles/4e7f40fe6286193a903151fb612e0fc2d8dc560f,2023/11/17(金) 19:02
eclat,Web eclat,50代 一生使いたい腕時計「ロレックス」「パテック フィリップ」,https://news.yahoo.co.jp/articles/5bc0d9c442943b8b97696cac4e3c9a7affcd3a81,2023/11/16(木) 22:10
eclat,Web eclat,50代くせ毛を生かした「こなれショート」まとまりやすくなる,https://news.yahoo.co.jp/articles/64a55d77f065b2336ae0af6dd532b96a8f2800a9,2023/11/16(木) 21:10
eclat,Web eclat,秋の京都・奈良「ラグジュアリーホテル」に泊まる大人の旅,https://news.yahoo.co.jp/articles/bfcca69747342d1a9af60d4dcf03967e3d5e5c60,2023/11/16(木) 20:10
eclat,Web eclat,読書の秋、50代女性に読んで欲しい「おすすめの7冊」,https://news.yahoo.co.jp/articles/662e2cde01ea581b71ca4a882cb65b197a3c531d,2023/11/16(木) 19:04
eclat,Web eclat,50代 秋から冬へ。シルエットがきれいな「着映えニット」,https://news.yahoo.co.jp/articles/d83dd7cfaecaee5535c687564855f92f1f67a657,2023/11/15(水) 22:10
eclat,Web eclat,50代 ふんわり大人かわいい印象「こなれショート」,https://news.yahoo.co.jp/articles/b4a51ed510a60ed35ccd2de40a319b6f8f795fbe,2023/11/15(水) 21:10
eclat,Web eclat,ロングブーツの気分！50代は「太筒シルエット」を選んで,https://news.yahoo.co.jp/articles/8f133aae816244c9f0ec2781acc87ef0fd3a0118,2023/11/15(水) 20:10
eclat,Web eclat,50代がときめく「焼き菓子」缶クッキー、カヌレ、マドレーヌ8選,https://news.yahoo.co.jp/articles/8d074f3b444d8d596aca81cb8d03f1b2196bcbf4,2023/11/15(水) 19:04
eclat,Web eclat,50代 大人気「3WAYダウンジャケット」気楽に着られておしゃれ！,https://news.yahoo.co.jp/articles/b5522e0667a6919ad2161d3aa637d275567845b6,2023/11/14(火) 22:10
eclat,Web eclat,50代、今年のブーツはどれを選べばいい？,https://news.yahoo.co.jp/articles/6e6adaf730cf4e08b1520f100a5895420b898225,2023/11/14(火) 21:10
eclat,Web eclat,50代 老け見え、疲れ見え「くまを薄くしたい」簡単な解消法とは？,https://news.yahoo.co.jp/articles/45ea9bbca47c97fae50a4ac51f381db5ff9822c1,2023/11/14(火) 20:10
eclat,Web eclat,50代 小さい・軽い・機能的「スーツケース12選」機内持ち込みOK！,https://news.yahoo.co.jp/articles/6cdb0d0779305f81456007a70ed2e671d11d79e1,2023/11/14(火) 19:04
eclat,Web eclat,50代 冬から春先まで使える！ふんわり袖が女性らしいニット,https://news.yahoo.co.jp/articles/378654038a7ca9832204de950ee83682909164fc,2023/11/13(月) 22:10
eclat,Web eclat,50代リッチな存在感「レオパード柄スカート」大人の華やかさ,https://news.yahoo.co.jp/articles/058de06d17d30460c0a9b3eae9ceda75bc3481fc,2023/11/13(月) 21:10
eclat,Web eclat,50代ほうれい線を浅くするには「3つの場所をほぐす！」,https://news.yahoo.co.jp/articles/a6ae30f1b86ca292611388926e875062fe47a633,2023/11/13(月) 20:10
eclat,Web eclat,50代の品格時計「カルティエ」新作ブレスレットウォッチ,https://news.yahoo.co.jp/articles/4f1d678139a3653568a04ddd24761c811eb4dc9d,2023/11/13(月) 19:03
eclat,Web eclat,50代絶対欲しい！「大人のタイトスカート」こなれコーデ4選,https://news.yahoo.co.jp/articles/e99815706dd3545e620b601e68b3256b06eb08e0,2023/11/12(日) 22:10
eclat,Web eclat,おしゃれな50代がイメチェン！上品で華やか「素敵なショートヘア」,https://news.yahoo.co.jp/articles/49c5517197d523d7d0c3fcaa69302de91cf8bf43,2023/11/12(日) 21:10
eclat,Web eclat,50代「注目の秋冬スカート」 柄や素材で気映える！,https://news.yahoo.co.jp/articles/8c04d7d9a3dd41a7ab1afb33a51c647b19e15612,2023/11/12(日) 20:10
eclat,Web eclat,50代 女らしく着映える「大人の黒」スカート＆ワンピース,https://news.yahoo.co.jp/articles/dfede53ad9a71471cb494a5e10d507d658cbe30b,2023/11/12(日) 19:30
eclat,Web eclat,50代 肌ざわり最高！かわいさ満点「スニーカー＆バッグ」,https://news.yahoo.co.jp/articles/5d5e4652bef74d2517f508c66d804295a8053827,2023/11/12(日) 19:03
eclat,Web eclat,50代おしゃれプロが選ぶ！本当に使える「今年のブーツ」3選,https://news.yahoo.co.jp/articles/bd5245cb3792ee4a1a80375730a172e623550318,2023/11/12(日) 8:04
eclat,Web eclat,50代 即しゃれ見え！パンツスタイルに何を合わせればいい？,https://news.yahoo.co.jp/articles/2bf0103abd26e6cbb8f08ee10702e2d51db52281,2023/11/11(土) 22:10
eclat,Web eclat,【50代髪型人気ランキングTOP5】髪の長さ別「あか抜けスタイル」って？,https://news.yahoo.co.jp/articles/1c728f0b056d889c74233284807a4c8614bc8306,2023/11/11(土) 21:10
eclat,Web eclat,50代が買うべき「ショートコート」どんなボトムとも相性抜群！,https://news.yahoo.co.jp/articles/c2c67eb3412457b3a4e53c6fa7900355d6e508f9,2023/11/11(土) 20:10
eclat,Web eclat,50代 大人かわいい「秋冬ワンピース」ラクなのに上品見え,https://news.yahoo.co.jp/articles/ba1415d7a5bcfb613ea089a03badb55da15f3502,2023/11/11(土) 19:30
eclat,Web eclat,50代 絶対使える「万能ワンピース」センスのいい着こなし方4選,https://news.yahoo.co.jp/articles/484018a9a0d86538baeed1ff58c35df5161d8d3f,2023/11/11(土) 19:05
eclat,Web eclat,50代 履きやすくて、歩きやすい！秋一番に欲しい「ロングブーツ」,https://news.yahoo.co.jp/articles/50c41931f591f8ec1b6872de8028eefb388dbfd9,2023/11/11(土) 8:03
eclat,Web eclat,50代 秋から冬へ、暖かくておしゃれなカーディガン＆ワンピース,https://news.yahoo.co.jp/articles/c6df52d568e6daca37f6f6278b1b204fe8edb8d7,2023/11/10(金) 22:10
eclat,Web eclat,50代 呼吸がしにくい...鼻の通りをよくして「呼吸を楽にする方法」,https://news.yahoo.co.jp/articles/2336a5f1364dab1966fbd1ba4ca153fae315ee55,2023/11/10(金) 21:10
eclat,Web eclat,50代 おなか、お尻、太ももが気にならない！秋冬のスカートって？,https://news.yahoo.co.jp/articles/56de4a4013b6d9eb08bf6cd262dc8b26ae42061b,2023/11/10(金) 20:10
eclat,Web eclat,50代おしゃれプロが愛用している「ロングブーツ」って？,https://news.yahoo.co.jp/articles/1164a8180fea1d6ce5b81b61459cf7a3aa0870ae,2023/11/10(金) 19:05
eclat,Web eclat,50代 シャネル・ティファニー・ブシュロンほか5選「ダイヤモンドジュエリー」,https://news.yahoo.co.jp/articles/8cb73e4ef872f953bedade46577a2e5cda8352da,2023/11/9(木) 22:10
eclat,Web eclat,50代 身につけるだけで気分が上がる！超人気バッグ＆スニーカー,https://news.yahoo.co.jp/articles/42abbe23da5b3c8d8bee7a5dd6ecafabfc740e98,2023/11/9(木) 21:10
eclat,Web eclat,50代「鼻の下が長くなった」「小鼻が広がった」加齢による変化をチェック！,https://news.yahoo.co.jp/articles/c89150dc711e9e9c4a9211c9e306e645493d4008,2023/11/9(木) 20:10
eclat,Web eclat,50代 注目のツイード「秋色スカート」今っぽいムード,https://news.yahoo.co.jp/articles/204389db36c230fc2d8251898e8a73b52a7ff584,2023/11/9(木) 19:04
eclat,Web eclat,おしゃれな50代は「カーディガン」の着こなし方が素敵！,https://news.yahoo.co.jp/articles/ae15ebc5d4d93bb324b9d80c2bf127b3c6cd1487,2023/11/8(水) 22:10
eclat,Web eclat,50代お疲れサイン「疲れ目」そのままにしないで、 即解消！,https://news.yahoo.co.jp/articles/db62f4883184531c1b58893b7f9f6a117c3f489e,2023/11/8(水) 21:10
eclat,Web eclat,50代「ひと目惚れバッグ」ちょうどいい可愛さとエレガントさ,https://news.yahoo.co.jp/articles/4f50cd5e873eb1a587e20b973de416f5f7e29d4b,2023/11/8(水) 20:10
eclat,Web eclat,50代 黒やグレーの服に合わせる「上級者ブーツ」って？,https://news.yahoo.co.jp/articles/119614af68caba31393904c0c705ed36823a4c1c,2023/11/8(水) 19:04
eclat,Web eclat,50代 軽くて暖かい「しゃれ見えコート」スタイル映えする2選,https://news.yahoo.co.jp/articles/76a23e04e0ab01850b2ae23dd3d81797ac79db23,2023/11/7(火) 22:10
eclat,Web eclat,50代 シンプルだけど”センスのいい”大人カジュアル,https://news.yahoo.co.jp/articles/f5e090f4008e1fbc861dbaf7a9a87d1fdd076a25,2023/11/7(火) 21:10
eclat,Web eclat,50代 堅苦しくない、きちんと感「ニットジャケット」,https://news.yahoo.co.jp/articles/5341106fd428100af588596d46a8db60e32297ab,2023/11/7(火) 20:10
eclat,Web eclat,50代女性に読んで欲しい！ベストセラー続出「ブレイディみかこ」ほか4冊,https://news.yahoo.co.jp/articles/39d50030d160ee0777be8434c5c88bd645aea8f6,2023/11/7(火) 19:02
eclat,Web eclat,50代 贅沢なボリューム感のエコファー「大人気コート2選」,https://news.yahoo.co.jp/articles/862457f904271260e43a09462da18050296620f3,2023/11/6(月) 22:10
eclat,Web eclat,50代服選びのポイントって？しゃれ見えする着こなし方,https://news.yahoo.co.jp/articles/61af3409df876eaad862fa649a9c2a41b8414f34,2023/11/6(月) 21:10
eclat,Web eclat,50代 知的にしゃれ見え！グレー×ブラウンの上品コーデ,https://news.yahoo.co.jp/articles/63e4305693e646eb435766493d1bac82a65f4b79,2023/11/6(月) 20:10
eclat,Web eclat,50代 シックでエレガント「大人の腕時計」ジュエリーのような上品さ,https://news.yahoo.co.jp/articles/8732b4f69d5bffa507dbd7e1d2a00044cb8e660d,2023/11/6(月) 19:05
eclat,Web eclat,50代「大人の極上アウター」富岡佳子さんが着こなす3選,https://news.yahoo.co.jp/articles/f64cf08a8692a5e64dd213983741f1732c65983f,2023/11/5(日) 22:10
eclat,Web eclat,50代 上品で華やかな「大人のスカート」スタイル,https://news.yahoo.co.jp/articles/69b1585cb04c3b8b070752439a2855832fbfeccd,2023/11/5(日) 21:10
eclat,Web eclat,50代 優しい女性に見える「グレージュ」おすすめアイテム4選,https://news.yahoo.co.jp/articles/90f9a54e4129be7a43917ad9ad6ba0de215efa7a,2023/11/5(日) 20:10
eclat,Web eclat,50代 女らしく決まる「秋冬スニーカー」スカートに合わせたい,https://news.yahoo.co.jp/articles/3ea1e8b7b263de3bff62bc55800bbb9fc1b97152,2023/11/5(日) 19:30
eclat,Web eclat,【韓国ドラマ】毎回号泣！全世界で話題沸騰のドラマ,https://news.yahoo.co.jp/articles/0712a1dc8ea1171608618aa5b30668e67eea713c,2023/11/5(日) 19:00
eclat,Web eclat,50代 完売前に欲しい！極上の着心地カシミヤ「タートルニット」,https://news.yahoo.co.jp/articles/2f00c176ca3342dcb5524eac796efd3e9a9e58af,2023/11/5(日) 8:03
eclat,Web eclat,50代、一番欲しい「ウールコート5選」今年らしい着こなし,https://news.yahoo.co.jp/articles/8430d1d731be7035bc961241e6b9edcccde46d38,2023/11/4(土) 22:10
eclat,Web eclat,【50代髪型人気ランキングTOP5】失敗しない！大人の前髪スタイル,https://news.yahoo.co.jp/articles/3d9d2eb488fbdb338a2fd97cbbbdf1e39a4fa225,2023/11/4(土) 21:10
eclat,Web eclat,50代 女らしく着映える「センスのいい配色」コーデ3選,https://news.yahoo.co.jp/articles/2414c4fc0b385d0e658b93c296cf378dab1043f5,2023/11/4(土) 20:10
eclat,Web eclat,50代 一枚でも、重ねても素敵「シャツ・ブラウス」11月コーデ8選,https://news.yahoo.co.jp/articles/53f59c2313ed15512c690856305e12e4e16bf2f9,2023/11/4(土) 19:30
eclat,Web eclat,【韓国ドラマ】見始めたら、絶対ハマる！「ラブコメディー」,https://news.yahoo.co.jp/articles/0763b6434c94e51de3065c02ceefa0bbfd03ec1d,2023/11/4(土) 19:02
eclat,Web eclat,50代 悩んだらセンスのいいグレーを選んで「おしゃれ小物」4選,https://news.yahoo.co.jp/articles/8a81cfc25dea304408c633a0af21ae875a2da202,2023/11/4(土) 8:04
eclat,Web eclat,50代、女らしくてあか抜けてる「ケープコート」3選,https://news.yahoo.co.jp/articles/1d2f43d06f6f209073be0df3c4221d545d912501,2023/11/3(金) 22:10
eclat,Web eclat,【富岡佳子】大人が持てるエレガントな「バックパック」,https://news.yahoo.co.jp/articles/e96034a2d697d5bee17caeacd3f3662990b86bba,2023/11/3(金) 21:10
eclat,Web eclat,【韓国ドラマ】笑える！見ないと損する「キュートなコメディ」,https://news.yahoo.co.jp/articles/1d6f1bb7562dadcf6715e73da16a664cdf1f9638,2023/11/3(金) 20:10
eclat,Web eclat,50代 有名ホテルのシェフによる特別な「クリスマスケーキ」6選,https://news.yahoo.co.jp/articles/5477f956eb1e72893f375d57f1e7e07881af3fff,2023/11/3(金) 19:03
eclat,Web eclat,50代 上品な雰囲気とこなれ感！大人のボアコート3選,https://news.yahoo.co.jp/articles/79743de4f5ffb2d27b20b680038d3b8a5d6237e7,2023/11/2(木) 22:10
eclat,Web eclat,50代が挑戦したい「甘辛コーデ」センスのいいカラー合わせ,https://news.yahoo.co.jp/articles/598c14b63d5b2e32d8269213caefde1cc6237db9,2023/11/2(木) 21:10
eclat,Web eclat,50代のメイクは「ポイントは2つ」顔立ちが激変！,https://news.yahoo.co.jp/articles/5f533fdb5fe7bdaf05ec699f86fbe804b129ec2a,2023/11/2(木) 20:10
eclat,Web eclat,50代が読むべき、芥川賞候補作に選ばれた「おすすめ本」,https://news.yahoo.co.jp/articles/e557bc301d62afcf0932bff55740d2d5ca532ea6,2023/11/2(木) 19:05
eclat,Web eclat,【井川遥】秋服に映えるネックレスコーデ6選,https://news.yahoo.co.jp/articles/4afca4f726f3bf84d01e38d818f3a3a1880e2059,2023/11/1(水) 22:10
eclat,Web eclat,50代 上品でカジュアルな「スニーカースタイル」女性らしい着こなし,https://news.yahoo.co.jp/articles/317cec8c2747269c1c0585829af9c1f1fc842d0b,2023/11/1(水) 21:10
eclat,Web eclat,50代軽くて機能的な「スーツケース」機内持ち込みOK,https://news.yahoo.co.jp/articles/2dbdba8136db7ecf664a2c149d8bb3d0b1217630,2023/11/1(水) 20:10
eclat,Web eclat,50代 絶対に欲しい！素敵すぎる「ホリデーコスメ」厳選5選,https://news.yahoo.co.jp/articles/f126a738811e005b584d2f8353518c64f7ed4e54,2023/11/1(水) 19:03
eclat,Web eclat,50代 ジャケットできちんと感「オフィスコーデ」4選,https://news.yahoo.co.jp/articles/6b1e368336a814555b9d10e33b4d0aa82c42ed48,2023/10/31(火) 22:10
eclat,Web eclat,50代がきれいに見える「絶妙Vネック」褒められるセットアップ,https://news.yahoo.co.jp/articles/7ef6d525c78a57a5b80400d46d93e687598fac8c,2023/10/31(火) 21:10
eclat,Web eclat,50代「あなたの足のタイプは？」正しい靴選びの方法,https://news.yahoo.co.jp/articles/75844790e3115e55bca49401489e5c10842a405d,2023/10/31(火) 20:10
eclat,Web eclat,50代、表情まで若返る「変身メイク」って？,https://news.yahoo.co.jp/articles/e62c64ffdbd58915c2a16127d1452b29574e43ce,2023/10/31(火) 19:05
eclat,Web eclat,50代の定番カラー「グレー」ワンランク上の着こなし方って？,https://news.yahoo.co.jp/articles/55e0a1ce354e7f0011d5a0c04024cff117530f8d,2023/10/30(月) 22:10
eclat,Web eclat,50代から始めて！一生歩ける足をつくる「簡単エクササイズ」,https://news.yahoo.co.jp/articles/ae041374aa6136c7dc675df70f68c722d8783f17,2023/10/30(月) 21:10
eclat,Web eclat,50代 たった2アイテムで「鼻がすっと高く見える」簡単メイクテク,https://news.yahoo.co.jp/articles/3ed73f03a571110592e27df1e9b86a9680e380fb,2023/10/30(月) 20:10
eclat,Web eclat,人気女優・板谷由夏さん御用達「センスが光る贈り物」,https://news.yahoo.co.jp/articles/dc2e9a1ea7df5aa7ac38f94622cd1bb4d2eb220a,2023/10/30(月) 19:04
eclat,Web eclat,50代 きれい見え＆こなれ感なら「ミドル丈コート」一択！,https://news.yahoo.co.jp/articles/9fe5b76df600692265f5076e466c505913dd9a3b,2023/10/29(日) 22:10
eclat,Web eclat,50代 上品なシルエット「大人のボブヘア」ほめられスタイル5選,https://news.yahoo.co.jp/articles/d24a9f39dbedac4f23b5e47e10452fbe246a4af2,2023/10/29(日) 21:10
eclat,Web eclat,50代「ユニクロ」アイテムで着映える！大人の秋スタイル,https://news.yahoo.co.jp/articles/116840f0595ae909cda226ff2c098bfc15adb8ce,2023/10/29(日) 20:10
eclat,Web eclat,おしゃれな50代は「秋スカート」をどう着こなす？,https://news.yahoo.co.jp/articles/fba62efb54e8fb6bfdc6d4d43a9a5fcaf7298a3d,2023/10/29(日) 19:30
eclat,Web eclat,50代センスのいい「ショートブーツ」って？おしゃれコーデ3選,https://news.yahoo.co.jp/articles/35ea9f3dc34541963630db28ba07c72cd73efd0b,2023/10/29(日) 19:02
eclat,Web eclat,50代 完売前に欲しい！秋冬に履きたい「白スニーカー」,https://news.yahoo.co.jp/articles/7fc56ce9acd3a15776bdaece7c8af4287eda3bbf,2023/10/29(日) 8:03
eclat,Web eclat,50代 女らしく着映える「秋冬パンツ」美脚スタイル6選,https://news.yahoo.co.jp/articles/9cec86522b64af0d4252c50ed6afa29ed579290b,2023/10/28(土) 22:10
eclat,Web eclat,【50代髪型人気ランキングTOP5】若見えをかなえるヘアスタイルって？,https://news.yahoo.co.jp/articles/34e0cbc3fd949ea25a3365ec8044f50901b5387c,2023/10/28(土) 21:10
eclat,Web eclat,50代「足のしびれ・違和感」「足指のつけ根の痛み」放っておかないで！,https://news.yahoo.co.jp/articles/cc5bdf4ef7fee1908ad2d184d5beb42bad024d5e,2023/10/28(土) 20:10
eclat,Web eclat,50代センスよく見せる「秋冬スタイル」着映えの法則って？,https://news.yahoo.co.jp/articles/31f459a14380756b25724392c4ed75c7d61bcc33,2023/10/28(土) 19:30
eclat,Web eclat,50代に選ばれる、秋の主役「ワンピース」3選,https://news.yahoo.co.jp/articles/1676dfce3dc09326cc3b9bb147b276d2d9131be3,2023/10/28(土) 19:03
eclat,Web eclat,50代 スタイル映え「3割増しパンツ」女らしくて、こなれてる,https://news.yahoo.co.jp/articles/0d2e04a3f83d7b71457a75bff2f06a7adf278e85,2023/10/28(土) 8:04
eclat,Web eclat,50代秋服に映える「ネックレス」カルティエ、ティファニーなど6選,https://news.yahoo.co.jp/articles/cbc3d8004d3ed1ac1188a4eebc38ed005ef8e630,2023/10/27(金) 22:10
eclat,Web eclat,50代 上品なリラックス感「カーディガン」＆「ニットパンツ」,https://news.yahoo.co.jp/articles/073487bda0be9296dd1ec1295505ea7fc38d3288,2023/10/27(金) 21:10
eclat,Web eclat,50代 効果絶大「ハイライト」の使い方って？,https://news.yahoo.co.jp/articles/acb8c31a5f397c4e26003994d503e5734799c90e,2023/10/27(金) 20:10
eclat,Web eclat,50代センスのいい贈り物「エルメス」のあぶらとり紙,https://news.yahoo.co.jp/articles/dfad4415f5858572a7bb38ef6d868c9426807342,2023/10/27(金) 19:03
eclat,Web eclat,50代リラクシーできれいめ「デイリーパンツ」毎日はきたい！,https://news.yahoo.co.jp/articles/b0ea11c9d0dbc82ddc7411ea45597ed32099d536,2023/10/26(木) 22:10
eclat,Web eclat,50代 輪郭キュっと引き締め「小顔」に見せる簡単メイクテク,https://news.yahoo.co.jp/articles/419d41b5747b7065263bbe98340f6755e1801511,2023/10/26(木) 21:10
eclat,Web eclat,50代センスのいい「ワントーンコーデ」でおしゃれ上級者！,https://news.yahoo.co.jp/articles/4e264bca94a4dfaa58f1deabb8401b0102f8fc44,2023/10/26(木) 20:10
eclat,Web eclat,50代 一日へたれない秋冬ファンデーションって？おすすめ11選,https://news.yahoo.co.jp/articles/e7b28fc8fbf72ddc51a458de4a78cc4e2d5487b2,2023/10/26(木) 19:05
eclat,Web eclat,50代優しい雰囲気「女らしいピンク」のニットコーデ,https://news.yahoo.co.jp/articles/7ad004f7dcdd616da6dabf13ede3d8475f2bbb3d,2023/10/25(水) 22:10
eclat,Web eclat,50代たった3つのアイテムで 激変「簡単メイクテク」,https://news.yahoo.co.jp/articles/94690960734d6c048df84f25dee095cdf6a745f2,2023/10/25(水) 21:10
eclat,Web eclat,50代「今どきゴルフウエア」防寒もしゃれ見えも！,https://news.yahoo.co.jp/articles/cb4a3dcf5476af4659c5e06428a447d4d7827664,2023/10/25(水) 20:10
eclat,Web eclat,50代可愛すぎる「ホリデーコフレ」にワクワクが止まらない！,https://news.yahoo.co.jp/articles/200be291be73fe4cc6458fd4dcf5fc7ac972077c,2023/10/25(水) 19:04
eclat,Web eclat,50代 こなれた雰囲気！シンプルなのに着映える「大人カジュアル」,https://news.yahoo.co.jp/articles/faa7356653968c307c8fbc1ac63bb069b94b24db,2023/10/24(火) 22:10
eclat,Web eclat,50代 羽織るだけで華やか「大人のツイード」スタイル4選,https://news.yahoo.co.jp/articles/18730edb58c12db41d6aed086eca52c5133ccb9a,2023/10/24(火) 21:10
eclat,Web eclat,50代 気温23度の服装「秋のおしゃれコーデ」10選,https://news.yahoo.co.jp/articles/88e30328adc5bc6abb865846919fc669adf480b9,2023/10/24(火) 20:10
eclat,Web eclat,50代「使えるバッグ」軽くて、おしゃれで、機能的！,https://news.yahoo.co.jp/articles/8cc75281edecb335c34c7b77718538f259a065d3,2023/10/24(火) 19:04
eclat,Web eclat,50代 女らしくてエレガントな「秋の靴」13選,https://news.yahoo.co.jp/articles/326fb3c2a4b590d65abacc203d71ceb71bcbc67e,2023/10/23(月) 22:10
eclat,Web eclat,50代 着映え力完璧！今すぐ着たい「スカート＆パンツ」,https://news.yahoo.co.jp/articles/e5e94299d8f4461e9bdca2b3d0b1773555e9884a,2023/10/23(月) 21:10
eclat,Web eclat,50代 ニットで着映える！着るだけで「華やぐニット」5選,https://news.yahoo.co.jp/articles/9a97b2fc85de3be118b8c169a08f380bac5d8fcc,2023/10/23(月) 20:10
eclat,Web eclat,50代 絶品仕上げ！若々しいツヤ肌「ファンデーション」,https://news.yahoo.co.jp/articles/82459d26831fcfc550cad03b8bcceae82f1c64db,2023/10/23(月) 19:04
eclat,Web eclat,50代 定番なのに、今っぽい「長く愛用できるコート」4選,https://news.yahoo.co.jp/articles/bb533ed8b710389c3fe8e4bc8d8b8b0259d5e42c,2023/10/22(日) 22:10
eclat,Web eclat,50代 若く見えて、大人のかわいらしさ「秋ショートヘア」5選,https://news.yahoo.co.jp/articles/951b61f417b538c94a92b7b32ec1a8d470d7f91f,2023/10/22(日) 21:10
eclat,Web eclat,50代 女らしい抜け感！リラクシーなパンツスタイル3選,https://news.yahoo.co.jp/articles/9939f4d47ce2c39919b9decdb1c10bc0b01ea1c3,2023/10/22(日) 20:10
eclat,Web eclat,50代「大人の着映え服」秋ワンピース5選,https://news.yahoo.co.jp/articles/484d4980c40fd3900b346b1be6762efb931a70b2,2023/10/22(日) 19:30
eclat,Web eclat,50代 秋晴れの日「大人のスカート」コーデ10選,https://news.yahoo.co.jp/articles/fdab8c3d753561e1d56c5189924de5327415f9f8,2023/10/22(日) 19:03
eclat,Web eclat,50代 ラクなのにおしゃれな雰囲気「デイリーワンピース」4選,https://news.yahoo.co.jp/articles/b6fa629d0304b7599051a483d64ed73c1637f6cd,2023/10/22(日) 8:02
eclat,Web eclat,50代 圧倒的人気！ふんわりシルエット「極上アウター」,https://news.yahoo.co.jp/articles/67baf9b1c433c570df5a4db87180488176d21089,2023/10/21(土) 22:10
eclat,Web eclat,【50代髪型人気ランキングTOP5】若見えをかなえる「今どきショート＆ボブ」,https://news.yahoo.co.jp/articles/1523ea11b7ef8d7307e2dfe459bfbf1458a12b69,2023/10/21(土) 21:10
eclat,Web eclat,おしゃれな50代「はおりものコーデ」コート一歩手前の秋スタイル,https://news.yahoo.co.jp/articles/47f812fda775dd3138766294221578377bc516da,2023/10/21(土) 20:10
eclat,Web eclat,50代に似合う、大人かわいい「秋ワンピース」3選,https://news.yahoo.co.jp/articles/a0478924aba387f0b9d6a339c77d557297843101,2023/10/21(土) 19:30
eclat,Web eclat,50代 今すぐ着たい「女らしい3着」着映えも着回し力も抜群！,https://news.yahoo.co.jp/articles/0f2d71939776804db07442108b3e15f1d2f4ef62,2023/10/21(土) 19:03
eclat,Web eclat,50代 今買うなら、どんな服にも合う「レザースニーカー」,https://news.yahoo.co.jp/articles/21f69d41b4ab696f9b87b3724f9cf9301152c0ef,2023/10/21(土) 8:04
eclat,Web eclat,50代 疲労や筋力の低下「足がつる」「脚のむくみ」を予防する方法って？,https://news.yahoo.co.jp/articles/39792c4b5e50daa85746945d7566520a9656cfb2,2023/10/20(金) 22:10
eclat,Web eclat,50代 老けて見えないパーマって？360度おしゃれ見えカール！,https://news.yahoo.co.jp/articles/47d4f7ce55408b7f16bf3fc689fb49516068300d,2023/10/20(金) 21:10
eclat,Web eclat,【働く50代女性】機能的でエレガンス「黒バッグ6選」,https://news.yahoo.co.jp/articles/8684a4ac259a1c26387230af07d5658efb17b8b5,2023/10/20(金) 20:10
eclat,Web eclat,50代 透明感とカバー力「秋のファンデーション」,https://news.yahoo.co.jp/articles/6d58e41e14e08c0a2255187685e186f3cf3de2bb,2023/10/20(金) 19:05
eclat,Web eclat,50代 歩くと「脚のつけ根が痛い」「足裏が痛い」知っておきたい症状,https://news.yahoo.co.jp/articles/38695fb7f5d271ff3e33172f9dab5d0d8f21c2d2,2023/10/19(木) 22:10
eclat,Web eclat,50代ゴルフへ行く日「秋の最新スタイル」9選,https://news.yahoo.co.jp/articles/0f180eb13f7c50085d352f45d4e8b197334602c1,2023/10/19(木) 21:10
eclat,Web eclat,50代 羽織るだけ！上品なおしゃれ感「ケープコート」,https://news.yahoo.co.jp/articles/36777292a6d78f8c3f5b4331808961d43713cdbe,2023/10/19(木) 20:10
eclat,Web eclat,50代夕方も疲れて見えない「大人のファンデーション」,https://news.yahoo.co.jp/articles/a92e8c1aeaa8a729331c10958abb00c6fb19e29c,2023/10/19(木) 19:05
eclat,Web eclat,50代 今週、なに着る？毎日おしゃれに見える「一週間コーデ」,https://news.yahoo.co.jp/articles/0347cdb559ef73cae71b850b4eb301b29a6685ab,2023/10/18(水) 22:10
eclat,Web eclat,50代 脱マンネリ！定番ボブから「おしゃれボブ」へチェンジ,https://news.yahoo.co.jp/articles/c99661f290ad7364845bba37a726c2c15f440e2f,2023/10/18(水) 21:10
eclat,Web eclat,50代「エレガントでかっこいい人」大人の秋スタイル,https://news.yahoo.co.jp/articles/f84450e8ef6f4a571f11cf04723eea87d76dfa3e,2023/10/18(水) 20:10
eclat,Web eclat,50代 読書の秋「読んでよかった！」と思う5冊,https://news.yahoo.co.jp/articles/746b45525b64d88555594165b11868cb79b71359,2023/10/18(水) 19:02
eclat,Web eclat,50代リラクシーなのに華やかに着映える「可愛げニット」,https://news.yahoo.co.jp/articles/430c02263ec313b0e01a090abb8b94baf6058563,2023/10/17(火) 22:10
eclat,Web eclat,くせ毛に悩む50代へ。重く見えない！「軽やかボブ」,https://news.yahoo.co.jp/articles/53164d3e4071e736207dc1890a7337b0c4711d44,2023/10/17(火) 21:10
eclat,Web eclat,50代 繰り返す「足のたこ」「魚の目」をケアするときの注意点は？,https://news.yahoo.co.jp/articles/3b30b3e57c6a75cd782f1bfca3300326526540bc,2023/10/17(火) 20:10
eclat,Web eclat,50代実演メイク！大人気リップモンスターの新色って？,https://news.yahoo.co.jp/articles/f25de0b4c2f5caffd86d211fce6e0e22e53d9d54,2023/10/17(火) 19:02
eclat,Web eclat,50代「外反母趾」痛みが出る前に、症状を進行させない方法って？,https://news.yahoo.co.jp/articles/d6ec27fdac07eeb90dcc4a041fae362f1b40b318,2023/10/16(月) 22:10
eclat,Web eclat,50代「失敗しない、前髪」の作り方って？大人の正解スタイル,https://news.yahoo.co.jp/articles/8b7b9ff4b30a4b2d085b8029692baa059838daee,2023/10/16(月) 21:10
eclat,Web eclat,50代スニーカーを脱いだら「ロングブーツ」を履きこなす！,https://news.yahoo.co.jp/articles/ad7ea413402e1be39c60eb24458573829eed4429,2023/10/16(月) 20:10
eclat,Web eclat,50代 マイナス5歳肌！ナチュラルなツヤ感「クッションファンデーション」,https://news.yahoo.co.jp/articles/241136bbbf58bc709bfa6d5e99f156a7f54c79be,2023/10/16(月) 19:04
eclat,Web eclat,50代、秋冬に流行る「コート」って？こなれ見えコート3選,https://news.yahoo.co.jp/articles/e5f011dac255c4387be769d6219505f878f42cad,2023/10/15(日) 22:10
eclat,Web eclat,50代 足の寿命、あなたの足は大丈夫？「危険度チェックリスト」,https://news.yahoo.co.jp/articles/44861c103d6a545d496c23dfb840415f38d8da23,2023/10/15(日) 21:10
eclat,Web eclat,50代「秋一番に欲しい服」おしゃれ度も着回し力も抜群！,https://news.yahoo.co.jp/articles/37286a3de2a9adfca21f84914c005fa79f99cb8e,2023/10/15(日) 20:10
eclat,Web eclat,秋のおしゃれを始める「50代のコーデ」今どきスタイル7選,https://news.yahoo.co.jp/articles/cd7f060f2e0a9f7f2755b1486b16f19ebad1a3f0,2023/10/15(日) 19:30
eclat,Web eclat,おしゃれな50代は「ZARA」をこう着こなす！大人の秋スタイル,https://news.yahoo.co.jp/articles/a974582da5b8b0769f9871cb91246d5b6cfb8837,2023/10/15(日) 19:00
eclat,Web eclat,50代 秋冬の「黒ヒール」はどれを選べばいい？,https://news.yahoo.co.jp/articles/dec4c535695e96b4c831903deff3c39e816fdb0f,2023/10/15(日) 8:05
eclat,Web eclat,50代 足の老化は早い！？「あるあるトラブル」5選,https://news.yahoo.co.jp/articles/4d9153344d6dc7febef60880a8b6d44c1acfa55b,2023/10/14(土) 22:10
eclat,Web eclat,【50代髪型人気ランキングTOP5】秋のトレンド「大人のショート＆ボブ」,https://news.yahoo.co.jp/articles/c69f1f6b4b861f543d8b2395b09c79fe41488f74,2023/10/14(土) 21:10
eclat,Web eclat,50代 リッチ感と女らしさ！今年買うべき「チェスターコート」,https://news.yahoo.co.jp/articles/1a28ba7d4cc20ef66749f36a3ad432308f148e2f,2023/10/14(土) 20:10
eclat,Web eclat,50代 絶対おしゃれ！こなれたスニーカー＆スリッポン,https://news.yahoo.co.jp/articles/ae262939bbb1fba95b06c18c049d0cfa358d1c5b,2023/10/14(土) 19:30
eclat,Web eclat,50代 可愛さとエレガントさが絶妙「大人のスカート」,https://news.yahoo.co.jp/articles/79221cd6b62abd50cac885078d886c7660212c4a,2023/10/14(土) 19:03
eclat,Web eclat,50代 おしゃれ上手な人は「センスのいい靴を履いている」,https://news.yahoo.co.jp/articles/0051b908c9f7986908836112a7421cb5f1ea3f60,2023/10/14(土) 8:05
eclat,Web eclat,50代 秋冬は華やかな雰囲気！女らしい「カーディガン3選」,https://news.yahoo.co.jp/articles/0b5c95753eec3641c8bf650246f2c0ed5f0cf11c,2023/10/13(金) 22:10
eclat,Web eclat,50代 大人かわいい！ニュアンスカラーの素敵なニット,https://news.yahoo.co.jp/articles/3e59a2da2ba6ee511187a37b44b63177c0394186,2023/10/13(金) 21:10
eclat,Web eclat,50代スニーカーのような履き心地「ロングブーツ」雨の日もOK,https://news.yahoo.co.jp/articles/cdd340262432b356192881a8d57fdf15c13e67c3,2023/10/13(金) 20:10
eclat,Web eclat,50代 さっと巻くだけ！一気に華がぐ「秋ストール」,https://news.yahoo.co.jp/articles/a261cd292b3de1a8e78bd8ec10d82ef00e58d1c3,2023/10/13(金) 19:04
eclat,Web eclat,50代 大人かわいい「ファーバッグ」上品なグレージュ,https://news.yahoo.co.jp/articles/41f83d945eb0b697aec2540109169c2655515582,2023/10/12(木) 22:10
eclat,Web eclat,50代 女らしさとカッコよさが絶妙「ハンサムショート」,https://news.yahoo.co.jp/articles/7c6672204651aca7bb76573cda1ea7b2c97aa7a8,2023/10/12(木) 21:10
eclat,Web eclat,50代 ワンピースやスカートで女らしく履ける「サイドゴアブーツ」,https://news.yahoo.co.jp/articles/ded590a725134d34e1eecfdb3dda9b53749502cb,2023/10/12(木) 20:10
eclat,Web eclat,50代 ナチュラルなのに完璧な仕上がり「クッションファンデーション」,https://news.yahoo.co.jp/articles/65729c75550b61dc4814fe960fdc9c11634fe993,2023/10/12(木) 19:04
eclat,Web eclat,50代 抜群に着映える！一枚でも、重ねても素敵なブラウス,https://news.yahoo.co.jp/articles/2cf29829f7ac1409c91e20da3a4c7e20d737d18b,2023/10/11(水) 22:10
eclat,Web eclat,50代ストレスフリーな「とろみパンツ」揺れ感が上品で女らしい,https://news.yahoo.co.jp/articles/3ee97cf1749a7af2aecc6298c2daf2a2826a0aae,2023/10/11(水) 21:10
eclat,Web eclat,50代 「歩きやすい」「カンタン脱ぎ履き」おしゃれで快適なブーツ,https://news.yahoo.co.jp/articles/3a087aedfddb814b4bf086026c56c88737fd742e,2023/10/11(水) 20:10
eclat,Web eclat,50代 簡単！さっと塗って、色ムラなし！頼れるファンデーション,https://news.yahoo.co.jp/articles/2299633c968ea0ab234a994527bb6672946e0b01,2023/10/11(水) 19:03
eclat,Web eclat,50代 上品なかっこよさ「秋のジャケット」スタイル6選,https://news.yahoo.co.jp/articles/f1134bfd134f52b4573efb5e44d4eb92bc8e7801,2023/10/10(火) 22:10
eclat,Web eclat,50代 最上級の華やかさ「エルメス」ケリーウォッチ,https://news.yahoo.co.jp/articles/1dadcc4f5b465a046cc6b8b9677adfd3639261e0,2023/10/10(火) 21:10
eclat,Web eclat,50代 今年の秋は「ポインテッドトゥ」足元もとが色っぽい,https://news.yahoo.co.jp/articles/6f750a381918470156ce063737bad6036dd5fae8,2023/10/10(火) 20:10
eclat,Web eclat,一日中へたれない「50代のファンデーション」って？,https://news.yahoo.co.jp/articles/ca17e4ba470627556965964f8652beb486e9f888,2023/10/10(火) 19:04
eclat,Web eclat,50代、親の介護にいくらかかる？ 介護のリアルを教えて！,https://news.yahoo.co.jp/articles/8d9e7654cc47280ca467e45656eada390fea9d60,2023/10/9(月) 22:10
eclat,Web eclat,50代 優しいフェミニン印象「大人の長めボブ」が秋らしい,https://news.yahoo.co.jp/articles/3dff4be1d0ca622ec79db4d7d43749ba0f6521d8,2023/10/9(月) 21:10
eclat,Web eclat,50代 使えるトートバッグ「レスポートサック」驚きの軽さ！,https://news.yahoo.co.jp/articles/ba55a49135a56bb20e3c0b9ccbd422317bf1dcbf,2023/10/9(月) 20:10
eclat,Web eclat,50代 憧れのツヤ肌「ファンデーション」下地もパウダーも不要！,https://news.yahoo.co.jp/articles/14e6923627458ba1b590b33965da20f833309584,2023/10/9(月) 19:00
eclat,Web eclat,50代に一番似合う「グレー」上品にエレガントに着こなす,https://news.yahoo.co.jp/articles/e1afdc2e9d316f1e96e8a9bee5f3e0503e158434,2023/10/8(日) 22:10
eclat,Web eclat,50代が買うべき「最強6着」おしゃれで使えるアイテム,https://news.yahoo.co.jp/articles/531f38b6cfc07dd2818b7d7cd24355b15013e87c,2023/10/8(日) 21:10
eclat,Web eclat,50代 女性らしい「黒ワンピース」上品でエレガント,https://news.yahoo.co.jp/articles/2d05806d0ab8c56af2c2aacb7715c75a47f4d53e,2023/10/8(日) 20:10
eclat,Web eclat,おしゃれな50代の「秋デニム」こなれた着こなし方,https://news.yahoo.co.jp/articles/247e5dad933cdc0273ed4f077490f75439da5800,2023/10/8(日) 19:30
eclat,Web eclat,50代 大人かわいい「パールカーディガン」季節の変わり目コーデ,https://news.yahoo.co.jp/articles/1615c287aefa4dd072f830527826189fdbbe02c4,2023/10/8(日) 19:00
eclat,Web eclat,50代秋冬スニーカー「おしゃれなスリッポン」柔らかなファーが可愛い,https://news.yahoo.co.jp/articles/fde30ce923e0ae6a5a634bbfc7e9f22cf62dd771,2023/10/8(日) 8:04
eclat,Web eclat,50代リラクシーでおしゃれ「こんな服が欲しかった！」7選,https://news.yahoo.co.jp/articles/e68a16b3cfc5ddf3df0b520b337666f83b8a9908,2023/10/7(土) 22:10
eclat,Web eclat,【50代髪型人気ランキングTOP5】こなれて見える！おしゃれな髪型って？,https://news.yahoo.co.jp/articles/6c918f6ed824325cfa856d3b29a379dcb526372b,2023/10/7(土) 21:10
eclat,Web eclat,50代 絶対欲しい！持つだけで「おしゃれなバッグ」4選,https://news.yahoo.co.jp/articles/3566a919ec2d868de82c927a06d041f8ed631dc7,2023/10/7(土) 20:10
eclat,Web eclat,おしゃれな50代の秋コーデ！「ユニクロ・GU」大人の着こなし方,https://news.yahoo.co.jp/articles/591b975d7255c5e26faade53d684e36ae185e9bc,2023/10/7(土) 19:30
eclat,Web eclat,50代 抜け毛対策「やってはいけない」ことって？,https://news.yahoo.co.jp/articles/9362d62d11aa8c31eec3a1662fc4d3added54c26,2023/10/7(土) 19:02
eclat,Web eclat,50代流行に左右されない「おしゃれな靴」8選,https://news.yahoo.co.jp/articles/e93794e34ffa1bf70fbb53d8d589c9c9c0b7e1f7,2023/10/7(土) 8:04
eclat,Web eclat,50代「介護保険」の支給額ってどれくらい？きちんと知っておきたい,https://news.yahoo.co.jp/articles/c555bf2b32cb1cd2e947b3cf8ad8c6cc15128d17,2023/10/6(金) 22:10
eclat,Web eclat,50代「若く見えるショート」ツヤとボリュームが嬉しい,https://news.yahoo.co.jp/articles/f1705bc4d882fccf86a1a32c08829ce9e655335a,2023/10/6(金) 21:10
eclat,Web eclat,50代を癒してくれる美食と温泉「話題のホテル3選」贅沢な時間,https://news.yahoo.co.jp/articles/ed7df728de250c47249230e96357f61c71c89511,2023/10/6(金) 20:10
eclat,Web eclat,50代 なりたい肌になれる！伝説のファンデーションって？,https://news.yahoo.co.jp/articles/fd5bd1bea956f9a4abb9a11cb5fa3b96e1df6abc,2023/10/6(金) 19:05
eclat,Web eclat,50代「介護保険」毎月いくら払うの？ いつまで払うの？,https://news.yahoo.co.jp/articles/52d3bf45b2bc47700fc36b2ddfd44cf7bfa26b13,2023/10/5(木) 22:10
eclat,Web eclat,50代に人気の「こなれショート」華やかさとおしゃれ感,https://news.yahoo.co.jp/articles/c3f206efc794d3c15592c3c66993e138c741041e,2023/10/5(木) 21:10
eclat,Web eclat,50代 トレンチコートより女らしい「着映えコート」,https://news.yahoo.co.jp/articles/a66ade211fbfaabfd6aee81bbc021cbcdf2b76ac,2023/10/5(木) 20:10
eclat,Web eclat,50代 秋コーデに上品さをプラス「パール」リング＆ピアス,https://news.yahoo.co.jp/articles/16f6aefac8ff5b39d200ca60baa702843491d36c,2023/10/5(木) 19:04
eclat,Web eclat,50代「介護保険」を上手に、賢く利用する方法って？,https://news.yahoo.co.jp/articles/d6d81dbd377a062373c353a8ea7174bfedd0aec5,2023/10/4(水) 22:10
eclat,Web eclat,50代 短めでも華やか！大人のエレガント「ショートボブ」,https://news.yahoo.co.jp/articles/ed4ac6e9c3fd0c7d80f4fe86e98559155790fd96,2023/10/4(水) 21:10
eclat,Web eclat,50代 上品で高級感あふれるエルメス「ケリーウォッチ」,https://news.yahoo.co.jp/articles/2f501eafafa39d0bc204bd91e4ecc15ec4cbdbdf,2023/10/4(水) 20:10
eclat,Web eclat,50代 初秋に使える！「着映えセットアップ」こなれた雰囲気,https://news.yahoo.co.jp/articles/1087c065237545dd398803daddc97f261f7d34f9,2023/10/4(水) 19:03
eclat,Web eclat,50代きちんと感とリラックス感「大人の秋スタイル」,https://news.yahoo.co.jp/articles/118057e00959d420368fbdba41d53295b2171be0,2023/10/3(火) 22:10
eclat,Web eclat,50歳からの薄毛対策「シャカシャカ洗い」「スカルプブラシ洗い」はNG！,https://news.yahoo.co.jp/articles/984c890da5e382465fdb89a87f0ea3f7deacc18b,2023/10/3(火) 21:10
eclat,Web eclat,50代 大人のかわいさとエレガント「チュールスカート」,https://news.yahoo.co.jp/articles/6e9617ba7f71fd37f5aba00041b79b13ff65aecf,2023/10/3(火) 20:10
eclat,Web eclat,50代 服装を選ばない「絶対おしゃれなバッグ」ステラ マッカートニー,https://news.yahoo.co.jp/articles/c915177486090452b2a82eb262969e0702f2961e,2023/10/3(火) 19:04
eclat,Web eclat,おしゃれな50代が選ぶ秋色「ベージュコーデ」3選,https://news.yahoo.co.jp/articles/2351cf033315979e8b1b8d443502c8c1b9a6ae7f,2023/10/2(月) 22:10
eclat,Web eclat,50代秋の注目ヘアスタイル「大人ボブ」上品な雰囲気,https://news.yahoo.co.jp/articles/5476aef4f873a9865bb1122433fbc7b39b1dc56e,2023/10/2(月) 21:10
eclat,Web eclat,50代 エレガントでかっこいい「ツイードジャケット」,https://news.yahoo.co.jp/articles/3814cad5c9f42a50a73c14e41ef221633b5188b4,2023/10/2(月) 20:10
eclat,Web eclat,50代 読書の秋におすすめ「心に響く4冊」,https://news.yahoo.co.jp/articles/ddd2520670c61d721dcb8ef304bb2ac952d97107,2023/10/2(月) 19:03
eclat,Web eclat,50代の秋は「ブラウン」一択！ぐっと女らしい着こなし6選,https://news.yahoo.co.jp/articles/785a339935da006cd23d1973ebaf61e9c3f38c05,2023/10/1(日) 22:10
eclat,Web eclat,50代おしゃれ上級者コーデ「秋冬スタイル」3選,https://news.yahoo.co.jp/articles/104e1ad8a863ba4ef107c33563d11e5513f00541,2023/10/1(日) 21:10
eclat,Web eclat,50代、秋の装い「10月のおしゃれコーデ」10選,https://news.yahoo.co.jp/articles/04f20040791a48d400693c71467aa609638c0899,2023/10/1(日) 20:10
eclat,Web eclat,おしゃれな50代の「ZARAコーデ」秋のはじまりは何を着る？,https://news.yahoo.co.jp/articles/cde4a7b743b1cca9db62442185e6d4b4343fc664,2023/10/1(日) 19:30
eclat,Web eclat,50代 可愛らしさと上品さが絶妙な「ネイビーワンピース」,https://news.yahoo.co.jp/articles/448c7c4601d31b04b9e68893fd5f185ef6911fd4,2023/10/1(日) 19:01
eclat,Web eclat,50代 歩きやすくて、抜群におしゃれ「話題のローファー」,https://news.yahoo.co.jp/articles/0bdafd3aa408152fe3412db6e3b1c91687e5a439,2023/10/1(日) 8:03
eclat,Web eclat,50代に絶大な人気のショップって？大人の上質カジュアル,https://news.yahoo.co.jp/articles/214f41c9aa48571059277b40466158673305dca3,2023/9/30(土) 22:10
eclat,Web eclat,【50代髪型人気ランキングTOP5】秋のトレンドヘア「ミニボブ」って？,https://news.yahoo.co.jp/articles/e8166bc7a678a907d09417150b43c4e959af9ce9,2023/9/30(土) 21:10
eclat,Web eclat,50代髪のボリューム復活！薄毛・抜け毛の原因って？,https://news.yahoo.co.jp/articles/fd4dc08641a4352723238b7846fb913c1ee7f89c,2023/9/30(土) 20:10
eclat,Web eclat,おしゃれな50代が注目「どこで買ったの？」と聞かれる服,https://news.yahoo.co.jp/articles/84511e71353363ccd0df2cee0a35809bce816148,2023/9/30(土) 19:30
eclat,Web eclat,50代しんどくなる身体「さびない人」でいる3つのポイントって？,https://news.yahoo.co.jp/articles/0664cd624c76ecb0eef115b38565934c97805b08,2023/9/30(土) 19:04
eclat,Web eclat,おしゃれな50代、秋のはじまり「スカートコーデ」3選,https://news.yahoo.co.jp/articles/c60b51acebb72e05f44c6eb47963e617393646db,2023/9/30(土) 8:05
eclat,Web eclat,50代優雅な装い「大人のエルメス」新作バッグ3選,https://news.yahoo.co.jp/articles/584b4a9f322e356d4d262a8fbb2436969029484e,2023/9/29(金) 22:10
eclat,Web eclat,50代らしい甘さ「華やかボブ」ゆるめパーマがポイント！,https://news.yahoo.co.jp/articles/3208edbc13e8c710c01ff8e384d9fc98a3b70900,2023/9/29(金) 21:10
eclat,Web eclat,清楚で女性らしい服「50代が行くべきショップ」,https://news.yahoo.co.jp/articles/909eae63554f68429c14741809072d2ea56e1e0c,2023/9/29(金) 20:10
eclat,Web eclat,50代 秋を楽しむ、お取り寄せ「本当に美味しい5選」,https://news.yahoo.co.jp/articles/8885770957b5fdda5ab72c70d88f7778d59e982b,2023/9/29(金) 19:03
eclat,Web eclat,50代きちんとした装いの日「10年後も変わらない服」,https://news.yahoo.co.jp/articles/82a1c823c256b55832ab2769adfc68975fa1fd41,2023/9/28(木) 22:10
eclat,Web eclat,50代からの社会貢献、親と暮らすことができない「里親制度」,https://news.yahoo.co.jp/articles/46b6a484c8aac34b74839f8adc7a4bb38048e92b,2023/9/28(木) 21:10
eclat,Web eclat,50代「こなれたジャケット」気負わないのが今っぽい,https://news.yahoo.co.jp/articles/3fe37787e14612c8fa485bf155654cd1ba4a79cc,2023/9/28(木) 20:10
eclat,Web eclat,50代が今買うなら、おしゃれに履ける「ランニングシューズ」,https://news.yahoo.co.jp/articles/cec0485ab7c339f5442de2e3e2610dbdf1151eb1,2023/9/28(木) 19:05
eclat,Web eclat,50代ニット選びは、着心地＆しゃれ感「肌触りのいいニット」,https://news.yahoo.co.jp/articles/37b7ce391ed50eb096f11ad392888cf2924ac6cf,2023/9/27(水) 22:10
eclat,Web eclat,50代モダンでかっこいい服「辛口パンツ派」人気のブランド,https://news.yahoo.co.jp/articles/561d328386ed8aad0e65e54b2838fbbf8d259eb3,2023/9/27(水) 21:10
eclat,Web eclat,50代かっこいい女らしさ「オールインワン」秋スタイル,https://news.yahoo.co.jp/articles/ffd958066dc25db328027a817c2dd6e17349a115,2023/9/27(水) 20:10
eclat,Web eclat,50代、見逃さないで！大人が予約したい「クリスマスケーキ」,https://news.yahoo.co.jp/articles/d32af4e3a1d62fdac98a73ad65306e5632c85121,2023/9/27(水) 19:04
eclat,Web eclat,50代 秋は絶対「ブラウン」がエレガントでかっこいい,https://news.yahoo.co.jp/articles/cce8bda63b98ff55470ee43eceddf2d5dc91ac18,2023/9/26(火) 22:10
eclat,Web eclat,50代大人のかわいさ＆フェミニンさ「くびれボブ」一択！,https://news.yahoo.co.jp/articles/313db306e479716ca667914ecf75492ba1d60769,2023/9/26(火) 21:10
eclat,Web eclat,50代シャネル、フェンディ、ロエベなど「秋冬の新作バッグ」12選,https://news.yahoo.co.jp/articles/0f9b47d616ec057efe3d18291a871a351fe85156,2023/9/26(火) 20:10
eclat,Web eclat,50代 なんだか体が重い「食べるファスティング」ですっきり,https://news.yahoo.co.jp/articles/71380afaf26284aecb2bcccec830b65c1ff0eefc,2023/9/26(火) 19:04
eclat,Web eclat,50代 秋ブラウンは、きれい色をプラス！グッと女らしい着こなし,https://news.yahoo.co.jp/articles/353c1aa16ac04288d71e3b3c52efc3e56ed35344,2023/9/25(月) 22:10
eclat,Web eclat,50代 毎日簡単にセットできる「ふんわり華やかショート」,https://news.yahoo.co.jp/articles/c8e66818b4b6984abcfc2dd805e5a4423bef3d7b,2023/9/25(月) 21:10
eclat,Web eclat,50代シンプルなほどおしゃれ！大人気「ロングブーツ」5選,https://news.yahoo.co.jp/articles/68bfc23c06c8de0824847efd4902d9cb33c0f1df,2023/9/25(月) 20:10
eclat,Web eclat,50代、疲れが抜けない...。そんな時に効く「スパイス」レシピ,https://news.yahoo.co.jp/articles/a90497fdd190c55cf30d51711b6e262703b3c396,2023/9/25(月) 19:04
eclat,Web eclat,50代、秋のワンピース「センスのいい着こなし」6選,https://news.yahoo.co.jp/articles/5c8f3ab023073ce91f37eaa553f98a492adfddac,2023/9/24(日) 22:10
eclat,Web eclat,50代 若見え！大人のかわいさ「ショート＆ボブ」5選,https://news.yahoo.co.jp/articles/427f1c6d97cc8e5c4c8bc543ab017d30168ce057,2023/9/24(日) 21:10
eclat,Web eclat,おしゃれな50代、秋の気配を感じる「スカートコーデ」,https://news.yahoo.co.jp/articles/62fb92eb295e7477e76fc0dd30a26cc7d977fbe4,2023/9/24(日) 20:10
eclat,Web eclat,50代 服装に迷った日「秋のお出かけコーデ」10選,https://news.yahoo.co.jp/articles/be662084d7b8f2779362f8a060eaf33eba8a100c,2023/9/24(日) 19:30
eclat,Web eclat,【韓国ドラマ】絶対、引き込まれる！胸に迫る「本格ミステリー」,https://news.yahoo.co.jp/articles/1dbd190d26afd33dd8f084c985375ce113cc88c1,2023/9/24(日) 19:01
eclat,Web eclat,50代 ほどよいボリューム感でエレガントな「大人のショートブーツ」,https://news.yahoo.co.jp/articles/aed393fe4ec6aa88d762db57123a0992862e5a08,2023/9/24(日) 8:03
eclat,Web eclat,50代 秋は「女らしいシャツ8選」で上品に着映える,https://news.yahoo.co.jp/articles/5feb0b2c4abc4e01c4da477fabd8989bb7d07d8a,2023/9/23(土) 22:10
eclat,Web eclat,【50代髪型人気ランキングTOP5】秋服に似合う「おしゃれなショート」,https://news.yahoo.co.jp/articles/68c63a6da1693ef5cf1aeedba0994b758f6aa3a6,2023/9/23(土) 21:10
eclat,Web eclat,50代、甘辛バランスで「こなれた秋スタイル」3選,https://news.yahoo.co.jp/articles/56c344780001c460283be71c34fb33580168053f,2023/9/23(土) 20:10
eclat,Web eclat,【韓国ドラマ】連休にイッキ見！大人の胸キュン「ラブストーリー」,https://news.yahoo.co.jp/articles/c4650d1f3212af3ba8daad9caee2c498336adf38,2023/9/23(土) 19:30
eclat,Web eclat,50代「使えるトートバッグ」デニムにもスカートにも合う,https://news.yahoo.co.jp/articles/199ef2e262f2e305fd7778bebe096a629cecffd9,2023/9/23(土) 19:04
eclat,Web eclat,50代 クールなのにエレガント「秋コート」大人のブラウン,https://news.yahoo.co.jp/articles/25bad134e613b31da84e357207157941d852dd9b,2023/9/23(土) 8:04
eclat,Web eclat,「50代の腕時計」カルティエ、ショーメ、ピアジェなど6選,https://news.yahoo.co.jp/articles/4df35372bc867e8e44ab97d187bc3befe2bef84e,2023/9/22(金) 22:10
eclat,Web eclat,50代、疲れや不調「さびない体」でいる方法って？4つのポイント,https://news.yahoo.co.jp/articles/54387697ee21543478f1d1644c4add4901e8c418,2023/9/22(金) 21:10
eclat,Web eclat,50代「怒り」の感情に効く！イライラ発散方法って？,https://news.yahoo.co.jp/articles/6d43625bfae331f09e7031a4388584181b2a7f3e,2023/9/22(金) 20:10
eclat,Web eclat,50代女性はもっと自由でいい「女だから」「母親ならば」と縛られなくていい,https://news.yahoo.co.jp/articles/0fab4ffef676f9acb1cc171932c594361709a0a1,2023/9/22(金) 19:04
eclat,Web eclat,50代こなれて見せる「秋のパンツ」大人カジュアル,https://news.yahoo.co.jp/articles/d43d35344cbbe23bf739513db7cad03c8974c5af,2023/9/21(木) 22:10
eclat,Web eclat,50代「秋色シャツ」を上品に着るコツって？,https://news.yahoo.co.jp/articles/baff96292aaaa48e8f9da5946a93c5a0a91793a2,2023/9/21(木) 21:10
eclat,Web eclat,50代が身に着けたいネックレス「エルメス」気品の輝き,https://news.yahoo.co.jp/articles/5993daf1d81dc00fae99adacff5b5924336ca57a,2023/9/21(木) 20:10
eclat,Web eclat,50代、外出中に「イラっ」としたら！即、心を鎮める方法,https://news.yahoo.co.jp/articles/446b5624d4508b1f352838d5b26a747889fd9317,2023/9/21(木) 19:04
eclat,Web eclat,50代、暑さが残る9月「今、着たいワンピース」3選,https://news.yahoo.co.jp/articles/4f7f4faf79402428ac206b955362ae105a687f5d,2023/9/20(水) 22:10
eclat,Web eclat,50代 上品で可愛らしい「大人のショートボブ」小顔スタイル,https://news.yahoo.co.jp/articles/79c0fd47e974c1c85fa2b84e3703272639ef17bf,2023/9/20(水) 21:10
eclat,Web eclat,50代女らしいパンツスタイル「華やぎジャケット」,https://news.yahoo.co.jp/articles/d8ab4d971abbbb14a13039f86b0b908da2cd90a4,2023/9/20(水) 20:10
eclat,Web eclat,50代 身につけるだけで気分があがる「ひと目惚れアイテム」3選,https://news.yahoo.co.jp/articles/b5f8e729dc50901c0e64c3bd0469208d40f6109d,2023/9/20(水) 19:05
eclat,Web eclat,50代 この秋流行る「ボリュームローファー6選」が今っぽい！,https://news.yahoo.co.jp/articles/4b30666890293dd1a7bedbd7bb2a076777811df6,2023/9/19(火) 22:10
eclat,Web eclat,50代、前髪で「小顔見せ」秋のおしゃれヘア3選,https://news.yahoo.co.jp/articles/e688c851cf7312a6d95aa25b1aa91331706f0970,2023/9/19(火) 21:10
eclat,Web eclat,50代がときめくエルメス「秋色アイテム」7選,https://news.yahoo.co.jp/articles/a4d2b90ca8c591922079864066bc44b2c7cec6a9,2023/9/19(火) 20:10
eclat,Web eclat,50代「下半顔のたるみ」ぐいっと引き上げ！リフトアップコスメ4選,https://news.yahoo.co.jp/articles/882ba18b7aa09a3af5ad9b92c6bb3687e9285bc3,2023/9/19(火) 19:04
eclat,Web eclat,50代 エレガントでかっこいい「上品なシャツ」秋スタイル,https://news.yahoo.co.jp/articles/c6662e58dac4e379480c0da5ab7d2db5f499e7bc,2023/9/18(月) 22:10
eclat,Web eclat,50代、ツヤ髪で上品な印象「秋カラー×大人ボブ」スタイル,https://news.yahoo.co.jp/articles/65bbc3b04e52a45bb69b50094527384f95be5a4f,2023/9/18(月) 21:10
eclat,Web eclat,50代 大人の愛らしさ「秋リップ5選」ちょうどいい甘さ,https://news.yahoo.co.jp/articles/7ef037f65f258de86c2c67f26269b08ae514e271,2023/9/18(月) 20:10
eclat,Web eclat,50代、仕事や子育てにイライラする！そんな時の解消法は？,https://news.yahoo.co.jp/articles/c78cafb409c20cac7e9ce4f3f012bf75f237f1ee,2023/9/18(月) 19:03
eclat,Web eclat,50代「秋の始めは何を着る？」おすすめコーデ10選,https://news.yahoo.co.jp/articles/eaeab2c8c40b9b10f75be0f1822b2f93be9a64c2,2023/9/17(日) 22:10
eclat,Web eclat,50代 ぺったりしない「ふんわりボブ」が若々しい！,https://news.yahoo.co.jp/articles/a41dfd827fdb4a63ede690942eae0a4cccaf4ae4,2023/9/17(日) 21:10
eclat,Web eclat,秋の新戦力！50代が買うべき「秋冬ジャケット」8選,https://news.yahoo.co.jp/articles/82e57d30f903022f49eab60ee5cb1c94aec44407,2023/9/17(日) 20:10
eclat,Web eclat,おしゃれな50代「初秋のお出かけ服」夏から秋スタイルへ,https://news.yahoo.co.jp/articles/8ec25808c2297e882ed820408f262262cff79f91,2023/9/17(日) 19:30
eclat,Web eclat,【韓国ドラマ】イッキ見しちゃう！スリル満点、最後まで目が離せない,https://news.yahoo.co.jp/articles/e4a0a36993f9c430f672666b1174a3ce6ad6d256,2023/9/17(日) 19:01
eclat,Web eclat,50代 ラクなのに上品なムード「きれいめスウェット」,https://news.yahoo.co.jp/articles/96abc4dd73e27b065aee87d2b90835e75c3d9a1f,2023/9/17(日) 8:03
eclat,Web eclat,50代女性に聞いた！イライラが止まらないときの「心の鎮め方」は？,https://news.yahoo.co.jp/articles/6e147f6fade786a1ff7b4d61a2c15655676efdd1,2023/9/16(土) 22:10
eclat,Web eclat,【50代髪型人気ランキングTOP5】ショート・ボブ・ミディアム「秋スタイル」,https://news.yahoo.co.jp/articles/f9d387a8c111c448a218131f38be6d4a0856f0d8,2023/9/16(土) 21:10
eclat,Web eclat,50代、秋服はおしゃれで心地のいい服「注目ブランド」2選,https://news.yahoo.co.jp/articles/b9b8542d13d174c2a6a68c68d1a73803ff27d96e,2023/9/16(土) 20:10
eclat,Web eclat,50代着るだけで華やかな「大人のティアードスカート」,https://news.yahoo.co.jp/articles/2c6a42125928489bc5ea9adf5c1744481a9daed0,2023/9/16(土) 19:30
eclat,Web eclat,50代華やかな「フリルシャツ」どんなボトムとも相性抜群,https://news.yahoo.co.jp/articles/20a44cdd340d954dd01191411cd445355294149f,2023/9/16(土) 19:04
eclat,Web eclat,50代「靴が好き」おしゃれプロが購入予定のローファー4選,https://news.yahoo.co.jp/articles/08707ab399c9fbea390986767585db7e2b4deb6e,2023/9/16(土) 8:05
eclat,Web eclat,50代 秋に着たいエレガントな「白シャツ」スタイル,https://news.yahoo.co.jp/articles/ecde9d7d87b4ae1c4069baa02d827d86c430f936,2023/9/15(金) 22:10
eclat,Web eclat,50代 秋のヘアスタイルは、「ミニボブ」がおしゃれ！,https://news.yahoo.co.jp/articles/68c97f22d5abc9235b895519d53a7f93d0ffcdf0,2023/9/15(金) 21:10
eclat,Web eclat,50代の憧れブランド「エルメス」新作バッグ2選,https://news.yahoo.co.jp/articles/404cfe8d9277ccb5f90f5d9854676028e73aaaa0,2023/9/15(金) 20:10
eclat,Web eclat,50代「いきいきとした目もと」大人のアイコスメ4選,https://news.yahoo.co.jp/articles/cc599b46a7e8e536b33345c62c028d4b7f4c7b86,2023/9/15(金) 19:05
eclat,Web eclat,50代スカートやワンピースに合わせる「ジャケットスタイル」,https://news.yahoo.co.jp/articles/a5dc5bf902a232a298213cf4d29908c71d3008bb,2023/9/14(木) 22:10
eclat,Web eclat,50代秋のバッグはスタッズやチェーンでおしゃれ印象,https://news.yahoo.co.jp/articles/20a6fa9938404eb55d9c87d8fcab04299f748b94,2023/9/14(木) 21:10
eclat,Web eclat,50代 長引く「耳のかゆみ」繰り返さないで治す方法,https://news.yahoo.co.jp/articles/daecddf75847a1037890f08f60562a1837fe04ef,2023/9/14(木) 20:10
eclat,Web eclat,眉メイクが苦手な50代「眉描きに自信が持てる」アイブロー,https://news.yahoo.co.jp/articles/54ba10588a42dfa0ccb174e135a48f03d853c280,2023/9/14(木) 19:04
eclat,Web eclat,50代、要注意！肌の乾燥による「すね・腰まわり」のかゆみ,https://news.yahoo.co.jp/articles/1dd11292278ddab34de8de78fec30514e121e456,2023/9/13(水) 22:10
eclat,Web eclat,働く50代女性「名品ジャケット4選」大人のエレガンス,https://news.yahoo.co.jp/articles/aa46a992b0cd9bbc69995ed92261ec3c48269bc7,2023/9/13(水) 21:10
eclat,Web eclat,50代人気ブランド「ロエベ」注目の新作バッグ,https://news.yahoo.co.jp/articles/202397c0966a08d46a64bf8927ac959f803edc50,2023/9/13(水) 20:10
eclat,Web eclat,50代、秋は「ブラウンレッド」でシックな顔になる,https://news.yahoo.co.jp/articles/2bd3284c50aa19bcfc7b68bc449baf3279675d38,2023/9/13(水) 19:03
eclat,Web eclat,50代しゃれ感たっぷり「女らしいローファー」4選,https://news.yahoo.co.jp/articles/bed12403f4b7eece1d741e723f83d3b958ceb003,2023/9/12(火) 22:10
eclat,Web eclat,50代 ひと目惚れ「トートバッグ」高級感のあるスエード,https://news.yahoo.co.jp/articles/6d07d7876300bfad459ad60843b0ca3f4c65bb98,2023/9/12(火) 21:10
eclat,Web eclat,50代「エレガントでかっこいい」パンツコーデ,https://news.yahoo.co.jp/articles/9c261b1884e78657969d85c72c7d03ec0d1cab00,2023/9/12(火) 20:10
eclat,Web eclat,50代「頭皮のかゆみ」「気になるフケ」どうしたらいい？,https://news.yahoo.co.jp/articles/b6238e5df08aa6d8550df1e4b2d1c6476d9c81c3,2023/9/12(火) 19:03
eclat,Web eclat,50代ふんわりシルエット「大人かわいいアウター」,https://news.yahoo.co.jp/articles/aca723ed3e762ed5f40669f03227e5a4e41efb3f,2023/9/11(月) 22:10
eclat,Web eclat,50代 脚長効果で一気におしゃれ！「ボリュームローファー」4選,https://news.yahoo.co.jp/articles/24faa08502e5871b277ca91095ebbc2f0bf1d7fd,2023/9/11(月) 21:10
eclat,Web eclat,50代「老けて見えるシワ」に使うべき！最強コスメ6選,https://news.yahoo.co.jp/articles/68bb0277ec291fd4d5d89dce199dbde8ff038aa2,2023/9/11(月) 20:10
eclat,Web eclat,50代から増える、加齢による「手のかゆみ」って？,https://news.yahoo.co.jp/articles/1c9343cf721fa0076448d21a0320c220dd629e9b,2023/9/11(月) 19:03
eclat,Web eclat,50代、秋のはじまりは「黒Tシャツ」がおしゃれ！,https://news.yahoo.co.jp/articles/ed2737eaae2b3ce9ce79c63c62ff9a438b2aa58a,2023/9/10(日) 22:10
eclat,Web eclat,50代「秋の大人デニム」上品でこなれたスタイル,https://news.yahoo.co.jp/articles/77217bd2ac680829560eec1fe7d7325277091f82,2023/9/10(日) 21:10
eclat,Web eclat,50代絶対使える！おしゃれに着回せる「秋のスタメン服」5選,https://news.yahoo.co.jp/articles/fa026abe1bedfebe3e36e998839487292dcf1554,2023/9/10(日) 20:10
eclat,Web eclat,50代 抜群に着映える！「おしゃれな秋冬ワードローブ」5選,https://news.yahoo.co.jp/articles/cacbed29977977f9a557cf570e7d31ea2c67f85a,2023/9/10(日) 19:30
eclat,Web eclat,【韓国ドラマ】激推し！韓ドラ歴の中で「面白さNo.1」,https://news.yahoo.co.jp/articles/4eb840911393a7f8213c6af46fbdff618dbee5ea,2023/9/10(日) 19:03
eclat,Web eclat,50代 上品なレース使いが華やか「着映えブラウス」,https://news.yahoo.co.jp/articles/894bd7891ee16e0e0feecc17af0f5305fc008081,2023/9/10(日) 8:03
eclat,Web eclat,50代 体がかゆい！「更年期のかゆみ」どうしたらいいの？,https://news.yahoo.co.jp/articles/974d604f6d7e1ada89fbbf46f7e163103c76b07e,2023/9/9(土) 22:10
eclat,Web eclat,【50代髪型人気ランキングTOP5】夏から秋へ。大人に似合う「ショート＆ボブ」,https://news.yahoo.co.jp/articles/791024a483c6c2b996d43447ef674e06a03ce977,2023/9/9(土) 21:10
eclat,Web eclat,50代きれいめに決まる「秋色スニーカー」大人に似合う4色,https://news.yahoo.co.jp/articles/901a515c6b026930f358741b7c9a28a7a4118ead,2023/9/9(土) 20:10
eclat,Web eclat,50代のための「最強アイテム」秋冬のトップス＆パンツ,https://news.yahoo.co.jp/articles/2ef5ee5efaa39da6299c68a46690c289c012e5d2,2023/9/9(土) 19:30
eclat,Web eclat,残暑から秋へ「服装に迷う50代」おしゃれコーデ5選,https://news.yahoo.co.jp/articles/17eb412ddaebe1026ffa21643ee19124f16c1f58,2023/9/9(土) 19:03
eclat,Web eclat,50代 上品で女らしい「エレガントなローファー」,https://news.yahoo.co.jp/articles/34bd5a6b80c9b0245408c00ed8ecdfbc690ba2d1,2023/9/9(土) 8:05
eclat,Web eclat,50代が欲しい「秋冬の新作バッグ」シャネル・ロエベ・プラダなど5選,https://news.yahoo.co.jp/articles/dbe68b94c6d8e820bbb46244df4ebb53067deac5,2023/9/8(金) 22:10
eclat,Web eclat,50代、スニーカー感覚「こなれたローファー」が今っぽい！,https://news.yahoo.co.jp/articles/a37025e302462d474cd46c6ac3a0bdb4ebda1b3c,2023/9/8(金) 21:10
eclat,Web eclat,君島十和子流！シワを作らない「コスメ使いこなし術」4選,https://news.yahoo.co.jp/articles/000507ab727cd02bbf915aade5b3affda797d185,2023/9/8(金) 20:10
eclat,Web eclat,大人の旅「秋に訪れたい京都」憧れの高級ホテル・旅館4選,https://news.yahoo.co.jp/articles/03a35ed982b3145430e7ded97c69a05fdd561951,2023/9/8(金) 19:04
eclat,Web eclat,50代 トレンチより”女らしい雰囲気”さらっとはおる秋コート,https://news.yahoo.co.jp/articles/70c3109f55671cde95a872fc9f55c4a4173c95f7,2023/9/7(木) 22:10
eclat,Web eclat,50代 秋は「白シャツ」をエレガントに着こなしたい,https://news.yahoo.co.jp/articles/1bd34d15878cca33ae4ec70178371ab4f7fd417c,2023/9/7(木) 21:10
eclat,Web eclat,美しいアラ還「君島十和子さん」シワを作らない美容法とは？,https://news.yahoo.co.jp/articles/01cf6dedab48cd6b22dab29deb801daa0a7f7b00,2023/9/7(木) 20:10
eclat,Web eclat,更年期に急増！「デリケートゾーンのかゆみ」原因と対処法,https://news.yahoo.co.jp/articles/bed2d52679a115501c34b955051038b24d4a6c7d,2023/9/7(木) 19:05
eclat,Web eclat,50代 不動の人気！こなれ感と華やかさ「ステラ マッカートニー」2wayバッグ,https://news.yahoo.co.jp/articles/e32830e4b94edff126287a87048f7cc082e94438,2023/9/6(水) 22:10
eclat,Web eclat,50代、マイナス印象「4つの損するシワ」って？,https://news.yahoo.co.jp/articles/b84572e4d88054c99dbe271d6e724d265b7b473d,2023/9/6(水) 21:10
eclat,Web eclat,おしゃれな50代が愛用している「トートバッグ」って？,https://news.yahoo.co.jp/articles/52bb1e9dedf7a2b26533734825fb222d0ce5640e,2023/9/6(水) 20:10
eclat,Web eclat,50代 絶対、買うべき！秋冬「新作ファンデーション」8選,https://news.yahoo.co.jp/articles/da6c7ef2c8f840db1cf92ad58d0a3584a3e17ba9,2023/9/6(水) 19:05
eclat,Web eclat,50代 おしゃれプロが狙っている「秋冬のジャケット」って？,https://news.yahoo.co.jp/articles/2e2dbf6e1d7316c5c081117de33070411be37d8a,2023/9/5(火) 22:10
eclat,Web eclat,50代「秋のワンピース」ベージュならではの上品さと女性らしさ,https://news.yahoo.co.jp/articles/133e15496635bea0fb25e97ae0503e1f2328fbcd,2023/9/5(火) 21:10
eclat,Web eclat,50代 簡単こなれ見え「シャツを一枚はおるだけ」,https://news.yahoo.co.jp/articles/e94b4e5feac1d5a182a84659645bd6e5d236d3a4,2023/9/5(火) 20:10
eclat,Web eclat,50代、肌以上に年齢を決める『髪』大人のヘアケア,https://news.yahoo.co.jp/articles/245845f5475dbfbf60331c59bf21ce479c19d3ec,2023/9/5(火) 19:02
eclat,Web eclat,50代、秋にすぐ着れる！おしゃれプロ「イチ推しアウター3選」,https://news.yahoo.co.jp/articles/3c5cd69be3566a2584baf0d550d9ddffa76ca2a9,2023/9/4(月) 22:10
eclat,Web eclat,50代、若さも美しさも『髪』で決まる！10秒で変わるケアって？,https://news.yahoo.co.jp/articles/cd61f25ddcbc36367b6eaee478b8e18f267a7fee,2023/9/4(月) 21:10
eclat,Web eclat,50代 秋のおしゃれは「上品ベージュ」から始める,https://news.yahoo.co.jp/articles/61217cb028ffbfc2d61a3b1b741bc8b1a5724bc0,2023/9/4(月) 20:10
eclat,Web eclat,50代女らしくて、かっこいい「白シャツ」シンプルに着るだけ,https://news.yahoo.co.jp/articles/30a3efbfb95d731019b649572dbbe01037e7b3b3,2023/9/4(月) 19:03
eclat,Web eclat,50代 秋冬に流行るアイテムって？大人が買うべき4選,https://news.yahoo.co.jp/articles/11348befc996db34f762a3f0827eac68213f0f78,2023/9/3(日) 22:10
eclat,Web eclat,50代、夏から秋へ”大人に似合う”こなれボブヘア5選,https://news.yahoo.co.jp/articles/235c7fb49890d936fc33aa8f62dc153fe66ef32f,2023/9/3(日) 21:10
eclat,Web eclat,50代、おしゃれに差がつく！あか抜けた「秋ショートヘア5選」,https://news.yahoo.co.jp/articles/3eb4beb66a13520480009a742384dbde18132dd1,2023/9/3(日) 20:10
eclat,Web eclat,おしゃれな50代「ZARAコーデ」秋まで活躍するアイテムって？,https://news.yahoo.co.jp/articles/23305770a8a319b094ff72948a8e2af458959ad6,2023/9/3(日) 19:30
eclat,Web eclat,50代、夏から秋へ「デニムスタイル」印象チェンジ！,https://news.yahoo.co.jp/articles/63a0b386e741434d9f18851d5cd9667a6d0d4fa2,2023/9/3(日) 19:04
eclat,Web eclat,50代、簡単にスタイル映え！華やかトップス＆美脚パンツ,https://news.yahoo.co.jp/articles/35d9c5b96e008c20dbd2d3b9065a802021146172,2023/9/3(日) 8:05
eclat,Web eclat,秋の始まり「50代の黒」あか抜けコーデ5 選,https://news.yahoo.co.jp/articles/4bb0b71b3d6de6b165463f6abe1adbc0a15e66a2,2023/9/2(土) 22:10
eclat,Web eclat,【50代髪型人気ランキングTOP5】「毛量多め」上手くまとまるヘアスタイルって？,https://news.yahoo.co.jp/articles/dd57d58c02f7c1c2ac4b9193892b201b9a573cb3,2023/9/2(土) 21:10
eclat,Web eclat,50代 ”上品カジュアル”が今の気分！海外マダムのパンツスタイル5選,https://news.yahoo.co.jp/articles/4de254d88f6a29f90320667c5a498bd9f6f1373c,2023/9/2(土) 20:10
eclat,Web eclat,50代上品さを引き上げる”優しいグレー”の着映えカーディガン,https://news.yahoo.co.jp/articles/381c0e553c943a8845290be2c8829ae64f89e44f,2023/9/2(土) 19:30
eclat,Web eclat,50代、秋冬のトレンド靴は「厚底」がポイント！,https://news.yahoo.co.jp/articles/f2ed6e8c1f07449e1557ddd4438b3b334cf848d1,2023/9/2(土) 19:04
eclat,Web eclat,50代 カーディガンは”着くずす”とこなれて見える！,https://news.yahoo.co.jp/articles/438b82d5f09eeb1c292901456bc5f55f04eb327e,2023/9/2(土) 8:04
eclat,Web eclat,50代に大人気「HERNO（ヘルノ）」大人にふさわしい上質なコート,https://news.yahoo.co.jp/articles/cd2469541d32b4994641933916177313c719623d,2023/9/1(金) 22:10
eclat,Web eclat,50代に似合う「黒コーデ」夏の終わりは上品にこなれる！,https://news.yahoo.co.jp/articles/2fa9c63f293564401636a169271e43de34a87e64,2023/9/1(金) 21:10
eclat,Web eclat,50代、秋はグレーが気になる！コーデの主役になる「ジャケット」,https://news.yahoo.co.jp/articles/a210c59c29e16c8bb10e5bba6d4b2e85d532caac,2023/9/1(金) 20:10
eclat,Web eclat,50代「とっておき中華」パーフェクトな香り・味・盛り付け,https://news.yahoo.co.jp/articles/175ae308df85aa840334a07cb0a74bae5673de6b,2023/9/1(金) 19:06
eclat,Web eclat,50代、夏の終わり「こなれたシャツ」の着こなし方,https://news.yahoo.co.jp/articles/8e652b411b0cc78d94f642a510ff384555f87ca3,2023/8/31(木) 22:10
eclat,Web eclat,50代女っぽいワンピースの日は「ボリューム靴」が断然おしゃれ！,https://news.yahoo.co.jp/articles/2132a7d9a7a4e835b7d171e87640b9af79d23081,2023/8/31(木) 21:10
eclat,Web eclat,50代、サングラスはどう合わせるのがおしゃれ？,https://news.yahoo.co.jp/articles/cb7bb023078a04beb981ebaee999076c968d39f4,2023/8/31(木) 20:10
eclat,Web eclat,50代「夏のダメージ肌」から救ってくれる化粧水って？,https://news.yahoo.co.jp/articles/09c15c39d5028b09a5228eaa4deff70eef6b199e,2023/8/31(木) 19:05
eclat,Web eclat,50代 本当に使える「夏の買い足しアイテム」秋も大活躍！,https://news.yahoo.co.jp/articles/e7b42e300456f2b728d06e438d9ca4a7a0d52052,2023/8/30(水) 22:10
eclat,Web eclat,50代を美しく見せる「パール×一粒ダイヤ」ネックレス,https://news.yahoo.co.jp/articles/cfe222869967c094c07d4b3447fee322ce952aa7,2023/8/30(水) 21:10
eclat,Web eclat,50代が満足する「極上のステーキ」が味わえる名店2店,https://news.yahoo.co.jp/articles/abfea8b91a82ddbc987848db175bb119645dcb19,2023/8/30(水) 20:10
eclat,Web eclat,絶対欲しい！50代に似合う「秋新色アイパレット5選」,https://news.yahoo.co.jp/articles/7eb6c052018742b0dbdada3b5d243ad0e291a688,2023/8/30(水) 19:04
eclat,Web eclat,50代が買うべき「秋の靴5選」今年はメタリックなアクセントを選んで,https://news.yahoo.co.jp/articles/ccc5d53abb1e1f70cbc22625d9d513a5f0dbe98a,2023/8/29(火) 22:10
eclat,Web eclat,50代、今買い足すなら「大人のかわいさ」デザインの服,https://news.yahoo.co.jp/articles/e9d43f20533417b98a59298bb0fad7f395a2da0d,2023/8/29(火) 21:10
eclat,Web eclat,50代、女っぽいのにかっこいい「秋一番に欲しい靴」5選,https://news.yahoo.co.jp/articles/2b90d5dd3dd54c03ac53cca31b3fb508d1e4a27e,2023/8/29(火) 20:10
eclat,Web eclat,50代 今っぽくて、残暑も涼し気な印象「大人のコーデ」,https://news.yahoo.co.jp/articles/d54bf24dbe20b401fe1633f671964e2586e87e97,2023/8/29(火) 19:02
eclat,Web eclat,50代「黒Tシャツ」おしゃれに着こなす秋コーデ3選,https://news.yahoo.co.jp/articles/c42ad1a7fe302eb7f11d8017fcd0d271023f0226,2023/8/28(月) 22:10
eclat,Web eclat,素敵な50代が身に着ける「ダイヤモンドのピアス」,https://news.yahoo.co.jp/articles/1eefc27d5f3d171383d21e0988efe9dae519b99b,2023/8/28(月) 21:10
eclat,Web eclat,50代が欲しいエルメス「ハイカットスニーカー」スタッズが今っぽい,https://news.yahoo.co.jp/articles/12d74e5237cf2910bb8dc22c492a164486a51453,2023/8/28(月) 20:10
eclat,Web eclat,50代 一度は行きたい！「予約のとれない」人気イタリアン,https://news.yahoo.co.jp/articles/13683176094c4ad4df58a3113f693d84e0bb272b,2023/8/28(月) 19:03
eclat,Web eclat,50代 初秋までおしゃれに着れる「ワンピースコーデ6選」,https://news.yahoo.co.jp/articles/02cee3eb07bd1c679b88306ee66049a3bf4c0738,2023/8/27(日) 22:10
eclat,Web eclat,50代「理想のふんわりヘア4選」ショート・ボブ・ミディアム,https://news.yahoo.co.jp/articles/ac0d1c53c8978daa01c092603811bc69834a9cdd,2023/8/27(日) 21:10
eclat,Web eclat,50代、上品で大人かわいい「モノトーンコーデ」4選,https://news.yahoo.co.jp/articles/f5f224192bf0c70b671ba58f2e67d6880215c90a,2023/8/27(日) 20:10
eclat,Web eclat,50代、晩夏から秋にかけて大活躍「グレージュのワンピース」,https://news.yahoo.co.jp/articles/29166cb8fbea112e22f3e59e34065b4d19e42b61,2023/8/27(日) 19:30
eclat,Web eclat,50代、デニムを上品に着こなすポイントって？,https://news.yahoo.co.jp/articles/2c0e4304d925473e1816c23b35116acb702506d1,2023/8/27(日) 19:04
eclat,Web eclat,おしゃれな50代がこぞって買っている「ロングブーツ」って？,https://news.yahoo.co.jp/articles/e526b7d87d41f28a468538707ce0fd5d41fe47c5,2023/8/27(日) 8:05
eclat,Web eclat,50代 スタイル映えとこなれ感「秋もおしゃれなパンツ」3選,https://news.yahoo.co.jp/articles/2cb664ba99d737892929ad83f570de0f72c39d57,2023/8/26(土) 22:10
