media_en,media_jp,title_articles,link_articles,date_original
getsuv,ŒŠ§ƒoƒŒ[ƒ{[ƒ‹,yƒoƒŒ[zVƒŠ[ƒOV1’jq@WD–¼ŒÃ‰®‚ÌVEƒtƒ@ƒCƒiƒ‹ƒXƒe[ƒWio‚ªŒˆ’è,https://news.yahoo.co.jp/articles/4cc3831733f88689c953bcc5b1c82d78cfcf89e4,2/19(Œ) 18:48
getsuv,ŒŠ§ƒoƒŒ[ƒ{[ƒ‹,yƒoƒŒ[zVƒŠ[ƒOV2—q@•P˜H‚ªVEƒtƒ@ƒCƒiƒ‹ƒXƒe[ƒWioŒˆ’è,https://news.yahoo.co.jp/articles/b0ca9b0819cc5e55c9341941b9f605fac254e549,2/19(Œ) 18:22
getsuv,ŒŠ§ƒoƒŒ[ƒ{[ƒ‹,yƒoƒŒ[z“ú“SäBZ ¼–{Œc•F‚ª‘Ol–¢“‚ÌVƒŠ[ƒO’ÊZ500‡oê,https://news.yahoo.co.jp/articles/2a8160f2e963be269c03d0e035469f67bc4cdbf3,2/19(Œ) 15:28
getsuv,ŒŠ§ƒoƒŒ[ƒ{[ƒ‹,yƒoƒŒ[zƒ”ƒHƒŒƒAƒX@‘ˆî“c‘å‚Ìr”ö—å‰¹‚Ì“ü’c‚ğ”­•\,https://news.yahoo.co.jp/articles/2c31ce880829cf2520c6c6bf42920ccd951afbb1,2/19(Œ) 15:08
getsuv,ŒŠ§ƒoƒŒ[ƒ{[ƒ‹,yƒoƒŒ[zPFU@VƒAƒŠ[ƒi‚Å—q“ú–{‘ã•\‚ÆƒI[ƒvƒjƒ“ƒOƒCƒxƒ“ƒg‚ğŠJÃ,https://news.yahoo.co.jp/articles/06a0bd54f831d6de49209068a28ebfe31ccfb900,2/16(‹à) 17:51
getsuv,ŒŠ§ƒoƒŒ[ƒ{[ƒ‹,yƒoƒŒ[zƒWƒƒƒpƒ“ƒfƒtƒoƒŒ[ƒ{[ƒ‹ƒJƒbƒvìè‚ÅŠJ–‹ ÅI“ú‚Í”zM‚àÀ{,https://news.yahoo.co.jp/articles/313848f74827376c70eab2c45d675e8bfe84f3f3,2/16(‹à) 16:40
getsuv,ŒŠ§ƒoƒŒ[ƒ{[ƒ‹,yƒoƒŒ[zV1—q12ƒ`[ƒ€‚ª—DŸ‚ğ‘ˆ‚¤V Cup@ƒtƒ@ƒCƒiƒ‹ƒ‰ƒEƒ“ƒh‚Ì‡‰ïê‚Æ‡ŠJnŠÔ‚ªŒˆ’è,https://news.yahoo.co.jp/articles/100dd77884a7f34a35278c9578259257894f4717,2/15(–Ø) 17:01
getsuv,ŒŠ§ƒoƒŒ[ƒ{[ƒ‹,yƒoƒŒ[zƒTƒ“ƒgƒŠ[‚ÌƒfEƒAƒ‹ƒ}ƒX ƒAƒ‰ƒCƒ“‚ª“ú–{‘Ğ‚ğæ“¾,https://news.yahoo.co.jp/articles/960f59ec575b20c02704d6df9eae603da94de411,2/14(…) 18:01
getsuv,ŒŠ§ƒoƒŒ[ƒ{[ƒ‹,yƒoƒŒ[zVƒŠ[ƒOV1’jq@ƒTƒ“ƒgƒŠ[‚ªVEƒtƒ@ƒCƒiƒ‹ƒXƒe[ƒWioŒˆ’è,https://news.yahoo.co.jp/articles/defa9c410ad289c077b6ac9afc1214e8fe2bee9f,2/13(‰Î) 20:05
getsuv,ŒŠ§ƒoƒŒ[ƒ{[ƒ‹,VƒŠ[ƒOV1—q@JT‚ªVEƒŒƒMƒ…ƒ‰[ƒ‰ƒEƒ“ƒh‘SŸ—DŸ‚ÅVEƒtƒ@ƒCƒiƒ‹ƒXƒe[ƒW‚Ö,https://news.yahoo.co.jp/articles/475f6e4b41477da436e57439efb6a0e140bea53b,2/13(‰Î) 18:39
getsuv,ŒŠ§ƒoƒŒ[ƒ{[ƒ‹,yƒoƒŒ[z“ú“SäBZ “nç³W—Ú‚ª‘æ58‰ñƒX[ƒp[ƒ{ƒEƒ‹‚ğ‘å—\‘z! ‚ ‚Ì‰Ì•P‚ª‰f‚é‚Ì‚ªŒ™‚¾‚©‚çƒ`[ƒtƒX‚ÍŒ™‚¢H,https://news.yahoo.co.jp/articles/1b86d997c1650463c1ebcb92cf0adb928d7f7a8b,2/11(“ú) 12:07
getsuv,ŒŠ§ƒoƒŒ[ƒ{[ƒ‹,yƒoƒŒ[zƒ~ƒ‰ƒmÎì—SŠóAƒ‚ƒ“ƒcƒ@îà‹´—•‚Ì‡‚ğƒtƒWƒeƒŒƒrCS•ú‘—‚Å¶’†Œp,https://news.yahoo.co.jp/articles/c1fe1516c34d005ac008e16601b1b8bc8fb78f83,2/9(‹à) 15:36
getsuv,ŒŠ§ƒoƒŒ[ƒ{[ƒ‹,yƒoƒŒ[zVƒŠ[ƒOV1’jq@ñˆÊƒpƒiƒ\ƒjƒbƒN‚ª2ˆÊƒTƒ“ƒgƒŠ[‚É˜AŸ,https://news.yahoo.co.jp/articles/0ccac13d3d7fdda343a833cfb71451126aafca66,2/7(…) 18:21
getsuv,ŒŠ§ƒoƒŒ[ƒ{[ƒ‹,yƒoƒŒ[zƒTƒ“ƒgƒŠ[@îà‹´Œ‹l‚Ì—E‘Ş‚ğ”­•\,https://news.yahoo.co.jp/articles/17f53567f82d5ffa24757549712e78baa4d7002f,2/7(…) 17:00
getsuv,ŒŠ§ƒoƒŒ[ƒ{[ƒ‹,yƒoƒŒ[zJVL‚ÌŒj“c—²s—–‚ªkĞ‚É‚æ‚èÀ‹,https://news.yahoo.co.jp/articles/411e377f2274fcdbd945a892b39920d0cf5ac6df,2/7(…) 13:34
getsuv,ŒŠ§ƒoƒŒ[ƒ{[ƒ‹,yƒoƒŒ[z“ú“SäBZ@“ú–{‘Ì‘å‚Ìˆêğ‘¾‰ÃŠÛ‚ÌŠúŒÀ•t‚«‰Á“ü‚ğ”­•\,https://news.yahoo.co.jp/articles/c84d93d5e58b0007531e25a88bdbb5cbf6b8bc76,2/6(‰Î) 18:01
getsuv,ŒŠ§ƒoƒŒ[ƒ{[ƒ‹,yƒoƒŒ[z•xm’Ê‚Ì‰ª‘º‹`˜Y‚ªVƒŠ[ƒO230‡oê‚ğ’B¬,https://news.yahoo.co.jp/articles/5b6583387f5eaeeff5af539de37864a3157a9dfd,2/6(‰Î) 11:49
getsuv,ŒŠ§ƒoƒŒ[ƒ{[ƒ‹,yƒoƒŒ[zƒgƒˆƒ^©“®Ô‚Ì•Ÿ“‡F‹P‚ªVƒŠ[ƒO230‡oê‚ğ’B¬,https://news.yahoo.co.jp/articles/ace42aa00b5230bfc045462e4c768f53ddb95ec6,2/5(Œ) 19:04
getsuv,ŒŠ§ƒoƒŒ[ƒ{[ƒ‹,yƒoƒŒ[zVƒŠ[ƒOV1—q@–³”sJT‚ÌVEƒŒƒMƒ…ƒ‰[ƒ‰ƒEƒ“ƒh—DŸ‚ªŠm’è@ƒfƒ“ƒ\[Aƒgƒˆƒ^Ô‘Ì‚Ìƒtƒ@ƒCƒiƒ‹ƒXƒe[ƒWioŒˆ’è,https://news.yahoo.co.jp/articles/bccd13846af973fd2c69941ba62fec4775b47afd,2/5(Œ) 17:02
getsuv,ŒŠ§ƒoƒŒ[ƒ{[ƒ‹,yƒoƒŒ[zVƒŠ[ƒO‚Æƒqƒ…ƒ“ƒƒ‹‚ªƒŒƒtƒFƒŠ[ƒEƒGƒAƒp[ƒgƒi[Œ_–ñ‚ğ’÷Œ‹,https://news.yahoo.co.jp/articles/926a4b65158bfb943ca2674d22cf2a97f137186b,2/2(‹à) 18:57
getsuv,ŒŠ§ƒoƒŒ[ƒ{[ƒ‹,yƒoƒŒ[zV Cup‚ÍVƒR[ƒgƒŒƒCƒAƒEƒg‚ÅÀ{@ƒxƒ“ƒ`‚ÍåR‘¤‚É,https://news.yahoo.co.jp/articles/c392aac9fc961d0c770223042f6d719b6ec0cb82,2/2(‹à) 18:52
getsuv,ŒŠ§ƒoƒŒ[ƒ{[ƒ‹,yƒoƒŒ[zVNL2024‚Ì—\‘Iƒ‰ƒEƒ“ƒh‘ÎíƒXƒPƒWƒ…[ƒ‹‚ª”­•\‚³‚ê‚é “ú–{‚Í—q‚ªƒgƒ‹ƒRA’jq‚ÍƒAƒ‹ƒ[ƒ“ƒ`ƒ“‚Æ‰í,https://news.yahoo.co.jp/articles/00d8b7597af5bf3bce2016b2f1d7e2f3eecca1b8,2/2(‹à) 18:24
getsuv,ŒŠ§ƒoƒŒ[ƒ{[ƒ‹,yƒoƒŒ[zƒl[ƒVƒ‡ƒ“ƒYƒŠ[ƒO’j—“ú–{‘å‰ï‚ÌŠJÃ’n‚ª•Ÿ‰ªŒ§–k‹ãBs‚ÉŒˆ’è,https://news.yahoo.co.jp/articles/a8d7ec28ecaefd13b4a92e17eae6acb5b27d83b5,1/31(…) 11:40
getsuv,ŒŠ§ƒoƒŒ[ƒ{[ƒ‹,yƒoƒŒ[z2024‘S“ú–{ƒWƒ…ƒjƒAƒI[ƒ‹ƒXƒ^[ƒhƒŠ[ƒ€ƒ}ƒbƒ`oê‘Ièy’jqz,https://news.yahoo.co.jp/articles/59a1de0f362898d05bcf87754559724ef1899c5a,1/30(‰Î) 20:48
getsuv,ŒŠ§ƒoƒŒ[ƒ{[ƒ‹,yƒoƒŒ[z2024‘S“ú–{ƒWƒ…ƒjƒAƒI[ƒ‹ƒXƒ^[ƒhƒŠ[ƒ€ƒ}ƒbƒ`oê‘Ièy—qz,https://news.yahoo.co.jp/articles/57cdfe7051be5ed804f7b753b1a5a568f7c3a09d,1/30(‰Î) 20:48
getsuv,ŒŠ§ƒoƒŒ[ƒ{[ƒ‹,yƒoƒŒ[zKUROBE@ƒfƒ‹ƒ„Eƒ[ƒxƒWƒI[ƒ‹‚Ì‘Ş’c‚ğ”­•\,https://news.yahoo.co.jp/articles/7fab0002a61a3a2fc9c84bffdbb8a7b7301d849e,1/30(‰Î) 15:06
getsuv,ŒŠ§ƒoƒŒ[ƒ{[ƒ‹,yƒoƒŒ[zVƒŠ[ƒOV1—q@NEC‚ª2ˆÊ‚É•‚ã‚·‚é‚È‚Ç‡ˆÊ‘ˆ‚¢‚ªŒƒ‰»,https://news.yahoo.co.jp/articles/2960091e58bce83a2c224eaca13fdea4e11088cd,1/29(Œ) 18:25
getsuv,ŒŠ§ƒoƒŒ[ƒ{[ƒ‹,yƒoƒŒ[zVƒŠ[ƒOV1’jq@15˜AŸ‚Ìƒpƒiƒ\ƒjƒbƒN‚ªƒtƒ@ƒCƒiƒ‹ƒXƒe[ƒWioŒˆ’è,https://news.yahoo.co.jp/articles/1073fc17b3bbd8c5a127f88e38a8d44e3bbefc80,1/29(Œ) 17:49
getsuv,ŒŠ§ƒoƒŒ[ƒ{[ƒ‹,yƒoƒŒ[z“ŒƒŒ@ˆäã“ŞXé‚ª¡‹GŒÀ‚è‚Å‚ÌŒ»–ğˆø‘Ş‚ğ”­•\,https://news.yahoo.co.jp/articles/63b16198d7a78a7d3fefb422c696708781df5047,1/26(‹à) 16:26
getsuv,ŒŠ§ƒoƒŒ[ƒ{[ƒ‹,yƒoƒŒ[zîà‹´—•‚ª•‰@ƒpƒŠ‚Ì‹{‰YŒ’l‚ÍƒJƒbƒví‚ÅMVP  yŠCŠOƒŠ[ƒOŠ‘®“ú–{‘ã•\‘IèE1/23A24z,https://news.yahoo.co.jp/articles/7385fc7af66c515a2d0e24fabe62d651afcc95bd,1/25(–Ø) 18:53
getsuv,ŒŠ§ƒoƒŒ[ƒ{[ƒ‹,yƒoƒŒ[zƒl[ƒVƒ‡ƒ“ƒYƒŠ[ƒO  “ú–{‚ÌŠJÃ’n‚ªç—t¨–¢’è‚É,https://news.yahoo.co.jp/articles/4213da9ac2cd8f4365800f39a07d96dda5f7439b,1/25(–Ø) 16:45
getsuv,ŒŠ§ƒoƒŒ[ƒ{[ƒ‹,yƒoƒŒ[zWD–¼ŒÃ‰®@’ÖR—³‰î‚ÌŒ»–ğˆø‘Ş‚ğ”­•\,https://news.yahoo.co.jp/articles/ffc1b783773a6c5bac62b6d5d23723ef12eac8db,1/25(–Ø) 10:16
getsuv,ŒŠ§ƒoƒŒ[ƒ{[ƒ‹,yƒoƒŒ[zÎì—SŠó‚Ìƒ~ƒ‰ƒm‚Íƒ‹[ƒx‚ÉÉ”s@îà‹´—•‚ÍCEVƒ`ƒƒƒŒƒ“ƒWƒJƒbƒv€ŒˆŸio yŠCŠOƒŠ[ƒOŠ‘®“ú–{‘ã•\‘IèE1/17`21z,https://news.yahoo.co.jp/articles/cb8204330e65761feea4e409810c44592c1c47ef,1/24(…) 12:23
getsuv,ŒŠ§ƒoƒŒ[ƒ{[ƒ‹,y‘S“ú–{ƒCƒ“ƒJƒŒ—q—DŸ‹L”Oz’}”g‘å3”N¶‘Î’ku©•ª‚½‚¿‚È‚è‚Ì‹­‚¢ƒ`[ƒ€‚ğv@–å“cŒÎ“s~’†‘º —I,https://news.yahoo.co.jp/articles/0790c463c2ed679663041463d1e2403ddd080e49,1/24(…) 12:04
getsuv,ŒŠ§ƒoƒŒ[ƒ{[ƒ‹,y‘S“ú–{ƒCƒ“ƒJƒŒ’jq—DŸ‹L”Oz‘ˆî“c‘å1”N¶ƒCƒ“ƒ^ƒrƒ…[uŒoŒ±‚ğŠÒŒ³‚µ‚Ä‘ˆî“c‘å‚ÌƒoƒŒ[ƒ{[ƒ‹‚ğ‚¢‚¢‚à‚Ì‚Év–ƒ–ìŒ˜“l,https://news.yahoo.co.jp/articles/c8da836718f57bf3aee737ed5d54f59b7ee4c5cd,1/23(‰Î) 12:07
getsuv,ŒŠ§ƒoƒŒ[ƒ{[ƒ‹,y‘S“ú–{ƒCƒ“ƒJƒŒ—q—DŸ‹L”Oz’}”g‘å2”N¶ƒCƒ“ƒ^ƒrƒ…[u‰ºè‚­‚»‚ÈƒCƒ[ƒW‚ğ•¥@‚µ‚½‚¢v–{“c ê£,https://news.yahoo.co.jp/articles/11d4451eb92d35b6fb3f811324e7cd3c2bb24d2d,1/22(Œ) 18:10
getsuv,ŒŠ§ƒoƒŒ[ƒ{[ƒ‹,yƒoƒŒ[zVƒŠ[ƒOV1—q@ñˆÊJT‚É‘±‚¢‚Ä‹vŒõAé‹Êã”öANEC‚ªƒtƒ@ƒCƒiƒ‹ƒXƒe[ƒWioŒˆ’è,https://news.yahoo.co.jp/articles/b8e870f09d56a83c867106d2b6b14048468e189c,1/22(Œ) 17:18
getsuv,ŒŠ§ƒoƒŒ[ƒ{[ƒ‹,yƒoƒŒ[zVƒŠ[ƒOV1’jq@ãˆÊ4ƒ`[ƒ€‚ª˜AŸAVEƒtƒ@ƒCƒiƒ‹ƒXƒe[ƒWio‘ˆ‚¢‚ÍŒƒ‰»,https://news.yahoo.co.jp/articles/9d2e967d057e84ce468ea9256d5c135747ea55fa,1/22(Œ) 16:35
getsuv,ŒŠ§ƒoƒŒ[ƒ{[ƒ‹,yƒoƒŒ[z“Œ‹GBŒã“¡—¤ãÄ‚ª‹ß‹E‘å‚Å’…‚¯‚½”w”Ô†u11v‚Ì”é˜bBWD–¼ŒÃ‰®‚Ì‚ ‚Ìæ”y‚Éu‚à‚ç‚Á‚½‚ñ‚Å‚·‚æB‚­‚¾‚³‚¢A‚Á‚Äv,https://news.yahoo.co.jp/articles/d069c6c0f90f97152220d06139bfa77ffbc31c3e,1/22(Œ) 12:06
getsuv,ŒŠ§ƒoƒŒ[ƒ{[ƒ‹,y‘S“ú–{ƒCƒ“ƒJƒŒ’jq—DŸ‹L”Oz‘ˆî“c‘å2”N¶‘Î’kuæ“ª‚É—§‚Á‚Äƒ`[ƒ€‚ğˆø‚Á’£‚év@‘O“c—½Œá~”¨ ŒÕ‘¾˜Y,https://news.yahoo.co.jp/articles/4a8a667b9593055adf3a99d80ba4f9c9d09c9a0a,1/21(“ú) 12:11
getsuv,ŒŠ§ƒoƒŒ[ƒ{[ƒ‹,yƒoƒŒ[z¢ŠEƒNƒ‰ƒu‘IèŒ ƒTƒ“ƒo[ƒY•±“¬‹L4,https://news.yahoo.co.jp/articles/319a3733e36520db883334c7e344bb08484289bd,1/20(“y) 18:04
getsuv,ŒŠ§ƒoƒŒ[ƒ{[ƒ‹,y‘S“ú–{ƒCƒ“ƒJƒŒ—q—DŸ‹L”Oz’}”g‘å1”N¶‘Î’kug4”N¶‚Ì‚½‚ß‚Éh“ú–{ˆê‚ğü‚é‚±‚Æ‚ª‚Å‚«‚Ä‚¤‚ê‚µ‚¢v@ˆ¢•”–¾‰¹~ŒF’JmˆË“Ş~‘ëàVê£”T,https://news.yahoo.co.jp/articles/20ff8b1356329590088be27c2f959a34f3066fac,1/20(“y) 12:12
getsuv,ŒŠ§ƒoƒŒ[ƒ{[ƒ‹,yƒoƒŒ[zu‚±‚¤‚¢‚¤‚Æ‚«‚¾‚©‚ç‚±‚»·‚èã‚ª‚é‡‚ğv“ú—§Astemo“nç²Ê‚ªÎìŒ§ŠJÃ‚ÌVƒŠ[ƒO‚Ö¾‚¢B“Œ–kogƒAƒXƒŠ[ƒg‚Æ‚µ‚Ä,https://news.yahoo.co.jp/articles/2fdfc874f99ea948abafca5d40ce04eb027a21fc,1/19(‹à) 20:12
getsuv,ŒŠ§ƒoƒŒ[ƒ{[ƒ‹,yƒoƒŒ[z¢ŠEƒNƒ‰ƒu‘IèŒ ƒTƒ“ƒo[ƒY•±“¬‹L3,https://news.yahoo.co.jp/articles/81ee4b3657b8b85d77d3c136be6727e8c10edb2c,1/19(‹à) 18:06
getsuv,ŒŠ§ƒoƒŒ[ƒ{[ƒ‹,yƒoƒŒ[zJOC”t‚Å•ºŒÉ—q‚Ì_–ì‰Øê£‚Æ•Ÿˆä—q‚Ì]ŠÔS”ü‚ªŒğ‚í‚µ‚½—Fî ƒ`[ƒ€‚ÌŠ_ª‚ğ‰z‚¦‚Ä,https://news.yahoo.co.jp/articles/abb7f5ec3eb936a852663aa328ec16e7dad416b2,1/19(‹à) 12:05
getsuv,ŒŠ§ƒoƒŒ[ƒ{[ƒ‹,yƒoƒŒ[zu‰ªRƒV[ƒKƒ‹ƒY‚É‚Æ‚Á‚Ä‚Ì–‹ŠJ‚¯vV‰Á“ü‚Ì¬¼Œ´ê£‚ª‚à‚½‚ç‚·ƒoƒbƒNƒAƒ^ƒbƒN‚Æ‚¢‚¤UŒ‚‚Ì‘I‘ğˆ,https://news.yahoo.co.jp/articles/4a4d5cbeb1f1bc94bb7d25d9f6cff9406b8c79a8,1/18(–Ø) 18:31
getsuv,ŒŠ§ƒoƒŒ[ƒ{[ƒ‹,yƒoƒŒ[z¢ŠEƒNƒ‰ƒu‘IèŒ ƒTƒ“ƒo[ƒY•±“¬‹L2,https://news.yahoo.co.jp/articles/35eeea90ec5ea405dba371d43bbc1210e47de22c,1/18(–Ø) 18:04
getsuv,ŒŠ§ƒoƒŒ[ƒ{[ƒ‹,yƒoƒŒ[z‘S‘’†Šw¶‘I”²‚Ì’j—Še12–¼‚ª¡”N2Œ‚ÌƒCƒ^ƒŠƒA‰“ª‚ÖŒü‚¯‚Ä‡h‚ğÀ{,https://news.yahoo.co.jp/articles/a3be13bc79b7c6c92f6191a9f749c021dc42d305,1/18(–Ø) 12:08
getsuv,ŒŠ§ƒoƒŒ[ƒ{[ƒ‹,yƒoƒŒ[zVƒŠ[ƒO‰¤Ò‚ğŒˆ‚ß‚éVEƒtƒ@ƒCƒiƒ‹ƒXƒe[ƒWiV1’j—j‚Ì‡‰ïê‚Æ‡ŠJnŠÔ‚ªŒˆ’è,https://news.yahoo.co.jp/articles/2e0fb8589dd780fb4112e07f698d7579557adda4,1/17(…) 19:00
getsuv,ŒŠ§ƒoƒŒ[ƒ{[ƒ‹,"Îì—SŠó‚Ìƒ~ƒ‰ƒm‚Íƒ`ƒXƒeƒ‹ƒi‚ÉƒXƒgƒŒ[ƒg‚ÅŸ—˜ yŠCŠOƒŠ[ƒOŠ‘®“ú–{‘ã•\‘IèE1/13,14z",https://news.yahoo.co.jp/articles/d2c03a55f8c3e70ea6e08e2a042dc9cde3915dfd,1/17(…) 18:21
getsuv,ŒŠ§ƒoƒŒ[ƒ{[ƒ‹,yƒoƒŒ[z¢ŠEƒNƒ‰ƒu‘IèŒ ƒTƒ“ƒo[ƒY•±“¬‹L1,https://news.yahoo.co.jp/articles/6c3b7c0aa25a51cc2d7de6c3634e8164f60ab24f,1/17(…) 18:04
getsuv,ŒŠ§ƒoƒŒ[ƒ{[ƒ‹,yƒoƒŒ[zt‚˜A”e‚Ìx‘äŠw‰€‚‚Æ‰ª’JH‚‚ªVC’·–ì‚Ìƒz[ƒ€ƒQ[ƒ€‚ÅƒGƒLƒVƒrƒVƒ‡ƒ“ƒ}ƒbƒ`,https://news.yahoo.co.jp/articles/ca61197a797304dc09926945ba31206d22fcfa05,1/16(‰Î) 19:00
getsuv,ŒŠ§ƒoƒŒ[ƒ{[ƒ‹,yƒoƒŒ[zƒfƒtAƒVƒbƒeƒBƒ“ƒO‚È‚ÇƒoƒŒ[ƒ{[ƒ‹3ƒJƒeƒSƒŠ[‚Ìƒgƒbƒv‘Iè‚ªŒê‚é–¢—ˆ TOKYO2020ƒŒƒKƒV[“W ‘æ2‰ñƒAƒXƒŠ[ƒgƒg[ƒNƒVƒ‡[,https://news.yahoo.co.jp/articles/950de1925b2c86dbecd8ebe784c6484cf449cda1,1/16(‰Î) 18:28
getsuv,ŒŠ§ƒoƒŒ[ƒ{[ƒ‹,yƒoƒŒ[zƒAƒ‰ƒ“ƒ}[ƒŒ@ì’Ş“Ş’Ã‚ÆƒCƒ“ƒfƒBƒOƒEƒF ƒVƒ“ƒfƒB ç‘z–²‚Ì“à’è‚ğ”­•\,https://news.yahoo.co.jp/articles/44ee46ad3117d22baa65c4b40ca559f2f3e3cc06,1/16(‰Î) 17:42
getsuv,ŒŠ§ƒoƒŒ[ƒ{[ƒ‹,yƒoƒŒ[zPFU@ƒ_ƒŠEƒTƒ“ƒ^ƒi ƒOƒgƒD‚Ì‘Ş’c‚ğ”­•\,https://news.yahoo.co.jp/articles/8e3c6234f6651816a29680cbb09f232eb08f2d4f,1/16(‰Î) 16:39
getsuv,ŒŠ§ƒoƒŒ[ƒ{[ƒ‹,yƒoƒŒ[zVƒŠ[ƒOV1—q@JT‚ª15˜AŸ‚ÅVEƒtƒ@ƒCƒiƒ‹ƒXƒe[ƒWioŒˆ’è,https://news.yahoo.co.jp/articles/23881a3432be8951bf21d544daa37bf115cfaab4,1/15(Œ) 18:26
getsuv,ŒŠ§ƒoƒŒ[ƒ{[ƒ‹,yƒoƒŒ[zVƒŠ[ƒOV1’jq@ƒTƒ“ƒgƒŠ[2“ú˜A‘±‚Ì‹t“]Ÿ‚¿@ñˆÊƒpƒiƒ\ƒjƒbƒN‚Í11˜AŸ,https://news.yahoo.co.jp/articles/50444adf7b611b7f4b8f1d2aa4142954bf5cae1b,1/15(Œ) 18:07
getsuv,ŒŠ§ƒoƒŒ[ƒ{[ƒ‹,yƒoƒŒ[zJT‚Ì“c’†‹H‚ªVƒŠ[ƒO230‡oê‚ğ’B¬,https://news.yahoo.co.jp/articles/a84d7d576b2aadf4b70034180ac0c956f0cfe57a,1/15(Œ) 10:59
getsuv,ŒŠ§ƒoƒŒ[ƒ{[ƒ‹,yƒoƒŒ[zã—Ñ’¼Ÿu‚â‚Á‚Ï‚èƒoƒŒ[‚ªD‚«v@RŒ`Œ§‘I”²‚Å‚Ì‘‘Ì‚ª‚«‚Á‚©‚¯‚Å’jq“ú–{‘ã•\áè—L–]‘Iè‡h‚Ö,https://news.yahoo.co.jp/articles/79197559d561d9602ee24f1d7c9a99bcb1ebb0ed,1/11(–Ø) 17:11
getsuv,ŒŠ§ƒoƒŒ[ƒ{[ƒ‹,yƒoƒŒ[zt‚˜A”e‚ğ’B¬‚µ‚½x‘äŠw‰€@‹T‰ª¹¬‚ª1”N‘O‚ÉŒˆˆÓ‚µ‚½‚±‚ÆuŒµ‚µ‚­‚·‚×‚«‚Æ‚±‚ë‚Í‚µ‚Ä‚¢‚©‚È‚¢‚ÆvkŒƒoƒŒ2023”N3Œ†ƒvƒŒ[ƒoƒbƒNl,https://news.yahoo.co.jp/articles/874308d1d367d0b0449b3d7810b7232cb191685d,1/10(…) 17:10
getsuv,ŒŠ§ƒoƒŒ[ƒ{[ƒ‹,yƒoƒŒ[zt‚€V‚Ì•ŸˆäH‘å••Ÿˆä‚‚ª’…—p‚µ‚½ƒJƒ‰ƒtƒ‹ƒ†ƒj‚Ì³‘ÌB‚¢‚Â‚à‚ÌgACƒ~ƒ‰ƒ“h•—‚Å‚Í‚È‚¢!?,https://news.yahoo.co.jp/articles/42207eb515e106beff5426da53671fdf5ad97a73,1/10(…) 12:01
getsuv,ŒŠ§ƒoƒŒ[ƒ{[ƒ‹,yƒoƒŒ[zWD–¼ŒÃ‰®@™B“c—º‘¾‚ªVƒŠ[ƒO230‡oê‚ğ’B¬,https://news.yahoo.co.jp/articles/d0c677697c45abe532d1551b74c0aacf38adf944,1/9(‰Î) 18:26
getsuv,ŒŠ§ƒoƒŒ[ƒ{[ƒ‹,yƒoƒŒ[z—q‘å‰ï‘S51‡Œ‹‰ÊAŒÂlÜóÜ‘Ièˆê——yt‚2024z,https://news.yahoo.co.jp/articles/1422845a8e442370b1d264056a53a798c7d721e6,1/8(Œ) 19:52
getsuv,ŒŠ§ƒoƒŒ[ƒ{[ƒ‹,yƒoƒŒ[z’jq‘å‰ï‘S51‡Œ‹‰ÊAŒÂlÜóÜ‘Ièˆê——yt‚2024z,https://news.yahoo.co.jp/articles/7808e753f29392d263dac23260aaaac8e2170bed,1/8(Œ) 19:20
getsuv,ŒŠ§ƒoƒŒ[ƒ{[ƒ‹,yƒoƒŒ[z‰º–k‘ò¬“¿‚ÌOŠ¥‚ğ‘j~‚µAÀ‚ª2‘å‰ï‚Ô‚è‚Ì‰hŠ¥yt‚2024z,https://news.yahoo.co.jp/articles/8c450d6243aa97834ec518dbe0a96e068251605a,1/8(Œ) 17:29
getsuv,ŒŠ§ƒoƒŒ[ƒ{[ƒ‹,yƒoƒŒ[zx‘äŠw‰€‚ª•ŸˆäH‘å••Ÿˆä‚ğ‰º‚µ‘å‰ï˜A”e@ƒCƒ“ƒ^[ƒnƒC‚Æ‚Ì“ñŠ¥‚ğ’B¬yt‚2024z,https://news.yahoo.co.jp/articles/597f2db2d7ca63195538295adeeade4877b4e009,1/8(Œ) 14:25
getsuv,ŒŠ§ƒoƒŒ[ƒ{[ƒ‹,yƒoƒŒ[zŒˆŸio‚ğŒœ‚¯‚½‹­‹Z‚ÌŒƒí@‘å‰ï4“ú–Úi1/7j‚Ì’j—€ŒˆŸŒ‹‰Êyt‚2024z,https://news.yahoo.co.jp/articles/635ef64bcf7ca07a8d47feb40c316ab7467cfc90,1/7(“ú) 20:12
getsuv,ŒŠ§ƒoƒŒ[ƒ{[ƒ‹,yƒoƒŒ[zˆ®ìÀ‚ğ‰º‚µ‚Ä‰º–k‘ò¬“¿‚ªOŠ¥‚É‰¤èyt‚2024z,https://news.yahoo.co.jp/articles/2d42847aed6cbb7bc95c8a46cc22f8c01aa57059,1/7(“ú) 19:51
getsuv,ŒŠ§ƒoƒŒ[ƒ{[ƒ‹,yƒoƒŒ[z‘å‰ï˜A”e‚É’§‚Şx‘äŠw‰€‚ª¸—z‚ğ‰º‚µ‚ÄŒˆŸ‚Öyt‚2024z,https://news.yahoo.co.jp/articles/a8b4c5df81c36e9331726b78e4b3a69cc8847c9e,1/7(“ú) 14:25
getsuv,ŒŠ§ƒoƒŒ[ƒ{[ƒ‹,yƒoƒŒ[zŒˆŸio‚ğŒœ‚¯‚ÄŒƒ“Ë@‘å‰ï4“ú–Úi1/7j‚Ì’j—€ŒˆŸ‚ğĞ‰îyt‚2024z,https://news.yahoo.co.jp/articles/c56d19695bd4413d4a5a5628cab4dbe684845b9e,1/6(“y) 21:05
getsuv,ŒŠ§ƒoƒŒ[ƒ{[ƒ‹,yƒoƒŒ[zOŠ¥–Úw‚·‰º–k‘ò¬“¿‚âAÀ‚È‚Ç‚ªƒxƒXƒg4‚Éio@—q‘å‰ï3“ú–Úi1/6j‚Ì3‰ñíA€XŒˆŸ‡Œv12‡‚ÌŒ‹‰Êyt‚2024z,https://news.yahoo.co.jp/articles/ba460cac263e42d5021c488030ed6de3199e9cd4,1/6(“y) 20:31
getsuv,ŒŠ§ƒoƒŒ[ƒ{[ƒ‹,yƒoƒŒ[z˜A”e‚ğ‘_‚¤x‘äŠw‰€A‘O‰ñ€—DŸ‚Ì’Á¼‚È‚Ç‚ª€ŒˆŸ‚Ö@’jq‘å‰ï3“ú–Úi1/6j‚Ì3‰ñí‚Æ€XŒˆŸ‚Ì‘S12‡Œ‹‰Êyt‚2024z,https://news.yahoo.co.jp/articles/929afd15303b99e58038b0f2f1b62adb8e2208b9,1/6(“y) 19:54
getsuv,ŒŠ§ƒoƒŒ[ƒ{[ƒ‹,yƒoƒŒ[zx‘äŠw‰€‚ª‚ìŠw‰€‚Æ‚ÌŒƒí‚ğ§‚µ‚Ä€XŒˆŸ‚Öyt‚2024z,https://news.yahoo.co.jp/articles/800faed85d3c6e851051e8b7c6b20941dc446f3f,1/6(“y) 16:11
getsuv,ŒŠ§ƒoƒŒ[ƒ{[ƒ‹,yƒoƒŒ[zƒxƒXƒg4ioƒ`[ƒ€‚ªŒˆ’è‚·‚é’jq3“ú–Úi1/6j‚Ì‘S12‡‚ğĞ‰îyt‚2024z,https://news.yahoo.co.jp/articles/0c6f2c30d8356cd2a438c966f84959709a9e220a,1/5(‹à) 20:48
getsuv,ŒŠ§ƒoƒŒ[ƒ{[ƒ‹,yƒoƒŒ[zğ”N‰¤Òx‘äŠw‰€‚â’Á¼‚È‚Ç‚ªƒxƒXƒg16‚Éio@’jq‘å‰ï2“ú–Úi1/5j‚Ì2‰ñí‘S16‡‚ÌŒ‹‰Êyt‚2024z,https://news.yahoo.co.jp/articles/67c32c6abfc5c39175529007831949d824f82063,1/5(‹à) 20:24
getsuv,ŒŠ§ƒoƒŒ[ƒ{[ƒ‹,yƒoƒŒ[z“ú–{q‹ó‚ªŒ€“I‘å‹t“]‚Åì“à¤H‚ğ‰º‚µ‚Ä2‰ñí“Ë”jyt‚2024z,https://news.yahoo.co.jp/articles/3e674e533049b8093d56250164f1ab5a9497f4d3,1/5(‹à) 20:12
getsuv,ŒŠ§ƒoƒŒ[ƒ{[ƒ‹,yƒoƒŒ[zƒxƒXƒg4io‚ğŒœ‚¯‚ÄŒƒ“Ë@—q3“ú–Úi1/6j‚Ì‘S12‡‚ğĞ‰îyt‚2024z,https://news.yahoo.co.jp/articles/8ecac3538327bd96352ba411c0215883666a4b16,1/5(‹à) 19:29
getsuv,ŒŠ§ƒoƒŒ[ƒ{[ƒ‹,yƒoƒŒ[z‘O‰ñ‘å‰ï—DŸ‚ÌŒÃìŠw‰€‚È‚Ç‚ª3‰ñí‚Ö@—q‘å‰ï2“ú–Úi1/5j‚Ì2‰ñí‘S16‡‚ÌŒ‹‰Êyt‚2024z,https://news.yahoo.co.jp/articles/3d401848678d93e66851478ca8e5be6c72742ae1,1/5(‹à) 18:04
getsuv,ŒŠ§ƒoƒŒ[ƒ{[ƒ‹,yƒoƒŒ[z‘åŠA“ú‘O“ú‚ÉŠJÃ‚³‚ê‚½VƒŠ[ƒOB“Œ‹ GB–ö“c«—m‚ç‚ªŒê‚é‹»s‚Æ‚µ‚Ä‚ÌƒoƒŒ[ƒ{[ƒ‹‚Ì‰Â”\«,https://news.yahoo.co.jp/articles/eb696a6c0fed51a428dc99eb7eb7651cacb81704,1/5(‹à) 12:48
getsuv,ŒŠ§ƒoƒŒ[ƒ{[ƒ‹,yƒoƒŒ[z“ñŠ¥—‰¤E‰º–k‘ò¬“¿‚ªŒSR—‘å•‚ğƒXƒgƒŒ[ƒg‚Å‰º‚·yt‚2024z,https://news.yahoo.co.jp/articles/d087061d488d79a70ab953e5349d6c71f3c0d788,1/5(‹à) 11:24
getsuv,ŒŠ§ƒoƒŒ[ƒ{[ƒ‹,yƒoƒŒ[zOŠ¥‚ğ–Úw‚·‰º–k‘ò¬“¿‚ª“oê@—q2“ú–Úi1/5j‚Ì‘S16‡‚ğĞ‰îyt‚2024z,https://news.yahoo.co.jp/articles/13192f98820920fcb1c27118aa86f284ba33cefe,1/4(–Ø) 23:05
getsuv,ŒŠ§ƒoƒŒ[ƒ{[ƒ‹,yƒoƒŒ[z‘‘Ì€—DŸ‚Ì‹à—–‰ï‚È‚Ç‚ª2‰ñí‚Ö@—q‘å‰ï‰“úi1/4j‚Ì1‰ñí‘S20‡‚ÌŒ‹‰Êyt‚2024z,https://news.yahoo.co.jp/articles/d4400acad5bb7501bf950e9628231c443b570910,1/4(–Ø) 22:42
getsuv,ŒŠ§ƒoƒŒ[ƒ{[ƒ‹,yƒoƒŒ[z˜A”e‚ğ‘_‚¤x‘äŠw‰€‚ª“oê@’jq2“ú–Úi1/5j‚Ì‘S16‡‚ğĞ‰îyt‚2024z,https://news.yahoo.co.jp/articles/c14f97ae3df8fcf0b08b1b942058c96ed7e690d5,1/4(–Ø) 22:13
getsuv,ŒŠ§ƒoƒŒ[ƒ{[ƒ‹,yƒoƒŒ[z‰oê‚Ì•l¼CŠwÉ‚È‚Ç‚ª2‰ñí‚Éio@’jq‘å‰ï‰“úi1/4j‚Ì1‰ñí‘S20‡‚ÌŒ‹‰Êyt‚2024z,https://news.yahoo.co.jp/articles/3214083197571dffd74c81ab48ce3fda61594768,1/4(–Ø) 21:50
getsuv,ŒŠ§ƒoƒŒ[ƒ{[ƒ‹,yƒoƒŒ[z‹“s‹k‚ª‚‚³‚ğ¶‚©‚µé“ì‚ğŒ‚”jA2‰ñíioŒˆ‚ß‚éyt‚2024z,https://news.yahoo.co.jp/articles/10d819b7bf5f6c7de0a435b1c47859060f3a8457,1/4(–Ø) 16:37
getsuv,ŒŠ§ƒoƒŒ[ƒ{[ƒ‹,yƒoƒŒ[z‘‘Ì‰¤ÒE‚ìŠw‰€‚ª¯é‚Z‚ğƒtƒ‹ƒZƒbƒg‚Å”j‚éyt‚2024z,https://news.yahoo.co.jp/articles/8990e45853d4d6ad388ef54de23f890cb4c44b60,1/4(–Ø) 13:28
getsuv,ŒŠ§ƒoƒŒ[ƒ{[ƒ‹,yt‚ƒoƒŒ[z˜A”e‚ğ‘_‚¤‹T‰ª¹¬‚â2”N¶ƒG[ƒX’†ã—ó‚ç¡‘å‰ï•KŒ©‚Ì10li’jqj,https://news.yahoo.co.jp/articles/49c03bfb757e6fb19200220c1c25f73d4014449a,1/3(…) 12:10
getsuv,ŒŠ§ƒoƒŒ[ƒ{[ƒ‹,u‚Ç‚¿‚ç‚©‚ª€‚Ê‚Ü‚ÅvƒRƒ“ƒrŒp‘±@×“cŠw‰€‚‚Ìƒxƒeƒ‰ƒ“ƒ^ƒbƒO‚ª•`‚­w“±Ò‚Æ‚µ‚Ä‚Ìp yˆÉ“¡Œ‰”üŠÄ“Â~¬ì—Ç÷ƒGƒOƒ[ƒNƒeƒBƒuƒAƒhƒoƒCƒU[‘Î’k‡Bz,https://news.yahoo.co.jp/articles/5231328f8622986e68d62b71a61e0f1aa40767e6,1/3(…) 12:08
getsuv,ŒŠ§ƒoƒŒ[ƒ{[ƒ‹,yt‚ƒoƒŒ[z“ú–{‘ã•\‚ÌH–{”ü‹ó‚â‘S‘OŠ¥‚ğ–Úw‚·ƒCƒF[ƒ‚ƒ“ƒ~ƒƒ‚çŠˆ–ô‚ÉŠú‘Ò‚Ì10‘Iè‚ğƒ`ƒFƒbƒNi—qj,https://news.yahoo.co.jp/articles/999fd5da3cdc8af37d462ca2ea9cae804d7f876f,1/2(‰Î) 12:10
getsuv,ŒŠ§ƒoƒŒ[ƒ{[ƒ‹,yƒoƒŒ[zu—q‚ÍƒŒƒV[ƒuv ŒÅ’èŠÏ”O‚ğ•¢‚·ƒuƒƒbƒN‰üŠv ¬‚³‚¢ƒ`[ƒ€‚É‚à‚Å‚«‚é‚±‚Æy×“cŠw‰€‚ ˆÉ“¡Œ‰”üŠÄ“Â~¬ì—Ç÷ƒGƒOƒ[ƒNƒeƒBƒuƒAƒhƒoƒCƒU[‘Î’k‡Az,https://news.yahoo.co.jp/articles/5dcc7d017cbc7383ea8d7bcc51a10ee9c0207590,1/2(‰Î) 12:00
getsuv,ŒŠ§ƒoƒŒ[ƒ{[ƒ‹,yƒoƒŒ[zH–{”ü‹ói‹¤‰hŠw‰€‚j VtƒCƒ“ƒ^ƒrƒ…[ U19“ú–{‘ã•\‚Å‚ÌŠw‚ÑA‚»‚µ‚Ät‚‚Ö‚ÌŒˆˆÓu‰º–k‘ò¬“¿‚‚ğ“|‚µ‚Ä“ú–{ˆêv,https://news.yahoo.co.jp/articles/b7205f75b772930e20e6ebe5df7dc4a5a3326140,1/1(Œ) 12:10
getsuv,ŒŠ§ƒoƒŒ[ƒ{[ƒ‹,yƒoƒŒ[z×“cŠw‰€‚‚Ìƒxƒ“ƒ`‚É‰º–k‘ò¬“¿‚‚Ì¬ì—Ç÷‘OŠÄ“Â u‚à‚¤ƒoƒŒ[‚Í‚È‚¢‚©‚Èv‚©‚çA”C‚ÉŠ‚é‚Ü‚ÅyˆÉ“¡Œ‰”üŠÄ“Â~¬ìƒGƒOƒ[ƒNƒeƒBƒuƒAƒhƒoƒCƒU[‘Î’k‡@z,https://news.yahoo.co.jp/articles/8233d683a17a9f84961eb9769fb1e35ad38f53b6,1/1(Œ) 12:01
getsuv,ŒŠ§ƒoƒŒ[ƒ{[ƒ‹,yƒoƒŒ[zx‘äŠw‰€‚ V1’jqWD–¼ŒÃ‰®‚ÉŒ’“¬ ˜A”e‚ªŒœ‚©‚ét‚’¼‘O‚É“¾‚½h‘èyt‚oêZ‚Ì“VcEc@”t‡Bz,https://news.yahoo.co.jp/articles/7966d3fa500a13c0d38b44737f41dfc84afa5a90,2023/12/31(“ú) 12:11
getsuv,ŒŠ§ƒoƒŒ[ƒ{[ƒ‹,yƒoƒŒ[z¸—z‚ “ŒˆŸ‘å‚É‹à¯¡‘O Œğ‘ã‘Iè‚ªd–‚ğ‰Ê‚½‚µt‚‚Ö’e‚İyt‚oêZ‚Ì“VcEc@”t‡Az,https://news.yahoo.co.jp/articles/f2aafd8cc0bf2d6207d5dd214507e97835c4677f,2023/12/30(“y) 12:10
getsuv,ŒŠ§ƒoƒŒ[ƒ{[ƒ‹,yƒoƒŒ[z‹à—–‰ï‚ ƒAƒEƒgƒTƒCƒhƒqƒbƒ^[‚Éˆäã–¢—B“Ş!?@t‚–{í‚àuƒ`[ƒ€‚Ì‚½‚ß‚Évyt‚oêZ‚Ì“VcEc@”t‡@z,https://news.yahoo.co.jp/articles/9c68b603f7e794c5e01c7bd4557684f92ae2e4d0,2023/12/29(‹à) 12:10
getsuv,ŒŠ§ƒoƒŒ[ƒ{[ƒ‹,yƒoƒŒ[z—q‚Í‘åã–kA’jq‚Í•Ÿ‰ª‚ª—DŸyJOCƒWƒ…ƒjƒAƒIƒŠƒ“ƒsƒbƒNƒJƒbƒvz,https://news.yahoo.co.jp/articles/2b0da2a5482aa89ce71a6a96e0c5f5a73a063a20,2023/12/29(‹à) 10:41
getsuv,ŒŠ§ƒoƒŒ[ƒ{[ƒ‹,yƒoƒŒ[z‘O‰ñ—DŸ‚Ì“Œ‹‚ğ‰º‚µ‚½L“‡‚ªƒxƒXƒg4ioyJOCƒWƒ…ƒjƒAƒIƒŠƒ“ƒsƒbƒNƒJƒbƒv’jqz,https://news.yahoo.co.jp/articles/80a7ad7f6574a52fbb5ff2b21de2923d4504b390,2023/12/28(–Ø) 10:52
getsuv,ŒŠ§ƒoƒŒ[ƒ{[ƒ‹,yƒoƒŒ[z‘O‰ñ‘å‰ï—DŸ‚Ì“Œ‹AŠJÃ’n‚Ì‘åã–k‚È‚Ç‚ª€ŒˆŸ‚ÉioyJOCƒWƒ…ƒjƒAƒIƒŠƒ“ƒsƒbƒNƒJƒbƒv—qz,https://news.yahoo.co.jp/articles/c21cd114df4f08d253caa62e1cf2321d42c9cc82,2023/12/28(–Ø) 10:36
getsuv,ŒŠ§ƒoƒŒ[ƒ{[ƒ‹,yƒoƒŒ[z“Œ‹ŠwŒ|‘åŠw‘å‰ï‚ÅƒfƒtƒoƒŒ[ƒ{[ƒ‹’j—‘ã•\ƒ`[ƒ€‚à–ô“®,https://news.yahoo.co.jp/articles/e754ecfc99002694d95a4b61b812e149f05fa06e,2023/12/27(…) 12:06
getsuv,ŒŠ§ƒoƒŒ[ƒ{[ƒ‹,yƒoƒŒ[zU16—q“ú–{‘ã•\‚Ì’‰Šè›ä»÷‚ğ—i‚·‚é‘å•ª‚È‚Ç32ƒ`[ƒ€‚ªŒˆŸƒg[ƒiƒƒ“ƒg‚ÖyJOCƒWƒ…ƒjƒAƒIƒŠƒ“ƒsƒbƒNƒJƒbƒv—qz,https://news.yahoo.co.jp/articles/633a778060d307d6d4e30f06742d80031cade6ac,2023/12/26(‰Î) 22:10
getsuv,ŒŠ§ƒoƒŒ[ƒ{[ƒ‹,yƒoƒŒ[z‘O‰ñ—DŸ‚Ì“Œ‹‚ç‚ªŒˆŸƒg[ƒiƒƒ“ƒg‚ÉioyJOCƒWƒ…ƒjƒAƒIƒŠƒ“ƒsƒbƒNƒJƒbƒv’jqz,https://news.yahoo.co.jp/articles/ca000dcceb8ca0b6cbbc73c36af10b75f39650cb,2023/12/26(‰Î) 21:44
getsuv,ŒŠ§ƒoƒŒ[ƒ{[ƒ‹,yƒoƒŒ[z“¡“ˆ•A‘¾i“ú–{Šw‰€‚j ‰õiŒ‚‚Ì1”N‚Í—Ü‚Ì–‹Ø‚ê uƒoƒŒ[‚ğ‚µ‚Ä‚¢‚È‚©‚Á‚½‚çâ‘Î‚ÉŒoŒ±‚Å‚«‚È‚¢‚±‚Æv,https://news.yahoo.co.jp/articles/2fe68b766286f719633ba3e51783719e0491dc62,2023/12/26(‰Î) 12:12
getsuv,ŒŠ§ƒoƒŒ[ƒ{[ƒ‹,yƒoƒŒ[zWD–¼ŒÃ‰®@R“cãù‘¢‚ªVƒŠ[ƒO230‡oê‚ğ’B¬,https://news.yahoo.co.jp/articles/b4442edd0b9e2adb04af4aaed72bad671f8b36a0,2023/12/25(Œ) 18:42
getsuv,ŒŠ§ƒoƒŒ[ƒ{[ƒ‹,yƒoƒŒ[z“ŒƒŒ@—›”‚ªVƒŠ[ƒO230‡oê‚ğ’B¬,https://news.yahoo.co.jp/articles/77e621adf9ebddccf9d13b5b2b58d85cfcf93192,2023/12/25(Œ) 18:04
getsuv,ŒŠ§ƒoƒŒ[ƒ{[ƒ‹,yƒoƒŒ[z‘åŠw“ú–{ˆê‚Ì…’¬‘×“m‚ªuÅŒã‚­‚ç‚¢Œ©‚É—ˆ‚â‚Ÿv‚Æ—U‚Á‚½e—F ’J•’¿‚ª–¾‚©‚·gŒ¶‚Ì‘ÎŒˆh‚Æ–Ú‚É‚µ‚Ä‚«‚½p,https://news.yahoo.co.jp/articles/049f1137f513adfe1d6409cba738249b36556f80,2023/12/23(“y) 12:10
getsuv,ŒŠ§ƒoƒŒ[ƒ{[ƒ‹,yƒoƒŒ[z‰Ô‘º’mÆi“ŒR‚jt‚‚ğ“¦‚µ‚Ä‚à‹¹‚ğ’£‚ê‚é3”NŠÔ u’nŒ³‚Ì‚Z‚ÉiŠw‚µ‚æ‚¤v‚©‚çŒZA‚»‚µ‚Ägt h‚ğ’Ç‚Á‚Ä¬’·,https://news.yahoo.co.jp/articles/344734b1ecea9782aff5be1d3a6b52b096224109,2023/12/22(‹à) 12:21
getsuv,ŒŠ§ƒoƒŒ[ƒ{[ƒ‹,yƒoƒŒ[z2024”NH‚©‚ç‚ÌƒoƒŒ[ƒ{[ƒ‹VƒŠ[ƒO@V1’j—‘Sƒ`[ƒ€‚ªÅ‚•ôƒŠ[ƒOQ‰Á‘Ši‚ğ\¿,https://news.yahoo.co.jp/articles/acec3874debb98880f3a13f558d332fc906341a5,2023/12/21(–Ø) 19:59
getsuv,ŒŠ§ƒoƒŒ[ƒ{[ƒ‹,yƒoƒŒ[z’jqU18“ú–{‘ã•\Œó•â‘Iè‚ª­™“‡‚Å‡h‚ğÀ{,https://news.yahoo.co.jp/articles/98af16192baf264b25a38c4a3b17c845b73c2cb1,2023/12/21(–Ø) 13:19
getsuv,ŒŠ§ƒoƒŒ[ƒ{[ƒ‹,yƒoƒŒ[zPFU ã‘ºˆÇØ‚Ì“à’è‚ğ”­•\,https://news.yahoo.co.jp/articles/73757e7cba8f43b81de56df8a4a68703f25e8048,2023/12/21(–Ø) 11:34
getsuv,ŒŠ§ƒoƒŒ[ƒ{[ƒ‹,yƒoƒŒ[zJTL“‡@“ŒŠC‘å‚Ì‚–ØŒ[m˜Y‚Ì“à’è‚ğ”­•\,https://news.yahoo.co.jp/articles/72becd2109faeb9493ddad05810f9d8981b0a04f,2023/12/20(…) 18:35
getsuv,ŒŠ§ƒoƒŒ[ƒ{[ƒ‹,yƒoƒŒ[zt‚‚ğ“¦‚µ‚½—š³Ğ‚‚ÌU19“ú–{‘ã•\ƒRƒ“ƒr Ä‚Ñ“ú‚ÌŠÛ‚ğ‚Â‚¯‚é‚Æ‚«‚ğ–Úw‚µ‚Ä,https://news.yahoo.co.jp/articles/6f13e8e99c1e9c78f80c2d78312641837cb553f7,2023/12/20(…) 18:10
getsuv,ŒŠ§ƒoƒŒ[ƒ{[ƒ‹,yƒoƒŒ[zƒvƒ‚Æ‚µ‚Ä‚ÌŠoŒå‚Æƒ~ƒhƒ‹‚Æ‚µ‚Ä‚Ì–ğŠ„  `ŠØ‘VƒŠ[ƒOQí‚Ì‘å’|ˆëÂ`,https://news.yahoo.co.jp/articles/7db148c5a5d2a0d7ed4bbbd1c8dac34f6622f20b,2023/12/20(…) 12:12
getsuv,ŒŠ§ƒoƒŒ[ƒ{[ƒ‹,yƒoƒŒ[z‹vŒõ [àV‚ß‚®‚İ‚ª“Œ‹‘ÌˆçŠÙ‚Å—§‚Ä‚é¾‚¢B–³ŠÏ‹q‚Å‚Ìt‚—DŸ‚©‚ç2”NAu‚â‚Á‚Ï‚èŠy‚µ‚¢v‚¯‚ê‚Çc,https://news.yahoo.co.jp/articles/01b9150f3c54dc6b02ddc2d94c8762d4e9e461c1,2023/12/20(…) 12:10
getsuv,ŒŠ§ƒoƒŒ[ƒ{[ƒ‹,yƒoƒŒ[zU16“ú–{‘ã•\‚Ì•Ÿ“‡—È‚ªŒ³EVƒŠ[ƒK[‚Ì•ƒ‚©‚çö‚©‚é‘å–‚ÈŒ¾—t‚Æ‚ÍBJOC”tˆ¤’mŒ§‘I”²“ü‚è,https://news.yahoo.co.jp/articles/8357686d77f1e7d59e8adcb6b5aed17e2d032156,2023/12/19(‰Î) 17:30
getsuv,ŒŠ§ƒoƒŒ[ƒ{[ƒ‹,yƒoƒŒ[zƒfƒ“ƒ\[@“ú–{‘Ì‘å‚ÌÎ‘q¹•P‚Ì“ü’c‚ğ”­•\,https://news.yahoo.co.jp/articles/64aa63331ae11ccc582e15e15e2985cae4a92ff9,2023/12/19(‰Î) 16:15
getsuv,ŒŠ§ƒoƒŒ[ƒ{[ƒ‹,yƒoƒŒ[zVC’·–ì@“ú–{‘Ì‘å‚Ìîà•—Y‘å˜Y‚Ì“ü’c‚ğ”­•\,https://news.yahoo.co.jp/articles/2da23cb3dc55940c85a5db096719bf43182b4858,2023/12/18(Œ) 17:59
getsuv,ŒŠ§ƒoƒŒ[ƒ{[ƒ‹,yƒoƒŒ[z—q‚ÍNEC‚ª˜A”e‚ğ’B¬A’jq‚Íƒpƒiƒ\ƒjƒbƒN‚ª5‘å‰ï‚Ô‚è‚É—DŸ@“Vc”tEc@”t‘S“ú–{‘IèŒ ,https://news.yahoo.co.jp/articles/f904f41a48cc92fefb4c7f44ba48c77b927d7eec,2023/12/17(“ú) 19:57
getsuv,ŒŠ§ƒoƒŒ[ƒ{[ƒ‹,yƒoƒŒ[z“Vc”tEc@”t‘S“ú–{‘IèŒ ƒtƒ@ƒCƒiƒ‹ƒ‰ƒEƒ“ƒh€ŒˆŸŒ‹‰Ê@˜A”e‚ğ‘_‚¤NEC‚ªŒˆŸio,https://news.yahoo.co.jp/articles/9a973a0e47337addc061e7c983e7d0649f0422ad,2023/12/16(“y) 21:57
getsuv,ŒŠ§ƒoƒŒ[ƒ{[ƒ‹,yƒoƒŒ[z“ú–{ˆê‚É‚àu©•ªA‰½‚à‚µ‚Ä‚È‚¢v‚Æ’Q‚¢‚½…’¬‘×“m‚ÍŠ®‘S”RÄ‚Å‚«‚½‚Ì‚©H Šw¶¶ŠˆÅŒã‚É–¡‚í‚Á‚½g‚ ‚ÌŠ´Šoh,https://news.yahoo.co.jp/articles/81e9ed452460c87d4880ab70a111f16e0c1e070f,2023/12/15(‹à) 17:30
getsuv,ŒŠ§ƒoƒŒ[ƒ{[ƒ‹,yƒoƒŒ[z‹vŒõ@ˆäã–¢—B“Ş‚Æ‚‹´ˆ¨‚Ì“ü’cŒˆ’è‚ğ”­•\,https://news.yahoo.co.jp/articles/1c3e5c9529af1b49657d46fbf75624c5147594af,2023/12/14(–Ø) 13:38
getsuv,ŒŠ§ƒoƒŒ[ƒ{[ƒ‹,yƒoƒŒ[z‘S‘ƒxƒXƒg4‚ÌˆÀ“cŠw‰€’†’jq‚ª‰wü‚é “Œ‹“sVl‘å‰ï‚Å—DŸ,https://news.yahoo.co.jp/articles/f3a87440e0646a176057dda48440972d2159feca,2023/12/13(…) 18:26
getsuv,ŒŠ§ƒoƒŒ[ƒ{[ƒ‹,yƒoƒŒ[zƒNƒ‰ƒu¢ŠEˆê‚ÌŠÄ“Â‚ªŒû‚É‚µ‚½Îì—SŠó‚Ö‚Ìˆ¤î‚É—‚½v‚¢Buƒ†ƒEƒL‚Í„‚Ìcv,https://news.yahoo.co.jp/articles/389e80c86d12c2e5fc5393b96d29cdc62496ebe1,2023/12/12(‰Î) 18:31
getsuv,ŒŠ§ƒoƒŒ[ƒ{[ƒ‹,yƒoƒŒ[z”ü­—ƒLƒƒƒ‰‚ğƒ†ƒjƒtƒH[ƒ€‚ÉÌ—p‚µ‚½F­™“‡BƒCƒ^ƒŠƒA‚Å‚Í“ú–{‚Ìg‚ ‚Ì‘–¯“IƒLƒƒƒ‰h‚ª“oê‚µ‚½‚±‚Æ‚à,https://news.yahoo.co.jp/articles/ccff90a08af872521a253e90306a7c4b9818aa22,2023/12/12(‰Î) 17:31
getsuv,ŒŠ§ƒoƒŒ[ƒ{[ƒ‹,yƒoƒŒ[z“ŒƒŒ—q@ì•›‰ØÎA¼‰ª‰è¶‚Ì“à’è‚ğ”­•\,https://news.yahoo.co.jp/articles/8320d7ca0a029dd9cb164a450aab7de3427c416e,2023/12/12(‰Î) 15:53
getsuv,ŒŠ§ƒoƒŒ[ƒ{[ƒ‹,yƒoƒŒ[zƒl[ƒVƒ‡ƒ“ƒYƒŠ[ƒO2024‚Ì“ú’ö‚Æ—\‘Iƒ‰ƒEƒ“ƒh‚ÌŠJÃ’n‚ªŒˆ’è@“ú–{‚Å‚Í’j—‚Æ‚àç—t‚ÅŠJÃ,https://news.yahoo.co.jp/articles/c6e1be00408171e08d9c497edd90dd1bfa308080,2023/12/12(‰Î) 13:28
getsuv,ŒŠ§ƒoƒŒ[ƒ{[ƒ‹,yƒoƒŒ[zPFU@ƒCƒ“ƒJƒŒ3ˆÊE•Ÿ‰ª‘å‚Ìì“Y”ü—D‚Ì“à’è‚ğ”­•\,https://news.yahoo.co.jp/articles/8a3248473c094216724a27670c972055893f565b,2023/12/11(Œ) 17:47
getsuv,ŒŠ§ƒoƒŒ[ƒ{[ƒ‹,yƒoƒŒ[z›Ri‹Œ©E‹{–{jŒb”üq‚³‚ñÀ‹@“Œ‹ƒIƒŠƒ“ƒsƒbƒN‹àƒƒ_ƒ‹‚Ì“Œ—m‚Ì–‚—,https://news.yahoo.co.jp/articles/0cada9facb0554d769a69428e3f4d9f28bda7604,2023/12/11(Œ) 13:31
getsuv,ŒŠ§ƒoƒŒ[ƒ{[ƒ‹,yƒoƒŒ[zƒTƒ“ƒgƒŠ[‚Íƒnƒ‹ƒNƒoƒ“ƒN‚É‹t“]Ÿ—˜‚Å“ºƒƒ_ƒ‹‚ğŠl“¾@’jq¢ŠEƒNƒ‰ƒu‘IèŒ ,https://news.yahoo.co.jp/articles/c09316290d072aeee689e10ad454e924a8f27139,2023/12/11(Œ) 10:17
getsuv,ŒŠ§ƒoƒŒ[ƒ{[ƒ‹,yƒoƒŒ[z“Vc”tEc@”t‘S“ú–{‘IèŒ ƒtƒ@ƒCƒiƒ‹ƒ‰ƒEƒ“ƒh€XŒˆŸŒ‹‰Ê@“ŒƒŒ’jq‚ª‘O‰ñ‰¤ÒƒWƒFƒCƒeƒNƒg‚ğ‰º‚µ‚ÄƒxƒXƒg4io,https://news.yahoo.co.jp/articles/a956b6b755fda72f844c9cc11fcaf28a1ea1a2d9,2023/12/10(“ú) 19:23
getsuv,ŒŠ§ƒoƒŒ[ƒ{[ƒ‹,yƒoƒŒ[zƒTƒ“ƒgƒŠ[‚Íƒ~ƒiƒX‚Éƒtƒ‹ƒZƒbƒg‚Ì––‚É”s‚ê3ˆÊŒˆ’èí‚Ö@’jq¢ŠEƒNƒ‰ƒu‘IèŒ ,https://news.yahoo.co.jp/articles/23c9ef7312627794208b12773048a620d9d4cfe4,2023/12/10(“ú) 10:25
getsuv,ŒŠ§ƒoƒŒ[ƒ{[ƒ‹,yƒoƒŒ[z“Vc”tEc@”t‘S“ú–{‘IèŒ ƒtƒ@ƒCƒiƒ‹ƒ‰ƒEƒ“ƒh2‰ñíŒ‹‰Ê@˜A“úV1Œ‚”j‚Ì‹ß‹E‘å‚ª€XŒˆŸ‚Ö,https://news.yahoo.co.jp/articles/6dff81e31e3d96fae0303af0bfa432bad0300e61,2023/12/9(“y) 20:41
getsuv,ŒŠ§ƒoƒŒ[ƒ{[ƒ‹,yƒoƒŒ[zƒTƒ“ƒgƒŠ[‚ÍƒNƒ‹ƒ[ƒCƒ‚Éƒtƒ‹ƒZƒbƒg‚ÌÉ”s‚à—\‘I“Ë”j‚ªŠm’è@’jq¢ŠEƒNƒ‰ƒu‘IèŒ ,https://news.yahoo.co.jp/articles/7516d94da20a4e3dd4df50d769fca7ebd19ff68b,2023/12/8(‹à) 21:06
getsuv,ŒŠ§ƒoƒŒ[ƒ{[ƒ‹,yƒoƒŒ[z“Vc”tEc@”t‘S“ú–{‘IèŒ ƒtƒ@ƒCƒiƒ‹ƒ‰ƒEƒ“ƒh‚ªŠJ–‹@Šw¶‚ç‚à–ô“®,https://news.yahoo.co.jp/articles/6b06e8b9ba29e1166432d28038f2ee582fa3f7ea,2023/12/8(‹à) 20:05
getsuv,ŒŠ§ƒoƒŒ[ƒ{[ƒ‹,yƒoƒŒ[zƒgƒˆƒ^Ô‘Ì@‹g‰i—LŠóAŠ}ˆä‹G—‚Ì“à’è‚ğ”­•\,https://news.yahoo.co.jp/articles/84e401fac31899bf211c9e148a035fc29535358d,2023/12/7(–Ø) 18:15
getsuv,ŒŠ§ƒoƒŒ[ƒ{[ƒ‹,yƒoƒŒ[zJVA‚ª‚Â‚È‚ª‚è‚Ì‘åØ‚³‚ğŠw‚ÔeqQ‰ÁŒ^‹³ˆçƒvƒƒOƒ‰ƒ€u‚Â‚È‚®ƒXƒN[ƒ‹v‚ğŠJn,https://news.yahoo.co.jp/articles/34a540a16a7bc3f1540a93afe433adc26dd54eb2,2023/12/7(–Ø) 17:52
getsuv,ŒŠ§ƒoƒŒ[ƒ{[ƒ‹,yƒoƒŒ[z–ìŒû‘×O‚³‚ñÀ‹@ƒ~ƒ…ƒ“ƒwƒ“ƒIƒŠƒ“ƒsƒbƒN‹àƒƒ_ƒŠƒXƒg,https://news.yahoo.co.jp/articles/d63878361677b52df4bbc4f47317e6de3ecb5db8,2023/12/7(–Ø) 14:00
getsuv,ŒŠ§ƒoƒŒ[ƒ{[ƒ‹,yƒoƒŒ[z’jq¢ŠEƒNƒ‰ƒu‘IèŒ ŠJ–‹@ƒTƒ“ƒgƒŠ[‚ªƒnƒ‹ƒNƒoƒ“ƒN‚ÉƒXƒgƒŒ[ƒg‚ÅŸ—˜,https://news.yahoo.co.jp/articles/221285a2859054159efe840c31d89fff321b2121,2023/12/6(…) 23:17
getsuv,ŒŠ§ƒoƒŒ[ƒ{[ƒ‹,yƒoƒŒ[zVC’·–ì@“ŒŠC‘å‚Ì”Ñ“cF‰ë‚Ì“à’è‚ğ”­•\,https://news.yahoo.co.jp/articles/561ffa47acebe0410a74cdb15c445e550a462093,2023/12/6(…) 19:25
getsuv,ŒŠ§ƒoƒŒ[ƒ{[ƒ‹,yƒoƒŒ[zJT—q@‘S“ú–{ƒCƒ“ƒJƒŒÅ—DG‘IèÜ‚Ì‘åR—Éi’}”g‘åj‚ÆŠ¸“¬‘IèÜ‚Ì‹{•”ˆ¤‰è¢i“ŒŠC‘åj‚Ì“à’è‚ğ”­•\,https://news.yahoo.co.jp/articles/e9f2fd1da8ceda8733d96c87ba8db2686b07a892,2023/12/6(…) 18:38
getsuv,ŒŠ§ƒoƒŒ[ƒ{[ƒ‹,yƒoƒŒ[zKUROBE@“cç³ÊµA‘å‹v•Û^”ü‚Ì“à’è‚ÆHdáØ‚ÌƒCƒ“ƒ^[ƒ“‰Á“ü‚ğ”­•\,https://news.yahoo.co.jp/articles/1437b3d30c757efde8031f570cfe10d16fad4d33,2023/12/6(…) 18:38
getsuv,ŒŠ§ƒoƒŒ[ƒ{[ƒ‹,yƒoƒŒ[z¢ŠEˆê‚ğŒˆ‚ß‚æ‚¤BƒTƒ“ƒgƒŠ[ƒTƒ“ƒo[ƒY‚ª—Õ‚Ş¢ŠEƒNƒ‰ƒu‘IèŒ ‚ÌŒ©‚Ç‚±‚ë‚ÍH ’¹l‚½‚¿‚Ì‹£‰‰‚É‚à’–Ú,https://news.yahoo.co.jp/articles/fa7c38175f89989f3576084845290df4102e7370,2023/12/5(‰Î) 19:32
getsuv,ŒŠ§ƒoƒŒ[ƒ{[ƒ‹,yƒoƒŒ[zPFU@’·—F^—R‚ç5l‚Ì“à’è‚ğ”­•\,https://news.yahoo.co.jp/articles/90bb08a59bcc721a5f52aafbe961115df8af386c,2023/12/5(‰Î) 18:01
getsuv,ŒŠ§ƒoƒŒ[ƒ{[ƒ‹,ƒCƒ^ƒŠƒAEƒZƒŠƒGA@Îì—SŠóŒ‡ê‚Åîà‹´—•‚Æƒlƒbƒg‚ğ‹²‚ñ‚Å‚Ì‘ÎŒˆ‚ÍÀŒ»‚¹‚¸,https://news.yahoo.co.jp/articles/ded217c07537100b1b262dd393852a711d571b91,2023/12/5(‰Î) 13:54
getsuv,ŒŠ§ƒoƒŒ[ƒ{[ƒ‹,yƒoƒŒ[zPFU@‘åŒF‹I–­‚Ì‰Á“ü‚ğ”­•\,https://news.yahoo.co.jp/articles/fe5103f19d11b8d232e062f0a064d07e1e4d7c51,2023/12/5(‰Î) 12:02
getsuv,ŒŠ§ƒoƒŒ[ƒ{[ƒ‹,yƒoƒŒ[zVƒŠ[ƒOV1’jq@VC’·–ì‚ªˆö‰‚Ì‘ÎŒˆ‚ÅŒƒ“¬‚Ì––‚É¡‹G‰Ÿ—˜,https://news.yahoo.co.jp/articles/bfc5b59215d0d4781572aa0aca773f3793b6e919,2023/12/5(‰Î) 11:35
getsuv,ŒŠ§ƒoƒŒ[ƒ{[ƒ‹,yƒoƒŒ[z“ú“SäBZ@ã‘º—®”T‰î‚Ì‰Á“ü‚ğ”­•\,https://news.yahoo.co.jp/articles/2a818c408006c1ba938de9538547b8ae173ea160,2023/12/5(‰Î) 10:29
getsuv,ŒŠ§ƒoƒŒ[ƒ{[ƒ‹,yƒoƒŒ[zt‚Ì‚ZƒoƒŒ[ ‘g‚İ‡‚í‚¹‚ªŒˆ’è@‘æ1ƒV[ƒh‚Í’jqx‘äŠw‰€‚A—qŒÃìŠw‰€‚,https://news.yahoo.co.jp/articles/c27f2a4e6aee1d844ac8d990e56033f76f2d6b2d,2023/12/4(Œ) 17:08
getsuv,ŒŠ§ƒoƒŒ[ƒ{[ƒ‹,yƒoƒŒ[zV1—q‚Ì‰ªR@‹“s‹k‘å‚Ì¬¼Œ´ê£‚Æ’·è‘Û‘å‚Ì“àR—Dˆß‚Ì“à’è‚ğ”­•\,https://news.yahoo.co.jp/articles/e2fdac1317ee7a9e1f8144111bfe625ee5920681,2023/12/4(Œ) 16:08
getsuv,ŒŠ§ƒoƒŒ[ƒ{[ƒ‹,yƒoƒŒ[zNEC@—q“ú–{‘ã•\‚Ì²“¡i”T‚ç4l‚Ì“à’è‚ğ”­•\,https://news.yahoo.co.jp/articles/cbc377b27ac1f4476e0a36784e5e996b8ea2b8c5,2023/12/4(Œ) 15:25
getsuv,ŒŠ§ƒoƒŒ[ƒ{[ƒ‹,yƒoƒŒ[zƒAƒ“ƒ_[ƒGƒCƒWƒJƒeƒSƒŠ[—q“ú–{‘ã•\Œó•â‚ª‡“¯‹­‰»‡h‚ğÀ{,https://news.yahoo.co.jp/articles/490426397dca3114f2c1fb68c8581a44737bf162,2023/12/4(Œ) 11:51
getsuv,ŒŠ§ƒoƒŒ[ƒ{[ƒ‹,yƒoƒŒ[z‘S“ú–{ƒCƒ“ƒJƒŒ—q@’}”g‘å‚ª4”N‚Ô‚è9“x–Ú‚Ì—DŸ,https://news.yahoo.co.jp/articles/a20af8cd520293f7461c06b16cf5c2e4a83ef080,2023/12/3(“ú) 22:04
getsuv,ŒŠ§ƒoƒŒ[ƒ{[ƒ‹,yƒoƒŒ[z‘S“ú–{ƒCƒ“ƒJƒŒ’jq@‘ˆî“c‘å‚ª2”N‚Ô‚è10“x–Ú‚Ì—DŸ‚Å¡”N“xlŠ¥‚ğ’B¬,https://news.yahoo.co.jp/articles/8f7c8f3d8180c30abcfbfa42d0ad8428c50aec07,2023/12/3(“ú) 22:00
getsuv,ŒŠ§ƒoƒŒ[ƒ{[ƒ‹,yƒoƒŒ[zuƒXƒ|[ƒc‚ğ‚µ‚Ä‚¢‚é’‡ŠÔ‚Æ‚Æ‚à‚Él¶‚ğÊ‚è–L‚©‚Év@–Ø‘º¹D‚³‚ñ‚ªNTTSportict‚ÌAI©“®B‰eƒ‰ƒCƒu”zMí—ª”­•\‰ï‚É“oê,https://news.yahoo.co.jp/articles/0cd1f00a458ed6551f94d3bf2464f37eff18df51,2023/12/2(“y) 19:10
getsuv,ŒŠ§ƒoƒŒ[ƒ{[ƒ‹,yƒoƒŒ[z‘S“ú–{ƒCƒ“ƒJƒŒ’j—@ŒˆŸ‚ÌƒJ[ƒh‚Í’jq‘ˆî“c‘å‘Î‡“V“°‘åA—q’}”g‘å‘Î“ŒŠC‘å‚ÉŒˆ’è,https://news.yahoo.co.jp/articles/dc891b2b0d7cb4a9d70e52b5ddd56083df746d5b,2023/12/2(“y) 18:55
getsuv,ŒŠ§ƒoƒŒ[ƒ{[ƒ‹,yƒoƒŒ[z‘S“ú–{ƒCƒ“ƒJƒŒ’jq€XŒˆŸ@‘O‰ñ‘å‰ï€—DŸ‚Ì“ŒŠC‘åA‘O‰ñ‰¤Ò’}”g‘å‚ğ‰º‚µ‚½“ú–{‘Ì‘å‚È‚Ç‚ªƒxƒXƒg4‚Éio,https://news.yahoo.co.jp/articles/95336cc2b277164163d5ee2a47d178e9a3a72f71,2023/12/1(‹à) 18:27
getsuv,ŒŠ§ƒoƒŒ[ƒ{[ƒ‹,yƒoƒŒ[z‘S“ú–{ƒCƒ“ƒJƒŒ—q€XŒˆŸ@‘å‰ï˜A”e‘_‚¤“ŒŠC‘åAŠò•Œ‹¦—§‘å‚È‚Ç‚ª€ŒˆŸ‚Ö,https://news.yahoo.co.jp/articles/b286c13faff62c90fad225ac48fde25af439cf7f,2023/12/1(‹à) 18:23
getsuv,ŒŠ§ƒoƒŒ[ƒ{[ƒ‹,yƒoƒŒ[z‘S“ú–{ƒCƒ“ƒJƒŒ’jq3‰ñí‚ªI—¹@¼“ú–{ƒCƒ“ƒJƒŒ€—DŸ‚Ì‹ß‹E‘å‚â“ú–{‘Ì‘å‚È‚Ç‚ª€XŒˆŸ‚Ö,https://news.yahoo.co.jp/articles/54350239dedf7562ddb0c360dd11348ae52bd6c6,2023/11/30(–Ø) 18:56
getsuv,ŒŠ§ƒoƒŒ[ƒ{[ƒ‹,yƒoƒŒ[z‘S“ú–{ƒCƒ“ƒJƒŒ—q@“Œ“ú–{ƒCƒ“ƒJƒŒ—‰¤‚Ì“ú–{‘Ì‘å‚ğ‰º‚µ‚½–¾ŠC‘å‚â“ŒŠC‘å‚È‚Ç‚ªƒxƒXƒg8‚Éio,https://news.yahoo.co.jp/articles/590b9e9c405fe94813f344ba6e4bbb7a766a5cb2,2023/11/30(–Ø) 18:22
getsuv,ŒŠ§ƒoƒŒ[ƒ{[ƒ‹,yƒoƒŒ[z‘S“ú–{ƒCƒ“ƒJƒŒ—q2‰ñíŒ‹‰Ê@˜A”e‚ğ–Úw‚·“ŒŠC‘å‚â’}”g‘å‚È‚Ç‚ª3‰ñí‚Ö,https://news.yahoo.co.jp/articles/76cbca9744cc257e11c948759dd1304172fda335,2023/11/29(…) 18:19
getsuv,ŒŠ§ƒoƒŒ[ƒ{[ƒ‹,yƒoƒŒ[z‘S“ú–{ƒCƒ“ƒJƒŒ’jq2‰ñí@lŠ¥‚ğ‘_‚¤‘ˆî“c‘åA‘O‰ñ‘å‰ï‰¤Ò’}”g‘å‚È‚Ç‚ªƒxƒXƒg16‚Éio,https://news.yahoo.co.jp/articles/495a324b1872e098c814b48e45ab2d07b4534efe,2023/11/29(…) 17:37
getsuv,ŒŠ§ƒoƒŒ[ƒ{[ƒ‹,yƒoƒŒ[z‘S“ú–{ƒCƒ“ƒJƒŒ’jq@‘ˆî“c‘åA“ú–{‘Ì‘å‚È‚Ç‚ªŸ‚¿ã‚ª‚èA¼“ú–{ƒCƒ“ƒJƒŒ‰¤Ò‚Ìˆ¤’mŠw‰@‘å‚ÍŒcœä‹`m‘å‚É”s‚ê‚é,https://news.yahoo.co.jp/articles/95ba97e7311d92bc8629de784cd826dacf6f84d5,2023/11/28(‰Î) 21:29
getsuv,ŒŠ§ƒoƒŒ[ƒ{[ƒ‹,yƒoƒŒ[z‘S“ú–{ƒCƒ“ƒJƒŒ—q1‰ñí‚ªI—¹@’}”g‘åA“ŒŠC‘å‚È‚Ç‚ÌƒV[ƒhZ‚ªŸ‚¿ã‚ª‚é,https://news.yahoo.co.jp/articles/8f8290c415687bc1f821d637c2897f66589d964a,2023/11/28(‰Î) 20:39
getsuv,ŒŠ§ƒoƒŒ[ƒ{[ƒ‹,yƒoƒŒ[zƒUƒ€ƒXƒg‚ªV1—q‚Ìé‹Êã”ö‚Æƒp[ƒgƒi[ƒVƒbƒvŒ_–ñ‚ğ’÷Œ‹,https://news.yahoo.co.jp/articles/52a6444542211fd060e50ffc2ef168e36a5d38bb,2023/11/28(‰Î) 16:47
getsuv,ŒŠ§ƒoƒŒ[ƒ{[ƒ‹,yƒoƒŒ[zVƒŠ[ƒO@V3—q‚ªŠJ–‹‚µAV‹KQ“ü‚Ì‘q•~‚ÆƒJƒmƒA‚ª˜AŸ,https://news.yahoo.co.jp/articles/e74fde10f5c53ec4aee9a16d774354690f6ee824,2023/11/28(‰Î) 15:59
getsuv,ŒŠ§ƒoƒŒ[ƒ{[ƒ‹,yƒoƒŒ[zîà‹´—•‚ªŠˆ–ô‚µ‚½‡‚Å•‰@Œy“x‚Ì‹Ø“÷‘¹‚Å10“ú’ö“x‚Ì‹x—{‚ª•K—v,https://news.yahoo.co.jp/articles/be330beb26e0571b410052a057ee3c9f487669ec,2023/11/28(‰Î) 14:34
getsuv,ŒŠ§ƒoƒŒ[ƒ{[ƒ‹,yƒoƒŒ[zVƒŠ[ƒOV1—q@ñˆÊU–hí‚ÍJT‚ª‹vŒõ‚ÉŸ—˜,https://news.yahoo.co.jp/articles/4f5f43e286e776a580fe76005e82a74986bb18ca,2023/11/28(‰Î) 11:51
getsuv,ŒŠ§ƒoƒŒ[ƒ{[ƒ‹,yƒoƒŒ[zVƒŠ[ƒOV1’jqA@ñˆÊƒTƒ“ƒgƒŠ[‚ª˜AŸ‚ÅñˆÊ‚ğƒL[ƒv,https://news.yahoo.co.jp/articles/ec431f1364d865053e17bee579f7400549ca17c2,2023/11/28(‰Î) 11:50
getsuv,ŒŠ§ƒoƒŒ[ƒ{[ƒ‹,yƒoƒŒ[z230‡oê‹L”OƒCƒ“ƒ^ƒrƒ…[ Â–ö‹ŒÃié‹Êã”öƒƒfƒBƒbƒNƒXj,https://news.yahoo.co.jp/articles/f225f1d7d182b1f283f1c7785fb02dabd6ea78b8,2023/11/28(‰Î) 11:04
getsuv,ŒŠ§ƒoƒŒ[ƒ{[ƒ‹,y‘S“ú–{ƒCƒ“ƒJƒŒ2023ƒvƒŒƒrƒ…[z’jq‚Í‘ˆî“c‘å‚ğ²‚É¬í‚Ì—\Š´B—q‚Í“ŒŠC‘å‚Æ’}”g‘å‚ğ’†S‚Æ‚µ‚½‘ˆ‚¢‚©HyƒoƒŒ[z,https://news.yahoo.co.jp/articles/494f0ea306df7fa90254245a7d5d9f026919dd58,2023/11/28(‰Î) 9:56
getsuv,ŒŠ§ƒoƒŒ[ƒ{[ƒ‹,Îì—SŠó‚Ìƒ~ƒ‰ƒm‚ÍCEVƒJƒbƒv‰í‚ÉŸ—˜Aîà‹´‚ÍƒsƒAƒ`ƒFƒ“ƒcƒ@‚ÉŸ—˜yŠCŠOƒŠ[ƒOŠ‘®“ú–{‘ã•\‘IèE11/20`26z,https://news.yahoo.co.jp/articles/1a2f8591612bd42a7a6849235a996808ca66ae97,2023/11/27(Œ) 19:24
getsuv,ŒŠ§ƒoƒŒ[ƒ{[ƒ‹,yƒoƒŒ[z“ú—§Astemo@îà‹´ê£‚Æ‰ª•”‰¹‚Ì‰Á“ü‚ğ”­•\,https://news.yahoo.co.jp/articles/63ea1b183d537f2f87343a40043f40132220c667,2023/11/27(Œ) 16:16
getsuv,ŒŠ§ƒoƒŒ[ƒ{[ƒ‹,yƒoƒŒ[zu‚Ü‚¾I‚í‚Á‚Ä‚È‚¢v--‹{•”—•—œ‚ª2”N‘O‚Ì‘S•Ä‘åŠw‘IèŒ ‚Å”­‚µ‚½Œ¾—t‚Ì^ˆÓB‘S“ú–{ƒCƒ“ƒJƒŒ‚ª27“úŠJ–‹,https://news.yahoo.co.jp/articles/5d1681840bb74564066fab411da9f2d41ae8a104,2023/11/27(Œ) 11:40
getsuv,ŒŠ§ƒoƒŒ[ƒ{[ƒ‹,yƒoƒŒ[z’jq‚Í¯éA—q‚Í‰oê‚Ì¡¡¸‰Ø‚È‚Ç‚ª–{íoê@t‚Ì‚ZƒoƒŒ[—\‘I‚ª‚·‚×‚ÄI—¹y11/23EoêZˆê——z,https://news.yahoo.co.jp/articles/807813168ba76cd8b1519dd5c6b6ae068580556a,2023/11/25(“y) 8:10
getsuv,ŒŠ§ƒoƒŒ[ƒ{[ƒ‹,yƒoƒŒ[zu‚±‚Ì“ú‚Ì‚½‚ß‚É‚â‚Á‚Ä‚«‚½v—Œ“ì‚‚ª5”N‚Ô‚è‚Ì—DŸ ‘S‘€—DŸ2“x‚Ì“ŒR‚‚Í—Ü‚Ì”s‘Şy‹“s•{t‚—\‘IŒˆŸi’jqjƒŒƒ|[ƒgz,https://news.yahoo.co.jp/articles/f323a1dd96f232024bdbdc5968bce5fe43e29681,2023/11/24(‹à) 18:32
getsuv,ŒŠ§ƒoƒŒ[ƒ{[ƒ‹,yƒoƒŒ[zU17—q“ú–{‘ã•\Œó•â‚ª‹­‰»‡h‚ğÀ{@ƒAƒWƒAU16—qMVP‚Ì”nê—MŠó‚ç18l‚ªQ‰Á,https://news.yahoo.co.jp/articles/6161fa43bd49315a21c04bf668813e4397613551,2023/11/24(‹à) 17:31
getsuv,ŒŠ§ƒoƒŒ[ƒ{[ƒ‹,yƒoƒŒ[z–²‚Ì•‘‘ä@¢ŠE‚É‹¿‚«“n‚éHIKOƒR[ƒ‹ `ƒ`ƒFƒRƒŠ[ƒO‰’§í‚Ì¡‘º‹M•F`,https://news.yahoo.co.jp/articles/ed28f7b8801137d07b2902db8365ff106675c23f,2023/11/23(–Ø) 12:08
getsuv,ŒŠ§ƒoƒŒ[ƒ{[ƒ‹,yƒoƒŒ[zƒAƒWƒA‚ğ§‚µ‚½ƒTƒ“ƒgƒŠ[‚ªoê‚·‚é¢ŠEƒNƒ‰ƒu’jq‘IèŒ  12Œ6“úŠJ–‹,https://news.yahoo.co.jp/articles/83c04ac7f2a9ffb93222eca93dbe1ef712ea8068,2023/11/22(…) 21:08
getsuv,ŒŠ§ƒoƒŒ[ƒ{[ƒ‹,yƒoƒŒ[zWD–¼ŒÃ‰®@…’¬‘×“m‚Ì‰Á“ü‚ğ”­•\,https://news.yahoo.co.jp/articles/30ca33d8e9e9a674092c5f441023a4bada26d8ad,2023/11/22(…) 20:53
getsuv,ŒŠ§ƒoƒŒ[ƒ{[ƒ‹,yƒoƒŒ[zƒWƒFƒCƒeƒNƒg@–{ŠÔ—²‘¾‚ªVƒŠ[ƒO230‡oê‚ğ’B¬,https://news.yahoo.co.jp/articles/0eac1c1371e344773f69cdcd1940b29b7809ce07,2023/11/21(‰Î) 20:36
getsuv,ŒŠ§ƒoƒŒ[ƒ{[ƒ‹,yƒoƒŒ[zVƒŠ[ƒOV1—q é‹Êã”ö‚·‚×‚ÄƒXƒgƒŒ[ƒg‚Å6˜AŸ,https://news.yahoo.co.jp/articles/f14defb4723efa8178e636d035769863ad10e03d,2023/11/21(‰Î) 17:30
getsuv,ŒŠ§ƒoƒŒ[ƒ{[ƒ‹,yƒoƒŒ[zVƒŠ[ƒO@V1’jq‚Íƒ”ƒHƒŒƒAƒX‚ªV1‰Ÿ—˜‚ÉŠ½Šì,https://news.yahoo.co.jp/articles/065cb9cec2e9b32abbfc055672a8b7bef6d3e8c2,2023/11/21(‰Î) 12:26
getsuv,ŒŠ§ƒoƒŒ[ƒ{[ƒ‹,yƒoƒŒ[zt‚Ì‚ZƒoƒŒ[—\‘I‚ÍI”Õí‚Ö ’jq‚Í—Œ“ì‚âIH—DŸ‚Ìx‘äŠw‰€A—q‚Í‰p–¾‚âŒ»İ“ñŠ¥‚Ì‰º–k‘ò¬“¿‚È‚Ç‚ª–{íoê‚ğŒˆ‚ß‚é yoêZˆê——E11/13`11/19z,https://news.yahoo.co.jp/articles/571a35dd8fbd4abe551e190c920afc3f98dc7163,2023/11/21(‰Î) 11:10
getsuv,ŒŠ§ƒoƒŒ[ƒ{[ƒ‹,yƒoƒŒ[zx‘äŠw‰€‚ “Vc”tŠÖ“ŒƒuƒƒbƒNƒ‰ƒEƒ“ƒh“Ë”j‚Ì—§–ğÒ ì–ì‘ô–~–x“à°ãÄu‚±‚Ì‘å‰ï‚ÅŸ‚Ä‚½‚Ì‚Í‚±‚ê‚©‚çæ‚Ì•ó•¨‚Év,https://news.yahoo.co.jp/articles/fd2d6d9f941227eb2a897d3066764f5fabf44800,2023/11/18(“y) 12:30
getsuv,ŒŠ§ƒoƒŒ[ƒ{[ƒ‹,yƒoƒŒ[z‰º–k‘ò¬“¿‚2”N¶ƒG[ƒX‘Î’k ƒCƒF[ƒ‚ƒ“ ƒ~ƒƒ~Œã“¡ƒrƒrƒAƒ“ˆ¤‰¹@‘S‘“ñŠ¥‚É‚à–S‚Í‚È‚µ,https://news.yahoo.co.jp/articles/db6c24a54f454b524d4aec5a6faa3d296b87983a,2023/11/18(“y) 11:53
getsuv,ŒŠ§ƒoƒŒ[ƒ{[ƒ‹,yƒoƒŒ[z‘S‘€—DŸ2“x‚Ì“ŒR‚vs.‹­—Íƒ_ƒuƒ‹ƒG[ƒX‚ğ—i‚·‚é—Œ“ì‚ ’jqŒˆŸ‚Í‘S‘‹üw‚ÌƒnƒCƒŒƒxƒ‹‚Èí‚¢‚Éy‹“s•{t‚—\‘Ii’jqjz,https://news.yahoo.co.jp/articles/45584ec9d4ff4448fb3120a08f0d65ace8e055d8,2023/11/18(“y) 9:44
getsuv,ŒŠ§ƒoƒŒ[ƒ{[ƒ‹,yƒoƒŒ[zŸ‚Á‚Ä‚à¸Ši‚Ì‚È‚¢VƒŠ[ƒOB2•”ƒ`[ƒ€‚ª—Õ‚Ş¡‹G‚ÌÅ“_‚Æ–¾‚©‚µ‚½‹¹‚Ì“à‚Ì”X,https://news.yahoo.co.jp/articles/475f139cf0a52ddfbd404d8da8db9f2ea9c4e9eb,2023/11/17(‹à) 17:30
getsuv,ŒŠ§ƒoƒŒ[ƒ{[ƒ‹,yƒoƒŒ[z‘S‘“ñŠ¥‚Ö ‘‘Ì‰¤Ò‚Ì‚ìŠw‰€‚‚ªu‚Ù‚Ú100“_v‚Ì—\‘I“Ë”jyRŒûŒ§t‚—\‘Ii’jqjŒˆŸƒŒƒ|[ƒgz,https://news.yahoo.co.jp/articles/1a3ff1146e6358cf2686541824bceeab6421aec0,2023/11/16(–Ø) 17:01
getsuv,ŒŠ§ƒoƒŒ[ƒ{[ƒ‹,yƒoƒŒ[zƒCƒ“ƒ^[ƒnƒC—\‘I”s‘Ş‚Ì“Œ•Ÿ‰ª‚‚ªƒŠƒxƒ“ƒW ‘S‘8‹­‚Ì•Ÿ‰ª‘å•‘åŠ‚Í–{íoê‚È‚ç‚¸y•Ÿ‰ªŒ§t‚—\‘Ii’jqjŒˆŸƒŒƒ|[ƒgz,https://news.yahoo.co.jp/articles/f261b0cf9cd8e54b437c8ebd1c95e69022a174c6,2023/11/16(–Ø) 11:55
getsuv,ŒŠ§ƒoƒŒ[ƒ{[ƒ‹,‘S“ú–{ƒCƒ“ƒJƒŒ‹LÒ”­•\@…’¬‘×“mi‘ˆî“c‘åj‚ç4”N¶‚ªƒ^ƒCƒgƒ‹‚ÖˆÓ‹C‚İ,https://news.yahoo.co.jp/articles/78c4dde37b5147e7465b36b33904f79ba726adc8,2023/11/15(…) 20:31
getsuv,ŒŠ§ƒoƒŒ[ƒ{[ƒ‹,yƒoƒŒ[zƒWƒFƒCƒeƒNƒg@–@­‘å‚Ì‚‹´Œc”¿A’†‰›‘å‚Ì“¡Œ´’¼–ç‚Ì‰Á“ü‚ğ”­•\,https://news.yahoo.co.jp/articles/b9ef7dfddf4b66701a93a1199431fb6ca8aba587,2023/11/15(…) 17:32
getsuv,ŒŠ§ƒoƒŒ[ƒ{[ƒ‹,yƒoƒŒ[zt‚Ì‚ZƒoƒŒ[—\‘IŠJÃ’† ’jq‚Í‰ª’JHA“Œ•Ÿ‰ªA—q‚ÍAÀA½‰p‚È‚Ç‚ª–{íoê‚ğŒˆ‚ß‚é yoêZˆê——E11/6`11/12z,https://news.yahoo.co.jp/articles/e97ee444df2c07e3b99c43da3cee85a4793aa4d8,2023/11/15(…) 16:26
getsuv,ŒŠ§ƒoƒŒ[ƒ{[ƒ‹,yƒoƒŒ[zVƒŠ[ƒOƒWƒ…ƒjƒA‘IèŒ ‘å‰ï@—DŸ‚Í’jqWOLFDOGS–¼ŒÃ‰®U-14A—qƒeƒBƒ‹ƒ}[ƒŒƒWƒ…ƒjƒA,https://news.yahoo.co.jp/articles/57b2f88d10244529aa8c8d09a7cead0d8923ca90,2023/11/15(…) 14:27
getsuv,ŒŠ§ƒoƒŒ[ƒ{[ƒ‹,yƒoƒŒ[zƒoƒŒ[ƒ{[ƒ‹‚ğn‚ß‚é“K³”N—î‚ÍH “Œ‹GBŠÄ“Â‚Æƒpƒhƒ”ƒ@‚Ìˆç¬ƒR[ƒ`‚ªŒê‚éá”N‘w‚Ö‚Ìw“±˜_,https://news.yahoo.co.jp/articles/55dc814835c1cd0b5da0bc897e58bf2f1d5c0477,2023/11/14(‰Î) 17:46
getsuv,ŒŠ§ƒoƒŒ[ƒ{[ƒ‹,yƒoƒŒ[zVƒŠ[ƒO@V1’jq‚ÍWD–¼ŒÃ‰®‚ÆJTL“‡‚ª˜AŸ,https://news.yahoo.co.jp/articles/bd0603c9bf85e3cdaca01ad5a057d5f2b86ec852,2023/11/13(Œ) 17:39
getsuv,ŒŠ§ƒoƒŒ[ƒ{[ƒ‹,yƒoƒŒ[zVƒŠ[ƒOV1—q ‰õ‘–‚·‚éJT‚ªŠJ–‹‚©‚ç‚Ì˜AŸ‚ğ8‚É,https://news.yahoo.co.jp/articles/48a54637a78c4d4e45c350dd36ea950aa0334957,2023/11/13(Œ) 17:13
getsuv,ŒŠ§ƒoƒŒ[ƒ{[ƒ‹,yƒoƒŒ[zÎì—SŠó‚Ìƒ~ƒ‰ƒm‚ª¡‹G‰Ÿ—˜@îà‹´—•A‹{‰YŒ’l‚ÍMVPŠl“¾ yŠCŠOƒŠ[ƒOŠ‘®“ú–{‘ã•\‘IèE11/7`12z,https://news.yahoo.co.jp/articles/1ab85be5001aaec1a2f3b386cf5282cdc651f761,2023/11/13(Œ) 12:26
getsuv,ŒŠ§ƒoƒŒ[ƒ{[ƒ‹,yƒoƒŒ[z•Ÿ‰ª‘å•‘åŠ‚‚ªƒCƒ“ƒ^[ƒnƒCŒ§—\‘I‚É‘±‚­—DŸ‚©A“Œ•Ÿ‰ª‚‚ÌƒŠƒxƒ“ƒW‚© Œƒí•KŠ‚Ì•Ÿ‰ªŒ§t‚—\‘IŒˆŸ,https://news.yahoo.co.jp/articles/3f4d449b77e8f3dbb8041f745c1af970690c6354,2023/11/11(“y) 9:45
getsuv,ŒŠ§ƒoƒŒ[ƒ{[ƒ‹,yƒoƒŒ[zgƒr[ƒXƒgƒ‚[ƒhh‘SŠJ! ƒ”ƒHƒŒƒAƒX’£ˆçè‚ª‰‚ÌV1‚Å•ø‚­v‚¢u‚±‚±‚É‚¢‚ç‚ê‚é‚Ì‚ªK‚¹‚Å‚·v,https://news.yahoo.co.jp/articles/703a5876bb9335f9edbef07a7b3a5e403c7fd0ed,2023/11/10(‹à) 17:10
getsuv,ŒŠ§ƒoƒŒ[ƒ{[ƒ‹,yƒoƒŒ[zt‚Ì‚ZƒoƒŒ[@‘S‘Še’n‚Å—\‘IŠJÃ’†yoêZˆê——E10/30`11/5z,https://news.yahoo.co.jp/articles/e66a162f382b6e4602bf7900360df2f92835e3c6,2023/11/10(‹à) 15:16
getsuv,ŒŠ§ƒoƒŒ[ƒ{[ƒ‹,yƒoƒŒ[z‘S“ú–{ƒCƒ“ƒJƒŒ‘g‚İ‡‚í‚¹‚ªŒˆ’è@‘æ1ƒV[ƒh‚Í’jq‚ª‘ˆî“c‘åA—q‚Í’}”g‘å,https://news.yahoo.co.jp/articles/435b0c4a4bcd2260e4f24a112b00d29467fba136,2023/11/9(–Ø) 18:09
getsuv,ŒŠ§ƒoƒŒ[ƒ{[ƒ‹,yƒoƒŒ[zîà‹´—•‚Ìƒ‚ƒ“ƒcƒ@‚ªƒ‚ƒfƒi‚ğƒXƒgƒŒ[ƒg‚Å‰º‚· yŠCŠOƒŠ[ƒOŠ‘®“ú–{‘ã•\‘IèE10/30`11/6z,https://news.yahoo.co.jp/articles/b3075f6c063d104fd48660078599e47faa8d4b7f,2023/11/7(‰Î) 19:49
getsuv,ŒŠ§ƒoƒŒ[ƒ{[ƒ‹,yƒoƒŒ[zVƒŠ[ƒO@V3’jq‚ªŠJ–‹@V‰Á“üF­™“‡‚ª˜AŸ,https://news.yahoo.co.jp/articles/75461cd492b33950a5db8e2b97a72011a0b9d7b4,2023/11/7(‰Î) 16:52
getsuv,ŒŠ§ƒoƒŒ[ƒ{[ƒ‹,yƒoƒŒ[zVƒŠ[ƒO@V2’jq‚ªŠJ–‹@ƒz[ƒ€‚Ì–kŠC“¹YS‚Æé‹Ê‚ª‚Æ‚à‚É˜AŸƒXƒ^[ƒg,https://news.yahoo.co.jp/articles/53cd436d081769b3c82a807938db7d947179d3bc,2023/11/7(‰Î) 16:41
getsuv,ŒŠ§ƒoƒŒ[ƒ{[ƒ‹,yƒoƒŒ[zVƒŠ[ƒO@V2—q‚ÍŒF–{‚ªƒz[ƒ€ƒQ[ƒ€‚Å¡‹G‰Ÿ—˜,https://news.yahoo.co.jp/articles/dd932381d24885234a018bea47a5e0de507283d4,2023/11/7(‰Î) 16:31
getsuv,ŒŠ§ƒoƒŒ[ƒ{[ƒ‹,yƒoƒŒ[z‘å•ªOD@‹v•Û“c‰ël‚ªVƒŠ[ƒO‰h—_Ü‚Ì•\²Šî€‚É“’B,https://news.yahoo.co.jp/articles/789b55606d9a88f4a0e274bad20563e708fba592,2023/11/6(Œ) 17:05
getsuv,ŒŠ§ƒoƒŒ[ƒ{[ƒ‹,VƒŠ[ƒO@V1—q‚ÍJT‚ªŠJ–‹6˜AŸA‹vŒõ‚ÆNEC‚ª1”s‚Å‘±‚­,https://news.yahoo.co.jp/articles/3584980c0348c0dbe04d8143722ee0a9904aac75,2023/11/6(Œ) 15:14
getsuv,ŒŠ§ƒoƒŒ[ƒ{[ƒ‹,yƒoƒŒ[zVƒŠ[ƒO@V1’jq‚Íƒpƒiƒ\ƒjƒbƒN‚ªŠJ–‹6˜AŸ‚ÅñˆÊ,https://news.yahoo.co.jp/articles/43637f9d70ac432f565bb60368f1eff8beb8d45b,2023/11/6(Œ) 15:01
getsuv,ŒŠ§ƒoƒŒ[ƒ{[ƒ‹,yƒoƒŒ[z—ß˜a5”N“x“Vc”tEc@”t‘S“ú–{‘IèŒ ‘å‰ïƒtƒ@ƒCƒiƒ‹ƒ‰ƒEƒ“ƒh‚Ìoêƒ`[ƒ€‚Æ‘g‚İ‡‚í‚¹‚ªŒˆ’è,https://news.yahoo.co.jp/articles/ad989b5af3f348a803ced5e9011ab6b9ce03b470,2023/11/5(“ú) 8:30
getsuv,ŒŠ§ƒoƒŒ[ƒ{[ƒ‹,yƒoƒŒ[zt‚Ì‚ZƒoƒŒ[@‘S‘Še’n‚Å—\‘IŠJÃ’†yoêZˆê——E10/22`29z,https://news.yahoo.co.jp/articles/5b34db004790e2a78b3657d36d26edd6613203ef,2023/11/2(–Ø) 18:40
getsuv,ŒŠ§ƒoƒŒ[ƒ{[ƒ‹,yƒoƒŒ[zƒtƒBƒŒƒ“ƒcƒF‚ÌÎì^—C‚ªƒZƒŠƒGAQí5í–Ú‚Å‰‚ÌMVP ƒ`[ƒ€‚Í3˜AŸ,https://news.yahoo.co.jp/articles/85ae6891649635805f7f0055bb0f06c66959768e,2023/11/2(–Ø) 16:36
getsuv,ŒŠ§ƒoƒŒ[ƒ{[ƒ‹,yƒoƒŒ[zƒCƒ^ƒŠƒA‚ÌÎì^—C‚Íƒ`[ƒ€ƒgƒbƒv‚Ì18“¾“_AƒpƒŠ‚Ì‹{‰Y‚Í23“¾“_‚ÌŠˆ–ô yŠCŠOƒŠ[ƒOŠ‘®“ú–{‘ã•\‘IèE10/23`29z,https://news.yahoo.co.jp/articles/b94aceeb45b87918575c2b69c87dca057b9df087,2023/11/1(…) 20:17
getsuv,ŒŠ§ƒoƒŒ[ƒ{[ƒ‹,yƒoƒŒ[z‘å•ªOD X“cŒ³Šó‚ç3‘Iè‚Ì‰Á“ü‚ğ”­•\,https://news.yahoo.co.jp/articles/0e14aa6251c644eb91eb3e2ed9eb4bacdbcf4cbe,2023/11/1(…) 18:57
getsuv,ŒŠ§ƒoƒŒ[ƒ{[ƒ‹,yƒoƒŒ[zV2’jq‚Ì–kŠC“¹ƒCƒGƒ[ƒXƒ^[ƒY‚ªŒÀ’èƒRƒ‰ƒ{ƒAƒpƒŒƒ‹‚ğ”­•\,https://news.yahoo.co.jp/articles/79ef6ea838b255330cc758cdfd17f5025e284f08,2023/10/31(‰Î) 19:08
getsuv,ŒŠ§ƒoƒŒ[ƒ{[ƒ‹,yƒoƒŒ[z“ŒƒŒ@“n•Ór‰î‚ªVƒŠ[ƒO230‡oê‚ğ’B¬,https://news.yahoo.co.jp/articles/5a1543a4616395e2ac7214e10ad9c116e5dbfaa9,2023/10/31(‰Î) 11:12
getsuv,ŒŠ§ƒoƒŒ[ƒ{[ƒ‹,yƒoƒŒ[zVƒŠ[ƒO@V2—q‚ªŠJ–‹‚µA•P˜H‚ª˜AŸƒXƒ^[ƒg,https://news.yahoo.co.jp/articles/565c8d46aa1c4853343e8e9325325566e90a2287,2023/10/30(Œ) 17:04
getsuv,ŒŠ§ƒoƒŒ[ƒ{[ƒ‹,yƒoƒŒ[zVƒŠ[ƒO@V1—q‚Ì‘S12ƒ`[ƒ€‚ªo‚»‚ë‚¤@JTA‹vŒõ‚ª4˜AŸ,https://news.yahoo.co.jp/articles/ec6248e98cead26ce258cb02fee88b44c95f76b0,2023/10/30(Œ) 16:55
getsuv,ŒŠ§ƒoƒŒ[ƒ{[ƒ‹,yƒoƒŒ[zVƒŠ[ƒO@V1’jq‚Í“Œ‹GB‚ª¡‹G‰Ÿ—˜@ƒpƒiƒ\ƒjƒbƒN‚ÍŠJ–‹4˜AŸ,https://news.yahoo.co.jp/articles/d7edb086f636180d7815bfc03962e2c2e3ac2ced,2023/10/30(Œ) 16:19
getsuv,ŒŠ§ƒoƒŒ[ƒ{[ƒ‹,yƒoƒŒ[z‚Â‚­‚Î@ì‘ºx‰î‚ç4‘Iè‚Ì‰Á“ü‚ğ”­•\,https://news.yahoo.co.jp/articles/4aaf20a78b4ef0d7cec5d4ea2580224d9881e59a,2023/10/30(Œ) 11:25
getsuv,ŒŠ§ƒoƒŒ[ƒ{[ƒ‹,yƒoƒŒ[z‹{‰YŒ’l‚Í‰í‚Å13“¾“_‚ğ‚ ‚°‚ÄMVP@Îì^—C‚ÌƒtƒBƒŒƒ“ƒcƒF‚ª‰”’¯ yŠCŠOƒŠ[ƒOŠ‘®“ú–{‘ã•\‘Ièz,https://news.yahoo.co.jp/articles/67dff7b5d4fe7edb77123d5001aeb7bc18dda62c,2023/10/26(–Ø) 21:10
getsuv,ŒŠ§ƒoƒŒ[ƒ{[ƒ‹,yƒoƒŒ[zƒuƒŒƒX•l¼@–ª•”ä»“Ş‚Ì“à’è‚ğ”­•\,https://news.yahoo.co.jp/articles/78b0e2a39bd744bf15d4dd226865c8ee928642ca,2023/10/26(–Ø) 18:31
getsuv,ŒŠ§ƒoƒŒ[ƒ{[ƒ‹,yƒoƒŒ[zVƒŠ[ƒOA‘åŠw¶ƒ`[ƒ€‚ğ”j‚èx‘äŠw‰€‚‚ª“Vc”tƒtƒ@ƒCƒiƒ‹‚Ö ‘ˆî“c‘åA“ú–{‘åA“ú–{‘Ì‘å‚àØ•„Šl“¾,https://news.yahoo.co.jp/articles/a5131df5190c4d2129dafa6ee6bb7756843e3272,2023/10/24(‰Î) 17:00
getsuv,ŒŠ§ƒoƒŒ[ƒ{[ƒ‹,yƒoƒŒ[zJTL“‡@R–{«•½‚ªVƒŠ[ƒO‰h—_Ü‚Ì•\²Šî€‚É“’B,https://news.yahoo.co.jp/articles/04eb7aa1de2903f0b93a5dd0abd7363b3bca6321,2023/10/24(‰Î) 15:33
getsuv,ŒŠ§ƒoƒŒ[ƒ{[ƒ‹,yƒoƒŒ[zH‹GƒŠ[ƒOí1ˆÊ‚Ì’}”g‘å‚É‹t“]Ÿ‚¿‚µ‚½ÂRŠw‰@‘å‚ÆA“ŒŠC‘åA“Œ‹—‘Ì‘å‚ªc@”tƒtƒ@ƒCƒiƒ‹ƒ‰ƒEƒ“ƒh‚Ö,https://news.yahoo.co.jp/articles/3e36c1a7782e3b79b004600e16403be92270f02d,2023/10/24(‰Î) 12:02
getsuv,ŒŠ§ƒoƒŒ[ƒ{[ƒ‹,yƒoƒŒ[z‚‹´Œc”¿‚ª‘åŠwƒoƒŒ[‚ÉƒJƒ€ƒoƒbƒN@u‘ã•\‚Åæ”y•û‚©‚ç‹zû‚µ‚½‚±‚Æ‚ğA¡“x‚Í©•ª‚©‚ç”­M‚Å‚«‚é‚æ‚¤‚Év,https://news.yahoo.co.jp/articles/2817fe586c7263dc4a9d95e9310f8b440ab3a809,2023/10/24(‰Î) 11:10
getsuv,ŒŠ§ƒoƒŒ[ƒ{[ƒ‹,yƒoƒŒ[zƒoƒŒ[ƒ{[ƒ‹‘“àƒŠ[ƒOV2AV3ŠJ–‹‚ğ‘O‚É‹LÒ‰ïŒ© V2~Ši‚Ì•P˜Huğ‹G‚Ì‰÷‚µ‚³‚ğƒoƒl‚Év,https://news.yahoo.co.jp/articles/46904a13eba04637ccf2b4821173ed9e96e6cb7c,2023/10/23(Œ) 18:43
getsuv,ŒŠ§ƒoƒŒ[ƒ{[ƒ‹,yƒoƒŒ[zVƒŠ[ƒO‚ÍV1—q‚àŠJ–‹@‹vŒõ‚ªVƒAƒŠ[ƒi‚Å˜A“ú7000l’´‚ÌŠÏ‹q‚ğ‘O‚É˜AŸ‚ğü‚é,https://news.yahoo.co.jp/articles/c5d0ddacca05133a8b26c970fc86dc575a48bebe,2023/10/23(Œ) 18:30
getsuv,ŒŠ§ƒoƒŒ[ƒ{[ƒ‹,yƒoƒŒ[z‘S“ú–{ƒCƒ“ƒJƒŒ’jqğ”N“x‰¤Ò‚Ì’}”g‘å‚ª‘S•Ä‘åŠwƒ`ƒƒƒ“ƒsƒIƒ“‚Æ‘ÎŒˆ,https://news.yahoo.co.jp/articles/3b5b0118d289dad787718c975b20fac628a963ea,2023/10/23(Œ) 18:28
getsuv,ŒŠ§ƒoƒŒ[ƒ{[ƒ‹,yƒoƒŒ[zVƒŠ[ƒO‚ÍV1’jq‘S10ƒ`[ƒ€‚ªo‚»‚ë‚¤@“ú“SäBZ‚ªŠJ–‹4˜AŸAƒpƒiƒ\ƒjƒbƒN‚à˜AŸ,https://news.yahoo.co.jp/articles/08adc9337e70a08f3b0fbb3a1890b1e2ea3e8ed5,2023/10/23(Œ) 18:12
getsuv,ŒŠ§ƒoƒŒ[ƒ{[ƒ‹,yƒoƒŒ[zÎì—SŠóuƒ`[ƒ€‚É‚Æ‚Á‚Ä‘å–‚È‘¶İ‚É‚È‚ê‚é‚æ‚¤‚ÉvƒV[ƒYƒ“ŠJ–‹‘O‰ïŒ©,https://news.yahoo.co.jp/articles/8386df1bde09b82a4f3d5eb721379f1b96806332,2023/10/22(“ú) 13:09
getsuv,ŒŠ§ƒoƒŒ[ƒ{[ƒ‹,yƒoƒŒ[z“Œ‹ƒ”ƒFƒ‹ƒfƒB@Œ³ƒgƒˆƒ^ƒ‚ƒrƒŠƒeƒB‚Ì‘ìhi‚ª‰Á“ü,https://news.yahoo.co.jp/articles/b76ec2d648cb144c2618969918363085a532007c,2023/10/20(‹à) 16:51
getsuv,ŒŠ§ƒoƒŒ[ƒ{[ƒ‹,yƒoƒŒ[z•Œãˆ¤‚Íuƒ`[ƒ€‚Ì’†S‘Iè‚Év “ç’J—F—}‚Íu‚¨o‚³‚ñ‚İ‚½‚¢v ƒLƒƒƒvƒeƒ“‚ªŒê‚éV1—qˆÚĞ‘Iè,https://news.yahoo.co.jp/articles/e0616a3d96896ae4035d67240a9a6ffe7b6e10bf,2023/10/19(–Ø) 18:03
getsuv,ŒŠ§ƒoƒŒ[ƒ{[ƒ‹,yƒoƒŒ[z10Œ22“ú‚ÌRŒ`‚ğ”çØ‚è‚Ét‚oêZ‚ªŒˆ’è@“s“¹•{Œ§—\‘IÅI“úƒXƒPƒWƒ…[ƒ‹ˆê——yt‚2024z,https://news.yahoo.co.jp/articles/214b48ca1ffde9503a58b327154be1bab711b028,2023/10/19(–Ø) 15:25
getsuv,ŒŠ§ƒoƒŒ[ƒ{[ƒ‹,yƒoƒŒ[zƒpƒiƒ\ƒjƒbƒN@“à’è‘Iè‚Æ‚µ‚Ä“ú–{‘Ì‘å‚Ì’ré_‘¾˜N‚ª‰Á“ü,https://news.yahoo.co.jp/articles/699763c091c957a77ed7f5c579259e8b5d726ada,2023/10/18(…) 18:22
getsuv,ŒŠ§ƒoƒŒ[ƒ{[ƒ‹,yƒoƒŒ[zƒfƒtƒoƒŒ[ƒ{[ƒ‹’jq“ú–{‘ã•\‚Æ“Œ‹ƒ”ƒFƒ‹ƒfƒB‚ª‹­‰»‡‚ÅŒğ—¬,https://news.yahoo.co.jp/articles/75c73c149d947d80c5ddb079bd487f943ce23227,2023/10/18(…) 18:00
getsuv,ŒŠ§ƒoƒŒ[ƒ{[ƒ‹,yƒoƒŒ[z‚‹´Œc”¿ ƒAƒWƒA‹£‹Z‘å‰ï‚Å‚Ì—Ü‚ÌˆÓ–¡ u‚·‚²‚­•‚©‚è‚Ü‚µ‚½v‚Æ‚¢‚¤–ö“c«—m‚ÌƒAƒhƒoƒCƒX‚Æ‚ÍH,https://news.yahoo.co.jp/articles/6491d1864ef2b18cae9407e05909771999c5255a,2023/10/18(…) 17:40
getsuv,ŒŠ§ƒoƒŒ[ƒ{[ƒ‹,yƒoƒŒ[zuniko and ...v‚ğ“WŠJ‚·‚éƒAƒ_ƒXƒgƒŠƒA‚ªV1—q‚Ì“ú—§Astemo‚ÆƒTƒvƒ‰ƒCƒ„[Œ_–ñ,https://news.yahoo.co.jp/articles/ecdb0accac22efbe7d21814674c7cfc10b423b89,2023/10/18(…) 17:30
getsuv,ŒŠ§ƒoƒŒ[ƒ{[ƒ‹,yƒoƒŒ[z•xm’Ê@Œcœä‹`m‘å‚Ì¼–{A‹îàV‘å‚Ì›À‚ğ‘Iè“o˜^,https://news.yahoo.co.jp/articles/af3f49fa6bbe8f5cd6e511333d6d0ebab2f1d4ad,2023/10/18(…) 16:19
getsuv,ŒŠ§ƒoƒŒ[ƒ{[ƒ‹,yƒoƒŒ[z“ú–{»“SäƒuƒŒƒCƒU[ƒY‚ªÕ‚è‚ÅPR ’nŒ³og‚Ìd—¯“úŒüu‰ïê‚É—ˆ‚Ä‚à‚ç‚¦‚½‚çv‚ÆŒÄ‚Ñ‚©‚¯,https://news.yahoo.co.jp/articles/39cd8a87a607b03d01216aa7e5a548f18bd932b6,2023/10/17(‰Î) 18:03
getsuv,ŒŠ§ƒoƒŒ[ƒ{[ƒ‹,yƒoƒŒ[z”¨–ì‹v—YŠÄ“Âi’Á¼‚j‚ªŒ©‚½‹{‰YŒ’l‚Ì¬’·ug‚Á‚Ä‚Ù‚µ‚¢‚Ì‚Å‚ ‚ê‚Î‚»‚ê‚¾‚¯‚Ì‚±‚Æ‚ğ‚â‚ê‚é‘Ièv,https://news.yahoo.co.jp/articles/72bee994ecb74d7fea04ee9b770fa6ce233fda57,2023/10/17(‰Î) 17:30
getsuv,ŒŠ§ƒoƒŒ[ƒ{[ƒ‹,yƒoƒŒ[zÎì^—C‚ªƒ`[ƒ€Å‘½23“¾“_ Uç‚ÅŒ’“¬‚àƒ`[ƒ€‚Í‰÷‚µ‚¢‹t“]•‰‚¯,https://news.yahoo.co.jp/articles/1d35aa183238a8117acb8821eef85ad29c8cda1a,2023/10/16(Œ) 17:37
getsuv,ŒŠ§ƒoƒŒ[ƒ{[ƒ‹,yƒoƒŒ[zVƒŠ[ƒO‚ÍV1’jq‚ªŠJ–‹@ƒTƒ“ƒgƒŠ[‚Æ“ú“SäBZ‚ª˜AŸƒXƒ^[ƒg,https://news.yahoo.co.jp/articles/8ae321c632cae113130bd643b1146ecda24ae2b2,2023/10/16(Œ) 16:35
getsuv,ŒŠ§ƒoƒŒ[ƒ{[ƒ‹,yƒoƒŒ[zƒ”ƒHƒŒƒAƒX@ƒI[ƒXƒgƒ‰ƒŠƒAog‚Ìƒ‹[ƒNEƒXƒ~ƒX‚Ì‰Á“ü‚ğ”­•\,https://news.yahoo.co.jp/articles/9e660be9db2bed07633b91781b476d6248033e01,2023/10/12(–Ø) 17:13
getsuv,ŒŠ§ƒoƒŒ[ƒ{[ƒ‹,yƒoƒŒ[z“Œ‹ƒOƒŒ[ƒgƒxƒA[ƒY‚ªŠJ–‹•V‹K‰Á“ü‘Iè“ü’c‹LÒ‰ïŒ©@–ö“c«—mu‚±‚ÌƒNƒ‰ƒu‚Í‚¢‚¿‚Î‚ñA–²AŠó–]‚ğ—^‚¦‚ç‚ê‚év,https://news.yahoo.co.jp/articles/50f75f021ff9cbf6807e9deafee1024e1d52d88f,2023/10/12(–Ø) 16:12
getsuv,ŒŠ§ƒoƒŒ[ƒ{[ƒ‹,yƒoƒŒ[zÎì—SŠó‚ªƒCƒ^ƒŠƒA‚Öo‘ ƒZƒŠƒGAŠJ–‹í‚Í10Œ22“ú‚Éƒ‚ƒfƒi‚Æ‘Îí,https://news.yahoo.co.jp/articles/f4cca73a59ea5bc547ef5f9d2f7d182012831beb,2023/10/11(…) 20:16
getsuv,ŒŠ§ƒoƒŒ[ƒ{[ƒ‹,yƒoƒŒ[z­”N’j—ÅI“úŒ‹‰Ê@‰º–k‘ò¬“¿‚‚ªIH‚Æ‚Ì2Š¥‚ğ’B¬y”R‚ä‚éŠ´“®‚©‚²‚µ‚Ü‘‘Ìz,https://news.yahoo.co.jp/articles/bdf7941f4d85db560c345cc0a456b0a032d4fed1,2023/10/11(…) 18:49
getsuv,ŒŠ§ƒoƒŒ[ƒ{[ƒ‹,yƒoƒŒ[z¬”N’j—ÅI“úŒ‹‰Ê@’jq‚ÍL“‡Œ§A—q‚Í²‰êŒ§‚ª—DŸ@ŠJÃ’n­™“‡Œ§‚Í’jq‚ª3ˆÊ‚Éy”R‚ä‚éŠ´“®‚©‚²‚µ‚Ü‘‘Ìz,https://news.yahoo.co.jp/articles/be22e06dd2c1b59365103325e72f6a914c09b661,2023/10/11(…) 16:58
getsuv,ŒŠ§ƒoƒŒ[ƒ{[ƒ‹,yƒoƒŒ[z‹àƒƒ_ƒ‹‚ğ‚©‚¯‚ép‚ğŒ©“¦‚·‚ÈI@ƒTƒ“ƒgƒŠ[‚ªƒeƒXƒgƒ}ƒbƒ`‚Æ‰ïŒ©‚ğÀ{,https://news.yahoo.co.jp/articles/1a43e5223d1bf8be17aeac089b49a95c5bb38ba8,2023/10/11(…) 12:13
getsuv,ŒŠ§ƒoƒŒ[ƒ{[ƒ‹,yƒoƒŒ[z­”N—qŒˆŸ‚ÍŒƒ“¬‚Ì—\Š´ ‰º–k‘ò¬“¿‚‚Ì“Œ‹“sA‹à—–‰ï‚‚Ì‘åã•{‚Ìƒ‰ƒCƒoƒ‹‘ÎŒˆ‚Éy”R‚ä‚éŠ´“®‚©‚²‚µ‚Ü‘‘Ìz,https://news.yahoo.co.jp/articles/1220153859b999d2c413ddf3f9cb64fc237b7b4b,2023/10/11(…) 10:32
getsuv,ŒŠ§ƒoƒŒ[ƒ{[ƒ‹,yƒoƒŒ[zÎì^—C‚ªƒZƒŠƒGAƒfƒrƒ…[í‚Åƒ`[ƒ€Å‘½“¾“_‚à•¯ƒXƒ^[ƒg,https://news.yahoo.co.jp/articles/2577d1443981e26666f0766e607a693651cedbaa,2023/10/10(‰Î) 22:01
getsuv,ŒŠ§ƒoƒŒ[ƒ{[ƒ‹,yƒoƒŒ[z“Œ‹“s‘ã•\‚ÌIH—‰¤‰º–k‘ò¬“¿‚‚ªŒˆŸ‚Ö@¡‹G2Š¥–Ú‚Ìƒ^ƒCƒgƒ‹‚ğ‘_‚¤@­”N’j—3“ú–Ú‚ÌŒ‹‰Êy”R‚ä‚éŠ´“®‚©‚²‚µ‚Ü‘‘Ìz,https://news.yahoo.co.jp/articles/5e6cabd0a3229a12f1a27886bf8e01a2317ddd69,2023/10/10(‰Î) 21:12
getsuv,ŒŠ§ƒoƒŒ[ƒ{[ƒ‹,yƒoƒŒ[z’nŒ³‚Ì­™“‡Œ§‚Í’j—‚Æ‚à‚É3E4ˆÊŒˆ’èí‚Ö@¬”N’j—3“ú–Ú‚ÌŒ‹‰Êy”R‚ä‚éŠ´“®‚©‚²‚µ‚Ü‘‘Ìz,https://news.yahoo.co.jp/articles/556911eb92626304ffb15ec5182c1af2ec71cd6f,2023/10/10(‰Î) 20:40
getsuv,ŒŠ§ƒoƒŒ[ƒ{[ƒ‹,yƒoƒŒ[z2023-24 V.LEAGUE DIVISION1 MENiV1’jqj ƒpƒŠŒÜ—ÖŒˆ‚ß‚½¼“c‚ç’jq“ú–{‘ã•\ƒƒ“ƒo[‚à“o’d‚µŠJ–‹‹LÒ‰ïŒ©,https://news.yahoo.co.jp/articles/4a96f6a608c77701cb9fb44aeec77c2d4a5b5e06,2023/10/10(‰Î) 11:42
getsuv,ŒŠ§ƒoƒŒ[ƒ{[ƒ‹,yƒoƒŒ[zŒˆŸio‚ğ‘ˆ‚¤­”N—q8ƒ`[ƒ€‚Ìí—Í‚ğƒ`ƒFƒbƒNy”R‚ä‚éŠ´“®‚©‚²‚µ‚Ü‘‘Ìz,https://news.yahoo.co.jp/articles/cee8ac34c4481d60b53372a18db3fb37e0b6af2a,2023/10/10(‰Î) 10:19
getsuv,ŒŠ§ƒoƒŒ[ƒ{[ƒ‹,yƒoƒŒ[zŒˆŸio‚ğ‘_‚¤­”N’jq8ƒ`[ƒ€‚Ìí—Í‚ğƒ`ƒFƒbƒNy”R‚ä‚éŠ´“®‚©‚²‚µ‚Ü‘‘Ìz,https://news.yahoo.co.jp/articles/6ff0dc117451f1f0ebe69dad83c0f510a8becdc8,2023/10/10(‰Î) 7:01
getsuv,ŒŠ§ƒoƒŒ[ƒ{[ƒ‹,yƒoƒŒ[z’nŒ³‚Ì­™“‡Œ§‚ªƒtƒ‹ƒZƒbƒg‚Ì––‚É€ŒˆŸ‚Ö ¬”N’j—€XŒˆŸ‚ÌŒ‹‰Êy”R‚ä‚éŠ´“®‚©‚²‚µ‚Ü‘‘Ìz,https://news.yahoo.co.jp/articles/8b08cede7ca123bcd77d8ed21a29928deedf6ca1,2023/10/9(Œ) 23:36
getsuv,ŒŠ§ƒoƒŒ[ƒ{[ƒ‹,yƒoƒŒ[z­”N’jq‚Í­™“‡‚ª‘åã•{‚É‹t“]Ÿ‚¿@’j—‚Æ‚à‚ÉƒCƒ“ƒ^[ƒnƒCãˆÊƒ`[ƒ€‚Ì‘½‚­‚ª‰÷‚µ‚¢Œ‹‰Ê‚Éy”R‚ä‚éŠ´“®‚©‚²‚µ‚Ü‘‘Ìz,https://news.yahoo.co.jp/articles/95bf74e2adf43989b6f932fff5b5b8d2f2b1e6e5,2023/10/9(Œ) 23:20
getsuv,ŒŠ§ƒoƒŒ[ƒ{[ƒ‹,yƒoƒŒ[zƒuƒ‰ƒ“ŠÄ“Â@ƒpƒŠŒÜ—Öƒƒ_ƒ‹Šl“¾‚Öu1“_A2“_‚ª‡‚Ì–¾ˆÃ‚ğ•ª‚¯‚éB³‚µ‚¢”»’f‚ğ‰º‚·—Í‚ÌŒüã‚ğv@¡‹G‘Š‡‰ïŒ©,https://news.yahoo.co.jp/articles/2055569f718cbf302652e8be297bd5066f3ad2cc,2023/10/9(Œ) 15:43
getsuv,ŒŠ§ƒoƒŒ[ƒ{[ƒ‹,yƒoƒŒ[z‘åXçˆ¤&¼ìê£i‹à—–‰ï‚j‚ªƒAƒbƒvƒf[ƒg‚µ‚ÄƒJƒ€ƒoƒbƒN ƒnƒCƒŒƒxƒ‹‚Èl‚¦•û‚Å‹à—–‰ï‚ğu‚Ç‚±‚É‚à•‰‚¯‚È‚¢ƒ`[ƒ€v‚ÉyƒoƒŒ[ƒ{[ƒ‹U19—q“ú–{‘ã•\‘Î’kiŒã•Òjz,https://news.yahoo.co.jp/articles/11d75e307c91b1d196e2bfe3346a889de8d5531a,2023/10/9(Œ) 15:30
getsuv,ŒŠ§ƒoƒŒ[ƒ{[ƒ‹,yƒoƒŒ[z‘åXçˆ¤&¼ìê£i‹à—–‰ï‚j@ƒCƒ“ƒ^[ƒnƒC‚Éoê‚Å‚«‚¸—Ü‚àu‚Ù‚ñ‚Ü‚Éƒ†[ƒX‚És‚Á‚Ä‚æ‚©‚Á‚½vyƒoƒŒ[ƒ{[ƒ‹U19—q“ú–{‘ã•\‘Î’ki‘O•Òjz,https://news.yahoo.co.jp/articles/daf1c470b5797d6234702ffe08aa47ea45e24fbf,2023/10/9(Œ) 15:07
getsuv,ŒŠ§ƒoƒŒ[ƒ{[ƒ‹,yƒoƒŒ[z’j—‚Æ‚à‚É’nŒ³‚Ì­™“‡Œ§‚ªƒXƒgƒŒ[ƒgŸ‚¿ ¬”N’j—1‰ñí‚ÌŒ‹‰Êy”R‚ä‚éŠ´“®‚©‚²‚µ‚Ü‘‘Ìz,https://news.yahoo.co.jp/articles/85d6dfa1ee3ea8147209b64549ee09698a04995c,2023/10/9(Œ) 7:20
getsuv,ŒŠ§ƒoƒŒ[ƒ{[ƒ‹,yƒoƒŒ[z—q‚Í’·èŒ§‘ã•\‚Ì¼”Ş‹n‚‚ª‘S‘‘å‰ï‰oê‰Ÿ—˜‚È‚ç‚¸@­”N’j—1‰ñí‚ÌŒ‹‰Êy”R‚ä‚éŠ´“®‚©‚²‚µ‚Ü‘‘Ìz,https://news.yahoo.co.jp/articles/1ab274af64a1b48e7c9219b4db66f1e2a86ad29b,2023/10/9(Œ) 7:11
getsuv,ŒŠ§ƒoƒŒ[ƒ{[ƒ‹,yƒoƒŒ[zƒAƒƒŠƒJ‚ÉÉ”s‚à2ˆÊ‚ÅŠ½Šì‚ÌOQT‚É–‹ ƒtƒBƒŠƒbƒvEƒuƒ‰ƒ“ŠÄ“ÂuƒTƒCƒR[‚Å[‚·Iv Îì—SŠó‚Í’‡ŠÔ‚ÉŠ´ÓuB‘ã•\‚àŠÜ‚ß‚Ä‚Ì“ú–{‘ã•\v,https://news.yahoo.co.jp/articles/86d7ec749616f737a2db482c5340ce59568c716c,2023/10/8(“ú) 23:08
getsuv,ŒŠ§ƒoƒŒ[ƒ{[ƒ‹,yƒoƒŒ[z’jq“ú–{‘ã•\‚ÍƒAƒƒŠƒJ‚Éƒtƒ‹ƒZƒbƒg‚Ì––‚É”s‚ê2ˆÊ‚Å‘å‰ï‚ğI—¹,https://news.yahoo.co.jp/articles/cb8708862f5cb14eba236fb47ad9ef42c47c0d58,2023/10/8(“ú) 22:44
getsuv,ŒŠ§ƒoƒŒ[ƒ{[ƒ‹,yƒoƒŒ[zƒAƒWƒA‹£‹Z‘å‰ï@—q“ú–{‘ã•\‚ÍŒˆŸ‚Å’†‘‚É”s‚ê‚é‚à‘O‰ñ‘å‰ï‚ğã‰ñ‚é‹âƒƒ_ƒ‹,https://news.yahoo.co.jp/articles/88fe1e5d674cdd72c75c12d19f87edb5bc929476,2023/10/8(“ú) 10:40
getsuv,ŒŠ§ƒoƒŒ[ƒ{[ƒ‹,yƒoƒŒ[zƒCƒ“ƒ^[ƒnƒC’jqŒˆŸ‚Í”~ì‘å‰îŠÄ“Âix‘äŠw‰€j‚Æ¼‰i—¶ŠÄ“Âi“ŒRj‚Ì“¯‹‰¶‘ÎŒˆu‚Ù‚ñ‚Æ‚¤‚ÉŠy‚µ‚¢ŠÔ‚Å‚µ‚½v,https://news.yahoo.co.jp/articles/535552c82b10f03c74a0e56546835dfca6da132a,2023/10/8(“ú) 8:01
getsuv,ŒŠ§ƒoƒŒ[ƒ{[ƒ‹,yƒoƒŒ[zÎì—SŠó&¼“c—Lu&îà‹´ —• ƒpƒŠƒIƒŠƒ“ƒsƒbƒNoê‚ÌŠì‚Ñ‚Ìºu‚±‚±‚ÅŸ‚Â‚½‚ß‚Él¶‚ğŒœ‚¯‚Ä‚â‚Á‚Ä‚«‚½v,https://news.yahoo.co.jp/articles/b30d1ea2f59b5b090fdd0c8b3293105e068c8ee9,2023/10/7(“y) 23:01
getsuv,ŒŠ§ƒoƒŒ[ƒ{[ƒ‹,yƒoƒŒ[z’jq“ú–{‘ã•\‚ÍƒXƒgƒŒ[ƒg‚ÅƒXƒƒxƒjƒA‚ğ‰º‚µƒpƒŠƒIƒŠƒ“ƒsƒbƒNoêŒ ‚ğŠl“¾,https://news.yahoo.co.jp/articles/6ae58f90e6ca86f7a20fac0c06f175bdc19a9e32,2023/10/7(“y) 21:52
getsuv,ŒŠ§ƒoƒŒ[ƒ{[ƒ‹,yƒoƒŒ[zƒCƒ“ƒ^[ƒnƒC’jqŠ®‘S—DŸ‚Ìx‘äŠw‰€‚‚Í‚È‚º‹­‚¢H uƒŒƒxƒ‹‚ªˆá‚¢‚·‚¬‚Ü‚µ‚½vu‘Iè‘w‚ªŒú‚­‚Ä‹­‚¢vƒ‰ƒCƒoƒ‹‚½‚¿‚Ìº,https://news.yahoo.co.jp/articles/93c5181cef9d7382152b645b0239f53de175ab23,2023/10/7(“y) 17:05
getsuv,ŒŠ§ƒoƒŒ[ƒ{[ƒ‹,yƒoƒŒ[zƒXƒƒxƒjƒA‚Ì37ÎƒyƒA‚É—vŒx‰úB“¯u‚Ìv‚¢‚ğ‹¹‚Éí‚¤i—ß“ƒ‚ÆAƒpƒCƒGƒ“ƒN‚ªŒê‚é“ú–{‚Ö‚ÌŒx‰úuƒAƒƒŠƒJ‚æ‚è‚à‘¬‚³‚ª‚ ‚év,https://news.yahoo.co.jp/articles/a124cda9d98fcbfe72697699e982e49238099ea9,2023/10/7(“y) 14:16
getsuv,ŒŠ§ƒoƒŒ[ƒ{[ƒ‹,yƒoƒŒ[z g‚Ğ‚«“÷ƒ|[ƒYh‚Ìîà‹´—•‚Í3˜AŸ‚É‚àu‚à‚Á‚Æ‚à‚Á‚Æ‹­‚¢“ú–{‚ğŒ©‚¹‚ç‚ê‚é‚æ‚¤‚ÉvyFIVBƒpƒŠŒÜ—Ö—\‘I/ƒ[ƒ‹ƒhƒJƒbƒvƒoƒŒ[2023’jq‘å‰ïƒZƒ‹ƒrƒAíƒRƒƒ“ƒgz,https://news.yahoo.co.jp/articles/c601e20509a6ebfd7c10afb5478aa9d77198ae23,2023/10/6(‹à) 22:04
getsuv,ŒŠ§ƒoƒŒ[ƒ{[ƒ‹,yƒoƒŒ[zÎì—SŠóƒLƒƒƒvƒeƒ“ Œã”¼3˜Aí‰í‚Å–ô“®‚àu‚Ü‚¾‚Ü‚¾ã‚ª‚è‚Ü‚·v 2ˆÊ‚É•‚ã‚µŸ•‰‚ÌƒXƒƒxƒjƒAí‚Ö,https://news.yahoo.co.jp/articles/a621e0585ab381471c03edc5554a75f3305ac1b3,2023/10/6(‹à) 21:44
getsuv,ŒŠ§ƒoƒŒ[ƒ{[ƒ‹,yƒoƒŒ[z’jq“ú–{‘ã•\‚ÍƒZƒ‹ƒrƒA‚É‰õŸ‚ÅƒpƒŠŒÜ—ÖoêŒ Šl“¾Œ—“à‚Ì2ˆÊ‚É•‚ã,https://news.yahoo.co.jp/articles/dee230bd0cc8d5d45e2135d2830d6a296bbb06ec,2023/10/6(‹à) 21:14
getsuv,ŒŠ§ƒoƒŒ[ƒ{[ƒ‹,yƒoƒŒ[z—q“ú–{‘ã•\‚Íƒxƒgƒiƒ€‚ÉŸ—˜‚µ6˜AŸ‚ÅŒˆŸio,https://news.yahoo.co.jp/articles/160d8a920439bc5bb00aa5ac299a6f004c5fe6fb,2023/10/6(‹à) 18:04
getsuv,ŒŠ§ƒoƒŒ[ƒ{[ƒ‹,yƒoƒŒ[z—q“ú–{‘ã•\‚Íƒ^ƒC‚ğƒXƒgƒŒ[ƒg‚Å‰º‚µ2Ÿƒ‰ƒEƒ“ƒh1ˆÊ‚Å€ŒˆŸ‚Ö,https://news.yahoo.co.jp/articles/46333f37b698f2d656930fe373daeebbb8d00365,2023/10/6(‹à) 12:30
getsuv,ŒŠ§ƒoƒŒ[ƒ{[ƒ‹,yƒoƒŒ[zƒAƒWƒA‹£‹Z‘å‰ï@—q“ú–{‘ã•\‚Íƒ`ƒƒƒCƒj[ƒYƒ^ƒCƒyƒC‚ğ‰º‚µ4˜AŸ,https://news.yahoo.co.jp/articles/33ba3c5540d5539a2049e51929604f374ebd9df5,2023/10/5(–Ø) 11:17
getsuv,ŒŠ§ƒoƒŒ[ƒ{[ƒ‹,yƒoƒŒ[z¼“c—Lu‚ªƒ`[ƒ€Å‘½15“¾“_ Ÿ•‰‚Ì3˜Aí‚Öu•K€‚É‚à‚ª‚¢‚ÄŸ—˜‚ğ‚Â‚©‚İ‚É‚¢‚­v,https://news.yahoo.co.jp/articles/25f1e11b62c5db32156c3f6f15000a50c5318ebb,2023/10/4(…) 21:36
getsuv,ŒŠ§ƒoƒŒ[ƒ{[ƒ‹,yƒoƒŒ[z’jq“ú–{‘ã•\‚Íƒgƒ‹ƒR‚ğƒXƒgƒŒ[ƒg‚Å‰º‚µ2˜AŸ@ƒpƒŠŒÜ—Ö‚ÌØ•„‚ğŒœ‚¯Œã”¼í‚Ö,https://news.yahoo.co.jp/articles/7e038fd82e1e9cd53a4c19c2446b51c7eb5506fa,2023/10/4(…) 21:05
getsuv,ŒŠ§ƒoƒŒ[ƒ{[ƒ‹,yƒoƒŒ[zu•À‘å’ï‚Å‚Í‚È‚¢vƒgƒ‹ƒR‚Ì‘å–Cƒ‰ƒOƒ€ƒWƒA‚ğ~‚ß‚é‚É‚ÍH ƒAƒƒŠƒJ‚Ì–¼ƒuƒƒbƒJ[‚Ì“š‚¦ ¡–é“ú–{‚Æ‘Îí,https://news.yahoo.co.jp/articles/ce6e5990b3adf8e1c8f566a2c4f37ffb9cc44b12,2023/10/4(…) 16:49
getsuv,ŒŠ§ƒoƒŒ[ƒ{[ƒ‹,yƒoƒŒ[zƒTƒ“ƒgƒŠ[@b”ãF‘¾˜Y‚Æõ–ì‹P‚Ì“à’è‚ğ”­•\,https://news.yahoo.co.jp/articles/dc27f6328bc7356ec691c283d454d129cfe63fd4,2023/10/4(…) 12:41
getsuv,ŒŠ§ƒoƒŒ[ƒ{[ƒ‹,yƒoƒŒ[z“ŒƒŒ’jq@R“c‘å‹M‚ç3–¼‚Ì“à’è‚ğ”­•\,https://news.yahoo.co.jp/articles/1f93c594ab2406cb69e906bdac301d85202e2304,2023/10/4(…) 12:15
getsuv,ŒŠ§ƒoƒŒ[ƒ{[ƒ‹,yƒoƒŒ[z¡‘å‰ï‰‚ÌƒXƒgƒŒ[ƒgŸ‚¿‚ÉÎì—SŠóuc‚è4‡‚ğ•K‚¸Ÿ‚Á‚ÄƒIƒŠƒ“ƒsƒbƒN‚ÌØ•„‚ğæ‚évyFIVBƒpƒŠŒÜ—Ö—\‘I/ƒ[ƒ‹ƒhƒJƒbƒvƒoƒŒ[2023’jq‘å‰ï ƒ`ƒ…ƒjƒWƒAíƒRƒƒ“ƒgz,https://news.yahoo.co.jp/articles/164795527eef4e4552736b90f2979f529abf770f,2023/10/3(‰Î) 22:05
getsuv,ŒŠ§ƒoƒŒ[ƒ{[ƒ‹,yƒoƒŒ[zƒGƒWƒvƒgí—Ü‚ÌŠÖ“c½‘å‚ÌƒgƒX‚ªŒõ‚èƒXƒgƒŒ[ƒgŸ‚¿ u©•ª‚ç‚µ‚³‚ğo‚µ‚Ä‚¢‚±‚¤vƒ~ƒhƒ‹ƒuƒƒbƒJ[w‚ª–ô“®,https://news.yahoo.co.jp/articles/e55d2e4c0e92a3b24ce76b7e82f76bd97c80ffc3,2023/10/3(‰Î) 21:24
getsuv,ŒŠ§ƒoƒŒ[ƒ{[ƒ‹,yƒoƒŒ[z’jq“ú–{‘ã•\‚Íƒ`ƒ…ƒjƒWƒA‚ğˆ³“|‚µƒXƒgƒŒ[ƒgŸ—˜,https://news.yahoo.co.jp/articles/1c21d58c4a9f32bed87aa0f8cb915f55cd0a361e,2023/10/3(‰Î) 20:58
getsuv,ŒŠ§ƒoƒŒ[ƒ{[ƒ‹,yƒoƒŒ[z“ú—§Astemo@ƒ^ƒC‘ã•\‚Ìƒ^ƒbƒgƒ_ƒIEƒkƒNƒWƒƒƒ“‚Ì‰Á“ü‚ğ”­•\,https://news.yahoo.co.jp/articles/f24f728736dc1990b43e8696e47b074f6583dd66,2023/10/3(‰Î) 11:51
getsuv,ŒŠ§ƒoƒŒ[ƒ{[ƒ‹,yƒoƒŒ[zƒAƒWƒA‹£‹Z‘å‰ï@ƒJƒUƒtƒXƒ^ƒ“‚ğ‰º‚µ3˜AŸ‚Ì—q“ú–{‘ã•\‚Í—\‘Iƒ‰ƒEƒ“ƒh1ˆÊ‚Å2Ÿƒ‰ƒEƒ“ƒh‚Ö,https://news.yahoo.co.jp/articles/6008d7c69dfabdd9cc619bfc9ef6a2f964ca479e,2023/10/3(‰Î) 11:06
getsuv,ŒŠ§ƒoƒŒ[ƒ{[ƒ‹,yƒoƒŒ[zƒ”ƒHƒŒƒAƒX@²X–Ø”H‚ÌŒ»–ğˆø‘Ş‚ğ”­•\,https://news.yahoo.co.jp/articles/17fdc70c2f1e3a655230d7d347f187f22abb77da,2023/10/3(‰Î) 10:36
getsuv,ŒŠ§ƒoƒŒ[ƒ{[ƒ‹,yƒoƒŒ[z‘S12ƒ`[ƒ€‚ª“o’d@2023-24 V.LEAGUE DIVISION1 WOMENiV1—qjŠJ–‹‹LÒ‰ïŒ©,https://news.yahoo.co.jp/articles/d5b63935395ce032c4baaecfb8a092a85899a664,2023/10/2(Œ) 22:32
getsuv,ŒŠ§ƒoƒŒ[ƒ{[ƒ‹,yƒoƒŒ[zƒAƒWƒA‹£‹Z‘å‰ï@—q“ú–{‘ã•\‚ÍƒAƒtƒKƒjƒXƒ^ƒ“‚ğˆ³“|‚µŠJ–‹2˜AŸ,https://news.yahoo.co.jp/articles/dfb0a857071987ec1775869ecab74d6e0845366b,2023/10/2(Œ) 14:07
getsuv,ŒŠ§ƒoƒŒ[ƒ{[ƒ‹,yƒoƒŒ[z’jq“ú–{‘ã•\‚ÍƒGƒWƒvƒg‚Éƒtƒ‹ƒZƒbƒg‚Ì‹t“]•‰‚¯‚Å‰•¯,https://news.yahoo.co.jp/articles/9e99a07f173a279bda960d78ce231c6ec35f8fee,2023/10/1(“ú) 22:16
getsuv,ŒŠ§ƒoƒŒ[ƒ{[ƒ‹,yƒoƒŒ[zƒAƒWƒA‹£‹Z‘å‰ï@—q“ú–{‘ã•\‚Íƒzƒ“ƒRƒ“ƒ`ƒƒƒCƒi‚ğƒXƒgƒŒ[ƒg‚Å‰º‚µ”’¯ƒXƒ^[ƒg,https://news.yahoo.co.jp/articles/2eefbbf9add2c01e8e7d58596c594dd236b7fee1,2023/10/1(“ú) 15:45
getsuv,ŒŠ§ƒoƒŒ[ƒ{[ƒ‹,yƒoƒŒ[zÎì^—C‚ªƒCƒ^ƒŠƒA‚ÖBuˆø‚«o‚µ‚ğ‘‚â‚µ‚Ä‚¢‚«‚½‚¢v‚Æ‹­‚¢ŒˆˆÓ‚Ìˆê•û‚Åo‘‚Éâ‚µ‚³‚à,https://news.yahoo.co.jp/articles/c9071a402d17c501a2d7612314de91c7dbeead0d,2023/10/1(“ú) 15:20
getsuv,ŒŠ§ƒoƒŒ[ƒ{[ƒ‹,yƒoƒŒ[z‹vŒõ@ƒ^ƒC‘ã•\‚Ìƒ`ƒ^ƒ|[ƒ“‚ÆƒAƒƒŠƒJAƒJƒŠƒtƒHƒ‹ƒjƒAog‚Ì‰œŒ´‚Ì“ü’c‚ğ”­•\,https://news.yahoo.co.jp/articles/238a7b010318882a1a6d02ccb14e617d32f9dae2,2023/10/1(“ú) 9:51
getsuv,ŒŠ§ƒoƒŒ[ƒ{[ƒ‹,yƒoƒŒ[zÎì—SŠóƒLƒƒƒvƒeƒ“u‚Ù‚ñ‚Æ‚¤‚É’‡ŠÔ‚É•‚¯‚ç‚ê‚Ü‚µ‚½v ƒtƒ‹ƒZƒbƒg‚ÅŠJ–‹”’¯”­iyFIVBƒpƒŠŒÜ—Ö—\‘I/ƒ[ƒ‹ƒhƒJƒbƒvƒoƒŒ[2023’jq‘å‰ï ƒtƒBƒ“ƒ‰ƒ“ƒhíƒRƒƒ“ƒgz,https://news.yahoo.co.jp/articles/6f12f7fae99190d4e07b9ca35fac922396e7547c,2023/9/30(“y) 23:37
getsuv,ŒŠ§ƒoƒŒ[ƒ{[ƒ‹,yƒoƒŒ[zîà‹´—•‚ªƒtƒ‹ƒZƒbƒgŸ‚¿‚ÉvŒ£@”w–Ê‘Å‚¿&ƒtƒFƒCƒNƒZƒbƒg‚Å‰ïê‚ğ•¦‚©‚·,https://news.yahoo.co.jp/articles/0108c9abeea2395b9f22bdbb10327ec2978b2184,2023/9/30(“y) 23:11
getsuv,ŒŠ§ƒoƒŒ[ƒ{[ƒ‹,yƒoƒŒ[z’jq“ú–{‘ã•\‚ÍƒtƒBƒ“ƒ‰ƒ“ƒh‚Éƒtƒ‹ƒZƒbƒg‚Å‹êí‚à”’¯ƒXƒ^[ƒg,https://news.yahoo.co.jp/articles/163b0ac5a45bca589dc924dcc8adb63bf5e039f1,2023/9/30(“y) 22:48
getsuv,ŒŠ§ƒoƒŒ[ƒ{[ƒ‹,yƒoƒŒ[z¼“c—Lu Š®‘S•œŠˆ‚ÅƒpƒŠŒÜ—Ö—\‘I‚Ö u–l‚É‚Í‚È‚ê‚È‚¢v‚ÆˆÓ¯‚µ‚½2l‚Æ‚Í,https://news.yahoo.co.jp/articles/f6281dfb3720096753b0e49b64184f2870732349,2023/9/30(“y) 17:03
getsuv,ŒŠ§ƒoƒŒ[ƒ{[ƒ‹,yƒoƒŒ[z’jq“ú–{‘ã•\‚ª‘O“úŒöŠJ—ûK uˆêíˆêí‚µ‚Á‚©‚èŸ‚Âv‚Æîà‹´—•‚ÍˆÓ‹C‚İ,https://news.yahoo.co.jp/articles/9b347be1adfb8656a74159370726826cd0a66718,2023/9/30(“y) 7:11
getsuv,ŒŠ§ƒoƒŒ[ƒ{[ƒ‹,yƒoƒŒ[zu‘Š–_‚Åƒ‰ƒCƒoƒ‹v’jqU16“ú–{‘ã•\ VR–¾‚ÆŠâ–ì‘×‰ë‚ª—Fî‚ğ•Ší‚É“ú–{ˆê‚Ö ‘S‘ƒ„ƒ“ƒOƒNƒ‰ƒu‘å‰ï‚ªŠJ–‹,https://news.yahoo.co.jp/articles/5d260b82cbe430fc812a8b86c345ccb2e77625b2,2023/9/30(“y) 0:02
getsuv,ŒŠ§ƒoƒŒ[ƒ{[ƒ‹,yƒoƒŒ[zƒpƒŠƒIƒŠƒ“ƒsƒbƒNoêŒ ‚ğŒœ‚¯‚½í‚¢‚É’§‚ŞÎì—SŠó‚ç’jq“ú–{‘ã•\14–¼‚ªŒˆ’è,https://news.yahoo.co.jp/articles/a3583800b477cc819580cdbad64270078b8f8e8c,2023/9/29(‹à) 20:52
getsuv,ŒŠ§ƒoƒŒ[ƒ{[ƒ‹,yƒoƒŒ[z•P˜H@“ú–{‘ã•\‚Ìˆäãˆ¤—¢¹‚ÆÄ“c^‰Ê‚Ì‰Á“ü‚ğ”­•\,https://news.yahoo.co.jp/articles/11c3d5260482b858c7d91303e067f53ed9e2be9f,2023/9/29(‹à) 18:51
getsuv,ŒŠ§ƒoƒŒ[ƒ{[ƒ‹,yƒoƒŒ[z“ú–{í‚ÅƒZƒbƒgƒ|ƒCƒ“ƒg‚©‚ç‹t“]‚µ‚½ƒgƒ‹ƒR—q‚Ì‹­‚³B u‚¢‚Â‚à‘Iè‚½‚¿‚ğM‚¶‚Ä‚¢‚évwŠöŠ¯‚ª”’‚·‚é‚ ‚Ìê–Ê‚Ì‹¹’†,https://news.yahoo.co.jp/articles/1447535113e6b7013718da0f8b3512df8e61a8f6,2023/9/29(‹à) 7:20
getsuv,ŒŠ§ƒoƒŒ[ƒ{[ƒ‹,yƒoƒŒ[z‚‹´Œc”¿ SNS‚Ì‘å”½‹¿‚É‹Á‚«‚àu‚«‚Á‚©‚¯‚ª‰½‚Å‚àAƒoƒŒ[‚ª·‚èã‚ª‚é‚Ì‚Í‚¤‚ê‚µ‚¢vƒAƒWƒA‹£‹Z‘å‰ï3ˆÊ‚ÉvŒ£,https://news.yahoo.co.jp/articles/961ce80c90314ed152b1941cae6c9a3a7c4091fd,2023/9/28(–Ø) 17:01
getsuv,ŒŠ§ƒoƒŒ[ƒ{[ƒ‹,yƒoƒŒ[zƒAƒWƒA‹£‹Z‘å‰ï“ºƒƒ_ƒ‹‚Ì’jq“ú–{‘ã•\‚ª‹A‘@–ö“c«—mƒLƒƒƒvƒeƒ“‚Íu‚±‚±‚©‚ç‚ªƒXƒ^[ƒgv‚ÆØáö‘ô–‚ğ¾‚¤,https://news.yahoo.co.jp/articles/d8b38610134a7f2ca899442a8b6739c21d297534,2023/9/28(–Ø) 13:24
getsuv,ŒŠ§ƒoƒŒ[ƒ{[ƒ‹,yƒoƒŒ[zuƒ`[ƒ€ƒvƒŒ[‚Í‚İ‚ñ‚È‚Åì‚è‚ ‚°‚é‚à‚Ìv‚¨Î‚¢Œ|l‚Ì‚³‚Æ‚ä‚è‚³‚ñ‚ÌƒCƒ“ƒ^ƒrƒ…[,https://news.yahoo.co.jp/articles/4b2909dea093eb21eee99fffb13f43b7dee3781a,2023/9/28(–Ø) 12:54
getsuv,ŒŠ§ƒoƒŒ[ƒ{[ƒ‹,yƒoƒŒ[z‚»‚ê‚¢‚¯ NEW GENERATION ‚‹´Œc”¿ƒ©‚ç‚Ì¬’·‚Å’N‚©‚ğÎŠç‚É„yŒƒoƒŒ2021”N4Œ†ƒvƒŒƒCƒoƒbƒNz,https://news.yahoo.co.jp/articles/8491668a353725007973edc61b50ce2c0e8ef4d5,2023/9/27(…) 19:26
getsuv,ŒŠ§ƒoƒŒ[ƒ{[ƒ‹,yƒoƒŒ[zb”ã—D“lg’a¶“úƒT[ƒrƒXƒG[ƒXh‚Éu‚·‚²‚­‚¤‚ê‚µ‚¢v ’jq“ú–{‘ã•\‚ªƒJƒiƒ_‚Æe‘P‡‚ğÀ{ ƒpƒŠƒIƒŠƒ“ƒsƒbƒN—\‘I‚ÖÅI’²®,https://news.yahoo.co.jp/articles/38ca69e6dbe7bc8307a6a8ee1e2cd5425b651155,2023/9/27(…) 9:23
getsuv,ŒŠ§ƒoƒŒ[ƒ{[ƒ‹,yƒoƒŒ[zƒAƒWƒA‹£‹Z‘å‰ï@’jq“ú–{‘ã•\‚ÍƒJƒ^[ƒ‹‚ğ‰º‚µ‘O‰ñ‘å‰ï‚ğã‰ñ‚é“ºƒƒ_ƒ‹,https://news.yahoo.co.jp/articles/21cb11d7380f13a1ee6255ce03e7f4736a46e556,2023/9/26(‰Î) 18:47
getsuv,ŒŠ§ƒoƒŒ[ƒ{[ƒ‹,yƒoƒŒ[z‚‹´Œc”¿u‚Ü‚¸‚Í‚Ä‚é—Í‚ğ”­Šö‚µ‚½‚¢vyŒƒoƒŒ2023”N7Œ†ƒvƒŒƒCƒoƒbƒNz,https://news.yahoo.co.jp/articles/c62555c09466929cfa9b337958666cd0c42e76de,2023/9/26(‰Î) 16:08
getsuv,ŒŠ§ƒoƒŒ[ƒ{[ƒ‹,yƒoƒŒ[zƒAƒWƒA‹£‹Z‘å‰ï@ŠJÃ‘‚Ì’†‘‚É”s‚ê3ˆÊŒˆ’èí‚Ö,https://news.yahoo.co.jp/articles/9bcd5606ba099daac51dfa4661c967e566c59c30,2023/9/26(‰Î) 11:17
getsuv,ŒŠ§ƒoƒŒ[ƒ{[ƒ‹,yƒoƒŒ[z’jq“ú–{‘ã•\‚ª8”N‚Ô‚è‚Ég¹’nhE‘ãX–Ø‘æˆê‘ÌˆçŠÙ‚Ö ÎìƒLƒƒƒvƒeƒ“‚Íu”ñí‚ÉŠy‚µ‚İv 25“ú‚ÉƒJƒiƒ_‚Æ‚Ì‘Û‹­‰»‡,https://news.yahoo.co.jp/articles/14687e32fbc8f29c668c27c5ec31a78dc2e62f7a,2023/9/25(Œ) 16:33
getsuv,ŒŠ§ƒoƒŒ[ƒ{[ƒ‹,yƒoƒŒ[záÁ“çŠÄ“ÂuƒT[ƒu‚ÆƒT[ƒuƒŒƒV[ƒu‚Ìd—v«A‚³‚ç‚È‚é‹­‰»v@¡‹G‘Š‡‰ïŒ©,https://news.yahoo.co.jp/articles/f8e09867a7bf0291c8b1e51e84da284f0222672b,2023/9/25(Œ) 14:13
getsuv,ŒŠ§ƒoƒŒ[ƒ{[ƒ‹,yƒoƒŒ[z—q“ú–{‘ã•\@ƒtƒ‹ƒZƒbƒg‚Ì––‚Éƒuƒ‰ƒWƒ‹‚É”s‚êƒpƒŠƒIƒŠƒ“ƒsƒbƒNoêŒ Šl“¾‚Í‚¿‰z‚µ,https://news.yahoo.co.jp/articles/0e35e7d031c369d7ac4651e1e0a96351f671e2e6,2023/9/24(“ú) 22:38
getsuv,ŒŠ§ƒoƒŒ[ƒ{[ƒ‹,yƒoƒŒ[zƒAƒWƒA‹£‹Z‘å‰ï@’jq“ú–{‘ã•\‚ÍƒCƒ“ƒh‚ğƒXƒgƒŒ[ƒg‚Å‰º‚µƒxƒXƒg4io,https://news.yahoo.co.jp/articles/83677923d908738b9ebab5b659ca20050e4349b3,2023/9/24(“ú) 18:52
getsuv,ŒŠ§ƒoƒŒ[ƒ{[ƒ‹,yƒoƒŒ[z—q“ú–{‘ã•\‚Íƒgƒ‹ƒR‚É‹t“]‚Å”s‚ê‰•¯@ƒuƒ‰ƒWƒ‹‚ÆƒpƒŠƒIƒŠƒ“ƒsƒbƒN‚ÌØ•„‚ğŒœ‚¯‚½ÅIí‚Ö,https://news.yahoo.co.jp/articles/a9b33f6de9ed405e2d858e9eca039b5e82b3339f,2023/9/23(“y) 22:17
getsuv,ŒŠ§ƒoƒŒ[ƒ{[ƒ‹,yƒoƒŒ[z“Æè”’/ƒgƒ‹ƒR—q ƒTƒ“ƒ^ƒŒƒbƒŠŠÄ“Â‚Í“ú–{ƒoƒŒ[‚©‚çuŠw‚Ñ‚½‚¢v —ˆ“úŒã‚É–¾‚©‚µ‚½ƒŠƒXƒyƒNƒg oêŒ ‚ğŒœ‚¯‚Ä¡–é‘Îí,https://news.yahoo.co.jp/articles/1fa571a7915e9c3ec1670857234bcea4c5281fa9,2023/9/23(“y) 17:50
getsuv,ŒŠ§ƒoƒŒ[ƒ{[ƒ‹,yƒoƒŒ[zƒuƒ‰ƒWƒ‹—q‚ª‘g‚ñ‚¾Ã‚©‚È‰~w ƒgƒ‹ƒR‚Æ‚Ì‘åˆê”Ô‚ğ‘O‚É‹àƒƒ_ƒŠƒXƒg‚ªÀ‹ u–º‚ğ¸‚Á‚½‚æ‚¤‚¾v‚ÆƒMƒ}ƒ‰ƒGƒXŠÄ“Â,https://news.yahoo.co.jp/articles/6c6ffc2566725600be233438bc500b9aba115ea0,2023/9/23(“y) 11:58
getsuv,ŒŠ§ƒoƒŒ[ƒ{[ƒ‹,yƒoƒŒ[z5˜AŸ‚ÅŸ•‰‚Ì2í‚Ö ˆäãˆ¤—¢¹u‚â‚é‚µ‚©‚È‚¢v ŒÃ‰êÑ—“ß‚Íuâ‘Î‚ÉØ•„‚ğæ‚è‚Ü‚·vyFIVBƒpƒŠŒÜ—Ö—\‘I/ƒ[ƒ‹ƒhƒJƒbƒvƒoƒŒ[2023—q‘å‰ïƒRƒƒ“ƒgz,https://news.yahoo.co.jp/articles/d63366d981a9675bc4ac2c69ac4190f0377f05ab,2023/9/22(‹à) 21:56
getsuv,ŒŠ§ƒoƒŒ[ƒ{[ƒ‹,yƒoƒŒ[z—q“ú–{‘ã•\‚ÍŒÃ‰êÑ—“ßå«‚ª18“¾“_‚ğ‚ ‚°‚Äƒxƒ‹ƒM[‚ğ‰º‚µŠJ–‹5˜A,https://news.yahoo.co.jp/articles/524c138cfe0d778a8ba9b851192273ce897cb8c9,2023/9/22(‹à) 21:32
getsuv,ŒŠ§ƒoƒŒ[ƒ{[ƒ‹,yƒoƒŒ[zƒAƒWƒA‹£‹Z‘å‰ï@‚‹´Œc”¿‚ª17“¾“_‚ÌŠˆ–ô‚Å’jq“ú–{‘ã•\‚ªƒJƒUƒtƒXƒ^ƒ“‚ğ‰º‚µ4˜AŸ,https://news.yahoo.co.jp/articles/c651cc905ce8715b8399fbd75eb876aef77333ec,2023/9/22(‹à) 18:39
getsuv,ŒŠ§ƒoƒŒ[ƒ{[ƒ‹,yƒoƒŒ[zƒAƒWƒA‹£‹Z‘å‰ï@’jq“ú–{‘ã•\‚ÍƒtƒBƒŠƒsƒ“‚ğ‰º‚µ3˜AŸ‚Å—\‘Iƒ‰ƒEƒ“ƒh‚ğñˆÊ’Ê‰ß,https://news.yahoo.co.jp/articles/79a378d9d3d111c3a3bafe4b3a01c178cecbbf3a,2023/9/22(‹à) 15:44
getsuv,ŒŠ§ƒoƒŒ[ƒ{[ƒ‹,yƒoƒŒ[zŒÃ‰êÑ—“ß‚ÌƒvƒŒ[‚É¼“c—Lu‚Íu‚·‚²‚­Šy‚µ‚ñ‚Å‚¢‚év@’jq“ú–{‘ã•\‚ªƒpƒŠŒÜ—Ö—\‘I‚Å˜AŸ’†‚Ì—q‚©‚çhŒƒ,https://news.yahoo.co.jp/articles/a8db92181e4c8fb2e6a7368d0de5b743d78ac222,2023/9/22(‹à) 11:27
getsuv,ŒŠ§ƒoƒŒ[ƒ{[ƒ‹,yƒoƒŒ[z—q“ú–{‘ã•\‚ª’§‚ŞƒpƒŠƒIƒŠƒ“ƒsƒbƒN—\‘I‚ÍŒã”¼í‚Ö Å‘å‚Ì“Gƒgƒ‹ƒR•ƒuƒ‰ƒWƒ‹‚ÌŒ»ó‚Í‚¢‚©‚ÉHk‘å‰ïƒvƒŒƒrƒ…[l,https://news.yahoo.co.jp/articles/61b67aad5b40cbe5b525a7cfe6c2021e5763a398,2023/9/22(‹à) 11:00
getsuv,ŒŠ§ƒoƒŒ[ƒ{[ƒ‹,yƒoƒŒ[zƒIƒŠƒ“ƒsƒbƒNoêŒ Šl“¾‚Ö ’jq“ú–{‘ã•\‚ªÅI’²® Îì—SŠóƒLƒƒƒvƒeƒ“uŒÂl‚¾‚¯‚Å‚È‚­ƒ`[ƒ€‚Æ‚µ‚Ä©M‚ª‚Â‚¢‚Ä‚¢‚év,https://news.yahoo.co.jp/articles/62bcfe4074d7cef1ab301be65aaff5ebc936b01a,2023/9/22(‹à) 10:20
getsuv,ŒŠ§ƒoƒŒ[ƒ{[ƒ‹,yƒoƒŒ[zƒAƒWƒA‹£‹Z‘å‰ï@’jq“ú–{‘ã•\‚ÍƒCƒ“ƒhƒlƒVƒA‚ÉƒXƒgƒŒ[ƒg‚ÅŸ—˜‚µŠJ–‹2˜AŸ,https://news.yahoo.co.jp/articles/0d3e824de6bbfa3a8b9696688b465e685be218b0,2023/9/21(–Ø) 20:58
getsuv,ŒŠ§ƒoƒŒ[ƒ{[ƒ‹,yƒoƒŒ[z“ŒƒŒ‚ÍJAXA‚Æ‚Ì‹¤“¯ŠJ”­æ’[‘fŞ‚ğg—p‚µ‚½Vƒ†ƒjƒtƒH[ƒ€‚ÅVƒV[ƒYƒ“‚Ö,https://news.yahoo.co.jp/articles/4ab676183494b39474b5f77826c30697c5782763,2023/9/21(–Ø) 16:43
getsuv,ŒŠ§ƒoƒŒ[ƒ{[ƒ‹,yƒoƒŒ[z‘«—§V“c‚‚ª˜A‘±—DŸy‘æ28‰ñ‰Ä‹G“s—§‚“™ŠwZ’jqƒoƒŒ[ƒ{[ƒ‹‘å‰ïz,https://news.yahoo.co.jp/articles/c0f087155935ea55f9cf17de0c1e26088f755fa9,2023/9/21(–Ø) 10:24
getsuv,ŒŠ§ƒoƒŒ[ƒ{[ƒ‹,yƒoƒŒ[z‘åŠˆ–ô‚ÌR“c“ñç‰ØuƒT[ƒu‚Ü‚Å‚µ‚Á‚©‚èd–‚ª‚Å‚«‚½v“r’†oê‚ÌÎì^—C‚Í4˜AŸ‚Éuƒ`[ƒ€ó‘Ô‚à‚¢‚¢vyFIVBƒpƒŠŒÜ—Ö—\‘I/ƒ[ƒ‹ƒhƒJƒbƒvƒoƒŒ[2023—q‘å‰ïƒRƒƒ“ƒgz,https://news.yahoo.co.jp/articles/609d3c745e14606f25a582df69510d56cab82e8f,2023/9/20(…) 21:39
getsuv,ŒŠ§ƒoƒŒ[ƒ{[ƒ‹,yƒoƒŒ[zR“c“ñç‰Ø‚ªƒT[ƒrƒXƒG[ƒX4–{@—q“ú–{‘ã•\‚Íƒuƒ‹ƒKƒŠƒA‚ğƒXƒgƒŒ[ƒg‚Å‰º‚µ4˜AŸ,https://news.yahoo.co.jp/articles/2086ae54de38bfc894b8e637fb653efeab1fd241,2023/9/20(…) 21:04
getsuv,ŒŠ§ƒoƒŒ[ƒ{[ƒ‹,yƒoƒŒ[zƒAƒWƒA‹£‹Z‘å‰ïŠJ–‹@’jq“ú–{‘ã•\‚ÍƒAƒtƒKƒjƒXƒ^ƒ“‚ÉƒXƒgƒŒ[ƒg‚ÅŸ—˜,https://news.yahoo.co.jp/articles/f7045285d2ab479b801a3194fce3550f0b93091d,2023/9/20(…) 15:47
getsuv,ŒŠ§ƒoƒŒ[ƒ{[ƒ‹,yƒoƒŒ[z‘æ10‰ñƒtƒ@[ƒ€ƒoƒŒ[ƒŒƒ|[ƒg ß–Ú‚Ì‘å‰ï‚à‚Ü‚¾‚Ü‚¾”ò–ô‚Ì—\Š´,https://news.yahoo.co.jp/articles/6cbfd95e578a103bd076dd3a981cd9184b9eb775,2023/9/20(…) 10:41
getsuv,ŒŠ§ƒoƒŒ[ƒ{[ƒ‹,yƒoƒŒ[z3˜AŸ‚É“±‚¢‚½ˆäãˆ¤—¢¹u„‚Ìd–‚Í“_”‚ğæ‚é‚±‚Æv ƒZƒbƒ^[¼ˆäìŒÈ‚Íu©•ª‚ª•µˆÍ‹C‚ğ‚Â‚­‚év‚Æ“r’†oê‚ÅvŒ£yFIVBƒpƒŠŒÜ—Ö—\‘I/ƒ[ƒ‹ƒhƒJƒbƒvƒoƒŒ[2023—q‘å‰ï ƒvƒGƒ‹ƒgƒŠƒRíƒRƒƒ“ƒgz,https://news.yahoo.co.jp/articles/e7f04d6a4cf43752365122a2c3b2927660e98ad0,2023/9/19(‰Î) 21:55
getsuv,ŒŠ§ƒoƒŒ[ƒ{[ƒ‹,yƒoƒŒ[z—q“ú–{‘ã•\‚ÍƒvƒGƒ‹ƒgƒŠƒR‚ÉŠ®Ÿ@ŠJ–‹‚©‚ç3í‚¢‚Ü‚¾ƒZƒbƒg‚ğ—‚Æ‚³‚¸3˜AŸ,https://news.yahoo.co.jp/articles/d30a67479a60b4b1241102842b601ad7d119543a,2023/9/19(‰Î) 21:08
getsuv,ŒŠ§ƒoƒŒ[ƒ{[ƒ‹,yƒoƒŒ[zƒ”ƒHƒŒƒAƒX@ğƒV[ƒYƒ“‚É‘±‚«Š~‘º‘åm‚ÌƒTƒ“ƒgƒŠ[‚©‚ç‚ÌŠúŒÀ•t‚«ˆÚĞ‚ğ”­•\,https://news.yahoo.co.jp/articles/2150b8a3f3d41ea93094dcfa416eee9ab3d62f81,2023/9/19(‰Î) 18:18
getsuv,ŒŠ§ƒoƒŒ[ƒ{[ƒ‹,yƒoƒŒ[zé‹Êã”ö@ŒI²–¾•à‚ÌƒuƒŒƒX•l¼‚Ö‚ÌŠúŒÀ•t‚«ˆÚĞ‚ğ”­•\,https://news.yahoo.co.jp/articles/65f00987a2405c3a82100f1e7f5a5825e9afe575,2023/9/19(‰Î) 17:59
getsuv,ŒŠ§ƒoƒŒ[ƒ{[ƒ‹,yƒoƒŒ[zgŠC‚È‚µŒ§h‚Ì2l‚ªƒr[ƒ`ƒoƒŒ[ƒ{[ƒ‹‚Å’†Šw“ú–{ˆê! Šò•Œ‚ÌƒNƒ‰ƒuuƒtƒŒƒ“ƒYv‚ÉŒ©‚éA‚»‚Ì–£—Í‚âˆá‚¢‚Í,https://news.yahoo.co.jp/articles/6c961ca98716d8c4bfdea7bd9f202e4c3e23c070,2023/9/19(‰Î) 17:19
getsuv,ŒŠ§ƒoƒŒ[ƒ{[ƒ‹,yƒoƒŒ[zKUROBE@ƒ[‚×ƒWƒI[ƒ‹Eƒfƒ‹ƒ„‚ÆƒRƒNƒ‰ƒ€Eƒsƒ“ƒsƒ`ƒƒƒ„‚Ì‰Á“ü‚ğ”­•\,https://news.yahoo.co.jp/articles/1f276083c731b9a114e252c3dd469506c113cc31,2023/9/19(‰Î) 13:44
getsuv,ŒŠ§ƒoƒŒ[ƒ{[ƒ‹,yƒoƒŒ[z—q“ú–{‘ã•\‚Íˆäãˆ¤—¢¹‚ª17“¾“_@ƒAƒ‹ƒ[ƒ“ƒ`ƒ“‚ğƒXƒgƒŒ[ƒg‚Å‰º‚µŠJ–‹2˜AŸ,https://news.yahoo.co.jp/articles/20696a2b78b63880addda8fccb7cdc0d48f154bc,2023/9/17(“ú) 21:31
getsuv,ŒŠ§ƒoƒŒ[ƒ{[ƒ‹,yƒoƒŒ[z‰í‰õŸ‚ÉŒÃ‰êƒLƒƒƒvƒeƒ“u‰ïê‚É‚àŠµ‚ê‚Ä‚«‚½v 17“ú‚ÌƒAƒ‹ƒ[ƒ“ƒ`ƒ“í‚ÖáÁ“çŠÄ“Âu‘S—Í“Š‹…‚µ‚Ü‚·vyFIVBƒpƒŠŒÜ—Ö—\‘I/ƒ[ƒ‹ƒhƒJƒbƒvƒoƒŒ[2023—q‘å‰ïƒRƒƒ“ƒgz,https://news.yahoo.co.jp/articles/cde00bbf0ec7774d54a0bb3206dd0166596fbbdb,2023/9/16(“y) 22:27
getsuv,ŒŠ§ƒoƒŒ[ƒ{[ƒ‹,yƒoƒŒ[zFIVB ƒpƒŠŒÜ—Ö—\‘I/ƒ[ƒ‹ƒhƒJƒbƒvƒoƒŒ[2023‚ªŠJ–‹@“ú–{‚Íƒyƒ‹[‚ğƒXƒgƒŒ[ƒg‚Åˆ³“|,https://news.yahoo.co.jp/articles/24ded4c7f6eea1502cee352e9e69432b090bcd0b,2023/9/16(“y) 21:14
getsuv,ŒŠ§ƒoƒŒ[ƒ{[ƒ‹,yƒoƒŒ[z“Œ‹GB@ˆÉ“¡—™‹è‚ÆŒã“¡—¤ãÄ‚Ì‰Á“ü‚ğ”­•\,https://news.yahoo.co.jp/articles/3a09f3316ad1b64bead588da9f0a19ce93533140,2023/9/15(‹à) 20:26
getsuv,ŒŠ§ƒoƒŒ[ƒ{[ƒ‹,yƒoƒŒ[zºo‚µ‰‰‡‰ğ‹Ö‚ª¶‚ñ‚¾uÅ‚‚Ìv64•ªB‘S“ú–{¬Šw¶‘å‰ï‚ÅIZULU‚Æ—§‰ïVEBEC‚ª”Mí,https://news.yahoo.co.jp/articles/6c74de75abfc43e440e2bc552afaad54c51fad74,2023/9/15(‹à) 16:53
getsuv,ŒŠ§ƒoƒŒ[ƒ{[ƒ‹,yƒoƒŒ[zFIVB ƒpƒŠŒÜ—Ö—\‘I/ƒ[ƒ‹ƒhƒJƒbƒvƒoƒŒ[2023—qoê‘Iè14l‚ªŒˆ’è@9Œ16“úi“yjŠJ–‹,https://news.yahoo.co.jp/articles/f202f7cbd95900abc28061859d916bbcf1a0dcc4,2023/9/15(‹à) 14:19
getsuv,ŒŠ§ƒoƒŒ[ƒ{[ƒ‹,yƒoƒŒ[z—ˆêÒ‘Sˆõ‚Éu‚â‚Á‚¿‚á‚¦NIPPONvƒoƒ‹[ƒ“’ñ‹Ÿ‚Å‰‰‡‚ğŒã‰Ÿ‚µ 16“úi“yj‚ÉŠJ–‹‚·‚éFIVB ƒpƒŠŒÜ—Ö—\‘I/ƒ[ƒ‹ƒhƒJƒbƒvƒoƒŒ[2023,https://news.yahoo.co.jp/articles/e2554109edaac87243d5ba64ffd68af620152c54,2023/9/15(‹à) 11:07
getsuv,ŒŠ§ƒoƒŒ[ƒ{[ƒ‹,yƒoƒŒ[z‰»Ï•i»‘¢”Ì”„‚ÌŠ”®‰ïĞƒR[ƒZ[‚ªîà‹´—•‚ÆƒXƒ|ƒ“ƒT[Œ_–ñ@ƒoƒŒ[ƒ{[ƒ‹‘Iè‚Í‰,https://news.yahoo.co.jp/articles/b44b06a8876aebb02fb6ce72ecc5c5ffb40ab132,2023/9/15(‹à) 10:45
getsuv,ŒŠ§ƒoƒŒ[ƒ{[ƒ‹,yƒoƒŒ[zƒ”ƒHƒŒƒAƒX@•Ä‘ºP‹P‚Ì–kŠC“¹YS‚©‚ç‚ÌŠúŒÀ•t‚«ˆÚĞ‚ğ”­•\,https://news.yahoo.co.jp/articles/200e1ab2907c3c3041d766c32837ebe67e90e94c,2023/9/14(–Ø) 19:13
getsuv,ŒŠ§ƒoƒŒ[ƒ{[ƒ‹,yƒoƒŒ[zVC’·–ì@ƒgƒŒƒ“ƒgEƒIƒfƒA‚Ì“ü’c‚ğ”­•\,https://news.yahoo.co.jp/articles/b0a0d6f83d8d6eb9104d3f445244906f66fe07af,2023/9/14(–Ø) 12:23
getsuv,ŒŠ§ƒoƒŒ[ƒ{[ƒ‹,yƒoƒŒ[zu‚È‚ñ‚Å‚ ‚ñ‚Èw“±‚ğv‚ÆŒã‰÷‚·‚ég‚Ó‚Â‚¤h‚ÌŒö—§ZŠÄ“Â‚ªVƒŠ[ƒK[‚Æ‚Â‚È‚ª‚èö‚©‚Á‚½ƒXƒsƒŠƒbƒcsŒã•Òt,https://news.yahoo.co.jp/articles/bc96eaab8624590f32a8ab26bf2aa2de55a683be,2023/9/14(–Ø) 11:01
getsuv,ŒŠ§ƒoƒŒ[ƒ{[ƒ‹,yƒoƒŒ[zu‚È‚ñ‚Å‚ ‚ñ‚Èw“±‚ğv‚ÆŒã‰÷‚·‚ég‚Ó‚Â‚¤h‚ÌŒö—§ZŠÄ“Â‚ªVƒŠ[ƒK[‚Æ‚Â‚È‚ª‚èö‚©‚Á‚½ƒXƒsƒŠƒbƒcs‘O•Òt,https://news.yahoo.co.jp/articles/f73168a2c3453b7be7722fdf6bafdf6fb25c3e32,2023/9/13(…) 18:42
getsuv,ŒŠ§ƒoƒŒ[ƒ{[ƒ‹,yƒoƒŒ[zV1¸Ši‚ÌƒAƒ‰ƒ“ƒ}[ƒŒ‚ªƒWƒ…ƒjƒA‘IèŒ —DŸ‚Ìg–…‚½‚¿h‚ÉŒ©‚¹‚½‚¢pB–ö‘ò‡qu‘Sˆõ‚Åí‚¦‚Îcv,https://news.yahoo.co.jp/articles/64989568cb91d51e004318cbe44db8d039b9be28,2023/9/12(‰Î) 11:01
getsuv,ŒŠ§ƒoƒŒ[ƒ{[ƒ‹,yƒoƒŒ[z‚©‚²‚µ‚Ü‘‘Ì‚Ì­”NE¬”N’j—‘g‚İ‡‚í‚¹‚ªŒˆ’è,https://news.yahoo.co.jp/articles/2f36bacbfb07ed5a2db78620078d8ceae9f342b6,2023/9/11(Œ) 17:53
getsuv,ŒŠ§ƒoƒŒ[ƒ{[ƒ‹,yƒoƒŒ[z‘¬130ƒLƒ’´! ’jq“ú–{‘ã•\ ‘å’Ë’Bé‚Æ•x“c«”n‚ª‘ÌŠ´‚µ‚½¢ŠEÅ‘¬ƒT[ƒo[‚Ì’e“¹u‚ ‚ê‚ª•ß‚ê‚½‚çcv,https://news.yahoo.co.jp/articles/dcd24066d8e53a1c3b2d197480572c118ce5ca78,2023/9/11(Œ) 17:01
getsuv,ŒŠ§ƒoƒŒ[ƒ{[ƒ‹,yƒoƒŒ[z‘S‘‘å‰ï‚ÅgO“x–Ú‚Ì³’¼h‚È‚ç‚¸‚à‘å“Œ’†‚ÌŠÄ“Â‚ª•”ˆõ‚½‚¿‚Ö‚©‚¯‚½˜J‚¢‚ÌŒ¾—tu‚±‚Ìƒ`[ƒ€‚Å‚à‚Á‚Æcv,https://news.yahoo.co.jp/articles/c9039bed015d721b3e55461201813b8eb8c4cc73,2023/9/8(‹à) 17:59
getsuv,ŒŠ§ƒoƒŒ[ƒ{[ƒ‹,yƒoƒŒ[z“ŒƒŒ—q@ƒCƒ^ƒŠƒA‘ã•\‚ÌƒVƒ‹ƒrƒAEƒ`ƒlƒEƒkƒƒJƒ[ƒ‹‚Æƒ^ƒC‘ã•\‚ÌƒEƒBƒ‚ƒ“ƒ‰ƒbƒgEƒ^ƒiƒpƒ“‚Ì‰Á“ü‚ğ”­•\,https://news.yahoo.co.jp/articles/87ee4e8bd02fbf4199852c89fcd8f067da4641e5,2023/9/8(‹à) 15:44
getsuv,ŒŠ§ƒoƒŒ[ƒ{[ƒ‹,yƒoƒŒ[zuÅŒã‚Ìˆê‹…‚¾‚Æv‚Á‚Ävé“ì’† å«‚ªÅŒã‚Ì‘S‘‘å‰ï‚Å—Ü‚ÌƒT[ƒrƒXƒG[ƒX ‘Šè‚Ìƒ}ƒbƒ`ƒ|ƒCƒ“ƒg‚Å,https://news.yahoo.co.jp/articles/acc3a98248c9e10751432e52333357979abdcf05,2023/9/8(‹à) 12:09
getsuv,ŒŠ§ƒoƒŒ[ƒ{[ƒ‹,yƒoƒŒ[zNEC@ƒAƒ`ƒƒƒ‰ƒ|[ƒ“EƒRƒ“ƒˆƒbƒg‚Æƒ_ƒjƒGƒ‹Eƒhƒ‹[ƒY‚Ì‰Á“ü‚ğ”­•\,https://news.yahoo.co.jp/articles/b0dfc8fb2c3b522763409b0cfb1dc3dd69e1a518,2023/9/7(–Ø) 19:47
getsuv,ŒŠ§ƒoƒŒ[ƒ{[ƒ‹,yƒoƒŒ[zƒfƒ“ƒ\[@ƒuƒ‰ƒWƒ‹‘ã•\‚ÌƒƒUƒ}ƒŠƒAEƒ‚ƒ“ƒ`ƒxƒŒƒ‹‚ÆƒtƒBƒŠƒsƒ“‘ã•\‚ÌƒWƒ…ƒŠƒAEƒƒŠƒbƒTEƒ‚ƒ‰ƒh‚Ì“ü’c‚ğ”­•\,https://news.yahoo.co.jp/articles/9eecb3f65bdb9019bdeb1f5aaed6bbacbb626c69,2023/9/7(–Ø) 18:31
getsuv,ŒŠ§ƒoƒŒ[ƒ{[ƒ‹,yƒoƒŒ[z²“¡”ü–í‚³‚ñŠMù uŠÄ“Â‚ª“{‚Á‚Ä‚Í‚¢‚¯‚È‚¢‘å‰ïv‚Åƒ{[ƒ‹‚ğ‚Â‚È‚¬ÎŠç,https://news.yahoo.co.jp/articles/6946c0a5e5b4cb74d2cc7471fbd02c05ca82e252,2023/9/7(–Ø) 17:18
getsuv,ŒŠ§ƒoƒŒ[ƒ{[ƒ‹,yƒoƒŒ[zÎì—SŠóA¼“c—LuAîà‹´—•‚ªƒpƒŠŒÜ—ÖoêŒ Šl“¾‚Ö@uŠF‚³‚ñ‚ÆŠì‚Ñ‚ğ•ª‚©‚¿‚ ‚¢‚½‚¢v,https://news.yahoo.co.jp/articles/b1557fcef225c41d622ec801ffae8bfbf8f312f4,2023/9/7(–Ø) 17:10
getsuv,ŒŠ§ƒoƒŒ[ƒ{[ƒ‹,yƒoƒŒ[zƒAƒWƒA—q‘IèŒ ‚ÍŠJÃ‘‚Ìƒ^ƒC‚ª—DŸ@“ºƒƒ_ƒ‹Šl“¾‚Ì“ú–{‚©‚ç¼ì—LŠì‚Æ¬“‡–Ø”ü‚ªŒÂlÜ‚ğóÜ,https://news.yahoo.co.jp/articles/2017ca5bb3f243708fe72cd43738386e75f0f146,2023/9/7(–Ø) 16:52
getsuv,ŒŠ§ƒoƒŒ[ƒ{[ƒ‹,yƒoƒŒ[zPFUƒuƒ‹[ƒLƒƒƒbƒc@VƒŠ[ƒO‚ğ‹–ì‚ÉƒL[ƒrƒWƒ…ƒAƒ‹‚È‚Ç‚ğüV,https://news.yahoo.co.jp/articles/810b341be5e737876a8fd3a3dc8b65df39aa5eae,2023/9/7(–Ø) 14:47
getsuv,ŒŠ§ƒoƒŒ[ƒ{[ƒ‹,yƒoƒŒ[zƒAƒWƒA—q‘IèŒ @“ú–{‚Íƒxƒgƒiƒ€‚ğƒtƒ‹ƒZƒbƒg‚Å‰º‚µ“ºƒƒ_ƒ‹‚ğŠl“¾,https://news.yahoo.co.jp/articles/1dd73d74e441e679da6f4a6c5d91059fed49ddc4,2023/9/6(…) 20:19
getsuv,ŒŠ§ƒoƒŒ[ƒ{[ƒ‹,yƒoƒŒ[z—YV’†’jq ¬Rçu‚ ‚Æˆê•ªˆê•b‚Å‚à‘½‚­—ûK‚µ‚Ä‚¢‚ê‚Îv‚ÆŒã‰÷‚à‹¹‚ğ’£‚é ’nŒ³ŠJÃ‚Ì‘S‘‘å‰ï‚Å,https://news.yahoo.co.jp/articles/3a462a5eb692c66e568dac1dc6fea8bbde3ad711,2023/9/6(…) 20:03
getsuv,ŒŠ§ƒoƒŒ[ƒ{[ƒ‹,yƒoƒŒ[zÎì—SŠó‰‚ÌƒIƒtƒBƒVƒƒƒ‹ƒuƒbƒNw14 quattordicix12Œ‚É”­”„,https://news.yahoo.co.jp/articles/765413d379742af459591fcecbac055527d6b9a8,2023/9/6(…) 14:24
getsuv,ŒŠ§ƒoƒŒ[ƒ{[ƒ‹,w2.43 ´‰A‚Z’jqƒoƒŒ[•”x‚ªŠ®Œ‹@9ŒA10Œ‚É2ƒ•Œ˜A‘±Š§s,https://news.yahoo.co.jp/articles/547dcc71a2fc4000c36252f1f67cd2aab3a1f82f,2023/9/6(…) 13:38
getsuv,ŒŠ§ƒoƒŒ[ƒ{[ƒ‹,yƒoƒŒ[zJT—q@ƒAƒ“ƒhƒŒƒAEƒhƒ‹[ƒY‚Ì“ü’c‚ğ”­•\,https://news.yahoo.co.jp/articles/4f59c31fa23b09cdb58194836c66654655d6c281,2023/9/6(…) 11:41
getsuv,ŒŠ§ƒoƒŒ[ƒ{[ƒ‹,yƒoƒŒ[zƒAƒWƒA—q‘IèŒ @“ú–{‚Íƒ^ƒC‚Éƒtƒ‹ƒZƒbƒg‚Å”s‚ê3ˆÊŒˆ’èí‚Ö,https://news.yahoo.co.jp/articles/21151520f2b9d69ffd2c971dc6bc92adcb6a50d5,2023/9/5(‰Î) 22:58
getsuv,ŒŠ§ƒoƒŒ[ƒ{[ƒ‹,yƒoƒŒ[z‹ÁˆÙ‚Ì9–œl“®ˆõ •Ä‘åŠw—q‚ÌƒvƒˆÓ¯‚Í‚Ç‚±‚©‚çH “ú–{‘ã•\ ‹{•”—•—œ‚ªˆÈ‘O‚É–¾‚©‚µ‚½Œ»À,https://news.yahoo.co.jp/articles/a16f2b3859a59bfc7804851042998dfd8e63675e,2023/9/5(‰Î) 19:44
getsuv,ŒŠ§ƒoƒŒ[ƒ{[ƒ‹,yƒoƒŒ[zŒ³ƒWƒFƒCƒeƒNƒg‚Ì–öàVL•½‚ªƒ^ƒCƒŠ[ƒO‚É’§í,https://news.yahoo.co.jp/articles/c20d0d729f041863e673432ed76c419e8bfcf257,2023/9/5(‰Î) 12:16
getsuv,ŒŠ§ƒoƒŒ[ƒ{[ƒ‹,yƒoƒŒ[zNEC@R“à”üç‚Ìƒ^ƒCƒŠ[ƒO‚Ö‚ÌŠúŒÀ•t‚«ˆÚĞ‚ğ”­•\,https://news.yahoo.co.jp/articles/72d703b772851146283cf2a186c3a8b7547be6b2,2023/9/5(‰Î) 11:40
getsuv,ŒŠ§ƒoƒŒ[ƒ{[ƒ‹,yƒoƒŒ[zƒAƒWƒA—q‘IèŒ @“ú–{‚Í’†‘‚Éƒtƒ‹ƒZƒbƒg‚Å”s‚ê‚é‚à2ŸƒŠ[ƒO2ˆÊ‚Å€ŒˆŸ‚Ö,https://news.yahoo.co.jp/articles/d8643ba90bb4f4d8a3e5cc4f016d5af2a64334d6,2023/9/4(Œ) 17:49
getsuv,ŒŠ§ƒoƒŒ[ƒ{[ƒ‹,yƒoƒŒ[zƒAƒWƒA—q‘IèŒ @“ú–{‚Í2ŸƒŠ[ƒO‰í‚ÅƒJƒUƒtƒXƒ^ƒ“‚ÉƒXƒgƒŒ[ƒgŸ—˜,https://news.yahoo.co.jp/articles/4b1180ccde40b23dc553e220f2e93f5109722624,2023/9/3(“ú) 17:13
getsuv,ŒŠ§ƒoƒŒ[ƒ{[ƒ‹,yƒoƒŒ[zƒAƒWƒA—q‘IèŒ @“ú–{‚Í—\‘IƒŠ[ƒO2˜AŸ‚ÌñˆÊ‚Å2ŸƒŠ[ƒO‚Ö,https://news.yahoo.co.jp/articles/9a196502e9e8935c8e11ad5099f2eea376a1adbc,2023/9/1(‹à) 20:02
getsuv,ŒŠ§ƒoƒŒ[ƒ{[ƒ‹,yƒoƒŒ[z•P˜H@“ú–{‘ã•\‚Ì¬—ÑƒGƒ“ƒWƒFƒŠ[ƒi—D•P‚Æƒ^ƒC‘ã•\‚Ìƒ`ƒƒƒbƒ`ƒ…ƒIƒ“Eƒ‚ƒNƒV[‚Ì‰Á“ü‚ğ”­•\,https://news.yahoo.co.jp/articles/2d6bdb061ceb4aea254d787f4d404444cfe400bc,2023/9/1(‹à) 18:03
getsuv,ŒŠ§ƒoƒŒ[ƒ{[ƒ‹,yƒoƒŒ[z–¼ƒuƒƒbƒJ[‚Ìu•ƒ‚É‚Í•·‚«‚Ã‚ç‚¢iÎjvWD–¼ŒÃ‰®U-14 –kì—S^‚ª–Úw‚·g‹­‚³h‚Æ‚ÍBƒNƒ‰ƒu“ú–{ˆê‚Ö,https://news.yahoo.co.jp/articles/7b12048137f63467d188577742d8d51fff92dbdf,2023/9/1(‹à) 16:13
getsuv,ŒŠ§ƒoƒŒ[ƒ{[ƒ‹,yƒoƒŒ[z—q“ú–{‘ã•\ƒZƒbƒ^[‚Ì¼ˆäìŒÈ‚ªƒuƒ‰ƒWƒ‹ƒŠ[ƒO‚Ö,https://news.yahoo.co.jp/articles/16cde5b705ec537729f071aaed3d605d9a9ec1c3,2023/9/1(‹à) 12:46
getsuv,ŒŠ§ƒoƒŒ[ƒ{[ƒ‹,yƒoƒŒ[zƒAƒWƒA—q‘IèŒ ‚ªŠJ–‹@“ú–{‚Í—\‘Iƒ‰ƒEƒ“ƒh‰í‚ÅƒCƒ‰ƒ“‚ÉƒXƒgƒŒ[ƒgŸ—˜,https://news.yahoo.co.jp/articles/724e1c4e26897c507db8264bcd8403c528ec5a18,2023/8/31(–Ø) 16:10
getsuv,ŒŠ§ƒoƒŒ[ƒ{[ƒ‹,yƒoƒŒ[zƒTƒ“ƒgƒŠ[@’†‘‘ã•\‚Ìƒ†[EƒGƒ“ƒ^ƒC‚Ì“ü’c‚ğ”­•\,https://news.yahoo.co.jp/articles/1c2592dc24c43145ab0fb752a46608c840ef1fb6,2023/8/30(…) 19:24
getsuv,ŒŠ§ƒoƒŒ[ƒ{[ƒ‹,yƒoƒŒ[zƒCƒ“ƒ^[ƒnƒC€—DŸ‚Ì“ŒR’P“Æƒ`[ƒ€‚Ì‹“sA“¯ƒxƒXƒg4‚Ì¸—z‚ª²‚Ì‘åãA˜a‰ÌR‚ª–{í‚Öy“Á•Ê‘‘ÌƒoƒŒ[ƒ{[ƒ‹‹ß‹EƒuƒƒbƒN‘å‰ïi­”N’jqjz,https://news.yahoo.co.jp/articles/5f8ae845b23658570a105d72aa18d2a3914e4447,2023/8/29(‰Î) 17:20
getsuv,ŒŠ§ƒoƒŒ[ƒ{[ƒ‹,yƒoƒŒ[zƒCƒ“ƒ^[ƒnƒC‰í”s‘Ş‚ÉI‚í‚Á‚½‹à—–‰ï’P“Æƒ`[ƒ€‚Ì‘åã‚ªƒŠƒxƒ“ƒW‚ÌØ•„‚ğ‚Â‚©‚Ş@ •ºŒÉŒ§A‹“s•{‚à‘ã•\‚Éy“Á•Ê‘‘ÌƒoƒŒ[ƒ{[ƒ‹‹ß‹EƒuƒƒbƒN‘å‰ïi­”N—qjz,https://news.yahoo.co.jp/articles/3cb99b96d8adcdfaf8f933d9e37b1f2731b01452,2023/8/29(‰Î) 17:00
getsuv,ŒŠ§ƒoƒŒ[ƒ{[ƒ‹,yƒoƒŒ[z‹vŒõ@ƒ}ƒbƒPƒ“ƒW[EƒAƒ_ƒ€ƒX‚Ì‰Á“ü‚ğ”­•\,https://news.yahoo.co.jp/articles/2fcece30db24b77f8d852cf0a88a84bfcb5f5cc6,2023/8/28(Œ) 15:56
getsuv,ŒŠ§ƒoƒŒ[ƒ{[ƒ‹,yƒoƒŒ[zƒAƒWƒA‘IèŒ ‚ğ§‚µ‚½’jq“ú–{‘ã•\‚ª‹A‘@ƒIƒŠƒ“ƒsƒbƒN—\‘I‚Å‚ÌoêŒ Šl“¾‚ğŒ©˜‚¦‚é,https://news.yahoo.co.jp/articles/331b3e1aa31294e6252e7938322516b8e60b1f75,2023/8/28(Œ) 14:59
getsuv,ŒŠ§ƒoƒŒ[ƒ{[ƒ‹,yƒoƒŒ[zU21—q“ú–{‘ã•\@¢ŠEU21‘IèŒ 3ˆÊŒˆ’èí‚Åƒuƒ‰ƒWƒ‹‚É”s‚ê4ˆÊ‚ÅI—¹,https://news.yahoo.co.jp/articles/6a967b6ae31dd177a24bb5b275ca4ec1d379bb83,2023/8/27(“ú) 15:33
getsuv,ŒŠ§ƒoƒŒ[ƒ{[ƒ‹,yƒoƒŒ[z’jq“ú–{‘ã•\@ƒAƒWƒA‘IèŒ ŒˆŸ‚ÅƒCƒ‰ƒ“‚ğ‰º‚µ3‘å‰ï‚Ô‚è‚Ì—DŸ@Îì—SŠóå«‚ªMVP,https://news.yahoo.co.jp/articles/a9b31948b0caafc4ded2a850b775e143798c2997,2023/8/27(“ú) 13:00
getsuv,ŒŠ§ƒoƒŒ[ƒ{[ƒ‹,yƒoƒŒ[z“ú–{’jq¨‚ªu‚È‚©‚È‚©‚Å‚«‚È‚¢v‚Æ˜b‚·AƒCƒ‰ƒ“’jq ƒZƒCƒGƒh‚ÌƒuƒƒbƒN‚Æ‚Í!? ƒAƒWƒA1ˆÊ‚ğŒœ‚¯‚ÄŒƒ“Ë,https://news.yahoo.co.jp/articles/e9a213e90d620d21fa79882fb0d37d5f50e1c717,2023/8/26(“y) 19:07
getsuv,ŒŠ§ƒoƒŒ[ƒ{[ƒ‹,yƒoƒŒ[zU21—q¢ŠE‘IèŒ @“ú–{‚Í€ŒˆŸ‚ÅƒCƒ^ƒŠƒA‚É”s‚ê3ˆÊŒˆ’èí‚Ö,https://news.yahoo.co.jp/articles/47b53738123f9f96afd7546c6445618d0aee905d,2023/8/26(“y) 17:41
getsuv,ŒŠ§ƒoƒŒ[ƒ{[ƒ‹,yƒoƒŒ[z’jq“ú–{‘ã•\@ƒAƒWƒA’jq‘IèŒ €ŒˆŸ‚ÅƒJƒ^[ƒ‹‚ğ‹t“]‚Å‰º‚µŒˆŸio,https://news.yahoo.co.jp/articles/e7ada61ec4650c309411dfa927b216dc32235f4a,2023/8/26(“y) 16:44
getsuv,ŒŠ§ƒoƒŒ[ƒ{[ƒ‹,yƒoƒŒ[zƒCƒ“ƒ^[ƒnƒC—‰¤‚Ì‰º–k‘ò¬“¿’P“Æƒ`[ƒ€‚Ì“Œ‹“s‚ª–{í‚Ö é‹ÊŒ§‚Í’jq‚Æ‚Æ‚à‚ÉØ•„Šl“¾y“Á•Ê‘‘ÌŠÖ“ŒƒuƒƒbƒN‘å‰ïi—qjz,https://news.yahoo.co.jp/articles/d0adb08ca3f8a92dc7de61c4f03b68557e1be229,2023/8/26(“y) 9:17
getsuv,ŒŠ§ƒoƒŒ[ƒ{[ƒ‹,yƒoƒŒ[zƒCƒ“ƒ^[ƒnƒC‰¤Òx‘äŠw‰€‚ª’†S‚Ì“Œ‹Aé‹Ê‚ª‘ã•\Œ Šl“¾y“Á•Ê‘‘ÌŠÖ“ŒƒuƒƒbƒN‘å‰ïi’jqjz,https://news.yahoo.co.jp/articles/9c47cb323c32663882828818607a371db200c3a5,2023/8/26(“y) 8:45
getsuv,ŒŠ§ƒoƒŒ[ƒ{[ƒ‹,yƒoƒŒ[zŒ³NEC‚Ìˆäã‹ÕŠG‚ªƒCƒXƒ‰ƒGƒ‹ƒŠ[ƒO‚Ö,https://news.yahoo.co.jp/articles/93217de0520122c63799d78c89826c03a4532965,2023/8/25(‹à) 16:31
getsuv,ŒŠ§ƒoƒŒ[ƒ{[ƒ‹,yƒoƒŒ[z’jq‚Í‹“s ƒtƒ@ƒ‹ƒRƒ“ƒYA—q‚Í•l‚Ì‹{’†‚ª‘æ14‰ñÃ“ì“¡‘òƒJƒbƒv§‚·,https://news.yahoo.co.jp/articles/6c413fc5015e1b3e3b2944b5e00128fe22852a9d,2023/8/25(‹à) 11:53
getsuv,ŒŠ§ƒoƒŒ[ƒ{[ƒ‹,yƒoƒŒ[z–kŠC“¹ƒCƒGƒ[ƒXƒ^[ƒY@V“ü’c‘Iè‚âVŠÄ“Â‚Æ‚Æ‚à‚ÉVƒ†ƒjƒtƒH[ƒ€‚ğ‚¨”â˜I–Ú,https://news.yahoo.co.jp/articles/eeec65053319cbf5981d4e7cf13f96384b718c47,2023/8/24(–Ø) 18:49
getsuv,ŒŠ§ƒoƒŒ[ƒ{[ƒ‹,yƒoƒŒ[zU21—q¢ŠE‘IèŒ @“ú–{‚ÍƒƒLƒVƒR‚ÉŸ—˜‚µ€ŒˆŸio,https://news.yahoo.co.jp/articles/8f80940fbaa74c824340fc5e411cf1c6b089c82a,2023/8/24(–Ø) 16:04
getsuv,ŒŠ§ƒoƒŒ[ƒ{[ƒ‹,yƒoƒŒ[zƒAƒWƒA’jq‘IèŒ @“ú–{‚Íƒo[ƒŒ[ƒ“‚ÉƒXƒgƒŒ[ƒgŸ—˜‚Å€ŒˆŸio,https://news.yahoo.co.jp/articles/697fcaebfa8871109328a117ca7443b1f7de1556,2023/8/24(–Ø) 15:18
getsuv,ŒŠ§ƒoƒŒ[ƒ{[ƒ‹,yƒoƒŒ[z‹à—–‰ïi‘åãj‚ª4˜A”e@ˆ¤•Q‘S’†—qÅI‡ˆÊ‚Æ‘S‡Œ‹‰Êˆê——yˆ¤•Q‘S’†2023z,https://news.yahoo.co.jp/articles/fc9199b77ded16181615bf42b8479de29de84c15,2023/8/23(…) 21:25
getsuv,ŒŠ§ƒoƒŒ[ƒ{[ƒ‹,yƒoƒŒ[z’†”VŒûiVŠƒj‚ª‰—DŸ@ˆ¤•Q‘S’†’jqÅI‡ˆÊ‚Æ‘S‡Œ‹‰Êˆê——yˆ¤•Q‘S’†2023z,https://news.yahoo.co.jp/articles/50bc441aab7f0d6b383bf599ea69d9b0ea72a435,2023/8/23(…) 21:16
