media_en,title_articles,link_articles,date_original
thankyu,【業務スーパー】希少なのにコスパ最高！マニアが常に冷凍庫にストックしているおすすめ商品とは!?,https://news.yahoo.co.jp/articles/61b77e0f0e80d121e46b5e3b1b60468194baea9c,8/30(水) 17:15
thankyu,トマトは丸ごとが正解！簡単すぎる！旬のおすすめ炊き込みご飯,https://news.yahoo.co.jp/articles/fe5fe035cd92dd1fdbcea7b0c193c4eb035486de,8/30(水) 16:15
thankyu,【コストコ】マニアもびっくり！フードコートにボリューム満点の肉料理が登場?!,https://news.yahoo.co.jp/articles/c38379e27878a1ffe81d46fac98485d56de34ee0,8/30(水) 15:15
thankyu,【ダイソー】550円で買えるなんて！もっと高くても買いたい神アイテム,https://news.yahoo.co.jp/articles/4a25a38da44cba6926334b67c7f2628029186bd1,8/30(水) 14:15
thankyu,【コストコ】アロハ～！ハワイがやってきた!?ハワイの新商品がめっちゃオススメ,https://news.yahoo.co.jp/articles/5da50e890a9122015a7d18fe8fe0636a2be3f458,8/30(水) 13:15
thankyu,40代が着て老け見えしない「キレイ色」ってどんな色？,https://news.yahoo.co.jp/articles/721954273ae48349db60d1cdb2e2e1aaf2ce58f4,8/30(水) 12:15
thankyu,簡単キレイ！ハウスクリーニング士が教える「靴を真っ白＆ピカピカ」に洗う裏技,https://news.yahoo.co.jp/articles/998ce769ed23daec13613c327e885a6620e8890f,8/29(火) 21:52
thankyu,【韓国ドラマ】注目俳優イ・ジェウク初主演ドラマ『ドドソソララソ』元お嬢様ピアニストが田舎町で巻き起こすクラシックラブコメディを韓ドラマニアが徹底解説！,https://news.yahoo.co.jp/articles/9e41e3d1131bebf1b737f99561736963f1e7829b,8/29(火) 21:32
thankyu,貯め達人たちは皆、書いていた！「何のために、いくら貯めたいのか」書くことで目標が明確に,https://news.yahoo.co.jp/articles/c868296af80a4b6750d5518bd061ada50d849d6c,8/29(火) 21:05
thankyu,《ひでこの部屋 ゲスト：君島十和子さん》「こう見られたい」という欲を捨て、ありのままの自分を発信,https://news.yahoo.co.jp/articles/1cfbdbdc5c0281cd426b15abdbf3045013d7b6fc,8/29(火) 20:42
thankyu,2歳息子が出してくる超高難易度の問題。雑学王並みの知識を持った猛者がコメントで回答！,https://news.yahoo.co.jp/articles/1028a72c7f223a3894564fdd393ddf3d4257a4cd,8/29(火) 20:20
thankyu,捨てられない人が「最初に片づけてはいけない場所」3選,https://news.yahoo.co.jp/articles/6b8a2209798bad1b5d6fe5a1b1553efeab8d16ed,8/29(火) 18:15
thankyu,【セリア】とにかく置くだけで映える！110円とは思えないかわいすぎる高見えアイテム,https://news.yahoo.co.jp/articles/5bc0d7b5d14c43acb231dfb0ad4419de6054460b,8/29(火) 17:15
thankyu,【カルディ】手が止まらないおいしさでマニアもリピ買い中！やみつきになる辛旨商品おすすめ7選！,https://news.yahoo.co.jp/articles/8093d0c2195b12ad503745b63b77995ec1159c11,8/29(火) 16:15
thankyu,「やめるだけで」食費が減る？家族がいても毎月の食費が2万円の人たちがやらないこと4選,https://news.yahoo.co.jp/articles/e62ae423d087991e3b19d8d3600e91317b39527a,8/29(火) 15:15
thankyu,買わなきゃ損でしょ！【コストコ】新商品の牛肉パックが希少すぎる！,https://news.yahoo.co.jp/articles/a3ef127a4ce565d4cc1e97d282e2f2b45dcbc50b,8/29(火) 14:15
thankyu,【ダイソー】密かに売れまくっている！「もっと早く知りたかった」超便利アイテム3選,https://news.yahoo.co.jp/articles/832975dc8875cfd6ab346b95c7f52afdb17e8f3d,8/29(火) 13:15
thankyu,【コストコ】親子で楽しめる手作りスイーツ！夏にうれしいトロピカルなプリンに注目,https://news.yahoo.co.jp/articles/5e7a961290158c2805e951a7ed7331c8693f807a,8/29(火) 12:15
thankyu,【3COINS】お家で中華料理屋気分が味わえる♪スリコの新作シリーズは「NEO町中華」！,https://news.yahoo.co.jp/articles/5e584cb5af5d6945a75d95423af3938ad5ee1495,8/28(月) 22:15
thankyu,メイクアップアーティストが教える！40代が絶対手を抜いてはいけない5つのメイクポイント,https://news.yahoo.co.jp/articles/50eafede79fe9c9e62ab19842e5b884dab777879,8/28(月) 21:52
thankyu,忘れずに押すべきボタンがある！夏が終わる前にやっておきたい掃除,https://news.yahoo.co.jp/articles/56f6e9605fcc57ce278f0a1c0cda827a5fc45a7c,8/28(月) 21:32
thankyu,【キャンドゥ】クルーネックバンドを持ってる人は今すぐ買うべき！夏のお出掛けがより快適になる便利グッズ！,https://news.yahoo.co.jp/articles/8dbd33cfc87e56af590971bb50a6e53a216ab20c,8/28(月) 21:15
thankyu,『冷房疲れ』『頭痛』夏の不調を招く自律神経の乱れは、食べて改善しましょう！（乱れ具合チェックリストあります）,https://news.yahoo.co.jp/articles/106678be3be5b4fb399049bfee0e8f5348707354,8/28(月) 21:05
thankyu,年間500件の家事代行をこなす家事のプロが「トイレ」で絶対に見逃さない汚れとは!?,https://news.yahoo.co.jp/articles/3761c9efa5dd8b898ba0f2f7f62d299e2f34023f,8/28(月) 20:20
thankyu,常温で放置はNG！じつは傷みやすい「麦茶」の粗熱を取りかたは？,https://news.yahoo.co.jp/articles/af133850f4ca081ba638ac7b709fa5e15997e4df,8/28(月) 19:15
thankyu,【シンプリスト】失敗しても「迷ったら手放してみる」が正解な理由3つ,https://news.yahoo.co.jp/articles/13ab6f59ca8b25174d51ee7dcfe263786ebf9389,8/28(月) 18:15
thankyu,夏の暑い季節に時短が叶う！家事・掃除の救世主アイテム4選,https://news.yahoo.co.jp/articles/98933ce111d7d458e72b548806ab54ffe635f959,8/28(月) 17:15
thankyu,【カルディ】汁無し麺でシンガポールの「チリクラブ」を手軽に味わえる！＆カニなしで作れるお手軽レシピ,https://news.yahoo.co.jp/articles/cf3ae1187a14f042ae9c12cc373c484487752b02,8/28(月) 16:15
thankyu,高齢の家族の夏の暮らし方、看護師が考える【確認しておきたい3つの視点】,https://news.yahoo.co.jp/articles/51cb60ed1be0c81d7d3c1ee88a7f2543413fac78,8/28(月) 15:15
thankyu,「電子レンジでそうめん」はできるのか？元家政婦が便利グッズをためしてみた！,https://news.yahoo.co.jp/articles/6f7c671f5aba56ad6e728c3830506666429c807d,8/28(月) 14:15
thankyu,【カルディ】自宅で異国の味♪マレーシア風チャーハンが手軽に作れる「八角炒飯ノ素」＆よりおいしく！絶品レシピ,https://news.yahoo.co.jp/articles/a9e6dc4c30fe0298df12846b5a4c972ddaf8b3b3,8/28(月) 13:15
thankyu,とにかく疲労回復したい！夏バテでも食べやすい食材を食育インストラクターが解説,https://news.yahoo.co.jp/articles/3a083fadea003df199284c6af6a1e41b8837d34c,8/28(月) 12:15
thankyu,エアコンを自分で掃除する時にやっていいこと、ダメなこと,https://news.yahoo.co.jp/articles/6aa2141968e037518030f3160163e5cba67dfae9,8/27(日) 21:52
thankyu,早朝から警備に勤しむ2頭の隊員に癒される人が続出！隊員が何を見ているのか聞いてみた,https://news.yahoo.co.jp/articles/4cc7d324c4dc75c235dbb8c13e5a1521ccab2ee2,8/27(日) 21:32
thankyu,猛暑のあとは冬が寒くなるってホント!?気象予報士が解説,https://news.yahoo.co.jp/articles/eb6afa2f0387d1029110982757a59c802f189cfc,8/27(日) 21:15
thankyu,20分でササっと2品『きゅうりとしそのマリネ』『鶏肉と夏野菜のラタトゥイユ風』,https://news.yahoo.co.jp/articles/ba9583bb0f7c6be344309c9ae9071175f6189165,8/27(日) 21:05
thankyu,【パリの暮らし】部屋の狭さは『白で統一』『便利グッズ』でカバー！ブロカントで掘り出しものを見つける楽しさも,https://news.yahoo.co.jp/articles/828dd9db35a9b75d1fa2800013960e09478fd76a,8/27(日) 20:42
thankyu,壮観すぎる寿司！20.6万件以上のいいねを生んだ光景の「その後」を聞いてみた,https://news.yahoo.co.jp/articles/c0e51abe424a22156aaefac2ae763122fbd91acb,8/27(日) 20:20
thankyu,「今の仕事にもう限界！」女性が一生続けられる職業とは？,https://news.yahoo.co.jp/articles/38a87842df1ab7a64169efb69f813b45ee20e395,8/27(日) 20:05
thankyu,【シャトレーゼ】週一で通うマニアがおすすめ！気がついたら冷凍庫から取り出して食べているのに、罪悪感ゼロのアイスとは？,https://news.yahoo.co.jp/articles/a5ed394e030021391831c8dbcf9e25df1a67f81d,8/27(日) 19:15
thankyu,無意識にやっている!?40代のワンピース「おば見えコーデ」を回避する方法,https://news.yahoo.co.jp/articles/5f8e686e9f05b96e98d9045013b06d06a9e65d2a,8/27(日) 18:15
thankyu,【カルディ】おうちカレーとは一味違う！暑い時期にこそ食べたい本格カレー2種,https://news.yahoo.co.jp/articles/a18532436f80a889b7c2935fc3e83dccebbb0ea7,8/27(日) 17:15
thankyu,【ダイソー】美肌のためにも買わなきゃ損!?折り畳めるメイクブラシクリーナーがとっても使いやすくて便利！,https://news.yahoo.co.jp/articles/17a46111dc3020fd3a56b366cd1162bc69e61a91,8/27(日) 16:15
thankyu,【業務スーパー】常備したい！便利で大きい冷凍えびのおいしい戻し方と活用法を紹介！,https://news.yahoo.co.jp/articles/ed8d104bcc41feb27ac7d600722baed1e8474bcd,8/27(日) 15:15
thankyu,ドレッシングが3本以上ある人は要注意！お金が貯まらない人の共通点3つ,https://news.yahoo.co.jp/articles/72210cc68d887e93a522d8c0c26986d02f151e84,8/27(日) 14:15
thankyu,【カルディ】パスタ好き必見！198円で買える新商品「トラパネーゼペースト」が登場！,https://news.yahoo.co.jp/articles/346a0156a6c47f0533f0005353db6cfd348ed7e4,8/27(日) 13:15
thankyu,見つけたら買って！ダイソー550円以上でも値段以上に活躍するキッチンの神アイテム,https://news.yahoo.co.jp/articles/49f5cc62e7ff5d88ffe7be6fd76673b97e49e7ab,8/27(日) 12:15
thankyu,じつは捨てても大丈夫！複数持ちが当たり前と思いきや、1つに減らしても困らなかったもの5選,https://news.yahoo.co.jp/articles/a887dd09978a0786dca1d13ab4b6bc3a5e3df7bd,8/26(土) 21:52
thankyu,夏の終わりこそが「ゴキブリ対策」を行う最重要タイミング！,https://news.yahoo.co.jp/articles/7bd35aaa69a68d9c9c2bbfa7b4bdaf0d3100b37a,8/26(土) 21:32
thankyu,業務スーパーで買うなら絶対おすすめ！マニアが選ぶビールに合うおつまみ3選,https://news.yahoo.co.jp/articles/8deb9afb180d1142760fa68dda8fe96894f74e51,8/26(土) 21:15
thankyu,「1日1分時短できれば年6時間」「日用品は3カ月に1度まとめ買い」元海上保安官ママの知恵と工夫,https://news.yahoo.co.jp/articles/b5158f6fbb1ed23c62ef3223f51002c2d79e398b,8/26(土) 21:05
thankyu,材料3つ！フライパンでチャチャッと作れる「豚こまとトマトの10分カレー」,https://news.yahoo.co.jp/articles/cf7d739f557caf448ac74d376cb91cd4956ab224,8/26(土) 20:42
thankyu,「孫をもてなしたい」パワーが飽和状態！祖父母の大量ご飯が、笑えて泣けると9万超の「いいね」が集まる,https://news.yahoo.co.jp/articles/1f1ac769efbb27700a7e4e8b12e9302ca55125d4,8/26(土) 20:20
thankyu,【夏の「ママ友トラブル」事件簿】仲良しママ友からの「預かり」がきっかけでとんでもない災いに巻き込まれて,https://news.yahoo.co.jp/articles/e88f78d317617d88be531cdb8e617f7a16698bf5,8/26(土) 20:05
thankyu,片づけのプロが実感！40代で片づけてよかったものベスト3,https://news.yahoo.co.jp/articles/52cef68ddce68d04ca2c23a348880e58e74c9a77,8/26(土) 19:15
thankyu,【カルディ】中東の人気調味料「ハリッサ」がポテトチップスに！スパイスと旨みでクセになるおいしさ,https://news.yahoo.co.jp/articles/8986a9d7110bd9ab1b7e0f97cfacbec1916a9c2f,8/26(土) 18:15
thankyu,あと回しにしよう！捨てられない人が「最初に手をつけてはいけないもの」3選,https://news.yahoo.co.jp/articles/682335e060e39dd5dd08c6f63ede332868f05320,8/26(土) 17:15
thankyu,【カルディ】お手軽なのにおいしい！新商品の「ポーションコーヒー」とオススメコーヒー2選,https://news.yahoo.co.jp/articles/fb11cb43d3c5141e528433dad2e7167ae849a529,8/26(土) 16:15
thankyu,40代がそのまま着るのはちょっと待って！要注意アイテムって？,https://news.yahoo.co.jp/articles/1b7b7f3f3b4f40ebce192658bb99d398325ba05f,8/26(土) 15:15
thankyu,【カルディ】氷を入れて飲みたい！おうちカフェおすすめ商品3選,https://news.yahoo.co.jp/articles/bf49aff87be350661c8e216f71e4b90e9e12c17d,8/26(土) 14:15
thankyu,【ダイソー】110円ってすごい！100均マニアが5回以上リピ買いしている超優秀アイテム,https://news.yahoo.co.jp/articles/9743ca967de176ed2233b5c313f17111cd78d588,8/26(土) 13:15
thankyu,【カルディ】すごい！驚き食感の新商品「タンミョン」は韓国で人気の春雨料理！,https://news.yahoo.co.jp/articles/e7b6e28e2f0a7c2de1343317910245f1020a9eef,8/26(土) 12:15
thankyu,片づけのプロが指摘！じつはリビングに置かないほうがいいもの,https://news.yahoo.co.jp/articles/4581c5b3670694120dba38f6ae78c57f83964080,8/25(金) 21:52
thankyu,水道代節約術3選！水道料金の計算方法もお届けします,https://news.yahoo.co.jp/articles/67cfbd54b6df3404202d44c10b60b5dd7a27283c,8/25(金) 21:32
thankyu,人気ヨーグルト15種を忖度なしで徹底調査！ 2位は「白バラクリームヨーグルト」、1位はシンプルな原料だけで勝負した“生”なヨーグルトが獲得,https://news.yahoo.co.jp/articles/626d1a60be18afd0b7274dc7b7b338557b50c4ca,8/25(金) 21:10
thankyu,まさかそのまま捨ててないよね？家事のプロが「捨てちゃダメ！」と話すどこに家にもあるアイテム,https://news.yahoo.co.jp/articles/e9fcbec71dcad762d2ebfeab9658a6d42ac9d626,8/25(金) 20:20
thankyu,【収納の裏ワザ】収納が足りない人必見！目からウロコの「扉裏収納」,https://news.yahoo.co.jp/articles/2b9868176c4b5fa491d8e701bc203577f0e56f89,8/25(金) 17:15
thankyu,今日は夕立があるかも？気象予報士が洗濯物を外に干さない日の共通点,https://news.yahoo.co.jp/articles/6db7d51b1b3ef351365bf5a66cffa75e91542d19,8/25(金) 16:15
thankyu,【旬食材】実はとっても簡単♪桃を料理に取り入れよう！おうちごはんグレードアップ♪簡単レシピ3選,https://news.yahoo.co.jp/articles/c0a11b4dbb3c831429f028d981aa88f1140caa2b,8/25(金) 15:15
thankyu,【成城石井】暑い！火を使いたくない！節電・節ガスにもうれしい夏の絶品「ひんやりメニュー」3選,https://news.yahoo.co.jp/articles/a8ce76995b5f6ca017c7b59ea75f29ebb89a7974,8/25(金) 14:15
thankyu,【お掃除スペシャリスト激推し】ダイソーで買える掃除アイテムベストバイ3選,https://news.yahoo.co.jp/articles/237688317532bf3d4b63898f9ea61c1298f7bcd0,8/25(金) 13:15
thankyu,【カルディ】SNSで話題沸騰中の調味料「マキシマム」があれば簡単♪やみつき主食レシピ3選,https://news.yahoo.co.jp/articles/9e47e20ea13b0e889391abe3362a8c3e4490f60f,8/25(金) 12:15
thankyu,「片づけ名人」が溜めないように注意しているもの4選,https://news.yahoo.co.jp/articles/d06cdfe75eadb199d969de0eb31e82b5392d8a0c,8/24(木) 21:52
thankyu,重大な病気の可能性も!?ケアしているのに「口が臭ってしまう」原因を専門家が解説,https://news.yahoo.co.jp/articles/ee3506246a2e506fb72695fa5588230b193250a0,8/24(木) 21:32
thankyu,マルチタスクでフル回転、夏休み中ママのリアル（＃安心してくださいみんな一緒です）,https://news.yahoo.co.jp/articles/103a59a5d8b337a7785a4be933020f67569e2971,8/24(木) 20:42
thankyu,3COINSで見つけたサステナブルな暮らしに一役かってくれるアイテム,https://news.yahoo.co.jp/articles/940734078d2e73e29b1bdb1c1748aafb9c4faa89,8/24(木) 20:20
thankyu,令和の時代に『姫ちゃんのリボン』がトレンド入り！ SMAPファンからも歓喜の声が寄せられる,https://news.yahoo.co.jp/articles/0e905204ef48198d7e47546f046f712d6fbe4ce3,8/24(木) 18:50
thankyu,【カルディ】おうちカフェタイム充実！飲んでも♪デザートにアレンジしても♪おすすめ濃縮飲料2選＆アレンジレシピ,https://news.yahoo.co.jp/articles/2b83533602e3473ec72c94c201612c044046c181,8/24(木) 18:15
thankyu,旬の「オクラ」スーパーで買うときにおいしいものを見分けるコツとは？,https://news.yahoo.co.jp/articles/86d66234f70d994a0ebfc067a9f8092c1a22177c,8/24(木) 16:15
thankyu,カインズで買ってよかった！「立つほうきロング」をおすすめする3つの理由,https://news.yahoo.co.jp/articles/8b4383d7f63cceb06a4f2656c79ae62deb5e6ecd,8/24(木) 15:15
thankyu,【シャトレーゼ】名前負けしない！Premiumアイス2種類を実食レビュー,https://news.yahoo.co.jp/articles/2d69d74ce596b2d67ff7144f2e83623aa7557550,8/24(木) 14:15
thankyu,女性ホルモンの減少で体と心に変化が！プレ更年期世代の不調を整える飲み物とは,https://news.yahoo.co.jp/articles/6f2eb49f01cf96d6c3e68af57382864392f3d62a,8/24(木) 13:15
thankyu,じつは捨てても大丈夫！「洗い替えが必須」と思っていたけれど減らしても困らなかったもの3選,https://news.yahoo.co.jp/articles/414bfdbf714f817ba2fb12fb5011f4d8f101b103,8/24(木) 12:15
thankyu,フローリングの拭き掃除、理想の頻度はどれくらい？,https://news.yahoo.co.jp/articles/829033064ccc0e278e2c56805a77ab034c68e867,8/23(水) 21:52
thankyu,犬を連れたおじいさんに「見てもらえませんか」と頼まれたのは、かわいすぎる最高の芸だった！,https://news.yahoo.co.jp/articles/2dad5e910169805ade281d2ae2c2e12ae4eb1fcc,8/23(水) 21:32
thankyu,何して遊ぶ？何食べる？ママと３兄弟に土日で『三千円』自由に使ってもらいました！,https://news.yahoo.co.jp/articles/4a5202fecdba091b11eaeba4cc33037f3c3734f5,8/23(水) 21:05
thankyu,１９歳で結婚、２０歳で出産した3人のママで読者モデル林瑛未さん『明日できることは明日やる』,https://news.yahoo.co.jp/articles/af66d72bac5083a81bce8e7c0e626fcc93862052,8/23(水) 20:42
thankyu,たった5分で洋服の黒ずみが取れる！おうちで出来る簡単洗濯術,https://news.yahoo.co.jp/articles/e2d15c8a556f6f304ff7825e1df30056209af8e2,8/23(水) 20:20
thankyu,【カルディ】やみつき！新作まぜそば「ドライミー」とマニアがハマるカップ麺2選,https://news.yahoo.co.jp/articles/ea97b74c99e55933413c58028308bfe82dc18314,8/23(水) 16:15
thankyu,旬の「なす」スーパーで買うときにおいしいものを見分けるコツとは？,https://news.yahoo.co.jp/articles/9221e6279caea9222e82282da869f38b0ccff9f8,8/23(水) 15:15
thankyu,【カルディ】レンジアップでパラパラの香り米！「バスマティライス」で本格エスニック料理を楽しもう,https://news.yahoo.co.jp/articles/db9d073cea5739938c5f5ad5002686e024d2e5af,8/23(水) 14:15
thankyu,【業務スーパー】味もコスパも大満足！マニアもリピ買いする買わなきゃ損！なおすすめ商品,https://news.yahoo.co.jp/articles/f948cd3bee1bc6b7bdde3778ceb2cdd5becda1be,8/23(水) 13:15
thankyu,【カルディ】パパッと副菜が一品できる！夏にうれしい「たたききゅうりの素」は常備必須の調味料！,https://news.yahoo.co.jp/articles/abf85b3d43ef6fc9174d1df90cabfafd8eed849f,8/23(水) 12:15
thankyu,「熟年離婚」を切り出す男性は何を考えている？「離婚を切り出されやすい妻」の特徴を専門家が指摘,https://news.yahoo.co.jp/articles/7a252060883daddbac3237e009f9526409c46348,8/22(火) 21:52
thankyu,「生まれてはじめて通販見る人って、こんな反応なんだ……」テレビの通販番組に夢中の息子にいいね集まる！,https://news.yahoo.co.jp/articles/8e4367063e232db21a32f53479236f30ffe31b35,8/22(火) 21:32
thankyu,まさみさんの『豆腐＆ちくピーの速攻炒め』まさるさんの『どっさり香味野菜の冷ややっこ』,https://news.yahoo.co.jp/articles/4b042e3c9fdd9d502696013b9d78371f1f2e90ca,8/22(火) 21:05
thankyu,「がんは治る時代。よかったね」という言葉に傷つくことも。小児がんの子とママのしんどい現実に寄り添う,https://news.yahoo.co.jp/articles/44003c3b61f37600a5b657fce410ca36af77219c,8/22(火) 20:42
thankyu,プロが解説！気になる生乾きの臭いを簡単に消す洗濯術,https://news.yahoo.co.jp/articles/f788742c2df45dddbb4cc47741e9124ca9770735,8/22(火) 20:20
thankyu,全部知ってる？SNSでも話題になったセリアの超人気優秀グッズ3選,https://news.yahoo.co.jp/articles/34dea456208a4e25fc41211a0603fcbd71da1474,8/22(火) 16:15
thankyu,【カルディ】おいしすぎて一瞬で1瓶消えた！新商品の「さばマヨカレー」,https://news.yahoo.co.jp/articles/c83ac3e5eed9412630446f315aba69ab2869ee8e,8/22(火) 15:15
thankyu,【無印良品】収納アイテムはやっぱり最強！10年愛用している使い勝手抜群のポリプロピレンケース,https://news.yahoo.co.jp/articles/7887d5da893677e06f14994e2930f22db685f93f,8/22(火) 14:15
thankyu,【カルディ】濃厚なのに爽やか！梅とごまの最強タッグなドレッシング登場！,https://news.yahoo.co.jp/articles/b5d37944e4e6ac5d0d39994b464b00ef8483d1fb,8/22(火) 13:15
thankyu,「夕焼けは晴れ」ってことわざはホント？暮らしに役立つ豆知識を気象予報士が解説,https://news.yahoo.co.jp/articles/390464a6894baf367cee2cacf548f43f90d94614,8/22(火) 12:15
thankyu,片づけのプロがキッチン収納を見直したときに「捨てたもの」ベスト3,https://news.yahoo.co.jp/articles/155380bb56f47e9b2c69dd739e140bc27392a80a,8/21(月) 21:52
thankyu,キッチンのラベリングから子どもの勉強道具まで使える!?ありそうでなかったダイソーの便利すぎるシート,https://news.yahoo.co.jp/articles/febcd0d2a7aab6c03e341a69f666f465bb077cce,8/21(月) 21:32
thankyu,キーワードは「いかのおすし」ブザーやアプリも活用して、子どもの防犯対策を,https://news.yahoo.co.jp/articles/b34cfd4a7e03c739e9d4415a69d0bd9e58002685,8/21(月) 20:42
thankyu,捨てちゃダメ！使い古したストッキングは、ちょっとした工夫で優秀な掃除グッズになります,https://news.yahoo.co.jp/articles/f30a92c88df1365d834867b8442b3c438eda2552,8/21(月) 20:20
thankyu,仕事を辞めたい。でも、40歳すぎてから正社員の立場を手放してよいのでしょうか？,https://news.yahoo.co.jp/articles/6fe11c385eab9704544ca738e4ae62132c244861,8/21(月) 19:15
thankyu,【カルディ】暑い！火を使いたくない！そんな時にうれしい簡単調理のおいしい「釜玉うどん」,https://news.yahoo.co.jp/articles/845578e64405b405873e9b2b72afb21bbb82b695,8/21(月) 19:15
thankyu,暑くて寝苦しい夏、安眠するためにするべき3つのことを看護師が解説,https://news.yahoo.co.jp/articles/4f80a759506c9489daa471bf989aba76f99b152b,8/21(月) 18:15
thankyu,【カルディ】食べなきゃ損！139円なのにおいしすぎる～新作スイーツ「パインあいす」,https://news.yahoo.co.jp/articles/5195a14ff345f4f7e4bf2943cd71e3fc5bb70905,8/21(月) 17:15
thankyu,【管理栄養士が解説】「夏なのに太る人」がやりがちな3つの食習慣,https://news.yahoo.co.jp/articles/2e9d1c5d510c5f5fb45e332466481c60a1f51b8e,8/21(月) 16:15
thankyu,【コストコ】特大サイズ「パンチェッタ＆モッツァレラピザ」はあふれ出す旨みにとろけるチーズが絶品！,https://news.yahoo.co.jp/articles/bf2a9a7b3f5172da7199bbb96b4bcc34f435d79a,8/21(月) 15:15
thankyu,カインズで買ってよかった！「スキットエコスタンド」をおすすめする3つの理由,https://news.yahoo.co.jp/articles/d01e6ff5b2b9d0cac705f4ad9f3f63805d3a1881,8/21(月) 14:15
thankyu,【業務スーパー】もちもち食感がたまらない！耳たぶのような形が特徴の「パスタ」がコスパ抜群！,https://news.yahoo.co.jp/articles/5d7b27d2b07f9dd40a743060e362dd34e2df68f9,8/21(月) 13:15
thankyu,無印良品で買ってよかった！「日焼け止めシート」をおすすめする3つの理由,https://news.yahoo.co.jp/articles/37e3012d2fd412452b6b9c341ef3d88c7f583231,8/21(月) 12:15
thankyu,歩いちゃいけない場所がある!?1000万円貯めた人のスーパーでの行動7つ,https://news.yahoo.co.jp/articles/3d13b11d8fc84e3be2ae1b895b99d74179b813f3,8/20(日) 21:52
thankyu,まるで人間みたい！2頭のワイマラナーが眠気を我慢する姿に「健気」「かわいい」の声,https://news.yahoo.co.jp/articles/19b07def84dfa7889894fdab1959b7d2c46ac6d9,8/20(日) 21:32
thankyu,場所を決めたら15分！不要なものをチェック「テレビ台まわり」「キッチンの引き出し」,https://news.yahoo.co.jp/articles/1712b0d7fb35be9f7980b491ddc5cb347a26b347,8/20(日) 21:05
thankyu,「アーモンド」といっしょに食べちゃダメな食材はある？意外と多い栄養素のNG組み合わせ,https://news.yahoo.co.jp/articles/1ad6183ef2dd08805d5815e4cc05379eb680d2bd,8/20(日) 20:20
thankyu,【シャトレーゼ】あんこが満喫できる和菓子!?マニアおすすめ和菓子4選,https://news.yahoo.co.jp/articles/69f5c3fa7131c5b6da5c7069b6c3a571a8a25a28,8/20(日) 19:15
thankyu,整理収納のプロがやってる「うっかり忘れ」がなくなる収納アイデア,https://news.yahoo.co.jp/articles/1f6c0dcce0fc3ff203f992f2bbad6fd49a3fa3c6,8/20(日) 18:15
thankyu,【カルディ】この夏新登場した「唐辛子とパイナップルのソース」はいろんなシーンで大活躍！,https://news.yahoo.co.jp/articles/443ea007cf5cd3f80379ce5037270f66e5ec3d8f,8/20(日) 17:15
thankyu,「超便利！」「買って損なし！」セリアのアイデアキッチン商品が便利すぎて手放せない,https://news.yahoo.co.jp/articles/11ab03d0bc9c89f16a4cfc95263873948ccf6314,8/20(日) 16:15
thankyu,【コストコ】老舗が手がける定番ロングセラー商品「カリカリ梅赤しそ」は常備しておきたいコスパ最高アイテム！,https://news.yahoo.co.jp/articles/a69d3abcaa6dfd958d0804f349cf60e50599654c,8/20(日) 15:15
thankyu,QOLが爆上がりする！ダイソー「ステンレス器」をおすすめする2つの理由,https://news.yahoo.co.jp/articles/de33b34ce628a903cce29f1d05d84bd1fffed966,8/20(日) 14:15
thankyu,いつもの服なのになぜか垢抜けて見える！40代ファッションの裏ワザ,https://news.yahoo.co.jp/articles/7ac02d6d4b1701e5dc2aba295c4418de32a61252,8/20(日) 13:15
thankyu,たった15分の片づけが、人生を変えることもある？？大袈裟じゃない本当のところ,https://news.yahoo.co.jp/articles/67d53df9a6265523089a926479d587fc4c6f70fb,8/20(日) 12:35
thankyu,【ダイソー】外出先でのうっかり……のとき助かる！100均マニアが何度もリピ買いしている超優秀アイテム,https://news.yahoo.co.jp/articles/e8bec6a14e46734a93c309236fb9769bdbb9f20b,8/20(日) 12:15
thankyu,片付けのプロが指摘！「書類の整理」で絶対にやってはいけないこととは!?,https://news.yahoo.co.jp/articles/d62093fd1d49c3ba562eb17f7995314e721d9b0b,8/19(土) 21:52
thankyu,素敵なお姉さんと息子。いくつもの奇跡が重なったミラクルな出会いが素敵すぎると話題,https://news.yahoo.co.jp/articles/a3c2380268219910cbd65ec634f52e357b424107,8/19(土) 21:32
thankyu,1000円以下のアイテムも充実！防犯グッズを活用して『泥棒が寄りつかない家』にしよう,https://news.yahoo.co.jp/articles/98d2bed130c6301b1b1c495d142d1eb90accc9d1,8/19(土) 20:42
thankyu,椅子からずり落ちそうな猫。移動したくない理由がかわいすぎて2.1万件以上のいいね,https://news.yahoo.co.jp/articles/e64a4bbe49bd39b0570ca3a487485bf8f36f190d,8/19(土) 20:20
thankyu,【カルディ】さっぱりのどごしも最高！夏にぴったり「冷やし茶膳」のおいしさにマニアも感動,https://news.yahoo.co.jp/articles/cbd0b3613fe5d2089cde68dec55fffafb511faa9,8/19(土) 19:15
thankyu,やらなきゃもったいない！下ごしらえ不要なゴーヤの絶品おかずを野菜ソムリエが紹介,https://news.yahoo.co.jp/articles/7e1a971fe6a88ea8b7cd8c066680b8e0f16d3365,8/19(土) 18:15
thankyu,【カルディ】本場の味を再現！新商品「香港式叉焼の素」ってどんな味？,https://news.yahoo.co.jp/articles/3ed5f5acf629f17d3718d662ff8caed688237deb,8/19(土) 17:15
thankyu,スッキリは玄関から作れる！「玄関」にあえて置いたら家がスッキリしたものとは？,https://news.yahoo.co.jp/articles/41c7bb693592b80d38455e26695cb6a4444d2a7f,8/19(土) 16:15
thankyu,【カルディ】手軽に本格的な味が楽しめる！こだわりがすごい「新作カップ麺」2品を紹介,https://news.yahoo.co.jp/articles/b6d5fb6835baa1b29355e907d56c53f245ec8199,8/19(土) 15:15
thankyu,やらなきゃもったいない！カリとろっジュワ～なナスの食べ方を野菜ソムリエが紹介,https://news.yahoo.co.jp/articles/c4755a0257b600981e5f69dd02ac4043b50d4597,8/19(土) 14:15
thankyu,たった3つの簡単ルールで年齢より老けて見えるおばさんにならない！40代のファッションテク,https://news.yahoo.co.jp/articles/293845d8cb2ec3bbd370085aebcdd954193fd0e0,8/19(土) 13:15
thankyu,6人の子を持つFP。子どもが全員「大学に行きたい」と言っても大丈夫と言える備えとは？,https://news.yahoo.co.jp/articles/ea202c6c4188652c296829b21ad7f964c0938041,8/19(土) 12:35
thankyu,「買わなきゃ損！」ダイソーの防カビアイテムは有名メーカー製なのに330円,https://news.yahoo.co.jp/articles/947c2de395c6d4bf60c4063c4c62ffc8ad5ef19f,8/19(土) 12:15
thankyu,「買っても着ない服」を買わないための3つのコツ！,https://news.yahoo.co.jp/articles/106781439ea1e2d9578c3c1697e4a310b0fe6591,8/18(金) 21:52
thankyu,絶対に抱っこをしてほしい赤ちゃん。おろそうとするママに抵抗する姿がかわいすぎる,https://news.yahoo.co.jp/articles/623d8d9a221054925b3e06817db545ad97ca12f4,8/18(金) 21:32
thankyu,「買い物が面倒くさい問題」の解決策！つい億劫になる原因と乗り越え方,https://news.yahoo.co.jp/articles/dcbd104d919302f0c97620ac003bc6d15e57b178,8/18(金) 21:32
thankyu,隠れ固定費を発掘！「使っていないカードの年会費」「料金プランを見直していない通信費」,https://news.yahoo.co.jp/articles/0d020ef317c646e9f0b2334ec4717fc5fdab9a49,8/18(金) 21:05
thankyu,SNSでトレンド入りした「無事崩壊」。大人気作品の新発表にファン歓喜でトレンド入りを果たす,https://news.yahoo.co.jp/articles/2ffa3853312d424db8e565e627a13050f59ef95e,8/18(金) 20:25
thankyu,やればやるほど生活の質が落ちてしまう「ダメ節約」って何？【節約のプロが解説】,https://news.yahoo.co.jp/articles/21934bea0b60ebb6c17ae435777d8c09182ab4ab,8/18(金) 20:20
thankyu,カップラーメン醤油ランキングで「日清ラ王」を抜いて1位になったのは!?「しっかり小麦の味を感じる」と超有名店店主も絶賛,https://news.yahoo.co.jp/articles/b1f835c0edc190fb7ea7e3b947d9f53529765c07,8/18(金) 19:25
thankyu,【カルディ】瀬戸内レモンの爽やかさと海老の香りがたまらない絶品パスタソースに注目！,https://news.yahoo.co.jp/articles/b6f76545a4078286efddd29d7eb95651c514b487,8/18(金) 19:15
thankyu,「やめるだけで」食費が減る？家族がいても毎月の食費が2～3万円台の人たちがやらないこと,https://news.yahoo.co.jp/articles/d780d7364cb75488244e289e19697498b552b9ba,8/18(金) 18:15
thankyu,【カルディ】万能すぎてビックリ！新作ご飯のおともはネギ好きのためにつくられたアイテム!?,https://news.yahoo.co.jp/articles/25f9e5b1f257be385b32691ca52c130498bb4798,8/18(金) 17:15
thankyu,"【ダイソー】大ヒット商品「味つけたまごメーカー」に""""きゅうり版”が登場！カンタンに「無限きゅうり」がつくれちゃいます",https://news.yahoo.co.jp/articles/f78e9f017b168a8b602f09a3d0b1c06a0c0cc0e7,8/18(金) 16:15
thankyu,【カルディ】クミン香る！エスニックな朝食を味わえるオススメ調味料って？,https://news.yahoo.co.jp/articles/94299124094b346831e3b1ef0dcc029869015293,8/18(金) 15:15
thankyu,【旬食材】きゅうりを選ぶコツは？曲がっていてもおいしいの？野菜ソムリエが解説！,https://news.yahoo.co.jp/articles/f18290f651d11af409c80869c1976f0d0f8b3c3e,8/18(金) 14:15
thankyu,【シャトレーゼ】夏を満喫できるスイーツ!?マニアおすすめ3選,https://news.yahoo.co.jp/articles/5c84357b0d17ec158bfb6fbf3307e77bedf51c37,8/18(金) 13:15
thankyu,【カルディ】こんなの初めて食べた！お酒のおともにピッタリの変わり種チーズ3選,https://news.yahoo.co.jp/articles/4ff4586fa6bb78f3844f83be94c983a8dc8ad0e9,8/18(金) 12:15
thankyu,「貯まる人」の夕飯はワンパターンで「貯まらない人」は一汁三菜にこだわる!?,https://news.yahoo.co.jp/articles/e79bd495b523127c42bfb373073a91f7566b743b,8/17(木) 21:52
thankyu,整理収納アドバイザーが実践！玄関のキレイを保つためにやらない3つのこと,https://news.yahoo.co.jp/articles/0b67082099297274b220efcbeeadd8648afd9daa,8/17(木) 21:32
thankyu,疲れや老けた印象になってしまう「青クマ」対策で食べるべきものは？,https://news.yahoo.co.jp/articles/f2720615c46c825b0d5fc5ab6d07e7ebc2cad8ae,8/17(木) 21:15
thankyu,「アヒージョ」の作り方とは？簡単に美味しく作るコツやおすすめレシピ13選をご紹介！,https://news.yahoo.co.jp/articles/bbd1321aaff548de4ca5e793a2806d38cfe4fe80,8/17(木) 21:05
thankyu,「マロニエゲート銀座」のお店で徹底取材！どんどん進化するダイソー系列3ブランドの魅力,https://news.yahoo.co.jp/articles/3e4595b88c70960bdb0cf66893df33b0e53acc99,8/17(木) 21:05
thankyu,袋を叩けばすぐにひんやり！ダイソー「瞬間冷却」は文字どおり瞬間的に冷たくなる魔法のようなアイテム,https://news.yahoo.co.jp/articles/464a3215d04f920924c97d52164a17744cedfd85,8/17(木) 20:20
thankyu,【無印良品】オール99円！元店員が愛用するコスパ最強アイテム4つ,https://news.yahoo.co.jp/articles/21de856c928bef4d13ac5d42671251e16292e031,8/17(木) 19:15
thankyu,【カルディ】カルディオリジナル「タッカンマリの素」があれば自宅で手軽に韓国料理を楽しめる！＆簡単♪絶品レシピ,https://news.yahoo.co.jp/articles/8e5bda204d0c5bd6177c174d94bd0f70a03881f1,8/17(木) 18:15
thankyu,そのポジティブワードは逆効果かも!?子どもの「やる気を奪う」肯定的な言い換え術,https://news.yahoo.co.jp/articles/de8dbaf416e938166fa8acfef7bd5faf1e7dd27a,8/17(木) 17:15
thankyu,【3COINS】スポーツキッズママ必見！夏に大活躍のおすすめアイテム,https://news.yahoo.co.jp/articles/be0a919d031d29f6f88facafc0f456a5b9951d2d,8/17(木) 16:15
thankyu,【シンプリスト】日常生活でも役に立つ！帰省荷物を減らすテクニック5選,https://news.yahoo.co.jp/articles/ff2dfff51d1e3b1b10d0ad53f53a56300af04081,8/17(木) 15:15
thankyu,【カルディ】旬のトマトをもっとおいしく！「トマト×カルディ」で新しい味を楽しもう♪おすすめレシピ3選,https://news.yahoo.co.jp/articles/48d9b502164b5c2e3df2c08cff014efbc81e5509,8/17(木) 14:15
thankyu,【予報士解説】梅雨明け後の暑さはなぜ危険？「高気圧」の効果は晴れるだけじゃなかった！,https://news.yahoo.co.jp/articles/e7c6a69896801272ec9cc763bc5596b7ae09193f,8/17(木) 13:15
thankyu,【セリア】セット販売して欲しい！形とサイズがちょうどいい！暑さ対策にピッタリな丸い保冷ポーチが優秀すぎる,https://news.yahoo.co.jp/articles/2dcef325e818bbae1bbde994b831ffd016bc252f,8/17(木) 12:15
thankyu,【プロに聞いた】洗濯機の洗濯槽は、どれくらいの頻度で掃除すればいいの？,https://news.yahoo.co.jp/articles/1f7241e17b9e83aeb78a8acd3596c2b41e95447d,8/16(水) 21:52
thankyu,〈パリのおうち拝見〉「ベランダで朝ごはん」「日中はベッドをソファに」1LDKで心地よく暮らす,https://news.yahoo.co.jp/articles/5029b104edd501d7f378cb3397663c6dbad6911d,8/16(水) 20:42
thankyu,整理収納のプロが無印良品でリピ買い！「フリースケジュール付箋紙」が便利,https://news.yahoo.co.jp/articles/da668b9c76b795803e6c582d5ace8ee752b22bdf,8/16(水) 20:20
thankyu,【ダイソー】これが100円で手に入るとは！目元がぷるぷるになる韓国発祥・目元美容必須アイテム！,https://news.yahoo.co.jp/articles/3f43d93d97c0101c7afbcad8267dd7d4ac46bfa5,8/16(水) 19:15
thankyu,【ダイソー】旅行先でのストレス軽減！ごちゃついた荷物もスッキリできる「荷物収納グッズ」,https://news.yahoo.co.jp/articles/de8755ad90cd06fabbfdf83e5c4d2c3d98300c35,8/16(水) 18:15
thankyu,じゃないほうの使い方が便利すぎ！むしろ、キッチンに置いてほしい文房具,https://news.yahoo.co.jp/articles/4192a3a020656b428d4e715b31cea3eec1d53a43,8/16(水) 17:15
thankyu,旬の枝豆を料理に取り入れよう♪枝豆の食感を生かす！簡単レシピ3選,https://news.yahoo.co.jp/articles/328bbc9ef16ce5c75b5999f8de53e5ab6fbc33a2,8/16(水) 16:15
thankyu,【業務スーパー】食費3万円台のやりくり上手が「冷蔵庫にないと不安になってしまう」ほど愛用している商品3選,https://news.yahoo.co.jp/articles/e1f4849ac935eccb06243ec208656bdb79a6f193,8/16(水) 15:15
thankyu,【カルディ】10年以上通うマニア3人が何度もリピ買いしている本気で激ウマなお菓子って!?,https://news.yahoo.co.jp/articles/f02d3d38dcabd31147300d7eb2553e0b00c86d51,8/16(水) 14:15
thankyu,【子育て世代】身近なお店で買える！「マスカー」のじゃない使い方,https://news.yahoo.co.jp/articles/56e9d07f4024a06d8f936add8402cf5bbc6f8142,8/16(水) 13:15
thankyu,【旬食材】メイン食材トマトだけ！トマトの和え物を和・洋・中で味わおう♪簡単レシピ3選,https://news.yahoo.co.jp/articles/a549cd5a7e6cc50a768c9592bd7de099b7bf1dc6,8/16(水) 12:15
thankyu,最悪死のリスクも！うっかりやりがちな夏の危険家事５つ,https://news.yahoo.co.jp/articles/7e9f6a028e3b8a803327eda5fee1751cc33fd0f0,8/15(火) 21:52
thankyu,2歳娘のノリノリのダンス！かわいいけれど見すごせないその理由とは,https://news.yahoo.co.jp/articles/23f19713e9ce468e3662704d60bab4a477eed529,8/15(火) 21:32
thankyu,あれもこれも食べてみたい！シャトレーゼのお手頃スイーツ＆アイス,https://news.yahoo.co.jp/articles/d56430db8ddcb6c4be02b27e08a5d4be1cd3086d,8/15(火) 21:05
thankyu,【高齢者の防犯】家族の合言葉を決めておこう！60代でも多数被害に,https://news.yahoo.co.jp/articles/5d15af212e4c92ce0de6b6e81c98a98ed24b94ce,8/15(火) 20:42
thankyu,妊娠中のお母さんを気遣う3歳息子の優しさが泣ける！,https://news.yahoo.co.jp/articles/9d80537aa2d86afb471b58af82235a1436d56678,8/15(火) 20:20
thankyu,【旬食材】ほうれん草よりすごい炒めて・ゆでて・生でもおいしい！「空心菜」が主役の1袋使い切り♪簡単レシピ3選,https://news.yahoo.co.jp/articles/6eaf20575e5b965164f25a957a855ce0386d2153,8/15(火) 19:15
thankyu,【シャトレーゼ】本当にヨーグルトだよね…？リッチすぎてスイーツ級の新商品,https://news.yahoo.co.jp/articles/e51f85b7bf348e344c9c44a330ba4913e966dab1,8/15(火) 18:15
thankyu,【ニトリ】めんどくさがりやさんにおすすめしたい！1日1枚台ふきん,https://news.yahoo.co.jp/articles/a03c08aaa38cf3c659b269a1f9a36ccfce8a97f7,8/15(火) 17:15
thankyu,コストコに行くまでに知っておきたい！マニア直伝！コストコで得する方法10選,https://news.yahoo.co.jp/articles/73bfbe77ecf31d2eeff82ed037aa473d7b4e3d95,8/15(火) 16:15
thankyu,「コールスローサラダ」をいろんなレシピで比較検証！小学校低学年の子どもも喜んだイチオシの組み合わせをご紹介！,https://news.yahoo.co.jp/articles/6f89911911d578f920bc72d1d07ef035a3cd87ef,8/15(火) 15:15
thankyu,【冷やし中華】をよりヘルシーに食べる一工夫！麺をゆでるときに加えると、食べ応えがUPする食材とは？,https://news.yahoo.co.jp/articles/b992a10f88eb7065428b14a7da3c73ef9820c7b6,8/15(火) 14:15
thankyu,【旬食材】揚げて・焼いて・蒸して！旬のなすを主食で堪能しよう！なすの主食レシピ3選,https://news.yahoo.co.jp/articles/016222f6eebb5dd00316dab630047044e2fbb721,8/15(火) 13:15
thankyu,いつもの【カレー】に飽きたら試してみて！市販のルーやレトルトにも、ちょい足ししてほしい隠し味食材とは？,https://news.yahoo.co.jp/articles/ffa9c69ec011a9d17ba69bbd428c53034925024d,8/15(火) 12:15
thankyu,エアコンを自分で掃除する時にやっていいこと、ダメなこと,https://news.yahoo.co.jp/articles/cd908d5509cbc215da2854742ecf2915b3c3a6fd,8/14(月) 21:52
thankyu,料理がめんどくさいと感じる人へ｜毎日のご飯作りを簡単にする5つの解決法,https://news.yahoo.co.jp/articles/eea38921518a3206b564e49f8b8dfbd404ac9c5f,8/14(月) 21:32
thankyu,550円でも絶対買い！ダイソーで「見せる収納」と「隠す収納」が1アイテムで叶っちゃいます,https://news.yahoo.co.jp/articles/3fcda76a79d9f1306ed24a1a1e183a13c30b189e,8/14(月) 20:20
thankyu,【セリア】かぶせるだけでネコやパンダのイス爆誕！110円なのにかわいすぎる！,https://news.yahoo.co.jp/articles/295b18be9f43026413554c84b57a17c7e57cda6e,8/14(月) 19:15
thankyu,【コストコ】つるっとのどごし最高！「水冷麺」でさっぱり食欲アップ,https://news.yahoo.co.jp/articles/3902bc4719f6dde1097c729dbc91c0cfddffa5b8,8/14(月) 18:15
thankyu,【旬食材】ゴーヤを選ぶコツは？苦さとの関係も野菜ソムリエが解説,https://news.yahoo.co.jp/articles/7ddfc931fe7e660e4f5b4e70c94c700fe5740dd0,8/14(月) 17:15
thankyu,夏コーデでやっちゃダメ！「おば見え確実」なNGファッション3選,https://news.yahoo.co.jp/articles/8f3a9a7bbd1ecac573451195d642ec80eccaca17,8/14(月) 16:15
thankyu,片づけのプロが「これはよい！」と太鼓判を押したダイソーの冷蔵庫収納神グッズ4選,https://news.yahoo.co.jp/articles/0820909e6693839639ad22bd5f61f86930a0e4aa,8/14(月) 15:15
thankyu,【業務スーパー】コスパ抜群「冷凍いちご」でいま話題の「いちごミルクの素」を手作りしよう！,https://news.yahoo.co.jp/articles/138c794d4a3e67713b0b6434e069e4b29a3d01b7,8/14(月) 14:15
thankyu,美容にも使える？「米のとぎ汁」はそのまま捨てないで活用するのがおすすめ,https://news.yahoo.co.jp/articles/3d091d246c1376e19d3f3cc636df149094a286b3,8/14(月) 13:15
thankyu,家まるごと無印良品で暮らす「ムジラー」が 絶賛してやまない品。定番から意外な物まで,https://news.yahoo.co.jp/articles/8eaefb032b03b1b14aaa35905716fded1087027f,8/14(月) 12:35
thankyu,【カルディ】歴10年のマニア絶賛！お店レベルのカレーを楽しめる4つのアイテム,https://news.yahoo.co.jp/articles/3403ae9b34c6c9fa1b46ef808b25dbd55fcec1b8,8/14(月) 12:15
thankyu,片づけ名人が家に溜めないように注意している3つのもの,https://news.yahoo.co.jp/articles/4a1a34eacd8080ad0ea8c637badb44d90c712a49,8/13(日) 21:52
thankyu,娘の担任の保育士さんが語った子どもへの思いが尊すぎて1.8万件のいいね,https://news.yahoo.co.jp/articles/bbedf9aa252f56eb37d664476c874e9d958408fd,8/13(日) 21:32
thankyu,「え？もしかしてわたし臭ってる」気になるのはどこからの体臭！？,https://news.yahoo.co.jp/articles/b4f49255c36f2fddf6ddf5810702c48f70154c8c,8/13(日) 20:20
thankyu,報道で耳にする「激しい雨」ってどんな雨？車の運転は大丈夫？身を守るために知っておきたいポイントを気象予報士が解説,https://news.yahoo.co.jp/articles/1ccd82a604103aaabadb756dd77133b3a3905505,8/13(日) 19:15
thankyu,【カルディ】パワーつけたい！がっつり食べたい！そんなときは「なんでもガーリック」に決まり,https://news.yahoo.co.jp/articles/bc8b6be14800a1c33be27e8178cef7cbc9975afd,8/13(日) 18:15
thankyu,竜巻シーズンに備えて確認したい！竜巻のナゼ・ナニと対処法を気象予報士が解説,https://news.yahoo.co.jp/articles/2cfbf73d65c579ab98fa57bce3b07ede67171abb,8/13(日) 17:15
thankyu,【コストコ】パンコーナーに新作登場！「昭和なしょうが焼きパン」が甘辛くてどこか懐かしくおいしい,https://news.yahoo.co.jp/articles/36f064ad6cc9ebd7066080fde15636733200c51b,8/13(日) 16:15
thankyu,【30℃以下でも注意】熱中症になりやすいのはどんな「暑さ」？気温だけじゃない注目ポイントを気象予報士が解説,https://news.yahoo.co.jp/articles/a8c37b1e31cdc13074adfbe5d51c6edeae68eb6a,8/13(日) 15:15
thankyu,【業務スーパー】おいしくてからだにも優しい116円！マニアがリピ買いするおすすめ商品,https://news.yahoo.co.jp/articles/5b5eb854a92cbcb4ccf727330b393e7f575bca38,8/13(日) 14:15
thankyu,「ゲリラ豪雨」はなぜ起きる？しくみを知って身を守るコツを気象予報士が解説！,https://news.yahoo.co.jp/articles/82ba3cf9aa80e5d5c9589774749d65b430fe4494,8/13(日) 13:15
thankyu,【業務スーパー】本場フランスから直輸入！おしゃれでおいしい本格高級菓子が驚きのコスパ！,https://news.yahoo.co.jp/articles/9b7bca3f86fdac1b8961a97f06fe3c62c3bd1fc6,8/13(日) 12:15
thankyu,キュウリをかったらつくらなきゃ損！定番夏野菜の一番おいしい食べ方って？,https://news.yahoo.co.jp/articles/93fd5c15a732edb9323b8a10c802a99789f07255,8/12(土) 21:52
thankyu,2歳娘がスリッパの片方しか履かない理由が悶絶級のかわいさ,https://news.yahoo.co.jp/articles/5c4b55189e02d1ad0f287ac5b5314a80809beda5,8/12(土) 21:32
thankyu,「情報Ⅰ」って何のこと？2025年度大学入試「共通テスト」で何が変わるの？,https://news.yahoo.co.jp/articles/0a009518b2cab8cb452c43a21c6e4cc634390212,8/12(土) 21:05
thankyu,MEGUMIさん流『手抜きに見えない2分メイク』「中央から薄塗りに」「眉尻部分を先に」,https://news.yahoo.co.jp/articles/5e8b172ec07666e4ec6e6483b82281da32a76d86,8/12(土) 20:42
thankyu,汚れたシンクが！ヤカンが！ピカピカに復活する「重曹ホイップ」掃除術,https://news.yahoo.co.jp/articles/6a4ac0b79bdd78bbfc518791547bed5a706ed7e2,8/12(土) 20:20
thankyu,ビタミンC、そのとり方で大丈夫？疲れと美容に効果UPのコツを看護師が解説,https://news.yahoo.co.jp/articles/26dc6fd363b63b4eb221d3d6ded66c86de41d353,8/12(土) 19:15
thankyu,【セリア】「これはさすがに110円じゃないだろう……」と思ったけどやっぱり110円！高見えでかわいすぎる神グッズ,https://news.yahoo.co.jp/articles/1d8758aee69fdd7b1cb636759fe5ff8c34838ab7,8/12(土) 18:15
thankyu,【ワークマン】紫外線を95%シャットアウト！「買ってよかった」UVカットパンツのおすすめポイントは？,https://news.yahoo.co.jp/articles/e736b03ef3f1b827249a29e1a98aa7eb81afc660,8/12(土) 17:15
thankyu,洗剤不要、数十秒の掃除でイライラ解消!?いますぐ取り入れてほしい3つの「家事の工夫」,https://news.yahoo.co.jp/articles/de697958dc6a878abde9bebaef8137130fe4eae9,8/12(土) 16:15
thankyu,じつは見られています！「あ、この家、汚いかも」とバレてしまう意外なポイント,https://news.yahoo.co.jp/articles/8f03dc0ff8acc0fd246b9a6ce3f5d5a6649f25b3,8/12(土) 15:15
thankyu,【カルディ】本格インドカレーが「入れて混ぜるだけ」で手作りできちゃうキットが優秀！,https://news.yahoo.co.jp/articles/5ce88ad79f35d2db5bbfd7161bc27c8868b14144,8/12(土) 14:15
thankyu,冷蔵より常温より、冷凍保存が超便利！冷凍ストックしておきたい食材3選,https://news.yahoo.co.jp/articles/a81f659c8bb03b224b0e66f00b7495684572e68d,8/12(土) 13:15
thankyu,冷蔵庫の調味料とポン酢は相性ばっちり！「ポン酢×調味料」を使った料理アイデア3選,https://news.yahoo.co.jp/articles/bc829831915ba4f3a035846e935480d32972b94e,8/12(土) 12:15
thankyu,食パンは冷蔵庫に入れないで！食パンを美味しいまま冷凍保存＆ふわふわ解凍テク,https://news.yahoo.co.jp/articles/d3934cffd709fe70e80ddbdecc1342b3c6aeb4e0,8/11(金) 21:52
thankyu,「シワシワになったミニトマトは捨てないで！」たった10秒でプリプリになるテクを試してみた,https://news.yahoo.co.jp/articles/57b26ebb0f9424813b372439c4105e11e588c0d9,8/11(金) 21:32
thankyu,「バギーパンツ」「最強セットアップ」GUの高見え服BEST5,https://news.yahoo.co.jp/articles/c00501f4fc7540a8db3be3c533a2f18b06d8d098,8/11(金) 21:05
thankyu,15分ですっきり！「洗面所まわり」「冷蔵庫の中」不要なものはないかチェックしてみよう,https://news.yahoo.co.jp/articles/4447fe9150e7c0053bd5bcf375dbd231543d0061,8/11(金) 20:42
thankyu,【セリア】詰め替え作業とおさらば！「片手プッシュ」できる浮かせる収納グッズが優秀すぎ,https://news.yahoo.co.jp/articles/03e017791ccd6c3e2689b1ba37e01047d22bf6ad,8/11(金) 20:20
thankyu,【ダイソー】買わなきゃ損！大きな「お得！」表示は本当だった！,https://news.yahoo.co.jp/articles/b860f78821124f92837899502415e7e511114f9e,8/11(金) 19:15
thankyu,ダイエッター厳禁！【コストコ】あけたら最後！手が止まらない激ウマお菓子5選！,https://news.yahoo.co.jp/articles/a808a650c04464eacbde77eb03831a64f5d69142,8/11(金) 18:15
thankyu,【業務スーパー】栄養たっぷり！「フルーツグラノーラ」はマニアもリピ買いする抜群のおいしさ！,https://news.yahoo.co.jp/articles/ae3d404d0db7965d1c56227a9c81f446c8bce0d0,8/11(金) 18:15
thankyu,やらなきゃもったいない！旬のトマトの一番おいしい食べ方！,https://news.yahoo.co.jp/articles/b21a2285bca66f96966c79a2d7e1bb219a5c6818,8/11(金) 17:15
thankyu,冷蔵より常温より冷凍保存が超便利！冷凍ストックしておきたい食材3選,https://news.yahoo.co.jp/articles/e120bab36032db53dfe832de36c724d51debf852,8/11(金) 15:15
thankyu,【業務スーパー】ファン待望入荷「リューリューメイ」ってなに？3種類を詳しく紹介,https://news.yahoo.co.jp/articles/8385391cd66536c479b9141623815bb7a3468761,8/11(金) 14:15
thankyu,節約にならない!?じつは買いだめしてはいけないもの4選,https://news.yahoo.co.jp/articles/7bfc843edf4d96b98e2e1bc737aa0187acbca552,8/11(金) 13:15
thankyu,【カルディ】間違いなし！人気アウトドアスパイスから爽やかレモン味登場！,https://news.yahoo.co.jp/articles/c016eda7e8ec57be7fdb9bd7028e3e30cea91422,8/11(金) 12:15
thankyu,ハウスクリーニングのプロに聞いた！「臭う家」がサボりがちな掃除ってなに？,https://news.yahoo.co.jp/articles/bd6d415b419689b7ac16e49bbf5a94870edd4cb9,8/10(木) 21:52
thankyu,食材の買い方を変えたら7kg痩せた！ 節約のプロが体験した「節約とダイエット」の関係,https://news.yahoo.co.jp/articles/c0b184012faec887d40ab0e27d6de839042be48f,8/10(木) 21:32
thankyu,具沢山のピザ、アレンジ無限の肉だんご『使い倒せる！ドンキの得する冷食6選』,https://news.yahoo.co.jp/articles/eba3d978632745db48e2874933de5c3a7620b84e,8/10(木) 21:05
thankyu,「若狭塗のお箸」「熊野筆のブラシ」Standard Productsのコスパ名品8,https://news.yahoo.co.jp/articles/8d5a4303257d2af206d987ba364586d64b151d6e,8/10(木) 20:42
thankyu,年間500件の家事代行をこなす家事のプロが指摘！「キッチン」はヌメリが出たら危険信号,https://news.yahoo.co.jp/articles/d9add8b90ba4416d584c92792b76b743b2127baa,8/10(木) 20:20
thankyu,【カルディ】食欲がない日もスルスル入る！夏に食べたい新商品「麻辣カレーまぜそば」,https://news.yahoo.co.jp/articles/285f76893ebffe2a3ba5632eab8245afefce5637,8/10(木) 18:15
thankyu,普通に食べるだけではもったいない！もっと「そうめん」を楽しもう！そうめんのアレンジレシピ3選,https://news.yahoo.co.jp/articles/8c225a49d6966bc82ad363f00355219242c0a9fe,8/10(木) 17:15
thankyu,【ダイソー】エアコンの「気になる」を防止してくれるアイテム発見！,https://news.yahoo.co.jp/articles/1aea272ca34fdfed76169f24bbfb006fb044c763,8/10(木) 16:15
thankyu,【防災×無印】今すぐ備えて!!無印良品でそろえられる防災食3つ,https://news.yahoo.co.jp/articles/972eb9108f615e3f60d0c82cbc9a9e863f4dc822,8/10(木) 15:15
thankyu,家族全員が愛用！リニューアルして再販された無印良品の収納ケース,https://news.yahoo.co.jp/articles/c148f03035e5f8eae468537b8f33fcd733b030b0,8/10(木) 14:15
thankyu,【カルディ】スイーツマニアが絶賛！新商品の「ピーチウイスキーゼリー」は大人のための贅沢スイーツ,https://news.yahoo.co.jp/articles/ee1e95e83fb087a28ddf6b5dd18092b83dce6619,8/10(木) 13:15
thankyu,「白いとうもろこし」黄色との味のちがいとおすすめの食べ方3選,https://news.yahoo.co.jp/articles/a7d474f32fa40ba8e0e81cb8c8125025308effec,8/10(木) 12:15
thankyu,むしろないほうが快適!?じつは「捨てても大丈夫なもの」5選,https://news.yahoo.co.jp/articles/76a4741111624affafbbba0be9ee170b4d6856d6,8/9(水) 21:52
thankyu,祖母がお風呂に入るときに言った言葉の本当の意味が母になって分かった！,https://news.yahoo.co.jp/articles/dfce6c94438fa072fd23321ec09ed227f1afc9a3,8/9(水) 21:32
thankyu,"「週1のスチーマー」「美腸ティー」MEGUMIさんの『毎日の""""習慣""""』で体の中からキレイになる",https://news.yahoo.co.jp/articles/2c6ecedc0878d8d3d2357c0f860c5221743841da,8/9(水) 21:05
thankyu,お金をかけずに暮らしを楽しむ！〈東京→長野〉〈東京→山形〉移住で変化した価値観,https://news.yahoo.co.jp/articles/a43c641b41020de618b3d6ba58eefc14560c5336,8/9(水) 20:42
thankyu,掃除のプロが教える簡単掃除！換気扇のフィルター汚れは家にある洗剤でスルっと落ちる！,https://news.yahoo.co.jp/articles/eec5622b952030d1cde39ed631f96bcedf35f352,8/9(水) 20:20
thankyu,【カルディ】「食べるナッツソース」の「アジアンホット味」がおいしすぎる！＆簡単アレンジレシピ3選,https://news.yahoo.co.jp/articles/d97c319a89d9e647a584e95b96362ae5a732f0f4,8/9(水) 19:15
thankyu,【旬食材】ふつうに食べるだけじゃもったいない！枝豆を料理に取り入れよう♪簡単レシピ3選,https://news.yahoo.co.jp/articles/48828798c3442e348f5ad28ddbee0f8ccad423eb,8/9(水) 18:15
thankyu,【旬食材】美肌を目指して！ピーマンより「パプリカ」！とても簡単につくれる♪副菜レシピ3選,https://news.yahoo.co.jp/articles/3e4d545cd10885affd2c392892668ffc7520b8c3,8/9(水) 17:15
thankyu,【カルディ】もう食べた？SNSで話題の「瀬戸内レモンバター」＆簡単アレンジレシピ3選,https://news.yahoo.co.jp/articles/a24312904c0260c652631ada110b86981c548788,8/9(水) 16:15
thankyu,【業務スーパー】節約に！ダイエットに！業スーのはるさめを取り入れよう！簡単レシピ3選,https://news.yahoo.co.jp/articles/8529e7d1224878571238c9cf4694ded4c5a43d5f,8/9(水) 15:15
thankyu,【洗面掃除】使い終わったフェイスパックはすぐに捨てないで！ズボラでも続く洗面掃除術,https://news.yahoo.co.jp/articles/3f8e4b4d49e0579917e3e17f526f5e57f33d663f,8/9(水) 14:15
thankyu,【予報士解説】市街地の集中豪雨に備えよう！「一番低い場所」を知っていますか？,https://news.yahoo.co.jp/articles/aabba918ba0088a48174181ce284f42877bb65e6,8/9(水) 13:15
thankyu,【カルディ】新商品「八角、クミン香るスパイスあえ麺」にハマる！おいしく食べれる簡単レシピ,https://news.yahoo.co.jp/articles/c0f12d29bc246c0fd3d81bf37e8829219791e101,8/9(水) 12:15
thankyu,片付けのプロが指摘！「玄関」に置いてはいけないもの3選,https://news.yahoo.co.jp/articles/fb8a58443b7b5128d9c1bee60d6213a387246ffd,8/8(火) 21:52
thankyu,パパを起こしてあげた2歳息子。「プロフェッショナル」と爆笑の嵐！,https://news.yahoo.co.jp/articles/45a461bd1855088a3733a88b21ea97b83effbbf2,8/8(火) 21:32
thankyu,コスパ最強服を手に入れよう！ワークマンの『高見え服』BEST5,https://news.yahoo.co.jp/articles/9feb6b800218f82ec546adcf6c24abbf8186bc8c,8/8(火) 21:05
thankyu,まさみさんの『みょうがとアボカドの塩やっこ丼』まさるさんの『豆腐と納豆のスタミナ丼』,https://news.yahoo.co.jp/articles/ffa531dbc9c80525aab02e47f72f9883330ea75f,8/8(火) 20:42
thankyu,掃除のプロが教える簡単掃除！夏のベタベタ床がサラサラに！洗剤を使わなくても汚れがスルっと落ちる,https://news.yahoo.co.jp/articles/289c97aa8ec27f8d160452da372403766328ce7f,8/8(火) 20:20
thankyu,2023上半期！【コストコ】買ってよかった新商品ベスト5！年間1000商品以上試すマニアが厳選！見つけたら買い！,https://news.yahoo.co.jp/articles/60d9ff8ea2a9274633b4da73d1bd324f94e4050b,8/8(火) 19:15
thankyu,【カルディ】辛い物好き集合！「麻辣カレーまぜ蕎麦」が夏にぴったり♪＆少ない材料でおいしく作れる簡単レシピ,https://news.yahoo.co.jp/articles/3b27848952f000000ef572a10949b903dff1827c,8/8(火) 18:15
thankyu,【カルディ】「ロイヤルミルクティー」でおうちカフェタイム爆上がり！＆簡単アレンジレシピ3選,https://news.yahoo.co.jp/articles/daebcd2ee2eb0cf667437e3b321dde8db5c47d72,8/8(火) 17:15
thankyu,【業スー】105円の使い勝手抜群の調味料「牛肉だしの素」でつくる！簡単レシピ3選,https://news.yahoo.co.jp/articles/62b78e83b9d6cc1bd722a5868eddbf387797a1ac,8/8(火) 16:15
thankyu,ずっと欲しくてお店に行くたびにチェックしていた商品,https://news.yahoo.co.jp/articles/453efb49133dd29c1e0f367f08571bc4a4a107c2,8/8(火) 15:15
thankyu,【カルディ】「シチリアンレモネードベース」が暑い日にぴったりと話題！＆簡単アレンジレシピ2選,https://news.yahoo.co.jp/articles/847b1cd027402b50ae16ea6d0593f42cf06b85ea,8/8(火) 14:15
thankyu,「すき焼きのたれ」があれば味つけ簡単♪副菜も主菜も！すき焼きのたれでつくる、簡単おかずレシピ3選,https://news.yahoo.co.jp/articles/19e15eccda8b7c593b2bdbbbdd0a143f120ef495,8/8(火) 13:15
thankyu,うなぎのお供…だけじゃない！山椒は夏のお助けスパイス,https://news.yahoo.co.jp/articles/58dc3b1241c71f492f9669b0ebe4227da05c7ebe,8/8(火) 12:15
thankyu,片づけのプロが教える「リビングに置いてはいけないもの」とは？,https://news.yahoo.co.jp/articles/27a546fa0172b79a5b4f3df57dd28b5057312123,8/7(月) 21:52
thankyu,キッチンの食器棚がごちゃごちゃになってしまう人がやりがちな3つのNG収納を整理収納アドバイザーが解説,https://news.yahoo.co.jp/articles/381129f846174d7f8427982f074307a9b14afa88,8/7(月) 21:32
thankyu,〈神奈川→香川〉月収半減でも、故郷へ移住してわかった「本当に必要なこと」,https://news.yahoo.co.jp/articles/27326e46a109a474b2f379db9d4c8a65dcb68687,8/7(月) 20:42
thankyu,アサガオを育てている幼稚園の長男。水といっしょにかける「あるもの」とは!?やさしい姿に癒やされる,https://news.yahoo.co.jp/articles/afb0a6f86f37e33496f2b0b296059578f318573b,8/7(月) 20:20
thankyu,やらなきゃもったいない！旬のオクラの一番おいしい食べ方！,https://news.yahoo.co.jp/articles/d0cef0246c1db0483392cacad43015bbdd790208,8/7(月) 17:15
thankyu,【コストコ】やわらかく伸びて使い勝手抜群！電子レンジ対応の新ラップが話題沸騰中,https://news.yahoo.co.jp/articles/ae95faf4863649f5f282da88db63ec0d300c2c03,8/7(月) 16:15
thankyu,【セリア】110円でイイんですか!?高見えで可愛過ぎる神グッズ,https://news.yahoo.co.jp/articles/dcebabc5229e10fc698890adde4834ec1ca1d89f,8/7(月) 15:15
thankyu,【業務スーパー】10年以上通うマニア激推し！おつまみはもう作りたくないと思うほどハイクオリティな「おつまみkitchen」って,https://news.yahoo.co.jp/articles/55329a41246af76ed7f1701b514b5f22457ef035,8/7(月) 14:15
thankyu,お風呂掃除をできるだけラクにするためにやっているテクニック,https://news.yahoo.co.jp/articles/c5667bdd4fac8131fa2f9d00e274a860622c616f,8/7(月) 13:15
thankyu,【カルディ】本格アジア麺のおいしさを自宅で再現できる！本格麺とかけるだけのスープに注目！,https://news.yahoo.co.jp/articles/7244dcd5e738bdf28302571f8f7b36a995639b3a,8/7(月) 12:15
thankyu,家事のプロが教える「キッチン掃除のNG習慣」ワースト3,https://news.yahoo.co.jp/articles/87105fe278ae746bdca6724bd62adf19985e6f88,8/6(日) 21:52
thankyu,小3息子が書いた運動会の案内状。大人びたあいさつに続くママ・パパへのねぎらいに2万件のいいね,https://news.yahoo.co.jp/articles/d5caa1193729c41972b4ed56a24472c2ac441d6c,8/6(日) 21:32
thankyu,藤本美貴さん「迷わず捨てる」を続けるうち、物の選び方も変わってきた,https://news.yahoo.co.jp/articles/9954399bf63a9407136900b30b655fdb1fb8faf2,8/6(日) 21:05
thankyu,マニアが厳選！キッチン、そうじ、美容に欠かせないニトリ・カインズ・マツキヨのコスパ名品,https://news.yahoo.co.jp/articles/935e0b814d31eb1bca965926ae0c460207f6eae9,8/6(日) 20:42
thankyu,じゃがいもは光に当てちゃダメ！食中毒のリスクが高くなる意外な行動3選,https://news.yahoo.co.jp/articles/e50b780625791821da72c1313b887db495d24b38,8/6(日) 20:20
thankyu,どうしても掃除に手が回らない！「とりあえずココだけキレイにすればOK」な場所ってどこ？,https://news.yahoo.co.jp/articles/fab83bd64f657071c3fa4532dbf61c2208fbc5c4,8/6(日) 16:15
thankyu,【カルディ】ご飯が進みすぎて困っちゃう～！大人のピリ辛ご飯のお供2選,https://news.yahoo.co.jp/articles/8bee58ee9c674a526892e2406143cd7d3fdf8ded,8/6(日) 15:15
thankyu,【ダイソー】気になる前に買わなきゃ損！嫌な臭いは「防臭刑事」にお任せ！,https://news.yahoo.co.jp/articles/58166fffe9ecf620a37b77499cf25db4393dafeb,8/6(日) 14:15
thankyu,【コストコ】子どももよろこぶ夏の人気商品3選！マニアで5児ママがゴリ押しするアイテムとは？,https://news.yahoo.co.jp/articles/ed22b98e6a80a99eafac263b19a2139496d84d1c,8/6(日) 13:15
thankyu,在宅でもきちんと稼いで子どもを6人育てたい。考えて選んだ資格とは？,https://news.yahoo.co.jp/articles/90edfdb32b40b6548e03cb0f1d61c3f4f30d0f69,8/6(日) 12:35
thankyu,付け替え用もあってコスパ高すぎ！ダイソーの「カビとりスプレー」は買わなきゃ損！,https://news.yahoo.co.jp/articles/e1892371fc74a6dad90a506fa6462a5ebffd4ada,8/6(日) 12:15
thankyu,舞台『ワールドトリガー The Stage』のグッズにファン騒然！「本当にスコーピオン！」「絶対欲しい」と話題に,https://news.yahoo.co.jp/articles/a175d1eb7c0bf12b086ea33fea388c1482f18d23,8/6(日) 11:30
thankyu,プロが簡単解決！面倒な「魚焼きグリル」の掃除方法はコレが正解,https://news.yahoo.co.jp/articles/6a0cfdc4145540f68c4c83f0080d5ef551aa8fbc,8/5(土) 21:52
thankyu,超簡単なのにトロットロ！八百屋歴10年の野菜のプロ考案、電子レンジで3分加熱するだけの「とろウマなす」レシピが話題,https://news.yahoo.co.jp/articles/057d741a188a34dfc7c849d12378e6244b1492db,8/5(土) 21:32
thankyu,嬉しいもの、意外なものが沢山あります！公共サービス活用で、住民税の元をちゃっかり取っちゃう,https://news.yahoo.co.jp/articles/13fa3bfccd610402d371ce77e8f5687268d89ce7,8/5(土) 21:05
thankyu,「無理に合わせる必要はなし！」「老後どう暮らしたいか」子どもが独立したあとの、夫婦関係とお金のこと,https://news.yahoo.co.jp/articles/96d287c3db279e1f1e785b05cec23927fa1fd6c9,8/5(土) 20:42
thankyu,「玄関」が汚くなり始めるときのサインを年間500件の家事代行をこなす家事のプロが解説,https://news.yahoo.co.jp/articles/5621a9f95939616a34fe650b14e11d3362e2de0a,8/5(土) 20:20
thankyu,【業務スーパー】かけるだけ！自宅で本格ベトナム風の味わいが楽しめる旨辛調味料に注目！,https://news.yahoo.co.jp/articles/0b97026b91992fd461fc08324356100c397b42ff,8/5(土) 16:15
thankyu,もう失敗しない！野菜のレンジ蒸しを上手に仕上げるひと工夫,https://news.yahoo.co.jp/articles/792e48791fd92523679af18e7d75efbbb20be25a,8/5(土) 15:15
thankyu,覚えておきたい！旬の「桃」の上手な保存方法,https://news.yahoo.co.jp/articles/29ff50cb778a5759ff87465c549bca7e935f684c,8/5(土) 14:15
thankyu,【ポン酢大量消費】冬に買ったポン酢が冷蔵庫に残ってない？お鍋だけじゃない！ポン酢で味が決まる♪大葉たっぷりの冷しゃぶサラダ,https://news.yahoo.co.jp/articles/e68923ebf6d4e578dbb79f3bc43154862f543f13,8/5(土) 13:15
thankyu,「あふれた物を片付けろ」と散らかる家にいら立つ夫は、実は嫉妬している!?,https://news.yahoo.co.jp/articles/6324bc144c5da2d490452d782729df01cb4b21d9,8/5(土) 12:35
thankyu,避難指示が出たらどうする？「避難する＝避難所へ行く」ではない！防災士解説,https://news.yahoo.co.jp/articles/9585b2c2963bf9b6965eda866c1d6e2b94afffd3,8/5(土) 12:15
thankyu,岡田准一さんのひと言がファンを悩殺「それ、一番欲しいセリフ！」「岡田信長最高！」と歓喜の声相次ぐ,https://news.yahoo.co.jp/articles/8478d7d5f542b9a85e9b8c8a7a387ced45d17749,8/5(土) 11:30
thankyu,人気の「チョコパン」ランキング、2位はヤマザキ「ホワイトデニッシュショコラ」 1位はパン職人の巨匠も唸らせた絶品フランス,https://news.yahoo.co.jp/articles/8bf7b76882f56275ea982a34ad991d64e4aeaec7,8/4(金) 22:25
thankyu,【片付け】どこから始める？家全体を片付けたい人が初めにするべき3つのこと,https://news.yahoo.co.jp/articles/3f3e4121542c5baa7b0007d8424cb99f6becf158,8/4(金) 21:52
thankyu,買い物の仕方をちょっと変えるだけでOK！ 値上げラッシュに負けない食費節約,https://news.yahoo.co.jp/articles/3fc936c79c3f7a450361c8f49e32b703f04d167c,8/4(金) 21:32
thankyu,ドンキPB「情熱価格」約40品の中からBEST15を大発表！ご飯のお供、おつまみ、調味料までぜ～んぶ試食！,https://news.yahoo.co.jp/articles/78ff03d5c81abc255b41bc1dca21f4ddf9d4c21b,8/4(金) 21:05
thankyu,安い買い物ではないけれど、実は日常使い派が増えている！防災アドバイザーに聞く『ポータブル電源』,https://news.yahoo.co.jp/articles/c67cb2b509cb01ceb203578eaefe11e9e6fd4edb,8/4(金) 20:42
thankyu,何を見たの？おやつタイムを楽しんでいたはずの猫、突然の豹変ぶりに13.2万件以上のいいね,https://news.yahoo.co.jp/articles/945375bdba3bec233b80c27775e2915475a7c731,8/4(金) 20:20
thankyu,【業務スーパー】美味しくてコスパ抜群！買わなきゃ損なおすすめ商品,https://news.yahoo.co.jp/articles/dfa79d8b1de52d7f1407183474154303fd134c22,8/4(金) 15:15
thankyu,【カルディ】買って大正解！スイーツマニアも絶賛の新商品「ずんだバター」,https://news.yahoo.co.jp/articles/dbe2eaf42eda0674d007bf3ae3228b44f8342f9c,8/4(金) 14:15
thankyu,【セリア】110円でイイんですか!?高見えで可愛過ぎる神グッズ,https://news.yahoo.co.jp/articles/64bac2893f723f767f409d8c137b8088507ed727,8/4(金) 13:15
thankyu,【コストコ】花畑牧場の新鮮なチーズが個包装で使い勝手抜群！おいしい食べ方も紹介,https://news.yahoo.co.jp/articles/239bb47def638e003d428a890e0d5d3a7d009ceb,8/4(金) 12:15
thankyu,美容室に行けなくても大丈夫！「オバ髪」を解消する毎日のひと手間って？,https://news.yahoo.co.jp/articles/750d3d59ffdac233c80450dc95c3ca8ec0c53a5f,8/3(木) 21:52
thankyu,かわいそうでかわいすぎる！前に進みたい8ヶ月娘、ズリバイがうまくいかず「バックします」,https://news.yahoo.co.jp/articles/d73e32cf336c97c40759b82d44963e323dc225ea,8/3(木) 21:32
thankyu,MEGUMIさんの肌を整える毎日のスキンケア『絶対にこすらない！』『週1のクレイパック』,https://news.yahoo.co.jp/articles/cfadba838a8d76ca54092bf01f1bd5fdf49620b1,8/3(木) 21:05
thankyu,コスパ名品の宝庫！料理研究家と消費生活アドバイザーが推す、ドンキPB「情熱価格」はコレだ！,https://news.yahoo.co.jp/articles/21ffdd0a3addacc07301ba4ae124b4ec5619817a,8/3(木) 20:42
thankyu,あなたの夫が、なかなか家に帰ってこない本当の理由,https://news.yahoo.co.jp/articles/81fb89d4ad15e7753ff677da661a5308a3d2908f,8/3(木) 20:20
thankyu,リビングに置くのをやめても、とくに困らなかったもの5選,https://news.yahoo.co.jp/articles/a9f00844de0d27b7551e113697ce7d0a6747f503,8/3(木) 16:15
thankyu,【カルディ】食べだしたら止まらない～！おいしすぎる梅味のスナック3選,https://news.yahoo.co.jp/articles/9329db548d2e9849fe3552c69f9b3d27f36a03ed,8/3(木) 15:15
thankyu,子ども1人！食費2万円台をキープしている人は何を食べてる？,https://news.yahoo.co.jp/articles/26f7b7e12a850a16e64f9130f0c5f8176e734943,8/3(木) 14:15
thankyu,【カルディ】やみつき間違いなし！なちょっと珍しい大人向けスナック3選,https://news.yahoo.co.jp/articles/b348ebeb53b1c40bc74373326007c33e4ec1786b,8/3(木) 13:15
thankyu,がんばらなくても家が片づく!?「ついで片づけ」のアイデア4選,https://news.yahoo.co.jp/articles/293e35d5bb41d6780a7901962310f14487879b97,8/3(木) 12:15
thankyu,夫を不幸にする「3K妻」の恐ろしすぎる実態！あなたも気づかぬうちになっているかも,https://news.yahoo.co.jp/articles/c12951bf7d111214cdcedc389e42c567def8fe11,8/2(水) 21:52
thankyu,【韓国ドラマ】注目俳優イ・ジェウクも出演『恋愛ワードを検索してください～Search WWW～』インターネット業界が舞台！バリキャリ女性3人のラブストーリーを韓ドラマニアが徹底解説！,https://news.yahoo.co.jp/articles/e43c6f68e8c985035c2c521dd8fe3797528fc4ff,8/2(水) 21:32
thankyu,今の時短より長期のタイパ！『日本語教師になる夢』『定年時の貯蓄目標3000万円』,https://news.yahoo.co.jp/articles/805317141dff6f6748e989d995d202cec6e42101,8/2(水) 21:05
thankyu,【夫婦の付き合い方】料理家上田淳子さんの相棒プロジェクトーー『面倒な妻』『厄介な夫』にならないために,https://news.yahoo.co.jp/articles/bfdbd3be01986c15d9dc387902b628dbe30df9d3,8/2(水) 20:42
thankyu,レジャーを楽しむ家庭はお金が貯まる!?「買い物上手」になるための4つの条件を専門家が解説,https://news.yahoo.co.jp/articles/df144d287103f3d11ad4ad4f708207ba966dab4c,8/2(水) 20:20
thankyu,【コストコ】大人気グミ「コーラアップ・ラムネアップ」がコスパ抜群の大容量パックで登場！,https://news.yahoo.co.jp/articles/284e274c9649b201f86958080aeec5980284eaf7,8/2(水) 16:15
thankyu,【セリア】110円でイイんですか!?高見えで可愛過ぎる神グッズ,https://news.yahoo.co.jp/articles/fd1381445b2b8e53cc88cdb49c4b79d82b1144a0,8/2(水) 15:15
thankyu,【カルディ】家飲み好きは絶対にチェック！手が止まらなくなる辛ウマおつまみ3選,https://news.yahoo.co.jp/articles/09ce66e31ab824ca575bf9b68ca06b423ce410c0,8/2(水) 14:15
thankyu,「超便利！」「買って損なし！」ダイソーのアイデアキッチン商品が便利すぎて手放せない,https://news.yahoo.co.jp/articles/b0457d3b41af11aad388e307fc75135807ce435e,8/2(水) 13:15
thankyu,【カルディ】爽やか果汁に濃厚なコク！新商品「瀬戸内レモンバター」はリピ買い必至のおいしさ,https://news.yahoo.co.jp/articles/2fa0b8e9bc976e8c301a1cfed11fbeea21f191a2,8/2(水) 12:15
thankyu,「納豆」を食べすぎるとどうなる？納豆を安心して食べられる量について管理栄養士が解説,https://news.yahoo.co.jp/articles/bc9c975c34b6d0b34c25070543f32c272267120c,8/1(火) 21:52
thankyu,食費節約に失敗する人がやりがちなNGパターン５,https://news.yahoo.co.jp/articles/2278492a4a7ff27aecbca6459b36420a92c14bbe,8/1(火) 21:32
thankyu,マニアに聞いたトップバリュの指名買い！『出すだけおかず』『隠れ名品』,https://news.yahoo.co.jp/articles/6669cfeac27f71435f748f3d31158970d9188864,8/1(火) 21:05
thankyu,省けるところは省いて1500万円貯めました！最小限の手間で最大限貯める,https://news.yahoo.co.jp/articles/eb9af14032fbc07f212fd1431ba654b414ed0eae,8/1(火) 20:42
thankyu,「食材を買うなら業務スーパーが一番！」台湾人に圧倒的な支持を得ている納得の理由,https://news.yahoo.co.jp/articles/a8164f036410022bd9450adf0684d8781a4201a9,8/1(火) 20:20
thankyu,年100万円貯めている人が実践！超シンプルな「やりくりルール」3つ,https://news.yahoo.co.jp/articles/a7ef0ca4bc5f497ecdc6bb6784535b504cc76e99,8/1(火) 16:15
thankyu,【カルディ】絶対買って！お菓子コーナーの大人気商品に新作フレーバー「すいかクリーム」が登場！,https://news.yahoo.co.jp/articles/0e415137f3698558815e37f6e3a0b8d172daa3b7,8/1(火) 15:15
thankyu,【ダイソー】100均マニアが10回以上リピ買いしている超優秀アイテム,https://news.yahoo.co.jp/articles/25ca1ef55a2811594afeee0a9d66994aaf702e14,8/1(火) 14:15
thankyu,【業務スーパー】かわいくってコスパ抜群！マニアも絶賛するおすすめスイーツ,https://news.yahoo.co.jp/articles/0718e714736dce6b815fd5c6f1dd184ff6f48e3b,8/1(火) 13:15
thankyu,やらなきゃもったいない！旬のズッキーニの絶品ステーキ！,https://news.yahoo.co.jp/articles/79e3880555baaa8986b2eea7034c987c467b9c82,8/1(火) 12:15
thankyu,心が折れることなく毎日お弁当を作り続けるためのたった3つのコツ,https://news.yahoo.co.jp/articles/f948b68094252759f0023589cd7ecfebc60c16f2,7/31(月) 22:15
thankyu,より太りやすいのはどっち？「ハンバーグ」vs.「ステーキ」カロリーだけではわからない違い,https://news.yahoo.co.jp/articles/1d5eb699792dd68b3bf69959023cb016a89b5a5d,7/31(月) 21:52
thankyu,猫がヘビ巻き付けて、鳥捕まえてる？度肝を抜かれる光景に20万人が大パニック！「情報量が多すぎる」「時代が違えば神になってた生き物」,https://news.yahoo.co.jp/articles/db578c24651d5653f9556e39af61804258d9f776,7/31(月) 21:32
thankyu,【カルディ】ストックしておくと便利！家飲みが楽しくなる瀬戸内レモンを使った缶詰2つ,https://news.yahoo.co.jp/articles/49557dd455931bb1e56a9a76ce1db61a251db8c5,7/31(月) 21:15
thankyu,『ゴロゴロ豚の麻婆なす』『まるごとなすの肉はさみ照り焼き』コウケンテツさんの究極レシピ,https://news.yahoo.co.jp/articles/9b5329b8654bf49b99381750071bd7bf7d6d2315,7/31(月) 21:05
thankyu,『サンキュ！』で見つけたHappy「自分にもできるかも！」「完璧主義の自分から卒業」,https://news.yahoo.co.jp/articles/c4fb4b0078dcde48f49389b0eab1d9239173e153,7/31(月) 20:42
thankyu,「すいか」を食べすぎるとどうなる？知っておきたいすいかのメリット＆デメリット,https://news.yahoo.co.jp/articles/d764effd9b37d858780fa6ba8d33910a7a6542c0,7/31(月) 20:20
thankyu,無意識にやってない？玄関のキレイを保つならやってはいけない3つのこと,https://news.yahoo.co.jp/articles/32d63e18c0f34710715a31a4e6d3c983d6f960c3,7/31(月) 19:15
