media_en,title_articles,link_articles,date_original
gdo,米下部ツアーの壁に跳ね返されても 大西魁斗と桂川有人は予選会から再挑戦へ,https://news.yahoo.co.jp/articles/a8629ec390f5f3c26aa6b4ffaa73cb5c1e2b8dac,8/30(水) 18:33
gdo,中島啓太、蝉川泰果、平田憲聖がバチバチ同学年対決 “旬”の若手は富士桜にどう挑む？,https://news.yahoo.co.jp/articles/31cf6aafe67ed0d5f99403eac5d50e181f9a374f,8/30(水) 17:44
gdo,最終日90ydのパー3でドラマも？　戸張捷氏が明かす富士桜“ひっくり返し”の狙い,https://news.yahoo.co.jp/articles/542a88dd6e71b04f0c137fac6fea61093171615f,8/30(水) 17:20
gdo,日本ツアー1年目よりも「キツい」　米ツアールーキー西村優菜の日常,https://news.yahoo.co.jp/articles/bb713aaa70c3e2f2e4814bb844faf2d1bdfe52ea,8/30(水) 14:02
gdo,山下美夢有が2週ぶり復帰　ポイントランクのトップ5が集結,https://news.yahoo.co.jp/articles/38ce701fa3276ed55ff3d461dc735ad67324573b,8/30(水) 12:30
gdo,練習場は良かったのにコースでフック連発… 克服法はティ&切り返しイメージ！ 石坂翔子,https://news.yahoo.co.jp/articles/196871f8f2df3598985e6be48da80f44658219af,8/30(水) 11:02
gdo,優勝争い演じた地から日本へ　古江彩佳は「リベンジ」も照準に,https://news.yahoo.co.jp/articles/1d1fa9da0f49bf2b83186ab3761de462e777ad01,8/30(水) 10:32
gdo,渋野日向子は2日目トップスタート／ポートランド予選組み合わせ,https://news.yahoo.co.jp/articles/23a763e4146bd9c7081b1dd818d4db3605dd879b,8/30(水) 10:02
gdo,「ライダーカップ」米国選抜　ファウラー、LIV勢ケプカら選出,https://news.yahoo.co.jp/articles/b210a6f090560fb29dab936b9ec2b76e98a95d2f,8/30(水) 8:55
gdo,日本勢が過去3勝した地へ　畑岡、古江、渋野ら日本勢7人は連戦,https://news.yahoo.co.jp/articles/fd5b09ef82595f9eb2ed1459fb0538bc882c4ba4,8/30(水) 7:39
gdo,日本勢は5人出場 川村昌弘が1カ月ぶりの復帰戦,https://news.yahoo.co.jp/articles/0ab5c1cd7522bea42c19c4d64c9e1b14c33bf494,8/29(火) 17:05
gdo,ゴルファーには魅力的　米国で経験した「サマータイム」の恩恵／小林至博士のゴルフ余聞,https://news.yahoo.co.jp/articles/82fe07f1d6cab21b9b4ade312fea483ed2d8f05c,8/29(火) 15:27
gdo,初の年間王者に輝いたビクトル・ホブランの14本,https://news.yahoo.co.jp/articles/d376ceef789ac861a7ac01406a2bce2118caa59b,8/29(火) 13:46
gdo,19回目の富士桜はアウトとインを“ひっくり返し” 大会2勝の石川遼が兄弟参戦,https://news.yahoo.co.jp/articles/9f20673e775bde507414eaf7c75b44c73cbef5b2,8/29(火) 12:20
gdo,「幸せのために多くは必要ない」　約26億円を獲得した年間王者ホブランの金銭感覚,https://news.yahoo.co.jp/articles/d6555e8c2265f8495a5e648be26e4b64e20ab4ba,8/29(火) 11:12
gdo,年間女王の「マネです（笑）」 菊地絵理香は２ボールブレード投入から急浮上,https://news.yahoo.co.jp/articles/3be663a39cb4541fdafdad6a860c2e65c6b1a0a4,8/29(火) 7:00
gdo,ゴルフ場で気球に乗れた　KBCオーガスタの来場者数は再び“右肩上がり”,https://news.yahoo.co.jp/articles/6e222133f499abcb4c90b4157e28ea4cbc578fbe,8/28(月) 17:30
gdo,悩んで選んだパター　ソン・ヨンハンの7年ぶり優勝のギア,https://news.yahoo.co.jp/articles/b6714b579d755e72028c2bcda2bf8fbbb74d5621,8/28(月) 16:51
gdo,不安な日々も抱えた8年　モン族系アメリカ人一世のメーガン・カンが初V,https://news.yahoo.co.jp/articles/97f0d7f6c8a102d72ca710607d2fc61f8a103b5b,8/28(月) 16:26
gdo,古江彩佳と西村優菜が9月「住友生命レディス東海C」に出場,https://news.yahoo.co.jp/articles/f211ff0503c125e8096feb8d6843cf3494865f51,8/28(月) 15:37
gdo,チャン・キムがコースレコードで2連勝 来季米ツアー昇格へ／米男子下部,https://news.yahoo.co.jp/articles/f08dc63f54544ed4be66f8538beb18f2812207e9,8/28(月) 15:02
gdo,福嶋晃子14位　トリシュ・ジョンソン優勝／全米シニア女子,https://news.yahoo.co.jp/articles/4fbf58c79e78fcdf14a882f13ccb11495389f5a6,8/28(月) 14:17
gdo,米ツアー年間王者ホブランが4位に　松山英樹は36位／男子世界ランク,https://news.yahoo.co.jp/articles/1493086745f5309b1931a13b79964977f16cd88d,8/28(月) 13:47
gdo,畑岡奈紗はドロー弾道に手応え「全部のパー5で伸ばせた」,https://news.yahoo.co.jp/articles/4b9a029fe6e3fb16af15a6ed86f398f97aadb83c,8/28(月) 13:22
gdo,居残り成果のチップイン締め　渋野日向子「一番ショットが良かった」,https://news.yahoo.co.jp/articles/8434fdad3bb720b2085e111d802656659622a9d7,8/28(月) 11:56
gdo,メーガン・カンがツアー初優勝　笹生優花8位、畑岡奈紗13位,https://news.yahoo.co.jp/articles/973f569325972cf9bbc106ba22b36b22a847c195,8/28(月) 11:15
gdo,つま先下がりは「近くに立つ」or「遠くに立つ」どっちが正解？ 横田英治,https://news.yahoo.co.jp/articles/9c4f0009c39d6ad4cf5f59ca5a927bddd84607c9,8/28(月) 11:02
gdo,ホブランが最終戦制し初の年間王者に　5打差で逃げ切る,https://news.yahoo.co.jp/articles/a7abb01a991bc8fb7255f7796f4886d1b782ad61,8/28(月) 8:59
gdo,【速報】笹生優花は首位と6打差で後半へ,https://news.yahoo.co.jp/articles/b47251ac86061377a15e6e0f748bb6258389012b,8/28(月) 8:26
gdo,ツアー最長10ホールのプレーオフ　23歳のエウヘニオ・チャカラが制す,https://news.yahoo.co.jp/articles/a205c994540531f0c77757a99bef7b31c14ebcdf,8/28(月) 7:44
gdo,イングランドのクレメンツが初優勝　久常涼は14位,https://news.yahoo.co.jp/articles/87d342f230c7e101499e6fdf19a50ec258726595,8/28(月) 7:04
gdo,見た目と性能のギャップにびっくり！ 中空構造でやさしく飛ばせる「ミズノプロ 245 アイアン」を試打,https://news.yahoo.co.jp/articles/5a479fd1549f5f16090ec337c42e0bbe259e2611,8/28(月) 7:02
gdo,【速報】渋野日向子は通算5オーバーで終える 最終日「72」,https://news.yahoo.co.jp/articles/f823fda23254e47797af17bd17437e76b368aaeb,8/28(月) 6:20
gdo,「予想以上に速くてビックリ」名手・申ジエはグリーン上で“誤算”,https://news.yahoo.co.jp/articles/b74f7156ac8c072e5512e3aa4f119812e19c9526,8/27(日) 19:18
gdo,マークセンが今季初Vで通算22勝目 飯島宏明とのプレーオフ制す,https://news.yahoo.co.jp/articles/65e7e4ef537262ef4c98b8bc5d31ed3a19a4e650,8/27(日) 19:03
gdo,「逆に来週から燃えている」岩井明愛はプレーオフ3連敗を糧に,https://news.yahoo.co.jp/articles/ab09b539ef64df9bbba8fc246f7b6d0f8cdb154c,8/27(日) 18:51
gdo,兵役に結婚に　ソン・ヨンハンは7年のブランク経て復活V,https://news.yahoo.co.jp/articles/d0f6d27855098fafca5cdb9de6096f14060fffbc,8/27(日) 18:31
gdo,「絶対にやりたくなかった」菊地絵理香が解いた4戦全敗プレーオフの呪縛,https://news.yahoo.co.jp/articles/88fa0f5d34b0294109e71aab9d5d9a4494928215,8/27(日) 18:20
gdo,最終日9449人は男女通じて最多　男子ツアー今季最多の2万675人が来場,https://news.yahoo.co.jp/articles/d06792113dc92963ff82101d62c721dafe13022a,8/27(日) 17:55
gdo,宮里優作は6年ぶりVならず　今季初のトップ10で後半戦に「収穫」,https://news.yahoo.co.jp/articles/e8fd160255020e95f669b1b3d403ac8a924f0bd3,8/27(日) 17:37
gdo,神谷そらと飛ばし屋競演 馬場咲希「ガンガン狙っていけるメンタルに」,https://news.yahoo.co.jp/articles/f184bec49e8a3a0a13382f5ade0a276acbfb27b8,8/27(日) 16:34
gdo,菊地絵理香がPO制して“ご当地V”　申ジエと岩井明愛を破る,https://news.yahoo.co.jp/articles/ef872b4624d639902d48f7ad18b3f5ca4425918e,8/27(日) 15:55
gdo,ソン・ヨンハンがツアー2勝目　永野竜太郎2位　宮里優作3位,https://news.yahoo.co.jp/articles/9033fd9403d037cd9855a51125241f26e428f8f0,8/27(日) 15:20
gdo,「やりたかったけど、しょうがない」上田桃子の首位浮上は“幻”に,https://news.yahoo.co.jp/articles/2c06e932f4c93c473720346f1568e250c97dbc6a,8/27(日) 14:32
gdo,笹生優花は揺るがない　常にチャンスを狙う“攻めの姿勢”,https://news.yahoo.co.jp/articles/2fef4883900cc9a3502a195f5ada7763a079fa7b,8/27(日) 14:10
gdo,最終R中止　第3R終了時点で首位の菊地絵理香、申ジエ、岩井明愛でPO予定,https://news.yahoo.co.jp/articles/089289bf8588bff18ac9e8c01387737424903bdb,8/27(日) 13:03
gdo,「もったいない一日」　渋野日向子パット打ち切れず“74”,https://news.yahoo.co.jp/articles/b75fe70ed97ab1e4d48c1d195b43d9976f8f0981,8/27(日) 12:23
gdo,ニトリレディス最終日は雷雲接近で中断 上田桃子と申ジエが首位,https://news.yahoo.co.jp/articles/bc88cbe2e9cb839b12e5876ab184e99e0d751bea,8/27(日) 12:08
gdo,メーガン・カン首位で最終日へ　笹生優花は6打差4位,https://news.yahoo.co.jp/articles/31fd379fc0c273036e82c01774d4c5b6ad985a6e,8/27(日) 11:27
gdo,アダム・シェンクが2つのキャディバッグで転戦するワケ,https://news.yahoo.co.jp/articles/5f217de8e8a156649dad60a89094db318939a080,8/27(日) 10:05
gdo,ホブラン6打リードで最終日へ　初の年間王者に前進,https://news.yahoo.co.jp/articles/bded85bc32fe2efdad2f602df305ecaf257cd979,8/27(日) 9:22
gdo,ターク・ペティット「62」で単独首位に浮上,https://news.yahoo.co.jp/articles/8569c313c54cb82bafffe198c6031f3ef8d5d0cf,8/27(日) 8:36
gdo,久常涼は5位で最終日へ　初タイトルへ3打差を追う,https://news.yahoo.co.jp/articles/6deee92e27bd79ec3b538dbfa0385f770af08e55,8/27(日) 8:02
gdo,【速報】渋野日向子は3日目「74」　笹生優花はバーディ発進,https://news.yahoo.co.jp/articles/8c5354831bbb23108fa1bdcbf5c9204faccfe987,8/27(日) 6:59
gdo,飛ばしを求めて飛距離ダウン セキ・ユウティンは“失敗”から学んだ,https://news.yahoo.co.jp/articles/ee2513e0eae17bc2c90a4744f68124511e579542,8/26(土) 20:23
gdo,8回目の名門・小樽　菊地絵理香が振り絞る勇気,https://news.yahoo.co.jp/articles/862864df30fa2d768a260fe60e2d21e149f7158f,8/26(土) 19:46
gdo,何だ、あのパター？ 香妻陣一朗が使う“激レア”トゥーロン,https://news.yahoo.co.jp/articles/2b5956d59abf8a825f5a0d4c088dc1edcca3c392,8/26(土) 19:31
gdo,「来ちゃいました」 宮里優作の“大ファン”はその夜、新幹線に飛び乗った,https://news.yahoo.co.jp/articles/b15163a0ccdb8af20852fc62e22270ec38498bca,8/26(土) 19:19
gdo,憧れるのをやめましょう？ 岩井明愛は申ジエと最終日最終組で対決,https://news.yahoo.co.jp/articles/fbad414cf8706fcad294175e160b05a771571811,8/26(土) 19:09
gdo,「1ホールでパーオン2回」に「ファール」…永野竜太郎は若々しく4位浮上,https://news.yahoo.co.jp/articles/3031cc636d3ffdad52521d4bc3cdeb99fe4acb6d,8/26(土) 18:27
gdo,岩井明愛、菊地絵理香、申ジエが首位　1打差に上田桃子ら,https://news.yahoo.co.jp/articles/f5b4515ee0ca707ebda52aee6332c0851de5c4c6,8/26(土) 18:01
gdo,新世代のゴルフの違い　43歳・宮里優作はこう見る,https://news.yahoo.co.jp/articles/a804b7197eb8dd62801325c0cdbba74b1ebd1b87,8/26(土) 17:46
gdo,シニア連勝へ宮本勝昌が単独首位 中嶋常幸8位,https://news.yahoo.co.jp/articles/4434c22972b3f692a962dddb9e9e7eed104f06bc,8/26(土) 17:28
gdo,2カ月ぶり予選落ちの勝みなみ　前半で「通過は無理」と原因究明にシフト,https://news.yahoo.co.jp/articles/e90d200037f90ba0860fe7b6ed56235842a14bbe,8/26(土) 16:23
gdo,宮里優作、小林正則、ソン・ヨンハンが首位タイで最終日へ,https://news.yahoo.co.jp/articles/dfc09234f8b6ebeb620103df88391a2d818d299f,8/26(土) 15:50
gdo,小林匠と坂下一葉が優勝　大阪学院大が男女2冠／日本学生、日本女子学生,https://news.yahoo.co.jp/articles/1a6b00c59e33dd07ee6168a2de42debed888d488,8/26(土) 13:24
gdo,古江彩佳はショット修正で11位浮上　ボギーを打たない“信条”も生きた,https://news.yahoo.co.jp/articles/538e20f109b52ed5a0d4a9a06e7494d8be6292cf,8/26(土) 12:52
gdo,渋野日向子は“圏外”から予選通過　ショットは「気持ちで」フェアウェイへ,https://news.yahoo.co.jp/articles/edd5ab5ce12fe2d73a66e7f0a4fd05068ec43453,8/26(土) 12:20
gdo,笹生優花は2打差3位で週末へ 古江11位 渋野49位で予選通過,https://news.yahoo.co.jp/articles/0242e96ae303694162dc5c51e30d147b6058d512,8/26(土) 11:56
gdo,稲見萌寧が大会3連覇へ首位浮上 上田桃子、吉田優利、脇元華と並ぶ,https://news.yahoo.co.jp/articles/e9d9c71a08e5b4b90303b5590e460b8a7aaef20c,8/26(土) 10:25
gdo,腰に故障を抱えるマキロイ　4度目の年間王者へ「できる限りのことを」,https://news.yahoo.co.jp/articles/37ce527e521fe58ce870d4ed713c3092f5a3ea55,8/26(土) 9:35
gdo,デビッド・プーチが首位　谷原秀人は予選落ち,https://news.yahoo.co.jp/articles/6b79a9544cb0e7db6b475f7fabafbf4e4e2b3bdf,8/26(土) 9:02
gdo,久常涼は3打差5位で週末へ　岩崎、比嘉、星野は予選落ち,https://news.yahoo.co.jp/articles/9bc22f596b50a6a3c359df2f89b1c17915ccf561,8/26(土) 8:02
gdo,ホブランとモリカワが首位並走　マキロイ7位で週末へ,https://news.yahoo.co.jp/articles/5d230d9f7a36894cd4bb349531277f3a1d2f76ea,8/26(土) 7:21
gdo,「数え切れないピンチを乗り越えてきた」比嘉真美子が苦境でつかんだ自信,https://news.yahoo.co.jp/articles/40a7f8aa83a0537c293ded8838854b7a9d508cfa,8/26(土) 6:47
gdo,【速報】渋野日向子「72」でカットライン上　笹生優花はパー発進,https://news.yahoo.co.jp/articles/64e26a18e10aa6b97d3276b70c33f03475951a06,8/26(土) 5:59
gdo,歴代「MP」を勝手に仕分け “NIPPONの至宝”ミズノのアイアンを中古歴史探訪,https://news.yahoo.co.jp/articles/7c99ad381dd6c2654c108070d8b480f55ba51764,8/25(金) 20:04
gdo,31ホール目の一打に凝縮 吉田優利が胸を張る「ペース配分も“技術”」,https://news.yahoo.co.jp/articles/85dc8595cbe1c929f6d57140373206070b96c449,8/25(金) 19:55
gdo,右足を粘って、粘って…河本力はV争い脱落危機からカムバック,https://news.yahoo.co.jp/articles/4748cced6395922fb631a0558a92a8737492b598,8/25(金) 19:39
gdo,4週前に熱中症で棄権 上田桃子は猛暑に「キャディさんが心配」,https://news.yahoo.co.jp/articles/10a9856589dd3da117f17921ab83b9e9db19f32b,8/25(金) 19:22
gdo,鈴木晃祐　同世代の蝉川泰果、中島啓太、平田憲聖への思い,https://news.yahoo.co.jp/articles/85c111dbd5b9b01bb4c06c7a0d97138b124aedec,8/25(金) 19:03
gdo,上田桃子と吉田優利が暫定首位　第2ラウンドは日没サスペンデッド,https://news.yahoo.co.jp/articles/be0edf5aae81c0de634a5a1783e165cbe5f8c468,8/25(金) 18:46
gdo,ソン・ヨンハンが首位で決勝へ　1打差に鈴木晃祐,https://news.yahoo.co.jp/articles/d5d3ebf2c4d2ddc4668e33922c9a1edb5a402943,8/25(金) 18:17
gdo,データ分析が進化？ 「ツアー選手権」でタイトリストのプロトタイプボールがお披露目,https://news.yahoo.co.jp/articles/f7be39f981d2ef8194301830ffbd6340e68eab2b,8/25(金) 16:22
gdo,古江彩佳はショットに乱れ　畑岡奈紗はパー5で流れつくれず,https://news.yahoo.co.jp/articles/a63b17c839985115a6f2719e50a0d92d849b2fa1,8/25(金) 15:40
gdo,「50になるまで死にもの狂い」 ベテラン小林正則へのアドバイス,https://news.yahoo.co.jp/articles/3c6227a3e410b3048f90aeb1b44de003079e69a6,8/25(金) 14:41
gdo,「お互い頑張ろう」 笹生優花はジュニアイベントの誓いを体現,https://news.yahoo.co.jp/articles/4424b9490a6ae0904a79d6e0bb899ee479da1820,8/25(金) 14:20
gdo,石川遼のシャフトが「6S」って！？　スピンの入るドローを求めて,https://news.yahoo.co.jp/articles/da1f63ab0ce4f8eccd7dec6a4e7a517e5a08ee4e,8/25(金) 13:03
gdo,渋野日向子「耐えるしかない」　トップスタートから巻き返し図る,https://news.yahoo.co.jp/articles/68d00fa088d57895b045fc9cbc8338597ba4671c,8/25(金) 12:23
gdo,笹生優花が6アンダー首位発進　渋野日向子71位,https://news.yahoo.co.jp/articles/871af56bf9b152a3bd75a23f96ec30daf5c6b8f9,8/25(金) 11:44
gdo,大出瑞月が初の首位発進 高橋彩華ら1打差2位で第2ラウンドへ,https://news.yahoo.co.jp/articles/2cd467c900f525fea4bf7e1a309c6f1a250ab11a,8/25(金) 11:37
gdo,6人が首位に並ぶ大混戦　谷原秀人は出遅れ,https://news.yahoo.co.jp/articles/8643c493254d814971a2f220c534b135372e0b50,8/25(金) 11:00
gdo,久常涼が2位スタート　岩崎亜久竜は31位,https://news.yahoo.co.jp/articles/96610fb36157d8c658e13e70d39e2eb06ce7dcc3,8/25(金) 9:25
gdo,「遼さんのお父さんから基礎を教わりました」U-25世代スイングセルフ解説／鈴木晃祐,https://news.yahoo.co.jp/articles/f91b3f4761e2fb1a9b6cf4cd8b0d46f5081d9665,8/25(金) 9:04
gdo,ホブランら3人首位発進　シェフラー4位、マキロイ7位,https://news.yahoo.co.jp/articles/90b451e83e83f43a0f135168efaa5d91b582c9e0,8/25(金) 7:37
gdo,「やってる側も、面白い」金谷拓実が賞金王争いに“名乗り”,https://news.yahoo.co.jp/articles/e91abdb2937aa17906c164eb0943b64655dca805,8/25(金) 7:02
gdo,“お母さん”もどうぞゴルフ場へ　男子ツアー会場にベビーラウンジ,https://news.yahoo.co.jp/articles/eb5dc4e1fe0c13378cc5bc9acb04008245f03078,8/25(金) 6:16
gdo,読める？外岩戸晟士　初出場の15歳は次週プロツアーQTに挑戦,https://news.yahoo.co.jp/articles/d4b7ab6289e84b5352698131b7b2d027c9b6fd53,8/24(木) 19:44
gdo,「“怖い”をポジティブに」馬場咲希は6月以来のアンダーパー,https://news.yahoo.co.jp/articles/9e1ae4be6d3c47262db1cd3a6a3403a4f9eddfea,8/24(木) 19:33
gdo,「頑張らない」でパー5通算6アンダー　河本力が連覇へ2イーグル,https://news.yahoo.co.jp/articles/dcbd147b54cbe55aab82558d9ba90123a429719d,8/24(木) 19:22
gdo,鈴木晃祐が首位発進 1打差に金谷拓実ら、河本力2打差,https://news.yahoo.co.jp/articles/7afbdf2c772f002fb5bb7f3660d98de5c199db6d,8/24(木) 18:38
gdo,仙台育英監督の名言を“脳内再生” 大出瑞月の高校野球愛,https://news.yahoo.co.jp/articles/1cffb13b3b85f754839dfb4f2434c3d7c7133d30,8/24(木) 16:41
gdo,初日は悪天候でサスペンデッド　大出瑞月が暫定首位,https://news.yahoo.co.jp/articles/0b168734e9871c82f25cabc7628f94097e5ec557,8/24(木) 16:22
gdo,原英莉花は昨年のV逸リベンジへ「勝つことでしか吹っ切れない」,https://news.yahoo.co.jp/articles/69c207293c9d591aae3f521647e3a622168bffa9,8/24(木) 14:50
gdo,マキロイが「ツアー選手権」を前に“スパイダー”への回帰を決断,https://news.yahoo.co.jp/articles/59f66a461093b2de280741b04e168cb17f854c45,8/24(木) 12:39
gdo,ポイントレース日本勢トップの7位　古江彩佳「最後はパターで決め切れるか」,https://news.yahoo.co.jp/articles/885da27c50ea17a5c26d619f62b21646dd27bf5d,8/24(木) 11:07
gdo,バーディ数233個で1位　畑岡奈紗「とにかく勝つこと」,https://news.yahoo.co.jp/articles/36bed0a31cda79301d9146a3cc93b77e5d4d3624,8/24(木) 10:01
gdo,「相当、頑張らんと」 渋野日向子がにじませる危機感,https://news.yahoo.co.jp/articles/f7cddc8ba7238dbb7e4b49ecac0dc5f0a5d9731f,8/24(木) 9:42
gdo,道産子・小祝さくらもビックリ 歴史的猛暑で名門小樽も様変わり？,https://news.yahoo.co.jp/articles/84b7de388561e1282974a66b132a17c56d3f8723,8/24(木) 6:45
gdo,手嶋多一も！？　マキロイと同じ「スパイダーX」を人知れず投入,https://news.yahoo.co.jp/articles/2b06a330f8ea0841011fd051e5e1cd96bd080cb7,8/24(木) 5:54
gdo,今さら聞けない「大きいとナゼやさしいの？」ドライバーのヘッド体積について教えて,https://news.yahoo.co.jp/articles/ac4d2b594a95e7fbb26e34f6a66805abcbc636b5,8/23(水) 20:03
gdo,桃にステンドグラスに温泉も 櫻井心那は初の所属ホステス大会「ニトリさんに感謝」,https://news.yahoo.co.jp/articles/c95e917e6fcfb99c35eeae4971b12ca642f3aa71,8/23(水) 19:05
gdo,「知らなかったからビックリ」申ジエの年間女王レースが韓国でも報じられたワケ,https://news.yahoo.co.jp/articles/87a739cd2f36bc2143888d65820a2a0cc77be10b,8/23(水) 17:58
gdo,賞金王を獲りたい―― 中島啓太の視線はオーガスタとパリへ,https://news.yahoo.co.jp/articles/92a8c60dd8d23fa425613fdee36b8bfc85d232c2,8/23(水) 17:31
gdo,涙の予選落ちからリスタート 馬場咲希「どんどん挑戦」,https://news.yahoo.co.jp/articles/c9877287ca081bffc0b9b6b63e437d6fc5ce49f5,8/23(水) 16:56
gdo,「ZOZO」出場権争いは残り8試合　石川遼の現在地は,https://news.yahoo.co.jp/articles/741f36271dff6f20bfdc37999748a42e3332cf66,8/23(水) 16:38
gdo,メンタルトレーニング導入　河本力は初優勝大会でもう一度「チャレンジャー」,https://news.yahoo.co.jp/articles/1f54a6f63ea6e340d86ac0ad1f161cca49f03604,8/23(水) 15:46
gdo,女子ジュニア育成イベント 「第4回 宮里藍インビテーショナル」9月開催,https://news.yahoo.co.jp/articles/ba56ec9a2577ab2ac3ab6dc16ecd99281ddef478,8/23(水) 15:12
gdo,「時差ボケがすごい」 タフな日々、ランキングと“戦う”勝みなみ,https://news.yahoo.co.jp/articles/34901e9f8cedf0df1f42f0bbf97fa803c5710330,8/23(水) 14:37
gdo,スピード違反の杉山知靖が謝罪　JGTOは厳重注意,https://news.yahoo.co.jp/articles/2ae65ae944a9ea38f9c3d1a5a7fd8cc138e6fe7d,8/23(水) 13:41
gdo,米国ツアー選手として「TOTO」に　西村優菜が掲げる次の照準,https://news.yahoo.co.jp/articles/fd6fbc6c617b8fbfe793fd522de6dd795dab245b,8/23(水) 12:27
gdo,練習場は良かったのにコースでスライス連発… 原因は打つ前にアリ！？ 石坂翔子,https://news.yahoo.co.jp/articles/fe776950610977b2c347b7b5946e7f6ecebe075d,8/23(水) 11:02
gdo,渋野日向子はメジャー覇者と　畑岡奈紗＆古江彩佳は同組／CP女子オープン初日,https://news.yahoo.co.jp/articles/5edcfb8eb7be717c8b7e1225147f5bea0ef38531,8/23(水) 10:33
gdo,藤田寛之が大会連覇に挑む　プロ野球OBらも大挙参戦,https://news.yahoo.co.jp/articles/49820c135dafb294574f8594fdbdd4ff255578fa,8/23(水) 7:47
gdo,総額7500万ドルのレースが決着　シェフラー、マキロイら今季トップ30集結,https://news.yahoo.co.jp/articles/b8ff71f11e2949a967e328c33a52e603f58eec87,8/22(火) 17:29
gdo,スコットランド初開催のアジアンツアー 谷原秀人がエントリー,https://news.yahoo.co.jp/articles/e2c338e2a2be9384642f87ac41abfa1814e8662d,8/22(火) 16:22
gdo,今年も初優勝者の誕生なるか 日本勢は比嘉、星野ら4人が出場,https://news.yahoo.co.jp/articles/ece2193f3602c28b76b0808e8529f3ac047a195d,8/22(火) 15:23
gdo,「読み」こそ名手の第一歩／シャウフェレのパッティングコーチ　デレク・ウエダを知ってるかい？(3),https://news.yahoo.co.jp/articles/0c13bd6d2ce7fe2e3fb9197818a5241e699d04df,8/22(火) 14:33
gdo,シャウフェレ、モリカワ、ファウラーがZOZOチャンピオンシップに出場,https://news.yahoo.co.jp/articles/5ad877c5a528142519df6ca6c16f9a1b0fd8b036,8/22(火) 13:15
gdo,後半戦ティオフ　前年王者・河本力が賞金トップの中島啓太を迎え撃つ,https://news.yahoo.co.jp/articles/4b08c61ec142d2f49b4c1a13914e200b3dc44681,8/22(火) 12:31
gdo,稲見萌寧は日本人初の3連覇へ 山下美夢有は欠場,https://news.yahoo.co.jp/articles/34bd53a66fc7f59ddf47aa13a68ea0f2b29138d4,8/22(火) 12:12
gdo,“同じ”ウェアと“違う”クラブ 松山英樹がゴルフに注ぎ続ける全力,https://news.yahoo.co.jp/articles/9090f60032ffa40727931c274110f12cda173c73,8/22(火) 11:24
gdo,トラスvsトライビーム 低重心モデルも結局どっちだ！？＜幅広ブレード&マレット編＞,https://news.yahoo.co.jp/articles/520fdcbec4f2b3ade2c1ee3c5af91c49d50ffc77,8/22(火) 11:03
gdo,蛭田みな美は97ランクアップ　畑岡奈紗15位／女子世界ランク,https://news.yahoo.co.jp/articles/241f0982424c521d8cfa8dca12ffa1bf049b4350,8/22(火) 10:16
gdo,カナダのナショナルオープンに畑岡、古江、渋野ら日本勢7人が参戦,https://news.yahoo.co.jp/articles/486fb13f78fcebfec5cfa26ebf214259a2628a05,8/22(火) 8:02
gdo,ザンダー・シャウフェレが山火事のマウイ島へ復興支援プロジェクト,https://news.yahoo.co.jp/articles/b4613b13509670f61ef6609008e3a84addf7ba28,8/22(火) 7:17
gdo,最新3番アイアンを投入　ホブランの優勝ギア,https://news.yahoo.co.jp/articles/cbe7141a97d4eaab89c6e444036a9c26fa0b2b7d,8/22(火) 6:31
gdo,「またメジャーチャンピオンに」　松山英樹の途絶えた記録と、生まれた確信,https://news.yahoo.co.jp/articles/2f742cbdaddc3c93c9fbef22c4d507692ef2a612,8/21(月) 18:03
gdo,ニック・ダンラップが「全米アマ」制覇 ウッズ以来2人目の2冠達成,https://news.yahoo.co.jp/articles/33594edac5a3d34a681ecf34b736708a65d8be12,8/21(月) 17:18
gdo,松山英樹は37位に後退　ホブラン5位／男子世界ランク,https://news.yahoo.co.jp/articles/df1d95df0706fb798650c494bfe728489ce61a8e,8/21(月) 16:50
gdo,フェード重視のクラブ選び　蛭田みな美の初Vギア,https://news.yahoo.co.jp/articles/8be80e92ab2b2c2f11b0767e791f61bcc6963e11,8/21(月) 15:31
gdo,“サーフェス”を知ろう／シャウフェレのパッティングコーチ　デレク・ウエダを知ってるかい？(2),https://news.yahoo.co.jp/articles/a088b8b5c6236100535e4661b7f077164eae26cb,8/21(月) 13:58
gdo,チャン・キムが米下部で初優勝 PGAツアー昇格に前進,https://news.yahoo.co.jp/articles/2d96d1f32c5c0bdb4ff1a4d8e64a004d5d0b4670,8/21(月) 12:29
gdo,勝利“確信”のコース新記録 ホブラン「最高のラウンド」,https://news.yahoo.co.jp/articles/c4f877e5df37ead1df24362c1f41b3dcf6a5278f,8/21(月) 11:47
gdo,「傾斜なりに敢えてフックさせる」つま先上がりプロの常識は？ 横田英治,https://news.yahoo.co.jp/articles/85826ee1c5e974674ab6b8c3454147739ffde633,8/21(月) 11:17
gdo,「勝ってはいけないと思っていた」 父が語る蛭田みな美の初V,https://news.yahoo.co.jp/articles/8a96512a3c2dc559a2f513551f7009e843f370d9,8/21(月) 9:53
gdo,オグルトゥリーが独走で制す　谷原秀人は37位,https://news.yahoo.co.jp/articles/40fe79a8258b91b6d4f0ebc079c8188bb81a41c6,8/21(月) 9:06
gdo,ホブランが「61」で逆転V　2位フィッツパトリックが最終戦進出,https://news.yahoo.co.jp/articles/2e5787ab4e0ca39e8aac959de9667af1461094ab,8/21(月) 8:11
gdo,アレクサ・パノが19歳バースデーに初V,https://news.yahoo.co.jp/articles/f568e1aa6544e67b0122c4ef4bd301c9f8e3e9a7,8/21(月) 7:04
gdo,新機能ギッシリ！ ハーフキャビティの優等生「ミズノプロ 243 アイアン」を試打,https://news.yahoo.co.jp/articles/3753f39c94b07030f8cf592eb2320851f803dad9,8/21(月) 7:02
gdo,ダニエル・ブラウンが5打差逃げ切りで初優勝　星野陸也は39位,https://news.yahoo.co.jp/articles/f9f44607f5f69076ee18c77c8410bce82755df95,8/21(月) 6:27
gdo,西郷真央は今季ベスト2位　惜敗に「やるべきことはできた」,https://news.yahoo.co.jp/articles/04e3e48009fce83b7fb964386125b74deab8812f,8/20(日) 18:31
gdo,「このまま勝てないで終わると…」 蛭田みな美が涙の初V,https://news.yahoo.co.jp/articles/0f322e82c519efe3023860cb7e4b7552e864e6ed,8/20(日) 17:56
gdo,宮本勝昌がシニア9試合目で初優勝 片山晋呉10位,https://news.yahoo.co.jp/articles/14f0b7c3116e67d9c91ff5b76dac92bc429b47e2,8/20(日) 16:26
gdo,福島出身26歳の蛭田みな美が初優勝,https://news.yahoo.co.jp/articles/787961d1f48b5ef811589293f3b27f503f2c5bbe,8/20(日) 15:00
gdo,パット指導の最先端／シャウフェレのパッティングコーチ　デレク・ウエダを知ってるかい？(1),https://news.yahoo.co.jp/articles/ff27844977cc095512a67d7c7cf5764cbad330df,8/20(日) 13:18
gdo,5年ぶりトップ3なし「来年は良いシーズンを」／松山英樹の2022－23年を振り返る,https://news.yahoo.co.jp/articles/a838261bfd15d392b1ab10cc0e5b240592b0dd98,8/20(日) 11:32
gdo,首位はオグルトゥリー　谷原秀人が17位に浮上,https://news.yahoo.co.jp/articles/3a7f8c5939c650e603026e9336016d7b0666dadf,8/20(日) 10:45
gdo,星野陸也は6連続ボギー発進から後退　フィッツパトリックが兄弟Vへ2位,https://news.yahoo.co.jp/articles/3526a57320e8479290a40e80e5f0a3899325a87d,8/20(日) 9:41
gdo,西村優菜は最終ラウンドに進めず　カウリーが欧米ツアー初勝利へ首位,https://news.yahoo.co.jp/articles/33552d4a5a1a272d7b363c29536e721ebc86585e,8/20(日) 8:49
gdo,山下美夢有が体調不良でスタート前に棄権　2打差4位からの最終日,https://news.yahoo.co.jp/articles/dc7f0515b05cab5979416561b34ea7546c414dcc,8/20(日) 8:19
gdo,ポイントランク2位のシェフラーが首位　フィッツパトリックと並び最終日へ,https://news.yahoo.co.jp/articles/b6770b968b42f12c799b31f0be27961de91b6f85,8/20(日) 7:36
gdo,櫻井心那は1打差3位も…「チャンスなんですかね？」,https://news.yahoo.co.jp/articles/c6fb2145c44bab9249db058ee5f5288af4e17558,8/19(土) 19:01
gdo,逆転Vにはバーディ発進が“マスト” 桑木志帆「1番で流れに乗る」,https://news.yahoo.co.jp/articles/a5ba26d06cf918822f7e939799317ed9b9fef3cd,8/19(土) 18:34
gdo,“神の中断”に感謝　蛭田みな美は猫動画に「癒やされた」,https://news.yahoo.co.jp/articles/d21c6cc28351faed48c27da102538133e4b9c9f3,8/19(土) 18:11
gdo,西郷真央と蛭田みな美が首位で最終日へ 1打差に櫻井心那,https://news.yahoo.co.jp/articles/8c5ce4ec37712873eeb59cdf63f72ec58f3be3cd,8/19(土) 16:19
gdo,細川和彦がシニア2勝目に王手　2打差に片山晋呉と宮本勝昌,https://news.yahoo.co.jp/articles/cedee3d95428a22b210379bc041d94d22c030ca2,8/19(土) 16:00
gdo,MLB通算251勝左腕　CC・サバシアのクラブセッティング,https://news.yahoo.co.jp/articles/064f3e22d9ad800a282be39984cc7447f97f4434,8/19(土) 13:01
gdo,谷原秀人と大槻智春がそろって予選通過　LIV勢が上位占める,https://news.yahoo.co.jp/articles/55a3374fcb7f9ad04b5f13daa810eae685e0fa8b,8/19(土) 11:31
gdo,「100％良い人。ずっと感動」 櫻井心那の“渋野日向子”評,https://news.yahoo.co.jp/articles/0466e493ba5b0f6913c9fbefdb914c5f012a2954,8/19(土) 10:32
gdo,星野陸也が9位で決勝ラウンド進出　比嘉一貴は予選落ち,https://news.yahoo.co.jp/articles/6bb2382a09e70cc2064aab21f139d88171abcb71,8/19(土) 8:59
gdo,西村優菜が3戦連続で週末へ　識西諭里、杉原彩花は予選落ち,https://news.yahoo.co.jp/articles/4ddbb800745105ff709b98f8010fc15a4ce77b97,8/19(土) 7:47
gdo,マックス・ホマが今季3勝目へ首位　松山英樹は棄権でシーズン終了,https://news.yahoo.co.jp/articles/dba04b4283d5d881996549b84fcc3dd800fe0b51,8/19(土) 7:02
gdo,練習場で球を打てず　松山英樹はシーズンに幕「原因を作ったのも自分自身」,https://news.yahoo.co.jp/articles/035c9a13310f987aa509cff0ff8954f62893ceba,8/19(土) 6:31
gdo,【速報】松山英樹が背中痛で棄権　10年連続最終戦進出ならず「怖さ持っていた」,https://news.yahoo.co.jp/articles/a2708069fe56029f1f1411eab7a56f72e7bdedf5,8/19(土) 3:13
gdo,SIM2、915F、グローレ、ロッディオ…見つけたら迷わずポチッ！ ギアマニアが選んだ中古フェアウェイウッド,https://news.yahoo.co.jp/articles/d857512be691402a65a0a6982764dbeb537e9397,8/18(金) 20:04
gdo,欧米で学んだ“新しい引き出し”　西郷真央が自己ベスト「63」,https://news.yahoo.co.jp/articles/14979d1ab6fb39721833e1b5cdb05be560385f02,8/18(金) 18:33
gdo,男子は武田紘汰　女子は中村心が初優勝／日本ジュニア,https://news.yahoo.co.jp/articles/f5d2e345e2c1c01bfc11bc65d211ce3500227cbc,8/18(金) 18:10
gdo,山下美夢有は妹と初タッグで5アンダー「頑張ってくれました」,https://news.yahoo.co.jp/articles/3b8f9c44511dd1bb79092c44b153afd81ccd1486,8/18(金) 17:47
gdo,「ゴルフをちゃんと忘れたい」 大里桃子がクラブなし帰省を経て2位発進,https://news.yahoo.co.jp/articles/5267e1873cf3c22c0b4a4ebe39b159d9f0009ffa,8/18(金) 17:18
gdo,安定よりも「優勝を」 平田憲聖は勝利にこだわる,https://news.yahoo.co.jp/articles/b4fa72fbba81c250a9ffc7259c6627006a28e52f,8/18(金) 16:37
gdo,細川和彦が首位発進　深堀圭一郎ら3打差2位　片山晋呉10位,https://news.yahoo.co.jp/articles/2551ed4c90aecca3c27c1d85afa8b8562013c829,8/18(金) 16:15
gdo,ボクらでも使える？  “今回のマッスル”はちょっとやさしいぞ「ミズノプロ 241 アイアン」を試打,https://news.yahoo.co.jp/articles/b91d4ba4342c7cfed2be3b97e9adc0b802667c0a,8/18(金) 16:03
gdo,全英帰りの西郷真央が今季初の首位発進　大里桃子が2打差2位,https://news.yahoo.co.jp/articles/e37bb856d8305c5cfc08d276bf21aa6df2ca9531,8/18(金) 15:29
gdo,笹生優花がジュニアイベント開催 　メジャー制した22歳が伝えたいこと,https://news.yahoo.co.jp/articles/1e84e394496bb1a95c8a21117aa0fe211a5c62d7,8/18(金) 13:02
gdo,また新作ですかい！？「MG4」と「TP Reserve」女子ツアー最前線ルポ,https://news.yahoo.co.jp/articles/1324f2a0833df553a0d093a1bf78d476e96d44b7,8/18(金) 12:16
gdo,木々の隙間からミラクルバーディ　マキロイがFWキープ3回で首位発進,https://news.yahoo.co.jp/articles/4d5b104c9ce1d4c43fad6e95bb84c261aa86bae1,8/18(金) 11:27
gdo,ゴルフ場の当たり前を変えるかもしれない「ゴルファーを迷子にしない」新サービス～サンメンバーズCC,https://news.yahoo.co.jp/articles/f310a45b4af3707990418af91d9f1bc725a40fb9,8/18(金) 11:02
gdo,谷原秀人は40位でスタート　大槻智春71位,https://news.yahoo.co.jp/articles/88b0eca7c93d55b71b61c317a1e07cbc9604da80,8/18(金) 10:35
gdo,松山英樹は9番ダボで流れ急変「良いプレーをどう続けていくか」,https://news.yahoo.co.jp/articles/b0020fdf50db0153c73774664bb5163acc72ad07,8/18(金) 9:35
gdo,松山英樹は6打差30位発進　マキロイとハーマン首位,https://news.yahoo.co.jp/articles/313889bba9f62e31a65127bf724f9930a719538b,8/18(金) 9:15
gdo,星野陸也が23位発進　比嘉一貴43位、岩崎亜久竜は棄権,https://news.yahoo.co.jp/articles/e380fc7b20fa05ee99b2297621d3a9337a4a7892,8/18(金) 8:03
gdo,西村優菜は49位発進　4人が首位に並ぶ混戦の幕開け,https://news.yahoo.co.jp/articles/c99ae73edac99f2448647a21e986e6dfcbaa2908,8/18(金) 7:11
gdo,【速報】松山英樹は1オーバー「71」　中盤ダブルボギーから失速,https://news.yahoo.co.jp/articles/f0f51901f5091637f5458a79a645445b02f03b69,8/18(金) 6:37
gdo,女王に「どこ打ってんねん！」　 山下美夢有が高1妹をキャディに,https://news.yahoo.co.jp/articles/d834106ff610b60de62bab9ac7fe31bc4e135c32,8/17(木) 18:40
gdo,骨までぬくもり「ぶんぶん振る」　勝みなみ箱根で15試合ぶり国内参戦,https://news.yahoo.co.jp/articles/8fba760b82feaa431c3d81b4b8445c09979fd6fe,8/17(木) 18:14
gdo,岩井ツインズが目指す“連覇か連勝”「スケールの大きいゴルフを」,https://news.yahoo.co.jp/articles/68c888b2b23cbfba31963907992fda8314f7bc48,8/17(木) 16:52
gdo,飛距離よりも優先すべきは？　クリス・カークが新アイアンに求めたもの,https://news.yahoo.co.jp/articles/af1dc06b34bf0b701bc3f5a3b5dd6de2eb201963,8/17(木) 15:13
gdo,ブライアン・ハーマンが7年前の市販パターを使い続ける理由,https://news.yahoo.co.jp/articles/06fe27316edc7b96687c5b32049b2dd516aeecc1,8/17(木) 13:12
gdo,スタート前に10回やるだけでも別人に「右ひざ」が前に出なくなるストレッチ,https://news.yahoo.co.jp/articles/0f1cbaa0e042a856ea3c09461f49c9e9fc6a45fe,8/17(木) 11:02
gdo,ハワイの大規模火災に心を痛める選手たち　モリカワはプレー通じて寄付,https://news.yahoo.co.jp/articles/5136e56efd9fd11dfca82f93d15130149258c74d,8/17(木) 9:30
gdo,松山英樹が最終戦に進む確率は？　統計サイトのプレーオフ予想,https://news.yahoo.co.jp/articles/0cd96c5c10237026bc74f16273d4176839c8c675,8/17(木) 7:45
gdo,今さら聞けない「スピン…自分は多い？少ない？」スピン量について教えて,https://news.yahoo.co.jp/articles/100978f64631e31686e8e7dd043aee102189f339,8/16(水) 20:03
gdo,片山晋呉がシニア2戦目　中嶋常幸、藤田寛之、伊澤利光もエントリー,https://news.yahoo.co.jp/articles/195cb5800e190f6f6aceeca6e288f2db11883c52,8/16(水) 17:33
gdo,欧米女子ツアーとの共催競技 比嘉、星野、岩崎が出場,https://news.yahoo.co.jp/articles/b88954ad9769b9506e8ca877656619825add9519,8/16(水) 15:32
gdo,杉浦悠太と欧陽子龍はマッチプレーに進めず／全米アマ2日目,https://news.yahoo.co.jp/articles/3c667e50572b01fb7c3dc61c95efdd93f9a9f4fc,8/16(水) 14:02
gdo,石川遼が「三井住友VISA太平洋マスターズ」の大会アンバサダーに就任,https://news.yahoo.co.jp/articles/7d667fd3599bcecfa1c800292b98dc3f470f8d55,8/16(水) 12:54
gdo,山下美夢有、勝みなみ、岩井ツインズら“全英組”が帰国参戦,https://news.yahoo.co.jp/articles/f5ce78a1f60c63e939af3671d29c9d787695a23c,8/16(水) 12:06
gdo,まだ間に合う！ コンペ直前に一夜漬けでできること 石坂翔子,https://news.yahoo.co.jp/articles/116ce52403a68d401babcbaff4a3964c8b2d1c5a,8/16(水) 11:02
gdo,松山英樹10年連続、ローズ4年ぶり最終戦への最低条件は？,https://news.yahoo.co.jp/articles/921a4ec8405a66eb2c3ab2159aa903c337429c47,8/16(水) 10:27
gdo,松山英樹「優勝くらいの順位じゃないと」　ツアー屈指の難コースで目指す最終戦切符,https://news.yahoo.co.jp/articles/c798338eddd2c6aac8024630a17dce072004902b,8/16(水) 8:59
gdo,悲願に迫った畑岡奈紗 笹生優花と古江彩佳も存在感／2023年メジャー振り返り,https://news.yahoo.co.jp/articles/96779ed76c68d314e2019d1440b3b6fb7a51d06e,8/16(水) 7:17
gdo,欧州男子ツアーが2024年シーズン概要を発表　日欧共催大会は御殿場へ,https://news.yahoo.co.jp/articles/e060af4fcf9e6a53e1eba18c494e347b47243cf9,8/15(火) 19:23
gdo,阿部未悠の練習日は大忙し 最近の「ToDoリスト」とは,https://news.yahoo.co.jp/articles/7aac6d0c4a78e3754ebb7dd831f36a16d8c29a50,8/15(火) 16:41
gdo,インターナショナルシリーズ第5戦　谷原秀人、大槻智春が参戦,https://news.yahoo.co.jp/articles/baf9ab0864c791d24a3e9274442565515ad0ce5b,8/15(火) 15:18
gdo,西村優菜が北アイルランドへ　欧州男女ツアーとの共催大会,https://news.yahoo.co.jp/articles/8cd7e4a162f72a7a2fe5e2974506e6a52b3502d6,8/15(火) 14:12
gdo,トップ50が集うプレーオフ第2戦　松山英樹はランク47位から最終戦を目指す,https://news.yahoo.co.jp/articles/8504c39913ba3f278a08d8a2d1d9296f06a1848b,8/15(火) 13:02
gdo,43歳の活躍に予兆あり　2連勝を飾ったグローバーの優勝ギア,https://news.yahoo.co.jp/articles/f6617d105884ed8588d3f7d75077d22e4f6aaeeb,8/15(火) 11:34
gdo,リリア・ヴが初の世界一に　菅沼菜々は15ランクアップ／女子世界ランク,https://news.yahoo.co.jp/articles/3612baa1cbae5b21e95e7f31247a4891a26b25c3,8/15(火) 8:32
gdo,40歳以上の連勝は15年ぶり　グローバーが2週でポイントランク112位→4位,https://news.yahoo.co.jp/articles/7dc99f4f1755c7b2f1c94a5a9237983c0d693b71,8/15(火) 7:35
gdo,メジャー初Vから“始まった”悪夢 リリア・ヴ「もう勝てないと思った」,https://news.yahoo.co.jp/articles/9be94bc8a1a2974dd54a3b23e98cee4b7ecfa85f,8/15(火) 6:32
gdo,櫻井心那「もっと強くなってやるぞって」 初メジャーで味わった楽しさと厳しさ,https://news.yahoo.co.jp/articles/87123ffe357b7ed69030cee824026463d1fd6360,8/14(月) 18:03
gdo,環境活動家がグリーンで発煙筒　チャーリー・ハル憤慨「なんて馬鹿な連中」,https://news.yahoo.co.jp/articles/1b5bde56369141089ec7f5e89b86a217449e7a67,8/14(月) 17:48
gdo,「悔しいが一番」 山下美夢有はメジャー“リベンジ”に早くも意欲,https://news.yahoo.co.jp/articles/b2cbf88de4a60cc262af97b67718986692c37294,8/14(月) 17:08
gdo,松山英樹は後退34位　中島啓太が日本勢2番手に／男子世界ランク,https://news.yahoo.co.jp/articles/b2b056df37122fdfc7ff5f0498cf3ee9351a3d2b,8/14(月) 16:03
gdo,「夢がかなった」 22歳のスコーフィルが優勝／全米女子アマ,https://news.yahoo.co.jp/articles/899c614d7e809ab5caea1aba4426365423c12ffc,8/14(月) 15:51
gdo,こだわりは33インチのパター 菅沼菜々の初優勝を支えた14本,https://news.yahoo.co.jp/articles/af1c2cf2fd984cdce5fb5d01c548a7d63255df03,8/14(月) 15:18
gdo,メジャー週末の後退も「伸びしろ」 勝みなみ5カ月ぶり国内参戦の楽しみは,https://news.yahoo.co.jp/articles/4d22fc60f3eb48150d4b4019735aaf5f02de8a69,8/14(月) 14:39
gdo,「毎試合、気負って気負って…」西村優菜はもがきながら一歩ずつ前へ,https://news.yahoo.co.jp/articles/71e6fd17b9fccc06a908e0f5d1309da6c7d3203a,8/14(月) 14:03
gdo,メジャーの戦い「褒めたい」 古江彩佳は“乗り継ぎ”帰国→次戦カナダへ,https://news.yahoo.co.jp/articles/73065589e3761e1b508b669fa30b3d2bd0c394ad,8/14(月) 13:09
gdo,申ジエ「全英」3位で年間女王レースのトップに浮上　山下美夢有を逆転,https://news.yahoo.co.jp/articles/259b8e0c967c0f1364b41ddbc0a3b161028d4d41,8/14(月) 11:46
gdo,155ydのパー3「6番だと大きくて7番だと短い…」“ビトウィーン”どう打つ？ 横田英治,https://news.yahoo.co.jp/articles/7e6035bce01626a9cb5ba81e4e9cf3cd3efe0808,8/14(月) 11:02
gdo,キャメロン・スミスがLIV今季2勝目　団体戦も制す,https://news.yahoo.co.jp/articles/a4f5cf17942eaf5a3c074c946fe0cfcccc91120c,8/14(月) 10:26
gdo,グローバーがプレーオフ初戦を制す　松山英樹16位で第2戦へ滑り込み,https://news.yahoo.co.jp/articles/1f2b3b4d15a1dab5df6be359a2b49b57b78659ce,8/14(月) 10:01
gdo,史上最高賞金の「全英女子」　申ジエと畑岡奈紗“5打”の差額は？,https://news.yahoo.co.jp/articles/4d3354de30b0b8bd8438e75b1c47aa044c7f5b17,8/14(月) 9:45
gdo,松山英樹「諦めずにやった結果」　中断挟む後半チャージで今季終了を回避,https://news.yahoo.co.jp/articles/1979963bb2136e86c71ac4584cae81a011a62d99,8/14(月) 8:55
gdo,初日103位から驚異の追い上げ 岩井明愛が畑岡奈紗と並ぶ日本勢最上位,https://news.yahoo.co.jp/articles/90da2714a305c1dd9ff42548988ff2abe7f00731,8/14(月) 7:39
gdo,単にカッコいいだけじゃない 売れる理由が分かったぞ！テーラーメイド「BRNR MINI ドライバー」を試打,https://news.yahoo.co.jp/articles/5d0c792db9d61f1c47fde814c2b6ce7b767af11d,8/14(月) 7:02
gdo,瞳うるませ「チャンスつかめず悔しい」 畑岡奈紗の悲願達成は持ち越し,https://news.yahoo.co.jp/articles/62c9d34179d9b8bd69d13dfbc045be6f52daf5bd,8/14(月) 6:11
gdo,【速報】松山英樹は「65」　プレーオフ第2戦の進出圏内でホールアウト,https://news.yahoo.co.jp/articles/38584fb8e20c53f0bfc6c1b78c6d980366e1d026,8/14(月) 5:16
gdo,リリア・ヴが6打差圧倒でメジャー2勝目　岩井明愛と畑岡奈紗11位,https://news.yahoo.co.jp/articles/1ec5576aecb4dba95929f9f45c652b9800d33b85,8/14(月) 2:35
gdo,【速報】畑岡と勝は前半2つ落とす　岩井明愛が2つ伸ばして後半プレー中／全英女子最終日,https://news.yahoo.co.jp/articles/82023448d85ae600e3ed2368f324ecb38ed548b4,8/13(日) 23:34
gdo,【速報】畑岡奈紗、勝みなみはボギー発進／全英女子最終日,https://news.yahoo.co.jp/articles/508b01bb375bc75e085cf294c7af0dc59f9bf25d,8/13(日) 21:52
gdo,【速報】畑岡5打差、勝6打差から逆転期す／全英女子最終日,https://news.yahoo.co.jp/articles/0c9dd4d452d86708eeade2f653d62fa7b3d2529f,8/13(日) 19:32
gdo,プレーオフで惜敗 2勝目を逃した神谷そら,https://news.yahoo.co.jp/articles/bd5603c595f4a215db93b4e53dcee14cf527ecb9,8/13(日) 18:22
gdo,「同じ病気の人を勇気づけたい」 菅沼菜々が抱える“広場恐怖症”,https://news.yahoo.co.jp/articles/150244f05f0f8253b2844153c092be9e117524a3,8/13(日) 17:48
gdo,ギャラリーの声援も味方に 「アイドルになりきった」菅沼菜々が初の頂点,https://news.yahoo.co.jp/articles/895a2966d9cbfe04f38396077e5a71689cf32793,8/13(日) 17:22
gdo,プロ6年目の菅沼菜々が涙のツアー初優勝　神谷そらをプレーオフで退ける,https://news.yahoo.co.jp/articles/2ce8a2ca99b217a4513b7a15cd677c1dc8cfa45a,8/13(日) 13:49
gdo,全英で高校の先輩後輩が競演 吉田優利は西郷真央と同組「勉強になった」,https://news.yahoo.co.jp/articles/26db145bead6a920f9d55d6eaa20f016e5be8c50,8/13(日) 13:08
gdo,強風に翻弄された山下美夢有「縦距離が合わな過ぎて…」,https://news.yahoo.co.jp/articles/566c3ecb8b79caef07099c70577c076f583db406,8/13(日) 12:32
gdo,9人しかいない60台 岩井明愛がメジャー初の予選通過から急浮上,https://news.yahoo.co.jp/articles/00083ad2c2d62242a0b58954f98205791e8fd368,8/13(日) 11:59
gdo,“想定内”でラスト18ホール 畑岡奈紗は悲願へ「最後まで諦めずに」,https://news.yahoo.co.jp/articles/a4c40ba41864c1ae2cc550e75053fdf0bc8de128,8/13(日) 11:30
gdo,パターの長さが気になるマキロイ　大会期間中に地元ショップで調整,https://news.yahoo.co.jp/articles/79f0e4aad735a9b988c704d8516e219b30efc6d1,8/13(日) 9:49
gdo,スミスが4打リードで最終日へ　ミケルソン2位浮上,https://news.yahoo.co.jp/articles/07cdca073edbfb9579ec7ea0668183396294883f,8/13(日) 8:39
gdo,松山英樹「ショックのほうが大きい」後半の急変　プレーオフ第2戦進出へ正念場,https://news.yahoo.co.jp/articles/f28c3f7e52ae7dbc20abec6d88b6099297a12773,8/13(日) 7:56
gdo,グローバー首位　松山英樹は38位で最終日へ,https://news.yahoo.co.jp/articles/d612d8d4014f945657da90729f27a75af64f9d69,8/13(日) 7:00
gdo,完全アウェーで「仏になれた」　勝みなみを救う値千金イーグル,https://news.yahoo.co.jp/articles/e2a971ff1fcd68d6d8fdc740d23fcc6d1712ae34,8/13(日) 6:28
gdo,【速報】松山英樹「70」 前半6バーディから失速,https://news.yahoo.co.jp/articles/fdc7c02c2a6f80a3364edc810ec7098d9b147c20,8/13(日) 4:48
gdo,畑岡奈紗5打差9位で最終日へ　勝みなみは6打差追う,https://news.yahoo.co.jp/articles/2a6df8292eea31e6e694464e2b4711d69570bb51,8/13(日) 3:35
gdo,【速報】首位は7アンダーに　畑岡奈紗が3打差追い後半プレー／全英女子3日目,https://news.yahoo.co.jp/articles/5ac53f79530e8a3c7edb18986130fd5d721daf31,8/13(日) 1:09
gdo,【速報】勝みなみはボギー発進　通算4アンダーに後退／全英女子3日目,https://news.yahoo.co.jp/articles/b7b2b2de4f6c13389966b0650bba52098294b9cc,8/12(土) 23:04
gdo,池ポチャ2発の“+4”に負けない プロテストに向けた六車日那乃の粘り,https://news.yahoo.co.jp/articles/34b0f191de1fdb75931d168f336d27618022ba00,8/12(土) 19:34
gdo,【速報】「全英女子」はムービングデー　吉田＆西郷が同組プレー　勝みなみ22時45分ティオフ,https://news.yahoo.co.jp/articles/4d99580a8ad59644e170b62efa975d1c93fd289c,8/12(土) 18:56
gdo,イーグル2発の「61」 “飛ばし屋有利”のコースで神谷そらが急浮上,https://news.yahoo.co.jp/articles/e1de2ef0314d3cbc736adace19905c8f2afb11ca,8/12(土) 18:32
gdo,菅沼菜々がツアー初優勝へ 初めて首位で迎える最終日は「なるようになる」,https://news.yahoo.co.jp/articles/6150d2c1885c03f402178154917f20c9039a73c7,8/12(土) 17:38
gdo,菅沼菜々がツアー初優勝に王手 3打差2位に小祝と神谷,https://news.yahoo.co.jp/articles/a3d2b18e7e7b99a93cbc3268f23c3b272b090948,8/12(土) 16:05
gdo,吉田優利は最難関ホールでバーディ奪取　メジャー初の決勝で目指す「いいとこ取り」,https://news.yahoo.co.jp/articles/9c27594dab19e622a82ce6da368eb45e678515f4,8/12(土) 13:48
gdo,初メジャーで予選通過も悔しさいっぱい 櫻井心那「まだ優勝も諦めていない」,https://news.yahoo.co.jp/articles/f7cc029abd140d3210b87db24cef8a515b4b2d19,8/12(土) 13:03
gdo,西村優菜「耐えた時間のご褒美」　メジャーの週末を引き寄せる“3度目”イーグル,https://news.yahoo.co.jp/articles/d1deb4a73046905b3b4302ca9ae1e81e9eefcf63,8/12(土) 12:19
gdo,5大メジャー予選通過の目標達成 古江彩佳「ちょっと“進化”できた」,https://news.yahoo.co.jp/articles/06f0ba68a34b4c5a8cd1d072781468ce3eeec145,8/12(土) 11:47
gdo,3連続ボギー帳消しのイーグル→バーディ 畑岡奈紗は7打差も“射程圏”,https://news.yahoo.co.jp/articles/0091164f22dae6329684da9c23ec549dbc6cc50b,8/12(土) 11:02
gdo,松山英樹はグリーン上で停滞　カップに嫌われた一日に天を仰ぐ,https://news.yahoo.co.jp/articles/b2fd1fca4a0b652a15c8ce1b7c79dfed95643ef9,8/12(土) 10:17
gdo,全英女子で米ツアー初の優勝争い 勝みなみ「どれだけやれるか楽しみ」,https://news.yahoo.co.jp/articles/582a784d26124a3745a403b1535c712332bcb3f4,8/12(土) 9:35
gdo,スミス首位　LIV連勝かかるデシャンボー27位,https://news.yahoo.co.jp/articles/bb7313cc28f5f23f30cb5bd32b0f623f1af767b4,8/12(土) 8:36
gdo,松山英樹は30位に後退　前週Vのグローバー首位,https://news.yahoo.co.jp/articles/bb6ab6789416c5076c3a0000b04ac12d5cc5dc5f,8/12(土) 7:49
gdo,メジャー4戦予選落ちにあふれた涙 馬場咲希「悩むことが多くて…」,https://news.yahoo.co.jp/articles/a12601bf66f8995a16e31aaa4e3c6b9d7455d2de,8/12(土) 7:19
gdo,口をつく“練習不足” 渋野日向子「過大評価していた」,https://news.yahoo.co.jp/articles/3a3f4e9a57ea617d571eb6c391e501730a13fdd6,8/12(土) 6:58
gdo,勝みなみが5打差2位　日本勢10人決勝へ　渋野は予選落ち,https://news.yahoo.co.jp/articles/bd8489f5000d04bbfe13c3d0106c8df455e2d2c9,8/12(土) 4:38
gdo,【速報】渋野日向子は予選落ち　「75」で通算6オーバー／全英女子2日目,https://news.yahoo.co.jp/articles/6fad34603fd476d7ae6fc0a7ee888a05950dce6e,8/12(土) 1:28
gdo,【速報】渋野日向子は3つ落とし6オーバーで後半へ　カットライン遠のく／全英女子2日目,https://news.yahoo.co.jp/articles/61109ddcabd6044db61e87348aa949be211880f2,8/11(金) 22:47
gdo,【速報】渋野日向子はボギー発進　予選通過へ巻き返し図る／全英女子2日目,https://news.yahoo.co.jp/articles/819f64c801e31f0472819b7067079a4d6249c022,8/11(金) 20:33
gdo,まずは中古から入ってみるかッ 初めての「スコッティキャメロン」入門,https://news.yahoo.co.jp/articles/6c09abb3b850f0453750f6307757b8259f7d8f32,8/11(金) 20:04
gdo,【速報】山下美夢有は2つ伸ばして後半へ　渋野は午後8時16分スタート／全英女子2日目,https://news.yahoo.co.jp/articles/5460f1fbb548c0ba3f708c6d29a715f3b3a18904,8/11(金) 19:09
gdo,寝ぼけて足の小指を“ゴツン” 菅沼菜々は痛みとともに好発進,https://news.yahoo.co.jp/articles/78eaf9e25145e77c4ea5172a9f5bbc2f0a77d32f,8/11(金) 18:35
gdo,タイヤで鍛えた体と心 アマ六車日那乃が3位発進,https://news.yahoo.co.jp/articles/198d5478ae11284441d4655c0bcb8c023ad8c21e,8/11(金) 17:52
gdo,「視野に入れてなかった」“池ポチャ”も 首位発進の小祝さくら,https://news.yahoo.co.jp/articles/0b40dbd3713317701da99452ee477819d15e0e3e,8/11(金) 17:24
gdo,【速報】「全英女子」2日目がスタート　首位と3打差の山下美夢有はパー発進,https://news.yahoo.co.jp/articles/c1709b95fa9390e92adf4c49fc3e0aff8511fdc5,8/11(金) 16:56
gdo,小祝さくらが2週連続の首位発進　1打差2位に若林舞衣子,https://news.yahoo.co.jp/articles/2748343e9408643bae44670f103145272c9c6bb6,8/11(金) 15:51
gdo,「241、243、245」 この数字で何かわかったあなたは“ミズノ通”,https://news.yahoo.co.jp/articles/76ffb6a86b1c6f4f4ee61dcc8b8aac69fae42bec,8/11(金) 13:19
gdo,上がり3ホールに“ご褒美” 勝みなみはイーグル→バーディで一変,https://news.yahoo.co.jp/articles/fceb514b587fe43a7770d368ebf60268eb012ed8,8/11(金) 12:43
gdo,「フェアじゃないじゃん（笑）」は胸にしまって…西村優菜が1アンダー発進,https://news.yahoo.co.jp/articles/7300d894fd50fb54e6a41fda5e79e685834defe8,8/11(金) 12:07
gdo,「お花は愛でるもの」 飛ばし屋・穴井詩が堅実マネジメントで好発進,https://news.yahoo.co.jp/articles/4ff09f1db36043f74f4de59a891f12e72bbfcd51,8/11(金) 11:29
gdo,スズキ「エスクード」キャディバッグ何個積める？　コンパクトながらも包容力たっぷり,https://news.yahoo.co.jp/articles/4e6dfea9911281615b22d98ec831b105ded2e960,8/11(金) 11:02
gdo,吉田鈴はリード守れず2回戦で敗退／全米女子アマ,https://news.yahoo.co.jp/articles/3bf12e37d574f676187ba5de31dc5bc4d1efb140,8/11(金) 10:52
gdo,身長2m超のNBAスター選手　プロアマ戦使用ギア,https://news.yahoo.co.jp/articles/489c6bad735a0da4d68f35fa988d2a0063ec8beb,8/11(金) 9:46
gdo,松山英樹「伸ばしていかないと」　15位発進で“暫定ランク”55位,https://news.yahoo.co.jp/articles/6e559a5fd4414e393a6b41d171e110784a000822,8/11(金) 9:03
gdo,「出し切りました」岩井千怜は全身全霊の1アンダー発進,https://news.yahoo.co.jp/articles/4b89adef50bde46c8ea9ed00a6d527e20290eff1,8/11(金) 8:22
gdo,松山英樹が4打差15位発進　ジョーダン・スピース首位,https://news.yahoo.co.jp/articles/164f67d0a0a95eeb6cf08ff0005011e1b1cc8dbd,8/11(金) 7:56
gdo,【速報】松山英樹は3アンダー　プレーオフシリーズ初戦,https://news.yahoo.co.jp/articles/f242fc130683b085bfd30356c92d1441c7bb1d10,8/11(金) 7:14
gdo,「めちゃくちゃ悔しかったけど…」畑岡奈紗は“最悪”ダボを跳ね返す6バーディ,https://news.yahoo.co.jp/articles/c1bb63dd1a40147de3c02277e3f45c4eb60f181e,8/11(金) 7:02
gdo,気分は軽井沢？ 初メジャー7位発進の櫻井心那「私はツイてる」,https://news.yahoo.co.jp/articles/aa538454e50f42bdc754e2afd0298e5ba66e4a38,8/11(金) 6:14
gdo,畑岡奈紗ら日本勢4人が2打差7位発進　渋野103位,https://news.yahoo.co.jp/articles/110911d1893eb574ab7f52779bdf81eecac30b07,8/11(金) 5:31
gdo,「1個外して打ち切れなくなった」渋野日向子はパッティングで出遅れ,https://news.yahoo.co.jp/articles/2857c3020f296d96d222d2765e18a298aa1ed78a,8/10(木) 23:21
gdo,【速報】渋野日向子は初日3オーバー　「グリーン上で苦戦」／全英女子初日,https://news.yahoo.co.jp/articles/b6f58b2d1e33c7a72e2000963e53f3ba3d300b18,8/10(木) 20:21
gdo,アジア勢は5人　新装プレーオフシリーズで生き残るのは,https://news.yahoo.co.jp/articles/eeff12d84a37b9fd975d708ae8255acad648c4b6,8/10(木) 19:11
gdo,【速報】渋野日向子は2オーバーで後半へ　畑岡＆古江が1アンダーで前半プレー中／「全英女子」初日,https://news.yahoo.co.jp/articles/dcaf06aa79b5b6b80c9c28c445e439d669220fe4,8/10(木) 18:05
gdo,モデルみたい？　韓国のジョン・ジユがレギュラーツアーデビュー,https://news.yahoo.co.jp/articles/bc4825611b25c91c3e0e9557aabc75829cef9ff7,8/10(木) 17:42
gdo,上位争いなるか　ホステス安田祐香は「ちょっと緊張」,https://news.yahoo.co.jp/articles/2805dfe12c3a1b659cbd097e411d61f7d054c303,8/10(木) 17:02
gdo,「喜びも倍になる」 小祝さくらが狙う“54ホールV”,https://news.yahoo.co.jp/articles/2c97ef332b937b805fd6c25f8b7936927a280f0b,8/10(木) 16:08
gdo,【速報】渋野日向子はパー発進／「全英女子」初日,https://news.yahoo.co.jp/articles/e7b65e90fdfbcadab34b680c725efa883275427f,8/10(木) 15:55
gdo,今季LIV個人戦は残り3試合　デシャンボーが2週連続Vに挑む,https://news.yahoo.co.jp/articles/56e25bd4cc60cd6385bf46fbfb2469c5cffb0077,8/10(木) 15:02
gdo,【速報】「全英女子」が開幕　渋野日向子は日本時間午後3時36分スタート,https://news.yahoo.co.jp/articles/03016c02446574b1b400a2afe8920416a9da00cf,8/10(木) 14:39
gdo,日本勢最少「65」も涙の惜敗／渋野日向子の全英女子2022,https://news.yahoo.co.jp/articles/d16639b5f1615abca8541259905985e200f658b1,8/10(木) 14:12
gdo,吉田優利がコーセーとスポンサー契約,https://news.yahoo.co.jp/articles/d69efb635659e229bdc5f8b9a1de8eb9cb2f57ad,8/10(木) 13:45
gdo,新スパイダー？　シェフラーとマキロイがパター変更の理由を語った,https://news.yahoo.co.jp/articles/4b3a437874d26af48ec1e19faaf962128de2c187,8/10(木) 13:16
gdo,PGAツアートップとの会議参加は25人だけ　マキロイはタイガーの理事就任に期待,https://news.yahoo.co.jp/articles/c1bd33c53a4ecb66d887e2a7c983f4008387661b,8/10(木) 12:48
gdo,あれ、その「P790」はニューモデル！？ 山内日菜子のバッグに新機種発見,https://news.yahoo.co.jp/articles/09c926dead3672c5ecb3850c51d278adfa7d76c8,8/10(木) 12:14
gdo,吉田鈴は不戦勝で2回戦へ　長谷川せらは1回戦敗退／全米女子アマ,https://news.yahoo.co.jp/articles/9b75ce5843ac8bda887fb4915c9bb35921f52e01,8/10(木) 11:42
gdo,2年前にコース記録「264」　松山英樹はランク57位から好発進なるか,https://news.yahoo.co.jp/articles/0746d8b6113c04d9733b5ff862feae9b851fd230,8/10(木) 11:03
gdo,帰国した日に滑り込み連絡 西郷真央は「迷わず」欧州へ“とんぼ返り”,https://news.yahoo.co.jp/articles/25ab4c138a29daa81c47c5d9ab5b187daff2bb82,8/10(木) 9:32
gdo,開幕2日前にコースへ 川崎春花は同学年・櫻井心那と全英会場で切磋琢磨,https://news.yahoo.co.jp/articles/650b62ed97afa7f6aba336f313162f98389e57c5,8/10(木) 8:38
gdo,「ブル様がいる！」穴井詩は欧州“初上陸”にテンションアップ,https://news.yahoo.co.jp/articles/2276e96d4a25c703efe8d43ef3df4fe113828ec8,8/10(木) 7:32
gdo,渋野日向子が味わう“年イチ”の楽しみ「全英優勝は人生で一番デカいこと」,https://news.yahoo.co.jp/articles/e664348898928396f084988ed949d7f9e0c79602,8/10(木) 6:38
gdo,世界1位との身長差28センチ　西村優菜「ずっとねたんでました（笑）」,https://news.yahoo.co.jp/articles/0d145e00165b3a0250e10f513b9eea662753f9d3,8/10(木) 5:19
gdo,“お花畑”に警戒も 渋野日向子は全英女子へ「すごく楽しみ」,https://news.yahoo.co.jp/articles/8d11689c3d80391af8db2f7258c1f8acd882c346,8/10(木) 0:29
gdo,今さら聞けない「ドライバーとアイアン、それぞれ何度が適正？」打ち出し角について教えて,https://news.yahoo.co.jp/articles/533b6214b67a8a1619a1233f74a00dd8b4b6da72,8/9(水) 20:03
gdo,前年の悔しさ跳ね返す 3日目の一時単独首位／渋野日向子の全英女子2021,https://news.yahoo.co.jp/articles/fc14fe0ec629095b9443699980ad8d7279771993,8/9(水) 18:14
gdo,森田さ～ん、全英女子オープンのお天気は？ 「ウロチョロ低気圧にご注意を」,https://news.yahoo.co.jp/articles/8cffa1d1f3e7ee173d66e2d40df5b6e39fd6bb80,8/9(水) 17:15
gdo,マキロイとシェフラーが新パター投入？　プレーオフ初戦で目撃されたモデルとは,https://news.yahoo.co.jp/articles/d6cbed64c4f235cbaebc2b5867b03fee8daa21fe,8/9(水) 16:00
gdo,吉田鈴が18位でマッチプレー進出　長谷川せらはプレーオフへ／全米女子アマ,https://news.yahoo.co.jp/articles/2f8046ea592915d241d7d8e9a196350e6e240b1f,8/9(水) 15:05
gdo,「ダメならダメで」　松山英樹が背水の陣で迎えるプレーオフ初戦,https://news.yahoo.co.jp/articles/25070f35359b135894db5b77d65cbe23b31bea22,8/9(水) 14:03
gdo,“全英組”不在のフィールド　好調の小祝さくら、ホステス安田祐香ら出場,https://news.yahoo.co.jp/articles/d71342d15b7d73a4ac98d11dad09c941028c2245,8/9(水) 12:56
gdo,プレーオフ最終戦＆「昇格大会」出場への勝負どころ　松山英樹トップ30との差は？,https://news.yahoo.co.jp/articles/6a5873dcb805ecb34d53209ca7a65957ebe481d0,8/9(水) 11:32
gdo,ずばりタメをつくるには？ タオル一枚でできる飛距離アップ術 石坂翔子,https://news.yahoo.co.jp/articles/ab3e9951a49f711428f02ffea104466aedae5cec,8/9(水) 11:02
gdo,「渋野さんの優勝がカッコ良かった」　馬場咲希は“お城”も忘れる猛練習で全英女子へ,https://news.yahoo.co.jp/articles/8ab38771d9daa1ad7e2c1d05cf675e9c8895e018,8/9(水) 10:17
gdo,全英なのに米国っぽい？ 畑岡奈紗は悲願へ「近いところまで来ている」,https://news.yahoo.co.jp/articles/ee0c8b0e84357cec38095d6bded00e353370a151,8/9(水) 8:45
gdo,全米に続き全英もツインズ参戦 岩井姉妹が目指す「理想の理想」,https://news.yahoo.co.jp/articles/b690065519753906684fe1e48268cb6194cf720a,8/9(水) 7:31
gdo,「入ったらかわいくない」花にビックリ 古江彩佳“本場”ロンドンの楽しみは？,https://news.yahoo.co.jp/articles/b33c546090a774f2e1fa9e0fe2f715457c08d0ed,8/9(水) 6:08
gdo,渋野日向子はメジャー覇者3人同組　日本時間10日午後3時36分スタート／全英女子予選ラウンド,https://news.yahoo.co.jp/articles/03d958654936ea52b6b16b0fdf8439eca595da22,8/8(火) 21:10
gdo,連覇への挑戦は2日間で幕／渋野日向子の全英女子2020,https://news.yahoo.co.jp/articles/13ca13dfbfa95ca4c279da088672cb8bbf85a3d7,8/8(火) 18:00
gdo,プレーオフシリーズ初戦が開幕　松山英樹は10年連続の最終戦進出を目指す,https://news.yahoo.co.jp/articles/a9823afc386dba32868a3dc9ccb4ce83c1ad1679,8/8(火) 17:07
gdo,ブティエが自己最高3位　渋野日向子61位で「全英」へ／女子世界ランク,https://news.yahoo.co.jp/articles/faefda2f6fcaabeb26fde0df36dee8df297c0419,8/8(火) 16:16
gdo,吉田鈴が19位発進 日本勢5人が出場／全米女子アマ初日,https://news.yahoo.co.jp/articles/c22f52d801ac0e1640ac1312aa85eb3debf0bb28,8/8(火) 15:39
gdo,USTマミヤの新シャフト「LIN-Q」はどんな性能？ プロの評判は？,https://news.yahoo.co.jp/articles/ef2bf053a6559e6ca2d0dfc2eab92dfc957a18be,8/8(火) 14:07
gdo,PGAツアーが24年日程を発表　レギュラーシーズンは予選落ちなし5試合を含む36試合,https://news.yahoo.co.jp/articles/88c0ffb6b7128fa46933e54fd91426739ad9761b,8/8(火) 13:32
gdo,“唯一”の初出場初優勝／渋野日向子の全英女子2019,https://news.yahoo.co.jp/articles/e09b673e33f914251333885ec964e47d216ee065,8/8(火) 11:48
gdo,弾丸渡英で初メジャー 櫻井心那は渋野日向子と練習ラウンド「幸せでした」,https://news.yahoo.co.jp/articles/1ca88ac69448e062ec7b1df573ee054b368d27e6,8/8(火) 9:14
gdo,中島啓太のプロ2勝目のセッティング　3Wに鉛のひと工夫,https://news.yahoo.co.jp/articles/bd34fe39a103a8c58ffa64ebbc77048c07072288,8/8(火) 8:14
gdo,日本勢は歴代覇者・渋野日向子ら史上最多16人 ロンドン近郊で今季メジャー最終戦,https://news.yahoo.co.jp/articles/24d6057eb11c9746cfb8f51f97b8f040f0ad54f0,8/8(火) 7:22
gdo,鈴木愛は2度目の女王戴冠を支えたウェッジを再投入,https://news.yahoo.co.jp/articles/190c3e1d6a579a757b8ce998bdbf63fbb61a952c,8/7(月) 17:52
gdo,中島啓太が日本勢3番手に浮上　松山英樹は1ランクダウン／男子世界ランク,https://news.yahoo.co.jp/articles/9cee7bfc2a0c67981b195390db2a2cada71e19a3,8/7(月) 17:04
gdo,優勝前夜はお外で“ぼっち”　中島啓太「男子ゴルフは絶対おもしろい」,https://news.yahoo.co.jp/articles/b79a2eb9ce1286b56d2598a4fd8f0eef5027ab6e,8/7(月) 16:05
gdo,「その歳で」を活力に　若手の台頭と西山ゆかりの奮闘,https://news.yahoo.co.jp/articles/8c12a9d2ae2fa7ba0d7db76104abcc151e4e9ec2,8/7(月) 14:32
gdo,「かなり無謀な挑戦…」プロ野球の福留孝介さんがマンデーに挑戦,https://news.yahoo.co.jp/articles/6820576327919a778e2464e8d91a6c2fe48dc9db,8/7(月) 13:30
gdo,アダム・スコットは「63」もプレーオフに届かず　ジャスティン・トーマスも9年連続進出を逃す,https://news.yahoo.co.jp/articles/af7d16a9f4a33a962cd1d4e67c977ad8bf1fc10d,8/7(月) 12:31
gdo,デシャンボー「58」で逆転　LIVゴルフ初優勝,https://news.yahoo.co.jp/articles/8d0c7628f277b7a60accb6bec73628eb6b3b2d67,8/7(月) 12:00
gdo,蝉川泰果をより良く縛るゴムバンド 「強制的に左に乗れるんです」,https://news.yahoo.co.jp/articles/bf826aa1fd5789cb978c8ce07186829345b34b7b,8/7(月) 11:08
gdo,プロでも難しいピンまで50ydのバンカーショット 「近くに立つ」は正解？ 横田英治,https://news.yahoo.co.jp/articles/e69a9a71b31228e2f285d2e23062b25622b35804,8/7(月) 11:02
gdo,レギュラーシーズン最終戦は43歳ルーカス・グローバーが制す プレーオフに滑り込み,https://news.yahoo.co.jp/articles/c29401185da807504f8539379e7d1baffbbf3718,8/7(月) 9:41
gdo,不発だった前年覇者 古江彩佳の課題と収穫,https://news.yahoo.co.jp/articles/5d66d9be34e584fe14f08e24cec29ffe5369a61d,8/7(月) 9:10
gdo,「構えたら、すぐ打とう」 勝みなみは考えることをやめた,https://news.yahoo.co.jp/articles/637a87bfe8cca7cd6c100697e476b624ede09c8c,8/7(月) 8:46
gdo,首位通過→ショッキングな週末を経て全英女子へ 渋野日向子「1ミリずつ行ければ」,https://news.yahoo.co.jp/articles/f228492681ddbe9c329b2d822ca41dadfc63b7bd,8/7(月) 8:15
gdo,「来週優勝できるように」畑岡奈紗は全英女子へ“点”より“線”の攻め,https://news.yahoo.co.jp/articles/8229d4e803d025cba8f34e6d7ae0f3f95132bb54,8/7(月) 7:51
gdo,西村優菜は渋野日向子と同組で楽しさと悔しさ「また上位で一緒に戦えるよう」,https://news.yahoo.co.jp/articles/c60d7364e5beee9d2805507f6d2f3cdef46e7a7c,8/7(月) 7:26
gdo,今日からオレの持ち球“ハイドロー”っス！ HS40m/s前後でも飛ぶ「B2 HT ドライバー」を試打,https://news.yahoo.co.jp/articles/3ecae0656455223c0910ff32b3fc56eb5d66f70e,8/7(月) 7:02
gdo,ブティエが2週連続V　渋野日向子16位、西村優菜20位,https://news.yahoo.co.jp/articles/85257d3b6610e053123bb76aa814e1bee7cc5b4b,8/7(月) 0:56
gdo,明暗分けた“魔の8番”　中島啓太は「作戦勝ち」に胸を張る,https://news.yahoo.co.jp/articles/235d8cc5485fc35e05cf0c4bb0762524c3b72486,8/6(日) 21:03
gdo,原英莉花「人間だわ！」　練習ラウンドとの違いを実感した復帰戦,https://news.yahoo.co.jp/articles/4564fb7924a73ef19726567d7368fc8bb82d5076,8/6(日) 20:45
gdo,「絶対に入れる」中島啓太の3時間半かかったクラッチパット　第二の故郷で2勝目,https://news.yahoo.co.jp/articles/ae26453a0c915def42052e90cd56258fdd9d6fa0,8/6(日) 20:29
gdo,【速報】渋野日向子はボギー発進／スコットランド女子OP最終日,https://news.yahoo.co.jp/articles/4d673b0450fa2ab467f99604c1f360bc965ff495,8/6(日) 19:49
gdo,横浜にできた行きつけのお店　清水大成は会心イーグルで3位,https://news.yahoo.co.jp/articles/7a8f52c9333d19d26cd2a76b6aabb4f5308d33f1,8/6(日) 19:43
gdo,ニティトン・ティポンが1年ぶりのツアー3勝目 久常涼26位,https://news.yahoo.co.jp/articles/a2627adcf324106177ac385901d844a4e4fd77fc,8/6(日) 19:37
gdo,櫻井心那と川崎春花が「全英」滑り込み　3日前に決まりドタバタ渡英,https://news.yahoo.co.jp/articles/c7ebd7e88d54b0679ee7ea1fd4a9b26dea572874,8/6(日) 19:13
gdo,鈴木愛が徹した攻めのプレー “逃げ切れない”呪縛を解く「成長した1勝」,https://news.yahoo.co.jp/articles/7e5c16250fc0d8db633065ed9d9b43ab2f523323,8/6(日) 18:19
gdo,中島啓太が逆転でツアー3勝目 蝉川泰果を1打差で振り切る,https://news.yahoo.co.jp/articles/cf4ef3a7bb02f1d8286bb847e490f9de95634b5e,8/6(日) 18:10
gdo,鈴木愛が2年ぶりのツアー18勝目　3打差2位に桑木志帆,https://news.yahoo.co.jp/articles/36fe1d33a1f31d765c68620d55732e6c753ad820,8/6(日) 15:15
gdo,ホーシェルとグローバーが首位浮上 トーマス11位,https://news.yahoo.co.jp/articles/02a348af7b046d1d4541f418ec5fac7aa369b5be,8/6(日) 9:58
gdo,ウルフとプーチが首位で最終日へ／LIVゴルフ,https://news.yahoo.co.jp/articles/a7471a368421102faccba55c010ae4a5632e1a79,8/6(日) 9:05
gdo,畑岡奈紗と勝みなみは同組で後退 “黄金世代”が米ツアーで競演,https://news.yahoo.co.jp/articles/29a244d2d9d216a45bdf04179a26b21d50e9df8b,8/6(日) 8:00
gdo,「超緊張」の会心バーディ 西村優菜が米ツアー自己ベスト“66”,https://news.yahoo.co.jp/articles/f14dcf4097da7693debc9e0b83dbf08da1d1b404,8/6(日) 7:04
gdo,上がり4ホールで“＋4” 渋野日向子「ちょっと落とし過ぎ」,https://news.yahoo.co.jp/articles/2c58a6a10f3a07d7579e5f157fe5200342137389,8/6(日) 5:01
gdo,渋野日向子「77」で6位に後退　西村優菜が9位に急浮上,https://news.yahoo.co.jp/articles/eb428ac1cbc714bccca8cf2fb08ce630a1f26464,8/6(日) 3:21
gdo,【速報】渋野日向子は1打差2位で後半へ／スコットランド女子OP3日目,https://news.yahoo.co.jp/articles/6bf2585aa58ceaa1fd7739dc0815ac0c72230e36,8/5(土) 22:31
gdo,【速報】単独首位の渋野日向子はパー発進／スコットランド女子OP3日目,https://news.yahoo.co.jp/articles/aacfdd466b32799b996ab32805d2511d8408cf98,8/5(土) 20:20
gdo,ツアー6勝・金子柱憲の息子　憲洋はジャンボの教えも受け成長実感,https://news.yahoo.co.jp/articles/8f84da9b6aeacaea94c587601178740063e8a156,8/5(土) 18:57
gdo,グリーン上で苦戦も…　櫻井心那は3打差5位,https://news.yahoo.co.jp/articles/f8eafe9b4a2b51ee60c7e2726cbf58dafb5f19de,8/5(土) 18:36
gdo,30歳は3児のパパ　佐藤大平が追う“賞金王”の背中,https://news.yahoo.co.jp/articles/4f41c68b122d71a037ce20c9ed4641d486d1cc1d,8/5(土) 18:27
gdo,ショット不振を乗り越えた川崎春花がV争い　初の海外メジャーも自信に,https://news.yahoo.co.jp/articles/e95a8781a9eb7860e645df3f82ccfddd2393ee94,8/5(土) 18:05
gdo,中島啓太、蝉川泰果が今週もやっぱりキタ…　もうひとりの同世代もV争い,https://news.yahoo.co.jp/articles/7e91208ca9119724ffe2662e9cdcada7e97e3d4b,8/5(土) 17:52
gdo,キャリーが20yd落ちても屈しない　原英莉花は復帰戦で予選通過,https://news.yahoo.co.jp/articles/2546c889bfc9f93b57c8012f907805c3822e0c9f,8/5(土) 17:37
gdo,久常涼は「72」で22位に後退　首位にタイの26歳,https://news.yahoo.co.jp/articles/7c1e7c26ecbcce22d6f1e9c8eec83016a4771a60,8/5(土) 17:23
gdo,鈴木愛が単独首位に浮上　小祝さくらは4位に後退,https://news.yahoo.co.jp/articles/6c347177699f4f05b4f569eeb7ea8204cbbcebd3,8/5(土) 16:11
gdo,稲森佑貴が首位で最終日へ　中島啓太と永野竜太郎が2打差,https://news.yahoo.co.jp/articles/d57e2fb77e1cd0ccff8598686a8629b54dc9f7d6,8/5(土) 15:33
gdo,プロ2年目の24歳 ピンのプロトタイプアイアンを実戦投入,https://news.yahoo.co.jp/articles/02c324db57e0b50f1d97c96d31ab8fc0e23c2127,8/5(土) 12:29
gdo,マシュー・ウルフが「61」で単独首位発進／LIVゴルフ,https://news.yahoo.co.jp/articles/e57e6093ff94c86a095d535a6c16c1ef0ff5c2c8,8/5(土) 11:01
gdo,スタート前は「GC４」でキャリーをチェック,https://news.yahoo.co.jp/articles/4f04f350badf53f38232ebe407220e3ab2c93167,8/5(土) 10:30
gdo,23歳バースデーに「自分を褒めたい」 西村優菜が初日92位から予選突破,https://news.yahoo.co.jp/articles/6d59c5419f155c5a02031b4de384c6b5368c6e1b,8/5(土) 9:35
gdo,松山英樹は通算5オーバーで予選落ち　ラッセル・ヘンリーが首位キープ,https://news.yahoo.co.jp/articles/b3706589e25e07146115d1072dd73b314968331d,8/5(土) 8:42
gdo,今なら思える「けがで視野が広がった」 渋野日向子が見つけた光,https://news.yahoo.co.jp/articles/3c82a06081cc57a981c4ed7fa3ff4b914ca789a6,8/5(土) 8:06
gdo,2度のバンカー“アゴ”にため息　松山英樹はレギュラーシーズン最終戦で予選落ち,https://news.yahoo.co.jp/articles/1448515cb7369164e3e75287d00a8e021b37d38e,8/5(土) 6:19
gdo,渋野日向子が単独首位で決勝へ　畑岡奈紗と勝みなみ14位,https://news.yahoo.co.jp/articles/19a3d543a32e3e4f38e46366811f21973d3fa20d,8/5(土) 3:33
gdo,【速報】渋野日向子は前半1つ伸ばす　単独首位守り後半へ／スコットランド女子OP2日目,https://news.yahoo.co.jp/articles/afa9a00430f9d3ad4e5793e92de36fb013e5c00f,8/4(金) 23:19
gdo,リンクスを着々と攻略 「徐々に慣れてきた」畑岡奈紗は上位で週末へ,https://news.yahoo.co.jp/articles/302859fcec792621711e43504112582366d4f901,8/4(金) 21:54
gdo,【速報】渋野日向子ボギー発進　畑岡「69」／スコットランド女子OP2日目,https://news.yahoo.co.jp/articles/c4ba5bf09226c76e28e264af4fcb47cc5eb837d6,8/4(金) 21:19
gdo,久常涼6打差9位で決勝ラウンドへ,https://news.yahoo.co.jp/articles/4514694e7f0de25b723f68f4f823c42636b28188,8/4(金) 21:06
gdo,ネットで中古クラブ購入 失敗しないコツとは～アイアン編～ 何番のチェックが大事？,https://news.yahoo.co.jp/articles/cf2c3f2efed0b954db39ffc98e079033b58e472c,8/4(金) 20:02
gdo,「空中で止まる…」計測？　飛ばし屋・清水大成の“ランク”が落ちたワケ,https://news.yahoo.co.jp/articles/c75d21002e8d756b492c1ffc6915a580367b388a,8/4(金) 20:01
gdo,持ち球は朝決める　蝉川泰果と同級生・鈴木晃祐の自然体,https://news.yahoo.co.jp/articles/4c14b4b207f72cc428907878887bfe68ac886dc4,8/4(金) 19:47
gdo,惜敗の悔しさも疲れも吹き飛んだ？　鈴木愛のリフレッシュ,https://news.yahoo.co.jp/articles/6771923c07fedd942173af475135a33289cba657,8/4(金) 19:27
gdo,「＋4」に「＋3」…石川遼はクラブセッティング変更も実らず予選落ち,https://news.yahoo.co.jp/articles/186d206843594af63964352dec955a50b7486d51,8/4(金) 18:58
gdo,横浜で強い…稲森佑貴が首位キープ　河本力、石川遼、平田憲聖は予選落ち,https://news.yahoo.co.jp/articles/fb31a9ae94e85a8d56b83c99e6dab1d8d9d17a99,8/4(金) 18:35
gdo,抜けよし顔よし打感よし…落下角も非常によし「T100 アイアン」を試打,https://news.yahoo.co.jp/articles/e0096ff99a845c90ba5fa3282408639bf32550a7,8/4(金) 18:02
gdo,原英莉花は曲げても「楽しく感じた」　復帰初日を連続バーディ締め,https://news.yahoo.co.jp/articles/958676f7efa3ba5e6a37e15575ed673a62119d37,8/4(金) 18:02
gdo,「全英」控える吉田優利が3位発進　メジャー前週に国内出場する理由,https://news.yahoo.co.jp/articles/46198e098efd83b6f0417e5ae59834897429e440,8/4(金) 17:27
gdo,地元の小祝さくらが首位発進 3カ月ぶりツアー復帰の原英莉花は49位,https://news.yahoo.co.jp/articles/89c48c2c1f0bc72ba381019bfc1e58b72df03770,8/4(金) 15:35
gdo,石川航の気後れと「いつかは…」の夢　プロ2試合目の決勝ラウンドへ,https://news.yahoo.co.jp/articles/fc502e3dc6d661ac24fe953f91e15a48fd8522c3,8/4(金) 14:35
gdo,小さなミスが大きなミスに 古江彩佳も面食らった強風,https://news.yahoo.co.jp/articles/1309f8cedf9d86fe0a7320bd65f16cde5bc1caa6,8/4(金) 14:05
gdo,納得のバーディフィニッシュ 畑岡奈紗は強風に苦戦も崩れず,https://news.yahoo.co.jp/articles/313633b2ca5eceace0004ab4abd09d6e2c160cda,8/4(金) 13:39
gdo,アクシェイ・バティアのプレッシャーに打ち勝つ鉛テープ活用術,https://news.yahoo.co.jp/articles/bdf3ecca9e4ad50d9949d1071f8ab93fa769597a,8/4(金) 13:04
gdo,停電トラブルもポジティブに 勝みなみは我慢のイーブン発進,https://news.yahoo.co.jp/articles/952b10946368b3fbb9bc785a6324620816340f9d,8/4(金) 12:31
gdo,「下半身リード」成功の秘けつは“右わき腹のシワ” スタート前のたった10回エクササイズ,https://news.yahoo.co.jp/articles/7668b5f3eb635a536f039f1a3752fe0be035a70d,8/4(金) 11:02
gdo,スズキ「ソリオバンディット」キャディバッグ何個積める？　この包容力「そりおゃ人気あるよね」,https://news.yahoo.co.jp/articles/d13b67e60fb504168b946f5c8a7ad3e9d03cb406,8/4(金) 11:02
gdo,ショットに首を傾げ… 松山英樹は3バーディにとどまり「71」,https://news.yahoo.co.jp/articles/3de122b2899bf36829098fbfd22a8b070ff08b90,8/4(金) 9:43
gdo,松山英樹92位と出遅れ ラッセル・ヘンリーが「62」で首位発進,https://news.yahoo.co.jp/articles/64378e47bf3c913cdcccefa963ec062d88158fb6,8/4(金) 8:51
gdo,35→26パット よみがえった渋野日向子のストローク,https://news.yahoo.co.jp/articles/874d7c0c6dd1f34ff4db14dd788232a37f82f2c2,8/4(金) 6:33
gdo,渋野日向子が単独首位発進　前年覇者の古江彩佳は54位,https://news.yahoo.co.jp/articles/80f2002457c0cbe961a393507376f81e1d28c48a,8/4(金) 4:09
gdo,“ガツガツ感なし”で米ツアー自己ベスト「64」 渋野日向子は32ラウンドぶりノーボギー,https://news.yahoo.co.jp/articles/445ecddb71a133c481c349b529e47f680ae86dc0,8/3(木) 22:28
gdo,久常涼が2打差5位発進　49歳スコット・ヘンド2位,https://news.yahoo.co.jp/articles/2065fdee72b7241572a70b3e50a296057aa669d1,8/3(木) 21:19
gdo,【速報】渋野日向子が単独首位でホールアウト　8バーディ「64」のロケットスタート／スコットランド女子OP,https://news.yahoo.co.jp/articles/01a7c7cf6a4c9b0e77d50ef81d59837261a2ec52,8/3(木) 20:49
gdo,石川航「遼の弟」に加わった意識　自己最高8位発進,https://news.yahoo.co.jp/articles/edd8c1756c22e80bd18d97a65b913ba4a31b3a6b,8/3(木) 19:46
gdo,1年前の惜敗から成長を実感　櫻井心那の見る景色,https://news.yahoo.co.jp/articles/9417ec0b666e840c33b60517674344f119320a22,8/3(木) 19:20
gdo,パー4で「9」たたいてもイーブンパー　蝉川泰果のシャツに記された言葉,https://news.yahoo.co.jp/articles/7d04a78947028f2c4a0bf4430b5f8f3d36642375,8/3(木) 18:58
gdo,【速報】渋野日向子は単独首位で後半プレー中　前半に5バーディ／スコットランド女子OP初日,https://news.yahoo.co.jp/articles/a6bd99c60370bf47f417357df92c4fdf425dbcf0,8/3(木) 18:49
gdo,高山忠洋と稲森佑貴が首位発進　石川遼の弟、航が8位,https://news.yahoo.co.jp/articles/b211ff50a3eeea1a7a4ca402ad400bba67135800,8/3(木) 18:29
gdo,地元大会でもメジャーでも…小祝さくらのブレない平常心,https://news.yahoo.co.jp/articles/142360c2e3965447b736d435e74be8666502a96d,8/3(木) 17:57
gdo,腰痛から復帰の原英莉花 「不安とワクワク」のリスタート,https://news.yahoo.co.jp/articles/321b860f2a7cff0296be2d577b4d165b4b772fad,8/3(木) 17:28
gdo,「地の利を生かす」あの河本力が1Wを9ホール握れるホームコース,https://news.yahoo.co.jp/articles/fa9f6c5e921a232915a08f2883335335d7c5a8ce,8/3(木) 16:50
gdo,2カ月ぶり実戦で絶好スタート　高山忠洋の“今回の”故障は,https://news.yahoo.co.jp/articles/32391410f6aed7c451ab4b8a25644b9dc81e4725,8/3(木) 15:58
gdo,かつてのPGAツアー会場でLIV新規大会　ニーマンの「特別な場所」へ,https://news.yahoo.co.jp/articles/4cae0e958f79a73076720945e95d6b532b48549c,8/3(木) 13:13
gdo,タイガーと同じ角度が作れます “魔法のコテ”が男子ツアーで流行の兆し,https://news.yahoo.co.jp/articles/4702dd0cc329e905403bd232103d57f95fd1b515,8/3(木) 12:15
gdo,河本力のパター　ホワイトホットOGロッシーがバーサと合体！？,https://news.yahoo.co.jp/articles/e2b6609249a4e86c9cfba1264557095ac1dc8bf3,8/3(木) 10:29
gdo,強風でも“あえて”スタンスを狭く 畑岡奈紗のリンクス攻略法,https://news.yahoo.co.jp/articles/103d2a1ef7f171334b9facb911a7149479c659a8,8/3(木) 9:13
gdo,松山英樹はプロアマ後に2時間練習 「“頑張りどころ”が明確になれば強い」,https://news.yahoo.co.jp/articles/ec8ba75ae01aa050df065ace39d7864a5ae0d89a,8/3(木) 8:30
gdo,“低くなった”トップ 渋野日向子「けがによって得たものもある」,https://news.yahoo.co.jp/articles/fc2d3dc594b6a73c84d698f0184cb4c162b0e843,8/3(木) 6:56
gdo,今さら聞けない「ピン、マレット、ネオマレットの違いは？」パターのヘッド形状について教えて,https://news.yahoo.co.jp/articles/02b09f40adae344fbc7152266e1c3dfcae78879a,8/2(水) 20:02
gdo,男子早大生で初の“日本一”　中野麟太朗のキャンパスライフ,https://news.yahoo.co.jp/articles/0d5128dd269e25c4e5e09748dd613aaa7ea47bfd,8/2(水) 19:20
gdo,「大、想定外！」の岩崎亜久竜　欧州ツアーは苦難の道？,https://news.yahoo.co.jp/articles/7374d5ba3a0b6695733de8a9106d7a7a696dbb62,8/2(水) 18:25
gdo,真夏のラウンドの水分摂取量は？　石川遼「水だけじゃダメ」,https://news.yahoo.co.jp/articles/4acbfc571e2f4bd9a005d2dabfc87e366e9789ba,8/2(水) 17:55
gdo,ドライバーにミーリングとは驚いた！ 気になる打感は？「B1 STドライバー」を試打,https://news.yahoo.co.jp/articles/9c6957831e96bf02781085fcc93eb581b61f8ffe,8/2(水) 16:02
gdo,久常涼がインドネシアでアジアンツアー参戦,https://news.yahoo.co.jp/articles/63974b971721b61ca3518a91a7da0a008c9b4b0d,8/2(水) 14:32
gdo,丸山奨王がBEAMS GOLFとウェア着用契約「結果で恩返しを」,https://news.yahoo.co.jp/articles/fdcefbc2317d6c9a98100c32efe8f1bb8f7c0035,8/2(水) 14:02
gdo,古江は元世界1位＆地元勢、渋野はメジャー覇者と予選同組／スコットランドOP,https://news.yahoo.co.jp/articles/788ce64654f855716a5cce28515ef1b982963a8d,8/2(水) 13:32
gdo,地元・北海道勢の活躍再び？　原英莉花が3カ月ぶりツアー復帰,https://news.yahoo.co.jp/articles/012ffeedc045a8f27c3803fceed828e8d26a2451,8/2(水) 12:15
gdo,PGAツアー政策委員にタイガー・ウッズを任命 マキロイ、松山らも支持,https://news.yahoo.co.jp/articles/2ee2218086d2af72909c33c0491d201ad11a32f9,8/2(水) 11:29
gdo,トップの位置って気にするべき？ それとも気にしないでOK？  岸部華子,https://news.yahoo.co.jp/articles/79e491295bcd52f386d1ca5ba595bf518263d3c3,8/2(水) 11:07
gdo,キャロウェイの新アイアン「APEX」がお披露目 MBはやさしさ復活！？,https://news.yahoo.co.jp/articles/134bb105c7337a24f44be6af2be5a87fa34f8a2c,8/2(水) 10:32
gdo,「いい状態でできるように」 松山英樹は黒宮コーチと合流しプレーオフ前最終戦へ,https://news.yahoo.co.jp/articles/0ad8855d984153a4b2355d0286a4fe6dfb03b8d2,8/2(水) 9:39
gdo,勝みなみは仏→英→日→加→米で今季最長7連戦へ,https://news.yahoo.co.jp/articles/f95bf9ab452f7da54814d04dae5b8dfbe3b3172f,8/2(水) 8:05
gdo,全英女子“確定”も一戦集中 西村優菜「とにかく4日間やらないと」,https://news.yahoo.co.jp/articles/724f590fc9ac761186a8ff4a3e0fd75c0dade4e7,8/2(水) 7:09
gdo,キャリア最高のプレーから1年 古江彩佳は“相思相愛”の地へ「帰ってこられて幸せ」,https://news.yahoo.co.jp/articles/2920e68de03af738c6b5f71ae5b89517c28ef98d,8/2(水) 6:28
gdo,整う＜先週の一枚＞日本プロゴルフ選手権,https://news.yahoo.co.jp/articles/50e88c839f1270c0bba9a250b2f3b89874592dc3,8/1(火) 18:32
gdo,初シード目指す鶴岡果恋 パッティング練習法改良で「去年とは別人」,https://news.yahoo.co.jp/articles/054cb613a6eabf05a4623c23a4df9a3ce5b094e5,8/1(火) 17:09
gdo,レギュラーシーズン最終戦　松山英樹、トーマスらがランクアップをかけて参戦,https://news.yahoo.co.jp/articles/7249980bdf6489e31ec8d8285af8ffdfd3f7d543,8/1(火) 16:10
gdo,古江彩佳は日本勢2人目の米ツアー連覇なるか 畑岡奈紗、渋野日向子らも全英前哨戦へ,https://news.yahoo.co.jp/articles/6c3fa1061557da202d9d519a3ef0ede64135867e,8/1(火) 15:06
gdo,横浜で新規大会　中島啓太、平田憲聖、石川遼らがエントリー,https://news.yahoo.co.jp/articles/92b700d10c0892a01961f3d1bdab41eafd989bb2,8/1(火) 13:08
gdo,ACNの参画で伝統の大会が存続 舞台は22年「日本OP」開催コース,https://news.yahoo.co.jp/articles/37a1139a0f03945f2722c91594c6b11adb1a69f7,8/1(火) 12:06
gdo,タイトリストが全英に続き“圧勝”　リー・ホッジスの初優勝のギア,https://news.yahoo.co.jp/articles/8761452929a712d461ae4e6245bd03235a0b0efc,8/1(火) 9:18
gdo,櫻井心那は初優勝と同じギアで2勝目　練習ラウンドでの“予感”的中,https://news.yahoo.co.jp/articles/9e432b30701c4b3bacad323b0606fd293273f3d2,8/1(火) 7:53
gdo,畑岡奈紗が日本勢トップ“奪還” 櫻井心那は8カ月で急浮上／女子世界ランク,https://news.yahoo.co.jp/articles/ac74f9e75fd721deb9128c365ccc1c206429f63b,8/1(火) 6:21
gdo,「傾斜なりor傾斜に逆らう」 正解はどっち？グリーン面が見えない左足上がり 横田英治,https://news.yahoo.co.jp/articles/e6583ca616d452630b6bfce1d85fe28e33c7cb2f,7/31(月) 20:03
gdo,平田憲聖は130ランクアップ　松山英樹31位／男子世界ランク,https://news.yahoo.co.jp/articles/0f48406275e38649b190e080ef5ad96f3fcb5f5f,7/31(月) 17:52
gdo,平田憲聖のメジャー初Vギア　“全英由来”の変更点は,https://news.yahoo.co.jp/articles/2f797a5d3987332b6031867939935c016b8f695d,7/31(月) 17:09
gdo,岩井明愛は国内5戦連続トップ5入り　「行くこと自体初めて」の英国でメジャーへ,https://news.yahoo.co.jp/articles/cae2b4b54a5706dd2885a9a93acc7c0b3a4b9851,7/31(月) 14:03
gdo,最終ホールで見えた「オーガスタ」　28歳ホッジスが65戦目で初優勝,https://news.yahoo.co.jp/articles/0688ba9e585d0403d5af3f85d4ca62df65ef8762,7/31(月) 12:50
gdo,3位の畑岡奈紗と笹生優花　エビアンでいくら稼いだ？,https://news.yahoo.co.jp/articles/dfe6ee26622a7f59d3888c36cdc353c228807938,7/31(月) 11:49
gdo,チェイカがハリントンとのプレーオフ制す　藤田寛之33位／全英シニア,https://news.yahoo.co.jp/articles/f4fcb43896e4545d73816ddb33ff9e3da2d5e074,7/31(月) 11:13
gdo,フランス勢3人目のメジャーV　ブティエ「私の最大の夢だった」,https://news.yahoo.co.jp/articles/19daeb406e61f6d408285c24076bd892594d63ff,7/31(月) 10:16
gdo,体力勝負の1カ月　大西魁斗は米下部4連戦から「フジサンケイ」で国内初戦,https://news.yahoo.co.jp/articles/6a86973e4bf7b31984ebb7bca286f2741c0a256e,7/31(月) 9:02
gdo,ショット1位も「なにもよくない」　松山英樹は焦りと悔しさを残した一週間,https://news.yahoo.co.jp/articles/d6067d70fd56bb89c920ac3494e994585e073a15,7/31(月) 8:03
gdo,渋野日向子「手の痛みなく」4日間完走　パット不調も表情明るく,https://news.yahoo.co.jp/articles/4da9aa076db60b5245306b1a14d542125735ffde,7/31(月) 7:15
gdo,“技量通り”の球が出る嘘のつけないドライバー「パラダイム トリプルダイヤモンドS」を試打,https://news.yahoo.co.jp/articles/736f87574ca6f22de5d3d69df5ca408e6fbd6503,7/31(月) 7:02
gdo,ホッジスが大会記録で初優勝　松山英樹30位　大西魁斗64位,https://news.yahoo.co.jp/articles/9fb46ef7350d66c9b07bdde3107e206fdad15d94,7/31(月) 6:58
gdo,畑岡奈紗はメジャー初Vならずも今季ベスト3位 「残すは優勝だけ」,https://news.yahoo.co.jp/articles/944de9f3d6cb6ddf3defa3f49ebccda93c97cc2c,7/31(月) 6:02
gdo,ブティエが母国でメジャー初優勝　畑岡奈紗と笹生優花は3位,https://news.yahoo.co.jp/articles/1e9b45dc40fa326f76d2856b8973e0b65f35089f,7/30(日) 23:53
gdo,【速報】畑岡奈紗は6打差3位でラスト9ホール　渋野日向子「76」,https://news.yahoo.co.jp/articles/e24a1194c1951c23969c07022290ec2bc651066f,7/30(日) 21:34
gdo,「二度と打ちたくない。全て台無し」 中島啓太の痛恨の一打,https://news.yahoo.co.jp/articles/5cfecae6aa6945dee7d9ad9d836997df254d9330,7/30(日) 20:15
gdo,【速報】畑岡奈紗は最終日バーディ発進　渋野日向子は後半プレー中,https://news.yahoo.co.jp/articles/40845aea8bea067bca56cf667e148a72b6c6ad9b,7/30(日) 19:46
gdo,初優勝はまたもお預け 上井邦浩「ヘタですね、ゴルフが」,https://news.yahoo.co.jp/articles/2d5031ec051b6c96532d59750344cc0310b68e6c,7/30(日) 19:33
gdo,「ゴルフ人口やファンを増やしたい」 平田憲聖が描く青写真,https://news.yahoo.co.jp/articles/1f24ea243248116671ba3b29192dd8dce49aa808,7/30(日) 19:09
gdo,日本選手歴代4位の“年少ツアー2勝” 19歳の櫻井心那「こんなに早く…」,https://news.yahoo.co.jp/articles/d34cd9a2ac6a8f05087d653fd2d9c7d971437e30,7/30(日) 17:48
gdo,「勝たないと意味がない」 鈴木愛は逃げ切り失敗で3位,https://news.yahoo.co.jp/articles/860ce46771ffaeed9b40066d2bfb3bed7c982052,7/30(日) 17:03
gdo,平田憲聖が国内メジャー初優勝　2位に蝉川泰果と金谷拓実,https://news.yahoo.co.jp/articles/929e7fdd6ed2ee3ebbd1f5258d7743a1279c2942,7/30(日) 16:25
gdo,櫻井心那が逆転で今季2勝目 2位にイ・ミニョン、3位に鈴木愛,https://news.yahoo.co.jp/articles/5fcb009208ad683bd97b521511b069c2547ff4b3,7/30(日) 13:16
gdo,「やっぱりステーキが好き」大西魁斗はチキンと熟練選手が多い下部で修行中,https://news.yahoo.co.jp/articles/eaae305249225176f2fce10b2f63c2aac4430650,7/30(日) 11:33
gdo,金谷拓実はリズムを取り戻して復調 メジャー連勝へ「自分を信じて」,https://news.yahoo.co.jp/articles/32b623c338771f2006423aa986623a991ddfe32f,7/30(日) 9:32
gdo,松山英樹は“現状維持”ならポイントランク56位　池に3回「73」,https://news.yahoo.co.jp/articles/fc0f9f8cf88176554c4376e7f1b5a82cfc4c7a0c,7/30(日) 8:30
gdo,3本目でようやくフィット？　山下美夢有の日替わりパター,https://news.yahoo.co.jp/articles/1cd783ae2bb9be2abaf912ea023c42b2c45a13f3,7/30(日) 7:45
gdo,ホッジスが初勝利へ5打差首位　松山英樹39位　大西魁斗55位,https://news.yahoo.co.jp/articles/47dbdd670bc68cc3d843f8e6e2a61b1de682d65c,7/30(日) 7:03
gdo,「難しい。嫌じゃわ」 渋野日向子は初のアンダーパーも“鬼門”の2番に嘆き節,https://news.yahoo.co.jp/articles/e7b813d67f9ca737f4b97ca571c7267714a6668b,7/30(日) 6:01
gdo,畑岡奈紗は後半パットに苦しみ3打差　メジャー初Vへ「最後はグリーン上」,https://news.yahoo.co.jp/articles/b0c172db045b25313a445ee43e887bda17cd3f37,7/29(土) 23:27
gdo,畑岡奈紗は3打差2位で最終日へ　笹生優花は5打差を追う,https://news.yahoo.co.jp/articles/cb8ce4c95f4cfc8042ed8d378a78271c46c35651,7/29(土) 21:35
gdo,プロ19年目の初優勝へ「自分のやれることを」 上井邦浩が1打差2位浮上,https://news.yahoo.co.jp/articles/77cc7637285cd701a05aa6e542677b564770c0fa,7/29(土) 19:17
gdo,25歳の誕生日に「76」で最下位へ　植竹希望「初めて熱中症になりました」,https://news.yahoo.co.jp/articles/4f94422546e8bc63c018afed026e9de320427322,7/29(土) 18:45
gdo,ボギーに発奮しカムバック メジャー初Vへ平田憲聖「自分のゴルフと向き合う」,https://news.yahoo.co.jp/articles/c9b2c958f1b56cc8347eeb31375dd4b24de311b0,7/29(土) 18:22
gdo,「もちろん狙います」 櫻井心那は“通算21アンダー”で今季2勝目へ,https://news.yahoo.co.jp/articles/3be94a135ca6e0480a6d5b7fee57befe4152c53a,7/29(土) 17:31
gdo,【速報】畑岡奈紗はバーディ発進　渋野日向子は2つ伸ばして後半へ,https://news.yahoo.co.jp/articles/d58e1d18b95f02f61dc6caf79d65d553e016685b,7/29(土) 16:56
gdo,平田憲聖が国内メジャー初優勝に王手 ツアー未勝利の上井邦浩が1打差,https://news.yahoo.co.jp/articles/9bd45ad08f527333e5099425820bbb942b58ae92,7/29(土) 16:42
gdo,コロナ感染のブランクでパットが“再覚醒”した鈴木愛　3つの改善点,https://news.yahoo.co.jp/articles/05b5a8a5cf1e2f7cba5d807291d9050be8ef9898,7/29(土) 15:53
gdo,大西魁斗が起死回生イーグル「PGAツアー初の週末を楽しむ」,https://news.yahoo.co.jp/articles/6a2729d83fce1ac3de3acdc11c2d32d00d5d34e9,7/29(土) 13:43
gdo,鈴木愛が2年ぶりツアー18勝目に王手 2打差2位に櫻井心那,https://news.yahoo.co.jp/articles/d09d1b50f4c824088e6666e23f09ea4f593cd543,7/29(土) 13:13
gdo,中断挟んで“池ポチャ”フィニッシュ　松山英樹は首位と7打差で週末へ,https://news.yahoo.co.jp/articles/5547bbff879ab373976ba4310f017d757e036758,7/29(土) 11:40
gdo,松山英樹は10位に後退　大西魁斗も決勝ラウンドへ,https://news.yahoo.co.jp/articles/deb5200d8f691aa35105d950ad71f76541359187,7/29(土) 11:26
gdo,スロープレーの罰打を“拒否”　世界ランク31位が過少申告で失格,https://news.yahoo.co.jp/articles/671c6066c54d586b28236946132388ff2ee52a96,7/29(土) 10:46
gdo,小平智は予選落ち　秋のシリーズ前に一時帰国を予定,https://news.yahoo.co.jp/articles/e7f952350076705e33a942cd8ddac24a0cba17d6,7/29(土) 10:08
gdo,海外メジャーでホールインワン　馬場咲希「ゴルフって楽しい」,https://news.yahoo.co.jp/articles/dc08e859f83296c2c1aafbef9ac43d79f98d0736,7/29(土) 8:47
gdo,知名度も急上昇中の20歳　宮澤美咲は初の予選トップ通過で週末へ,https://news.yahoo.co.jp/articles/4f55e49e1cd309a5434945253a58439b7d6ddb13,7/29(土) 8:00
gdo,渋野日向子が3カ月ぶりの予選通過「ガマンのゴルフが続いた」,https://news.yahoo.co.jp/articles/6b30f1583d40e2b5d9621d2f59f26b24f23bebc6,7/29(土) 6:54
gdo,畑岡奈紗「冷たかった」初めての一打　池に片足からナイスリカバリー,https://news.yahoo.co.jp/articles/d50f3845b5087bc06e4a4b767174d9b107b0e1b8,7/29(土) 6:01
gdo,笹生優花と畑岡奈紗が首位争い　渋野日向子は39位で決勝へ,https://news.yahoo.co.jp/articles/58eda400c7d28023e7ee88a85a450a834d0ad72b,7/29(土) 3:17
gdo,【速報】渋野日向子は前半1オーバー　予選カット圏内で後半へ,https://news.yahoo.co.jp/articles/7b5c6400a8d7c9e565ae843c232e97df1270fcd9,7/28(金) 22:37
gdo,小祝さくら記録タイ8連続バーディで急浮上　「命の危険」感じる猛暑との戦いも,https://news.yahoo.co.jp/articles/101bea49f60b439752ddc59db86c69f274263431,7/28(金) 20:53
gdo,【速報】渋野日向子はボギー先行　笹生優花、畑岡奈紗が首位に迫る,https://news.yahoo.co.jp/articles/7935cc920e86b676c76eaac78ac5d1cea086c6f0,7/28(金) 20:27
gdo,「マジ！？そんな高値がつく？」 ネットで中古クラブを賢く売る方法 あんまり見られると困るなぁ,https://news.yahoo.co.jp/articles/5e722ac7e53e97fa050d4c97a97cbf6320ed2c6b,7/28(金) 20:02
gdo,難度1位のパー4で“トリ” 石川遼は4打差8位で週末へ,https://news.yahoo.co.jp/articles/1d617433c5a65e054e0b94f99465c0ba2eed38ab,7/28(金) 19:30
gdo,「沼に入っているような感覚」 賞金王・比嘉一貴の苦悩,https://news.yahoo.co.jp/articles/91b599d372b1fac3680de30eca3c4a6428fcd92d,7/28(金) 19:07
gdo,鈴木愛と宮澤美咲が首位ターン　8連続バーディの小祝さくら1打差,https://news.yahoo.co.jp/articles/ed2d2f79954081d7d1cd2fe9e5f1b4ef9a66fd60,7/28(金) 18:55
gdo,上井邦浩・アラフォーの逆襲 （後編）「帰り道でシャットを作る」,https://news.yahoo.co.jp/articles/12769f11c93cd0885ac72ef5babaef8314a04d41,7/28(金) 18:19
gdo,平田憲聖が2打差首位　石川遼はトリプルボギーから後退8位,https://news.yahoo.co.jp/articles/534ee1976dbe113ef14450e8bbb0ee9a88c9e041,7/28(金) 17:58
gdo,首位発進から“82”で予選落ち 池村寛世「全部悪かった」,https://news.yahoo.co.jp/articles/f818c2b178ab96bac76449acdb2c7998d1716ceb,7/28(金) 16:57
gdo,炎天下もなんの　体重計持参の吉田優利「状態いまがベストかも」,https://news.yahoo.co.jp/articles/440e6b243dd5168eeb72d76fcbada58400528f46,7/28(金) 16:29
gdo,19歳のウー・チャイェンが今季2勝目　小林光希は初Vならず／女子下部,https://news.yahoo.co.jp/articles/631377db255895b00481c28dac5ce6a72031300a,7/28(金) 15:58
gdo,【速報】畑岡奈紗は2日目ボギー発進　渋野日向子は午後7時51分ティオフ,https://news.yahoo.co.jp/articles/1e6f24150095921698845fe57df1921fb2b82c77,7/28(金) 15:23
gdo,トレンドに“便乗” トーマスがカウンターバランスパターを投入,https://news.yahoo.co.jp/articles/d02e630b1082649bf1377c105f2f3b610e8b86ea,7/28(金) 14:05
gdo,PGAツアーは“飛ばないボール”を支持せず　提案新規則に意見分かれる,https://news.yahoo.co.jp/articles/f61c448a14c2feb818ff26d94e6ced363bbdbe9a,7/28(金) 12:37
gdo,ヒメネスが全英シニア2勝目へ首位発進 藤田寛之は66位,https://news.yahoo.co.jp/articles/7f36b75f0033f3bfad0e788b1dc3f56fc484e358,7/28(金) 11:18
gdo,スズキ「ジムニーシエラ」キャディバッグ何個積める？　ジムニーの万能力たるや！,https://news.yahoo.co.jp/articles/d1aa78d3dfd5540078462911ec127656cc36f955,7/28(金) 11:02
gdo,ウッド系を総替え 植竹希望が今季ベスト4位発進,https://news.yahoo.co.jp/articles/92ca82b5cef1623402e24725840d63663c4c0198,7/28(金) 10:35
gdo,最高気温40度 ショット“抜群”の松山英樹はシーズンベスト2位発進,https://news.yahoo.co.jp/articles/8869392f07e64402e0b41fdedd1bbb5dffdc2917,7/28(金) 9:47
gdo,松山英樹が1打差2位発進 雷雨で17人ホールアウトできず,https://news.yahoo.co.jp/articles/29320ad9f86894d9e343539f0bedf4b8e9f968df,7/28(金) 9:19
gdo,「ワクワクが大きい」 44歳の異色プロ遠藤彰が1打差6位発進,https://news.yahoo.co.jp/articles/ec9411efb735d3414f25bc270f42dc4f1850b379,7/28(金) 8:31
gdo,「運もあって入り過ぎた」笹生優花は日本勢唯一のノーボギー,https://news.yahoo.co.jp/articles/7bc008242e2a2e0ccfcce21396b98e32a42befc0,7/28(金) 7:30
gdo,「どんより」スタートから3連続バーディ締め　古江彩佳が頼る“客観的な目”,https://news.yahoo.co.jp/articles/c7b49b198c615cf69f7a8a8022ca177e08091d1b,7/28(金) 6:41
gdo,渋野日向子11ラウンドぶり連続バーディ　意識するのは「あばらをキュッと」,https://news.yahoo.co.jp/articles/cc716190ce7d869064e0bc188af1679c04121b3c,7/28(金) 5:32
gdo,笹生優花が3打差6位発進　古江19位,https://news.yahoo.co.jp/articles/5632d73323bd40293be86ffd0606109d47c0da67,7/28(金) 2:54
gdo,【速報】松山英樹は首位でホールアウト　無傷で7バーディ／3Mオープン初日,https://news.yahoo.co.jp/articles/f67572fcd5aed13e179e64926a892a94ba16d5f2,7/28(金) 2:49
gdo,【速報】畑岡奈紗は前半を1オーバー　笹生優花2アンダーで後半プレー中／エビアン選手権初日,https://news.yahoo.co.jp/articles/6deb50f0b92a844807181a8d366a1f98b841cbe5,7/27(木) 22:34
gdo,【速報】渋野日向子は1オーバー発進　古江彩佳は3連続バーディ締め,https://news.yahoo.co.jp/articles/2f191db18c4ecd9cddb9bf9a493d4ed1f2a50827,7/27(木) 20:13
gdo,信頼の2019年モデル　池村寛世が“旧ドライバー”回帰で「100点」スタート,https://news.yahoo.co.jp/articles/129f914d7b2ffe3411cc31b7c92570120dbcfcab,7/27(木) 19:56
gdo,コロナ感染にもめげず　鈴木愛は週4の3時間トレーニングで復活,https://news.yahoo.co.jp/articles/8199b8590d08cc1a96bf5910b4e8a7cc85fff047,7/27(木) 19:39
gdo,ツアー未勝利の菅沼菜々と宮澤美咲が首位発進 1打差に川岸史果,https://news.yahoo.co.jp/articles/1895e9e293f28db140eda8794c867031139ae8a6,7/27(木) 19:07
gdo,石川遼ら5人が首位 3打差以内に33人の大混戦スタート,https://news.yahoo.co.jp/articles/6f1b649179a7e63025ae0e5b744a4b1f137164d3,7/27(木) 18:25
gdo,【速報】渋野日向子はイーブンで後半へ 山下美夢有が序盤2アンダー,https://news.yahoo.co.jp/articles/113f9aeb5776de98986face94c665e2c6958b587,7/27(木) 17:22
gdo,“全英土産”を生かして 平田憲聖がノーボギー「68」,https://news.yahoo.co.jp/articles/6a838142a2795719ea29e8ca386657f9be9c50c5,7/27(木) 16:55
gdo,ウー・チャイェンと小林光希の新人2人が首位／女子下部,https://news.yahoo.co.jp/articles/30b07788da9bd650153b64e97664a72b428ab47a,7/27(木) 16:26
gdo,初体験のイーグル発進から「65」　菅沼菜々はショット“キレキレ”で23パット,https://news.yahoo.co.jp/articles/d12324066bec9854a129e4deb2dc2c3c2ca00801,7/27(木) 15:35
gdo,【速報】渋野日向子はボギー発進 メジャー「エビアン選手権」開幕,https://news.yahoo.co.jp/articles/e7c6e1c723579b018546065f6e549a1ee7c4c516,7/27(木) 15:11
gdo,「もっとスコアが悪くてもおかしくない」 石川遼が耐えた「68」で好発進,https://news.yahoo.co.jp/articles/859d6465dfa86619dbd6eb39f0a132a5bda93430,7/27(木) 14:52
gdo,「1週間で人生は変わる」　16連戦中の大西魁斗がマンデー突破,https://news.yahoo.co.jp/articles/1fb6d8e39edd9c5d566624e2911ac2e5fbe53545,7/27(木) 13:45
gdo,森田さ～ん、エビアンのお天気は？ 「フェーン現象で予選Rは気温高め 金曜PMから天気不安定に」,https://news.yahoo.co.jp/articles/92a912ff8fd59420f63e324bb5dbdc28bd497cfd,7/27(木) 12:32
gdo,バーディ発進に「シャー！」　松山英樹はパター2本を持って最終調整,https://news.yahoo.co.jp/articles/41aa16dc3558a3f08e95306004f3ee7d8bb11f93,7/27(木) 10:05
gdo,畑岡奈紗はウッド系が心配「あんまり良くない」,https://news.yahoo.co.jp/articles/9c9918efeab351477967110cc2cc3b5a5bc814a3,7/27(木) 8:05
gdo,ツアー史上最長の“モンスター・パー3” トッププロはどう攻める？,https://news.yahoo.co.jp/articles/683c39b44dede1e4b3c734f920f3d7e1baeee695,7/27(木) 7:09
gdo,気温35度超え　吉田優利は「特注」のインナーで対策,https://news.yahoo.co.jp/articles/a0c3d96becfaeb4ff9ec053e565ea9564ff8f9d3,7/27(木) 6:15
gdo,年間レース3位　古江彩佳「“初めまして”じゃない気持ち」,https://news.yahoo.co.jp/articles/55ced10924ad81ec74daacdc748c02fededf551b,7/27(木) 5:22
gdo,今さら聞けない「ローバウンスとハイバウンスの違いは？」バウンスについて教えて,https://news.yahoo.co.jp/articles/ad87f8d6edc53430eceb8659b9507b05df910b09,7/26(水) 20:02
gdo,「欲張らない、焦らない」 渋野日向子の目指す“ぼちぼち”,https://news.yahoo.co.jp/articles/5f57737c5702c567284f0e10fe4f6253099095b6,7/26(水) 19:09
gdo,看板背負ってもバースデーでも「変わらない」　稲見萌寧の“楽天”主義,https://news.yahoo.co.jp/articles/ea028f916ae4b4bcfe3d360833be16b66638133d,7/26(水) 18:44
gdo,オープンウィーク明けの国内メジャー　石川遼は3週間で心身を“充電”,https://news.yahoo.co.jp/articles/a18078e10c57e1607f70a8dca2be025732cc6e8e,7/26(水) 18:24
gdo,睡眠は1時間半 「全英」帰り中島啓太が悩む時差ボケ,https://news.yahoo.co.jp/articles/89e3bb21eb2768e1860ec0d32b82addf1b5b40dc,7/26(水) 17:48
gdo,双子の妹がいない寂しさも　岩井明愛「休もうという考えはない」,https://news.yahoo.co.jp/articles/8d828be0b603893bab100e297a408ef13db2f229,7/26(水) 17:33
gdo,「エビアン選手権」日本と関わり深く,https://news.yahoo.co.jp/articles/8180dd2aecfc054a8617dc6d5edfca6b76e9c727,7/26(水) 16:50
gdo,ルーキーの小林光希が首位発進 3打差2位に澁澤莉絵留ら5人,https://news.yahoo.co.jp/articles/7122572190fe8ac2e60937a05bb5cbfa2b5a7013,7/26(水) 15:59
gdo,直ドラは“池ポチャ”も　岩井千怜「アグレッシブなところを見せたい」,https://news.yahoo.co.jp/articles/2d2acf289e24aa1e71a96d9ca5990d605ce0f3e5,7/26(水) 14:21
gdo,10年連続の最終戦切符へ正念場　松山英樹はトップ30まであと何ポイント？,https://news.yahoo.co.jp/articles/4d8171c60b5f1da4cb6a1b6917223edb8e8c6fc7,7/26(水) 12:41
gdo,上井邦浩・アラフォーの逆襲 （前編）「イップスは技術で解決できる」,https://news.yahoo.co.jp/articles/90de15c08a45a1da06c6f31403ae36998f59c3dd,7/26(水) 12:03
gdo,よし毎日やるゾ！ 効果が倍になるパター練習法 岸部華子,https://news.yahoo.co.jp/articles/d041e4cfcfb0e88df2a53517842d8a847615c3a6,7/26(水) 11:02
gdo,ハーマンの「全英」制覇ギアからアマチュアが学ぶべき5つのポイント,https://news.yahoo.co.jp/articles/a7ab3d6e4c27d76ed08d30a05e943f51f95bd0da,7/26(水) 10:40
gdo,馬場咲希はフランスで新ドライバー投入「直進性のある球」,https://news.yahoo.co.jp/articles/f5bc686c37b11ddfcf070890093d55a9140d00da,7/26(水) 7:51
gdo,パター4本で初フランスへ　山下美夢有「テンションも上がる」,https://news.yahoo.co.jp/articles/b7a70f25b21f220c9c3916c6d08fcac11bff0629,7/26(水) 7:10
gdo,古江彩佳は世界1位と同組／エビアン選手権組み合わせ,https://news.yahoo.co.jp/articles/c013a895b4cc2031321d2d2737a6e92fb99f0d95,7/26(水) 5:50
gdo,プレーオフシリーズまで残り2戦　松山、小平、大西が出場,https://news.yahoo.co.jp/articles/2bc9dacc59deb5d8fb8f0be3635bdc1867b4d441,7/25(火) 18:03
gdo,5年ぶり海外メジャー 蝉川泰果の収穫と松山英樹のすごさ,https://news.yahoo.co.jp/articles/67e41131e15f5ddf70c40890b0c71ca315f30a04,7/25(火) 16:51
gdo,PGAツアーとLIV統合計画　“独禁法”の行方は／小林至博士のゴルフ余聞,https://news.yahoo.co.jp/articles/cf08988c4b3bfc33203e18b7edf88495ab339514,7/25(火) 16:01
gdo,松坂大輔氏のプロトーナメント挑戦に密着　ABEMAでリアリティ番組,https://news.yahoo.co.jp/articles/5dbfecc777b0932d74a2f05ccf28d0a7038ab908,7/25(火) 15:06
gdo,ハーマンのメジャー初V支えた14本 信頼のパターが悲願をアシスト,https://news.yahoo.co.jp/articles/96317f8acf7dda9b2374b134764bf1a0dd3b5988,7/25(火) 13:26
gdo,男子ツアーがメジャーで再開 「全英」帰りの中島啓太、比嘉一貴らが北海道へ,https://news.yahoo.co.jp/articles/66a0fb2f59dd0336933d1529cd8a72e8c83a89b6,7/25(火) 12:29
gdo,ホステス大会で今季初優勝なるか 稲見萌寧は吉田優利、上田桃子と予選同組,https://news.yahoo.co.jp/articles/f1c29f50ceb86527f4ef4c6c14f8f40bb6f469f5,7/25(火) 12:04
gdo,西村優菜は日本で「小麦ちゃん」とリフレッシュ,https://news.yahoo.co.jp/articles/d1ccb3fd7e28bfa4a7f5994e190156e97f5d4ccd,7/25(火) 11:05
gdo,「鹿児島そっくり」 勝みなみは初めてのフランスに“既視感”,https://news.yahoo.co.jp/articles/619c8ff737c1e95a20e95a646b7876d99483d665,7/25(火) 9:25
gdo,メジャー昇格から10回目　古江彩佳ら日本勢10人出場,https://news.yahoo.co.jp/articles/b20b6d65a57a7a56515484bd182a33ed983627f0,7/25(火) 7:28
gdo,小滝水音は257ランク浮上　古江彩佳が日本勢トップで「エビアン」／女子世界ランク,https://news.yahoo.co.jp/articles/00377c364a3e40559d46b5a883da40670187aa32,7/25(火) 6:23
gdo,「へし折られた」鼻っ柱　蝉川泰果のメジャー初挑戦とこれから,https://news.yahoo.co.jp/articles/a63d7ca72f59f53d27ade61efbb0be303fcca117,7/24(月) 17:49
gdo,アキラ契約の小滝水音 “年代物”3Wと5Wは「高校時代に買いました」,https://news.yahoo.co.jp/articles/fe61d58638cdda64128b1e8f30b6fd1fa71c95ff,7/24(月) 17:02
gdo,全英覇者ハーマンが初のトップ10入り 松山英樹29位／男子世界ランク,https://news.yahoo.co.jp/articles/88aa58be728b214ea2dd517f3f94b638fb634504,7/24(月) 16:17
gdo,ツアー史上初の“珍事” レフティ2人が同日優勝,https://news.yahoo.co.jp/articles/c2480a8af3b906c24ca5894ecb99255b6c3d511c,7/24(月) 15:10
gdo,ブーイングにも屈さない　ハーマンの全英を制した“58／59”,https://news.yahoo.co.jp/articles/048d59ed8496aa2858c0afa8eaab3a42b2029fde,7/24(月) 11:46
gdo,「ドライバーにしておけば…」3Wのティショットで失敗しないコツとは 　横田英治,https://news.yahoo.co.jp/articles/9c29a80c593044fb03037a29b00a81092bfe068d,7/24(月) 11:02
gdo,21歳のバティアがプレーオフ制し初優勝 久常涼はトップ10入り,https://news.yahoo.co.jp/articles/5c1d4e79d2605cf7413cf9a82017a12a8a5e7727,7/24(月) 9:27
gdo,全英史上最高のビッグマネー　松山英樹と星野陸也はいくら稼いだ？,https://news.yahoo.co.jp/articles/d574a7fec47c5290493a6b49e8d1837c56fb4f54,7/24(月) 8:16
gdo,星野陸也の覚悟　国内大会欠場で次戦も欧州へ「また風と楽しむ」,https://news.yahoo.co.jp/articles/6a6349167dbdba9665b49c03e80a540ba7b26dbc,7/24(月) 7:15
gdo,「上位に行けそうな雰囲気」から　松山英樹は勝負のシーズン終盤へ,https://news.yahoo.co.jp/articles/505db47c96fd9c7f1fb115362e4ec2cd7455219e,7/24(月) 5:55
gdo,170cmレフティのハーマンがメジャー初優勝　松山英樹13位,https://news.yahoo.co.jp/articles/f4d3df19af2b88e4bef0aacf93164c08f92b6be1,7/24(月) 2:21
gdo,【速報】松山英樹は2つ落として後半へ　星野陸也「77」　最終組スタート,https://news.yahoo.co.jp/articles/ba804accd18dd1fa40cbf3785b92682f3fdb4905,7/23(日) 22:56
gdo,【速報】松山英樹は最終日パー発進　星野陸也は落として後半へ,https://news.yahoo.co.jp/articles/5484ac485137bcd6ae3e7a117e35b79dda43efb5,7/23(日) 21:04
gdo,「今度は自分のゴルフを」 山下美夢有は5位フィニッシュで海外メジャー連戦へ,https://news.yahoo.co.jp/articles/3258ee164a236d91c6bee2af43108eb5bb8058d0,7/23(日) 17:29
gdo,QTランク114位の7年目に悲願 小滝水音「私は運がいい」,https://news.yahoo.co.jp/articles/ea7bc9511da8245f656bd5dc989ce429793eb210,7/23(日) 16:50
gdo,雪は「ハンデじゃない」 北海道ジュニアゴルファーの“冬事情”,https://news.yahoo.co.jp/articles/4a8d325f0122562d0a6f80c7609e5d97b2e9f2cd,7/23(日) 14:15
gdo,25歳の小滝水音が初優勝 “黄金世代”13人目,https://news.yahoo.co.jp/articles/ead773b8ba77776bf8fa4c725a41a4744323bf24,7/23(日) 12:35
gdo,「クラレットジャグ」の前はベルトだった／いまさら聞けない全英オープン(6),https://news.yahoo.co.jp/articles/d6a840561db421a097d50a8a952043b1c0ee844a,7/23(日) 12:08
gdo,39位→3位　ジョン・ラームがメジャー自己ベスト「63」,https://news.yahoo.co.jp/articles/d2eb2ceb7062a3961a35f72952dacae407cfae1b,7/23(日) 10:55
gdo,シャイアン・ナイト＆エリザベス・ゾコルが逃げ切りV　笹生＆ブティエは3位,https://news.yahoo.co.jp/articles/21cc942cf1b7c7dc6dcb5b29a3c1c5785fbcce33,7/23(日) 9:39
gdo,パトリック・ロジャース首位　久常涼は17位で最終日へ,https://news.yahoo.co.jp/articles/9869c3828ecb89821409e762d073e1ba923245a0,7/23(日) 9:25
gdo,繊細と鈍感のあいだで　星野陸也の“アイアンカバー”と欧州転戦で得たもの,https://news.yahoo.co.jp/articles/d57670b6f6a1b1ea87084123adf4d8e4cd118f52,7/23(日) 7:38
gdo,松山英樹は10打差で最終日へ　2バーディにとどまる,https://news.yahoo.co.jp/articles/469d301ef2eac8b5da2e6d32602ae3a5115615ea,7/23(日) 5:02
gdo,ハーマン独走でメジャー初V王手　松山英樹17位 星野陸也41位,https://news.yahoo.co.jp/articles/3ddfcaf45fde0d9ec35150a7cf9fb806602baaea,7/23(日) 3:45
gdo,【速報】松山英樹は1つ伸ばして後半へ　星野陸也「70」でホールアウト,https://news.yahoo.co.jp/articles/f96f45e94b874692e054ccb8f12ccc033cf7145c,7/22(土) 23:19
gdo,【速報】松山英樹は3日目パー発進　星野陸也は伸ばして後半へ,https://news.yahoo.co.jp/articles/8d1394af72f97aaa3ba205840702cf94a04cb260,7/22(土) 21:29
gdo,「雨は考えてなかった」小祝さくらは首位と2打差 16ホール残して最終日へ,https://news.yahoo.co.jp/articles/2459c2dd8702ac5649a58da67af6902ab70005a3,7/22(土) 18:31
gdo,稲見萌寧は暫定9位浮上も「あと8ホールしかない」,https://news.yahoo.co.jp/articles/4f416764ea3c27928f3c024079860e47e26d8ffd,7/22(土) 17:55
gdo,環境活動家が全英乱入で逮捕 選手も“確保”に協力,https://news.yahoo.co.jp/articles/c1ca3404b3b9b296babf2d47546f9de7554d5e73,7/22(土) 16:32
gdo,大雨で第3ラウンド順延 54ホール競技に短縮,https://news.yahoo.co.jp/articles/8a8603d59cd06c09002fe87b3d098d6793eb0f04,7/22(土) 15:57
gdo,40年間で負けなしの記録　170センチのハーマンが5打差で全英ターン,https://news.yahoo.co.jp/articles/e3e253ef693771f83919fceb2db68b3323c3d9dc,7/22(土) 14:39
gdo,R＆Aって？　男子メジャーの主催者おさらい／いまさら聞けない全英オープン(5),https://news.yahoo.co.jp/articles/c2fcd53b2850d420aa3e0ed0415262650de91119,7/22(土) 13:01
gdo,久常涼が112位から15位に急浮上　川村と小平は予選落ち,https://news.yahoo.co.jp/articles/e4d57155a26cb1a099c6daf7337fc340c34e5723,7/22(土) 11:37
gdo,スズキ「スイフトスポーツ」キャディバッグ何個積める？ まさに「3サム」にドンピシャの1台,https://news.yahoo.co.jp/articles/1c757506d0cbe733eb4cc43dfa29b1cca9a50b32,7/22(土) 11:02
gdo,「ゴルフは直感力」 丸山茂樹が高校生ゴルファーに “金言”,https://news.yahoo.co.jp/articles/e90008d0374db4d17f88a65db678be11e1ed8993,7/22(土) 10:40
gdo,海外初ゴルフは最後に落とし穴　安森一貴の全英の思い出と記念写真,https://news.yahoo.co.jp/articles/ce2f57aac7fcef70c03dee5cd21feaa76e0ed2ab,7/22(土) 9:29
gdo,笹生＆ブティエ組は6打差5位で最終日へ,https://news.yahoo.co.jp/articles/bb0a36755c3f3293a4ff03ae17d4609f26c14985,7/22(土) 8:45
gdo,欧州仕込みの“滑り込み男”　星野陸也はメジャー2戦連続で予選通過,https://news.yahoo.co.jp/articles/ade68749d7d67c3542e4f895e6f036547286870f,7/22(土) 8:13
gdo,「ヘタクソだなと」中島啓太は思い出のリバプールに2日で別れ,https://news.yahoo.co.jp/articles/de5dfdef77e0e976f44477fc1d3a21d7a7da5ac8,7/22(土) 7:39
gdo,松山英樹は25位　星野陸也も39位で決勝へ　ハーマン独走首位,https://news.yahoo.co.jp/articles/a4ebe7479652df32f30cc1b939fb302dbbe835f5,7/22(土) 7:10
gdo,まずは“2位”との差に照準　松山英樹はナイスボギー締めで週末へ,https://news.yahoo.co.jp/articles/460faec9dcb17e93e47af8ba9c81f0118b591a66,7/22(土) 7:04
gdo,【速報】松山英樹は2日目パー発進　中島啓太「76」で予選カット圏外,https://news.yahoo.co.jp/articles/d4f7d80e8a174336f1a546f4db74608abc5f829b,7/21(金) 23:09
gdo,一喜一憂しない吉田優利の流儀 「調子通りのスコア」,https://news.yahoo.co.jp/articles/59bea6cbf413b35b5e3a94abe3ce034e2a025890,7/21(金) 20:04
gdo,ポチっとする前に必読！ ネットで中古クラブを買う時の ABC  ～ウッド編～,https://news.yahoo.co.jp/articles/32ca5f69bc599b0c592bd3a387a11815b5cbc89b,7/21(金) 20:02
gdo,「リーダーボードは見ません！」 ツアー初優勝に最も近い菅沼菜々の決意,https://news.yahoo.co.jp/articles/ed7d0f208280fab229d80e13b7d23ef07643a6a1,7/21(金) 19:31
gdo,“下剋上初優勝”から4カ月 「安全」脱出で2勝目狙う山内日菜子,https://news.yahoo.co.jp/articles/93e6a75dd6df8ca4fccf710f65268bb0d29e09c1,7/21(金) 18:30
gdo,「奇跡みたい」 ホステスプロ後藤未有が地元で“優勝宣言”,https://news.yahoo.co.jp/articles/8698b0ff9afe980ee2244de5a386d0fb5a8f5b46,7/21(金) 18:21
gdo,小滝水音が首位で決勝へ　吉田優利1打差,https://news.yahoo.co.jp/articles/17dcffddbe6fc5f6ad898b0b77ff7d616822a500,7/21(金) 17:36
gdo,ウッズもマキロイも採用 ロイヤルリバプールで成功するための“レシピ”,https://news.yahoo.co.jp/articles/d8d4c22e776593475a4f36ce77bccbcdbb97668c,7/21(金) 16:30
gdo,【速報】全英オープン第2ラウンドがスタート　松山英樹は午後10時37分ティオフ,https://news.yahoo.co.jp/articles/a237e29bc0cd87402a8f3b70e7f51b374a0f29d4,7/21(金) 15:47
gdo,ヤマハの新ドライバー「RMX VD」を女子ツアーで発見　前後にスライドバーが…,https://news.yahoo.co.jp/articles/9f85d89dc8f5107d6d5102bdef501c825651d2ae,7/21(金) 15:17
gdo,コリン・モリカワが「全英」で未公開の3番アイアンを使用,https://news.yahoo.co.jp/articles/8a49c85fa07e0354db4ad43061c3e7a1c718410a,7/21(金) 13:12
gdo,首位発進の203cmアマ クリスト・ランプレクトの使用ギア,https://news.yahoo.co.jp/articles/17ef085d12a689de84312249783984d0bdadced8,7/21(金) 12:23
gdo,ノ・スンヨルが首位発進　川村、小平、久常は出遅れ112位,https://news.yahoo.co.jp/articles/becbb766a2c87f87b50b06fc2d70478ebb994e06,7/21(金) 11:44
gdo,丸山茂樹、杉澤伸章氏らが「夢」を説く　ジュニア応援スペシャルマッチ,https://news.yahoo.co.jp/articles/4c26106525f754830e8132f67944c5782bcd530b,7/21(金) 11:18
gdo,笹生＆ブティエ組2打差4位に後退　トンプソン＆ヘンダーソンは予選落ち,https://news.yahoo.co.jp/articles/7097c4c9ba1152ef771554e4cf7db8b0b8707e5e,7/21(金) 10:16
gdo,前哨戦Vから忍耐の初日　マキロイがポットバンカーから見せた執念,https://news.yahoo.co.jp/articles/61d07648ea0ac0f9e53ad7ffdc20debf253a8bdd,7/21(金) 10:00
gdo,母の死から一年　フリートウッドが故郷でメジャー獲りへ,https://news.yahoo.co.jp/articles/621365b08847ffa676710cd1666aeb4504d0c396,7/21(金) 9:19
gdo,身長203センチ！　全英で12年ぶりにアマチュアが首位発進,https://news.yahoo.co.jp/articles/cea7514225339781217ee3f08a5d37018444d2c2,7/21(金) 8:46
gdo,ホールアウトは午後9時42分　リンクスの長い一日／いまさら聞けない全英オープン(4),https://news.yahoo.co.jp/articles/4f77010d01f4b86188b9119d5e591d3629b7dc86,7/21(金) 8:17
gdo,最後まで気が抜けない　比嘉一貴と金谷拓実はダボフィニッシュ,https://news.yahoo.co.jp/articles/080ae5c09d45b1e9af9d8b83211617163ed3893b,7/21(金) 7:37
gdo,拍手喝さいのパー3　中島啓太は「絶対、死守」のメンタルで1オーバー,https://news.yahoo.co.jp/articles/2e36ca77d9f6cdb9c460a48a4d09cf2f49c9a793,7/21(金) 6:55
gdo,松山英樹は4打差19位発進　フリートウッド、22歳アマら3人首位,https://news.yahoo.co.jp/articles/3b02d01c5a1c58f8a824b5ae7f8a82526357fc7e,7/21(金) 5:45
gdo,グリーン上でガマンの連続　松山英樹は序盤の流れ守り1アンダー,https://news.yahoo.co.jp/articles/375ba30a812dd178a45eff16cbc03528d5702a3f,7/20(木) 23:58
gdo,【速報】松山英樹「70」でホールアウト　中島啓太はパー発進,https://news.yahoo.co.jp/articles/99e4a2340ae46b1d8428d2a03453414c2886b48d,7/20(木) 22:55
gdo,【速報】松山英樹はイーブンで後半へ　金谷拓実は上位でプレー中,https://news.yahoo.co.jp/articles/98fff42fd7cbb049813cb74faa45e0b77e32d556,7/20(木) 20:14
gdo,プロ10年目で初の長尺パター 堀琴音が今季ベスト「67」,https://news.yahoo.co.jp/articles/d2e7022641566f2e8f55cd9cd7d67dbd26767839,7/20(木) 19:22
gdo,櫻井心那に追いつけ！ コロナ乗り越え竹田麗央が初優勝へ好発進,https://news.yahoo.co.jp/articles/70e4950b8e8b64e59a92f9cacee003b5dd15d1e4,7/20(木) 19:07
gdo,父も母も祖父もバースデー 永峰咲希が「68」発進をプレゼント,https://news.yahoo.co.jp/articles/e29f7f610b48184121800c5b95d7df613fce5d8b,7/20(木) 18:45
gdo,1日に2回も挑戦！ 岩井千怜が “直ドラ”をする理由,https://news.yahoo.co.jp/articles/474e692fe6823eeebc16d0fef77614b9897a3600,7/20(木) 18:22
gdo,【速報】松山英樹は初日パー発進　蝉川泰果は出だしボギー,https://news.yahoo.co.jp/articles/8bc2e17b6ffa4ff6bd3ed2aeaacbedfd36bd80a1,7/20(木) 18:09
gdo,吉田優利とリ・ハナが首位発進　山下美夢有、安田祐香ら1打差,https://news.yahoo.co.jp/articles/96e9a5d8c0c9c49bf5d3dc74999bf7ef1a43bc8e,7/20(木) 17:42
gdo,【速報】「全英オープン」開幕　星野陸也が日本勢の先陣を切りティオフ,https://news.yahoo.co.jp/articles/4c53e454d7b5f5a53925c8b3f8df184a87a4d507,7/20(木) 15:18
gdo,森田さ～ん、リバプールのお天気は？ 「週末は下り坂に 風向きの変化にも注意」,https://news.yahoo.co.jp/articles/67b4951d69cbe6cbc72ad6d489f9be204f76d074,7/20(木) 14:49
gdo,“羊の風よけ”に気をつけて　リンクスってなんだ／いまさら聞けない全英オープン(3),https://news.yahoo.co.jp/articles/19450e904ba5fb79860767c6a7eb70db204d1107,7/20(木) 14:14
gdo,永井花奈の日課とは？ １日５球の打点チェックで“ズレ”を日々修正,https://news.yahoo.co.jp/articles/5841959ad10b38c8ae7460a9d38f61a89d767606,7/20(木) 13:20
gdo,ドライバーショットは1度のみ　2006年「全英」を制したウッズの優勝クラブセッティング,https://news.yahoo.co.jp/articles/6b35d59b9d0f41ec794dc2c598119b8a9d706a51,7/20(木) 11:57
gdo,自分の「正しいトップの位置」がわかるお手軽ストレッチ,https://news.yahoo.co.jp/articles/73248f8e57c2ffc94b5e141527d6cbf1b7929004,7/20(木) 11:02
gdo,R＆Aトップが賞金の上昇傾向に警鐘　オイルマネーで「世界変わった」,https://news.yahoo.co.jp/articles/2153bc4ed04c8c38c90bdc143c8d88697869abdd,7/20(木) 10:32
gdo,“ダンロップ13本”　松山英樹は新クラブと最終調整完了,https://news.yahoo.co.jp/articles/55b018bc780dfbb0e5cdc389a87ef1088c48ab7c,7/20(木) 9:02
gdo,笹生優花＆ブティエ組が1打差2位発進,https://news.yahoo.co.jp/articles/f61f289fa34f4e3cbedc9566746f3cf0fe493824,7/20(木) 8:41
gdo,全英で未発売モデル投入　比嘉一貴が「慣れてきた」海外生活とメジャー,https://news.yahoo.co.jp/articles/d1d6fda985ae3bddcbd95e9c4e5cd0aae6b45e0d,7/20(木) 6:41
gdo,リバプールの新名所　中島啓太はプロ初のメジャーで「小さな目」をどう攻める,https://news.yahoo.co.jp/articles/870931b6f9f18471e4a36e21cdf096c907cdc0a7,7/20(木) 5:56
gdo,今さら聞けない「セットのウェッジと単品ウェッジの違いは？」ウェッジについて教えて,https://news.yahoo.co.jp/articles/b0b64d0221e7cbddaf90ad41d4244c8366531133,7/19(水) 20:02
gdo,ゴルフバッグ専用輸送サービス開始　女子ツアーで「利便性向上へ」,https://news.yahoo.co.jp/articles/ed621ae4371e19309f1cb2fa5f23484627eac79f,7/19(水) 18:06
gdo,小祝さくらはジャーマンポテト作ってリフレッシュ 後半戦は「複数回V」を,https://news.yahoo.co.jp/articles/698f587b3e4d944367e1a12c7a896c70e6c281a0,7/19(水) 17:29
gdo,岩井ツインズは止まらない 後半戦目標はともに「複数回優勝」を,https://news.yahoo.co.jp/articles/4d932be3aaeab6c8b52ea3099e4c8ab440af3a6e,7/19(水) 16:47
gdo,メジャーに“完敗”も…　山下美夢有「技術があれば絶対に通用する」,https://news.yahoo.co.jp/articles/8d29c3e88f62af35f2c7b7ca98edd2543c6e8fca,7/19(水) 16:03
gdo,ジェイソン・デイ の14本　“PGAイチのアプローチ上手”が選んだソールはナニ？,https://news.yahoo.co.jp/articles/e9c638f1d630e30f48dcb34908a07da35254710f,7/19(水) 14:20
gdo,「6連戦はしたくない」松山英樹　全英はラストサバイバルの始まり,https://news.yahoo.co.jp/articles/df954709a123cb3968b46c647142f4431a7b6361,7/19(水) 13:40
gdo,車庫にあったクラブがロリー・マキロイの優勝をアシスト,https://news.yahoo.co.jp/articles/d9f78294a876fd254ab71c95b1b9488c53c13acf,7/19(水) 12:33
gdo,150回で14のコースで開催／いまさら聞けない全英オープン(2),https://news.yahoo.co.jp/articles/eef317032575cd185b3fee95c37f5f98c1c3bef4,7/19(水) 11:50
gdo,なぜ転がしアプローチはボールを右足寄りに置くのか？ 岸部華子,https://news.yahoo.co.jp/articles/7fa41ca1e8a7ae9e2cc7bf0415e4b983ef81a0d3,7/19(水) 11:02
gdo,中島啓太が愛用する「TPリザーブ」を女子ツアーで発見,https://news.yahoo.co.jp/articles/cfe7a8fc6055f2aca11dea53e73b53e8d85e2df7,7/19(水) 9:42
gdo,金谷拓実が持ち込んだ自信　海外初Vのコースとリンクスとの共通点,https://news.yahoo.co.jp/articles/dbc09d5faeaa0a335ecd4106b3c4387e2b67b2bf,7/19(水) 6:56
gdo,9年ぶりのリバプール　松山英樹はチャンピオンと回った記憶も頼りに,https://news.yahoo.co.jp/articles/03c09f29d7f41c62e9f6dbc4ef785c8edbbd3286,7/19(水) 5:46
gdo,松山英樹は日本時間20日午後5時36分にスタート／全英オープン初日,https://news.yahoo.co.jp/articles/2a20142ce912fa8f28569af9e939f0344d2e2bc4,7/18(火) 20:54
gdo,メジャー“裏開催”はポイント式　川村昌弘、小平智が参戦,https://news.yahoo.co.jp/articles/07e4a3e960ee16cbc5a287add63e4c68213c70e5,7/18(火) 18:05
gdo,ジョン・ラームがキャロウェイとのパートナーシップを延長,https://news.yahoo.co.jp/articles/48de9760272bd72179198f20f99593666551a311,7/18(火) 17:37
gdo,世界最速ゲット（？）のパターも　全英に挑む中島啓太の“14本+2本”,https://news.yahoo.co.jp/articles/c76547a9a6fabbc2b33308213ecd2db2ea52b42f,7/18(火) 17:06
gdo,エビアン前はチーム戦　日本勢は笹生優花がブティエとペア,https://news.yahoo.co.jp/articles/7a548a5d6a26a2f62b2852eb09146ec7f64cc958,7/18(火) 15:01
gdo,男子プロ杉山知靖容疑者をスピード違反で逮捕 北海道苫小牧署,https://news.yahoo.co.jp/articles/3f886f322deacd086e2ec99d319df5e682773dca,7/18(火) 12:52
gdo,シーズン後半戦がスタート 山下美夢有、岩井ツインズら上位選手が勢ぞろい,https://news.yahoo.co.jp/articles/4372ee7a52976a8c51844f1b9993d23475b31d8b,7/18(火) 12:14
gdo,ジ・オープンのはじまりは江戸末期／いまさら聞けない全英オープン(1),https://news.yahoo.co.jp/articles/438c48347667df9edcab1a150a1f493f439b5d17,7/18(火) 11:31
gdo,トラスvsトライビーム結局どっちだ！？ 三角ネックパター徹底比較＜ブレード編＞,https://news.yahoo.co.jp/articles/616fa42da1c3925d78218947d741ef76ba9bb636,7/18(火) 11:02
gdo,賞金シード前進も視野　メジャー初出場の安森一貴が狙う「全米OP」の再現,https://news.yahoo.co.jp/articles/ec0bc0b479b5dd760d49dd33e70f00840c9ce55c,7/18(火) 10:20
gdo,「想像を絶する…」平田憲聖　開幕3日前のトップスタートの理由,https://news.yahoo.co.jp/articles/324203081d05a44801fc6d3ca6e639759a718d1a,7/18(火) 9:31
gdo,古江彩佳が18位、渋野日向子58位　トップ3に変動なし／女子世界ランク,https://news.yahoo.co.jp/articles/e01d0b25f4a2d988d98de4ee962950ee3f54090e,7/18(火) 8:12
gdo,“タイガー”はいないけど…蝉川泰果は初メジャーにワクワクが止まらない,https://news.yahoo.co.jp/articles/e7d9946b5cff6e9cd671dda449b3011939f623e1,7/18(火) 7:10
gdo,欧州で戦う星野陸也　リンクスの強風はデンマークで勉強した,https://news.yahoo.co.jp/articles/d3b74a7b2e6fea55cf4b2ee2ba4c77d623f75208,7/18(火) 6:19
gdo,松山英樹はヒゲもスッキリ 　日本勢は試合前週から練習開始,https://news.yahoo.co.jp/articles/0887d10e2c1966768599983c3da2c31b16296f48,7/17(月) 18:03
gdo,中島啓太 ボクの打ち方LESSON vol.2「2つの悪い動きを一気に解消する“片目打ち”」,https://news.yahoo.co.jp/articles/e959c9fd94dc7c7ec87db65796307ad864fef24f,7/17(月) 17:07
gdo,「日本女子アマ」覇者も“輩出” 進藤大典キャディが3年連続でジュニア大会開催,https://news.yahoo.co.jp/articles/2a46907cdfd8c53a877be92f45db4aeb34bccd6c,7/17(月) 16:32
gdo,ウッズ、マキロイに続くリバプールの全英王者は　日本勢は松山英樹ら9人,https://news.yahoo.co.jp/articles/90929a01e6db005b9f2c6ea84ccc4edc8a2fc953,7/17(月) 13:07
gdo,テーラーメイド2番アイアンでバーディ締め　マキロイ優勝ギア,https://news.yahoo.co.jp/articles/6b6304d209d49377493b93b2f0d2be2d50249daf,7/17(月) 12:11
gdo,マキロイが2位に　松山英樹34位で「全英」へ／男子世界ランク,https://news.yahoo.co.jp/articles/10d1e4f979da9e36fae8122ac115ed0c886e27e3,7/17(月) 11:05
gdo,原英莉花が手術から8月復帰へ 「北海道meijiカップ」にエントリー,https://news.yahoo.co.jp/articles/afd8e2978f11b926a7a52d5caae348d5920b2af1,7/17(月) 9:44
gdo,25歳のルーキーがツアー初V　川村昌弘は初のトップ10,https://news.yahoo.co.jp/articles/1ea3080cf0c818dd41e2fd67be9fe5e9e11b5746,7/17(月) 8:53
gdo,HS40m/sでも打てるツアーモデル「パラダイム TOUR ドライバー」を試打,https://news.yahoo.co.jp/articles/e11b8e6ca31790ef2313ef126f25d31efbb9858a,7/17(月) 7:02
gdo,リン・グラントがツアー初優勝　スウェーデン出身の24歳,https://news.yahoo.co.jp/articles/6acec03909ed3b35ee43127d78ffd0f5303f035c,7/17(月) 5:57
gdo,マキロイが「全英」前哨戦を制す　3人に最後の全英切符,https://news.yahoo.co.jp/articles/1f8d4b29b143e68dfe6a440965a2c1e8910ca0a4,7/17(月) 5:20
gdo,「映像が、遅れて、映し出されるよ」 石川遼が練習場で使う2つのタブレットとアプリ,https://news.yahoo.co.jp/articles/4051418e182bbcf1da4561f52a0b08dd77b3639f,7/16(日) 17:32
gdo,中島啓太 ボクの打ち方LESSON vol.1　「ドローとフェードは手首の形で打ち分ける」,https://news.yahoo.co.jp/articles/eeadb5906c89653977e48929f2ecf1a3a8745a6b,7/16(日) 17:04
gdo,NBAステフィン・カリーがセレブ大会でホールインワン　喜び爆発の全力疾走,https://news.yahoo.co.jp/articles/6924c494bf673a5a88e3546d48d3cc0090afb653,7/16(日) 15:00
gdo,原英莉花がショット練習開始 ツアー復帰へ尾崎将司公認You Tubeで“近況報告”,https://news.yahoo.co.jp/articles/86de6ebeda0b03cd235ed470015440425b418985,7/16(日) 13:02
gdo,兄貴分は世界1位　トム・キムは人生を変えたスコットランドで再び躍進,https://news.yahoo.co.jp/articles/752d8325714f5f45b1656c8da2ccce5a711eaf2f,7/16(日) 11:12
gdo,「62」のリン・グラントが初優勝へ6打差独走 15歳アマが21位,https://news.yahoo.co.jp/articles/0738dd6027607e4bc780c6781cc4513f42b298b1,7/16(日) 9:32
gdo,川村昌弘が「68」で23位浮上　首位に米ツアー未勝利の30歳,https://news.yahoo.co.jp/articles/47854fdf9742b348cf77e663192d157b5c55d1a7,7/16(日) 7:36
gdo,マキロイが単独首位のまま最終日へ　トム・キムも1打差キープ,https://news.yahoo.co.jp/articles/151c505f19d7143e1c2bfc63b8cb705fd2c0ea54,7/16(日) 6:18
gdo,気になる選手の前半戦「通信簿」　西郷真央、堀琴音は復調なるか,https://news.yahoo.co.jp/articles/f271b7415764c49bce465580e31d53518f8f1809,7/15(土) 17:08
gdo,スイングの安定性と再現性を高めた新シャフト フジクラ「SPEEDER NX BLACK」9月発売,https://news.yahoo.co.jp/articles/bf5ae735965a1ef8edbdb35180e4a4280b14090b,7/15(土) 16:04
gdo,「母は強し」　“産休明け”の宮里美香が6人のママと復帰戦,https://news.yahoo.co.jp/articles/816be1838e84f5afc1b67d7ba97179893e351eb9,7/15(土) 15:01
gdo,“低い弾道” マキロイがスコットランドで2番アイアンを使用,https://news.yahoo.co.jp/articles/9385b42f90bfecc97fe6009d3267ab8131cb299a,7/15(土) 12:11
gdo,上原彩子が米ツアー生き残りへ予選会も視野 野村敏京は5週間のオフに,https://news.yahoo.co.jp/articles/64edfb4af259e1685003e1cbcdde5ddbbaec94ea,7/15(土) 11:06
gdo,武井壮さんがティーチングプロ実技試験を通過　25年1月にも“プロゴルファー”,https://news.yahoo.co.jp/articles/030cd190020ebc844dce8dff1dac384ad55afdba,7/15(土) 10:20
gdo,川村昌弘が連日の「69」で30位　久常涼41位,https://news.yahoo.co.jp/articles/6e46f08204673eea012d71172c322944e1e63baf,7/15(土) 8:55
gdo,渋野日向子ら日本勢3人は予選落ち　首位にアニー・パーク,https://news.yahoo.co.jp/articles/15ed4a36bc9eaccb437291d65d8baa65e0ab9bc1,7/15(土) 8:33
gdo,マキロイ首位で決勝へ　シェフラー2打差7位,https://news.yahoo.co.jp/articles/f6da09cb94be5a66bd32f03798a803a564550f12,7/15(土) 7:03
gdo,チャンス量産も生かせず 渋野日向子の手応え「“パット・イズ・マネー”と言われるけど…」,https://news.yahoo.co.jp/articles/126c3a344ebefb7247ef9004a82bdceab9a99b68,7/15(土) 6:03
gdo,山下も穴井も岩田も… いったい何がいいのか「２ボールブレード」 中古で買っておいて損はない,https://news.yahoo.co.jp/articles/7e6c1f4f4d24840be834230063ba994a27545813,7/14(金) 20:02
gdo,横峯さくら冠大会　17歳のアマ左奈々が初代覇者,https://news.yahoo.co.jp/articles/94e4e2fa2630dcff76fb6ebe85a38024965afa2d,7/14(金) 17:48
gdo,バーディは4つ来る　データが支える中島啓太ポーカーフェイスの快進撃／単独インタビュー（下）,https://news.yahoo.co.jp/articles/6a088f03ba252d4aa26b2744c10505db5f1892d8,7/14(金) 17:18
gdo,「ネクストレベルに」 生源寺龍憲が2戦連続優勝／男子下部,https://news.yahoo.co.jp/articles/454632671ddfc259fc11844ce994fb6595cd182d,7/14(金) 16:14
gdo,40歳・下川めぐみが下部ツアー初V　宮田成華4打差逃げ切れず／女子下部,https://news.yahoo.co.jp/articles/f5102e316fde53680223312e7bdd037eaa4a546d,7/14(金) 15:10
gdo,スコットランドで驚きのアイアン変更を行うサム・バーンズ,https://news.yahoo.co.jp/articles/47423e261e78aafd85331520e2f55d0097e0b2d6,7/14(金) 12:35
gdo,「コースメンテナンス」で応えることが私たちの使命～恵庭CC,https://news.yahoo.co.jp/articles/923129d44b67664fa3c902ddc63e53e269459445,7/14(金) 11:01
gdo,快進撃止まらぬローズ・チャン 世界1位と同組で堂々のボギーなし,https://news.yahoo.co.jp/articles/11bc0c43d55cc761b19c82aa2ff5f23b078087fa,7/14(金) 11:01
gdo,川村昌弘38位　久常涼59位発進,https://news.yahoo.co.jp/articles/9825cef63964131c312e1306a08c3488c042d830,7/14(金) 8:57
gdo,反撃バーディ→スーパーセーブ直後に…渋野日向子「流れ作りが下手くそ」,https://news.yahoo.co.jp/articles/a6f28fa5a47ea7e07df48e7e55023a1b3f8825b7,7/14(金) 8:25
gdo,渋野日向子ら日本勢3人は出遅れ　リン・グラントら首位発進,https://news.yahoo.co.jp/articles/21d3ead24ad239ebb8691a7c8f328b22969f367f,7/14(金) 8:08
gdo,「全英」前哨戦が開幕　アン・ビョンフンが首位発進　マキロイ3打差,https://news.yahoo.co.jp/articles/d7ba0e57f7636d5ce6acd48e8b84f7f2ed81546b,7/14(金) 6:25
gdo,25歳・櫛山勝弘が首位浮上　横田真一3打差9位に後退／男子下部,https://news.yahoo.co.jp/articles/fd655277afb84bdf1d10a29285ffaaf11811f5bd,7/13(木) 19:48
gdo,本邦初公開！中島啓太の“地下秘密基地”がスゴイ／単独インタビュー(上),https://news.yahoo.co.jp/articles/e634da8ba6169499b6b78446b7092e9ff9190b60,7/13(木) 17:00
gdo,プロ初優勝へ宮田成華が4打差首位浮上／女子下部,https://news.yahoo.co.jp/articles/bf394c0adb0c56fd238a8ccff97e141c226507c8,7/13(木) 15:57
gdo,「全英オープン」の優勝賞金は前年比20%増で4億円超　予選落ちでも“参加賞”,https://news.yahoo.co.jp/articles/9cf64df3d8bf39d0b787f35169d81fd2aa373523,7/13(木) 13:46
gdo,旅人ゴルファー川村昌弘　3年ぶりのアメリカで“アニキ”たちと再会！,https://news.yahoo.co.jp/articles/934e606b8f38d6138462ece3adb4154dd30a3cf6,7/13(木) 11:36
gdo,困惑のPGAツアー選手はトップへの不信感募らせる　LIVの和解案内容に,https://news.yahoo.co.jp/articles/9ca6402fb2f8a739d43180603d06bfe7e52e76cd,7/13(木) 10:53
gdo,史上最大の下剋上と復活V　女王の涙／2023年国内女子ツアー前半戦振り返り（下）,https://news.yahoo.co.jp/articles/489226a437fdb1f8589127a7b9383a0db191ac74,7/13(木) 8:31
gdo,予選落ちペブルビーチの週末は 渋野日向子の悔しさとうれしさ,https://news.yahoo.co.jp/articles/cb68c482249d6597b51581df97ae4e63041b7d68,7/13(木) 7:00
gdo,横田真一ら3人が暫定首位 初日は日没サスペンデッド／男子下部,https://news.yahoo.co.jp/articles/5818b41f5b3025d72c4f481a5fa17f19a92b2523,7/12(水) 20:10
gdo,今さら聞けない「アイアン型とウッド型の違いは？」ユーティリティについて教えて,https://news.yahoo.co.jp/articles/73ab93b73b4733acac9ed72abbcadb1aed61fc21,7/12(水) 20:02
gdo,ルーキー仲村果乃が首位　5年ぶり出場の河本結は6位発進／女子下部,https://news.yahoo.co.jp/articles/a9c16452cdd0178917f5aeab58078c3394606faa,7/12(水) 19:22
gdo,広告認知度は3年で1.4倍増　ジェネシスのPGAツアー大会への出資効果は,https://news.yahoo.co.jp/articles/44598c02def756c460bb639fa0c502c0ffb63458,7/12(水) 16:02
gdo,双子＆新世代のプレーオフ／2023年国内女子ツアー前半戦振り返り（上）,https://news.yahoo.co.jp/articles/ca652d3ed992a7c0c6001e39cd0f746b5255fe3c,7/12(水) 14:47
gdo,ウッズ＆マキロイのLIV参戦を要求　PGAツアーとの和解案が明らかに,https://news.yahoo.co.jp/articles/21b561212dcced33cbdf16b5f70e4d38bcef6151,7/12(水) 11:43
gdo,行きと帰りが1対1！？ アプローチの距離感をつくる方法 岸部華子,https://news.yahoo.co.jp/articles/6cc0f7807993fef6b718959d432daf40a419d933,7/12(水) 11:02
gdo,超大物新人とファーストコンタクト 渋野日向子はローズ・チャンと練習ラウンド,https://news.yahoo.co.jp/articles/b9a37fb8467a5a0e5e20566f94c5f387bf473269,7/12(水) 10:08
gdo,渋野日向子が4月以来の連戦 全米女子オープン覇者もオハイオへ,https://news.yahoo.co.jp/articles/ab7c7ba27c1b0d91fb54f06e16a105cbd6208dbc,7/12(水) 8:17
gdo,米国＆欧州共催の“裏開催試合”　小平智、久常涼ら日本勢4人が出場,https://news.yahoo.co.jp/articles/9c8e236a72e35fa5e4609274426c9f72fac18139,7/12(水) 7:11
gdo,丸山茂樹が大会アンバサダーの新規大会　ポイントは「アイアンショット」,https://news.yahoo.co.jp/articles/1f6159c1e0463a84b5d28d7f4bac51533e5a8d04,7/11(火) 18:44
gdo,申ジエが国内ポイントランク1位に肉薄　木下彩も初シード奪取に弾み,https://news.yahoo.co.jp/articles/4c4f3ca4e4b287e1045a83f11d02c4d680c70217,7/11(火) 17:20
gdo,豪華フィールドの「全英」前哨戦　トップ3にリバプール行き最後の切符,https://news.yahoo.co.jp/articles/06c677c45e342db1d976c496f0ed377c358f6ea7,7/11(火) 16:17
gdo,複数メーカーのコンポジット　セップ・ストラカの優勝ギア,https://news.yahoo.co.jp/articles/eac3e392696877eb88a06d752760de68b34ed994,7/11(火) 13:48
gdo,天才少女、男子ツアー出場に奇抜ウェア…現役引退ミッシェル・ウィの足跡,https://news.yahoo.co.jp/articles/1bbe289b53e8ab6cbfad3f3beb83011b47645735,7/11(火) 12:12
gdo,会員権はウイスキー樽　焼酎「宝山」の西酒造が新コンセプトのゴルフ場,https://news.yahoo.co.jp/articles/b3e4ddb24f9384e8105d72babd13fc7f2bc5cdd9,7/11(火) 9:16
gdo,畑岡奈紗は19位に　小祝さくら14ランクアップ／女子世界ランク,https://news.yahoo.co.jp/articles/d95c1f09a92f0c3075c101508bc5272ead05a012,7/11(火) 7:34
gdo,相棒は “ジェイ・モナハン” アリセン・コープスが涙の初V,https://news.yahoo.co.jp/articles/54a3c84df3f985593300e6fce09048ea17ebb81a,7/11(火) 6:46
gdo,全日本大学スーパーリーグ　4カ国招き対抗戦を開催,https://news.yahoo.co.jp/articles/2413f55093c7536cadfc2c7ea42ece3005afff25,7/10(月) 17:35
gdo,長いのを入れまくったパターは？　小祝さくら地元初Vの14本,https://news.yahoo.co.jp/articles/62b2d0a3230a550fc738d60306413a0c0c8dcca3,7/10(月) 16:46
gdo,松山英樹31位　欧米出場の桂川有人と久常涼が浮上／男子世界ランク,https://news.yahoo.co.jp/articles/3df777b2ae2482e1fbd2cae7422688d499114e7c,7/10(月) 15:27
gdo,「最後の景色と、あの悔しさを忘れない」 畑岡奈紗の誓いと決意,https://news.yahoo.co.jp/articles/bb4845b12aad96292048c660a789e999dcdba40f,7/10(月) 13:21
gdo,14番で痛恨の一打 畑岡奈紗「あそこで勝負が決まってしまった」,https://news.yahoo.co.jp/articles/ed00a8f541d45ce1239222bc64ab5d61f1dd2a43,7/10(月) 11:50
gdo,女子メジャー最高の賞金額　4位の畑岡奈紗、6位古江彩佳はいくら稼いだ？,https://news.yahoo.co.jp/articles/960247d7adc619bedf04190850ad05a9a07a4376,7/10(月) 11:24
gdo,古江彩佳“3度目の正直”はトップ10締め「自信持ちたい」,https://news.yahoo.co.jp/articles/57715d4fa95f32f330d36c243fccb6919d011748,7/10(月) 10:54
gdo,畑岡奈紗メジャー初Vならず　伏兵コープスが逆転優勝,https://news.yahoo.co.jp/articles/b4791e2322a7e5fb65b1a2eca7ccca679ed43f41,7/10(月) 9:36
gdo,キャメロン・スミスが逃げ切りで今季初勝利,https://news.yahoo.co.jp/articles/f9d06d7557f005b6b827ad3ca8efdd8203ac7d01,7/10(月) 8:42
gdo,セップ・ストラカが2勝目　桂川26位　小平57位,https://news.yahoo.co.jp/articles/48fa1f9daab4512d6775fa85c8fe603b18461725,7/10(月) 8:02
gdo,【速報】畑岡奈紗とコープスが首位に並んでサンデーバックナインへ,https://news.yahoo.co.jp/articles/f70861bfcf6804d37c581f0d2a2007b21e0ca0b9,7/10(月) 7:38
gdo,「SM9」を超える!? 日本向けモデルがほぼ満点獲得「ボーケイ フォージド ウェッジ」（2023年）,https://news.yahoo.co.jp/articles/162c4ced62dfdc2cb8da4848df73d606519c91df,7/10(月) 7:01
gdo,タイガー・ウッズと重なるルーツ 19歳アマが全米女子OPで飛距離1位,https://news.yahoo.co.jp/articles/3bdb72024c56ca15495f95cf86fddac357d43bcf,7/10(月) 6:36
gdo,ラスムス・ホイゴーが逆転優勝　久常涼は8位,https://news.yahoo.co.jp/articles/1f2251d6e592223f0909cf0ca2e909bcecb43638,7/10(月) 6:08
gdo,【速報】畑岡奈紗はパー発進　コープスはバーディで首位に並ぶ,https://news.yahoo.co.jp/articles/0b58ec6462e52d92aa79333e92340e05783307cf,7/10(月) 5:44
gdo,「心残りです」 菊地絵理香はホステス大会で2位,https://news.yahoo.co.jp/articles/ef3d205b195c7152c91d4c4a5bd1db6ee6485bfc,7/9(日) 18:51
gdo,“集中力マックス”で地元V　小祝さくら「ガッツポーズはしたいけど…」,https://news.yahoo.co.jp/articles/09e7842afcb783e3a676397c91f5d25e73b08039,7/9(日) 18:25
gdo,“神がかり”パットの裏で… 畑岡奈紗のキーワード「後加速」とは,https://news.yahoo.co.jp/articles/e7fa2d61d4d3d17fa813a0145323b861968b1cb0,7/9(日) 15:26
gdo,小祝さくらが地元・北海道で初V　ツアー9勝目,https://news.yahoo.co.jp/articles/d4b9e8a0e064161707d0f0253f1fe49f0633b683,7/9(日) 14:51
gdo,「Tシャツ短パンOKのゴルフ場がもっと増えれば」 石川遼が提案したいドレスコード,https://news.yahoo.co.jp/articles/50eed4f41ec0b0853f4f7f31520e382e8d8219c6,7/9(日) 13:32
gdo,9位後退も「しっかり上を見て」 古江彩佳は我慢の“＋1”,https://news.yahoo.co.jp/articles/5f78b70a52edafa6d46b821db388957bcc584744,7/9(日) 13:01
gdo,西郷真央「米国への思いがより強く」　リディア・コーを“独占”した18ホール,https://news.yahoo.co.jp/articles/f2e48cee17f1c933eb1a3ecee73fd39255ab1323,7/9(日) 12:42
gdo,わずか11人の3日目アンダーパー 木下彩「日本に帰って自慢します！」,https://news.yahoo.co.jp/articles/f266526e502831fdf7c0bc3a19314fe75a0990bd,7/9(日) 12:13
gdo,悲願に“王手”の単独首位 畑岡奈紗「私も松山さんみたいに」,https://news.yahoo.co.jp/articles/bf0e22faae492105b8048101a6c7f3d390935a65,7/9(日) 11:37
gdo,畑岡奈紗が単独首位に浮上　メジャー初タイトルへ後続に1打差,https://news.yahoo.co.jp/articles/004830ec50e731a1e1814a6ea7830c3808ccb7a4,7/9(日) 10:12
gdo,桂川有人は23位に後退　首位に6打差で最終日へ,https://news.yahoo.co.jp/articles/9b92aa740ccec8de1c1282e865cf7384c4191ebc,7/9(日) 8:47
gdo,キャメロン・スミスが首位キープ　「LIV」2勝目に前進,https://news.yahoo.co.jp/articles/b269b2df61b75c9d3f9036c3fc919faa61058992,7/9(日) 8:15
gdo,【速報】畑岡奈紗は3打差でハーフターン　古江彩佳は1つ落として後半へ,https://news.yahoo.co.jp/articles/4306a960374209bec267ea05d3678ca30faec63f,7/9(日) 7:37
gdo,久常涼は7打差の16位で最終日へ　比嘉一貴57位,https://news.yahoo.co.jp/articles/c18faafa94dc3f12a8b1cce760592838fe710031,7/9(日) 7:15
gdo,最後まで諦めなかった馬場咲希 ペブルビーチで上った「将来への階段」,https://news.yahoo.co.jp/articles/fd60ea711d39423859fe3c4730c4dc5ca966135d,7/9(日) 6:31
gdo,地元北海道Vへ26大会目の挑戦 小祝さくら「期待に応えたいです」,https://news.yahoo.co.jp/articles/f8d3cc7abff553eaf1052bf05c4a37969ee3eef6,7/8(土) 21:08
gdo,独自理論「2アンダー最強説」 アマチュア都玲華が優勝争いに挑む,https://news.yahoo.co.jp/articles/f5e9811a55257f3d56081c08e855f55777ee6cfb,7/8(土) 18:49
gdo,日本勢唯一のトータルアンダーパー  畑岡奈紗は悲願へ「狙えない位置ではない」,https://news.yahoo.co.jp/articles/1c7b69aa00d4e826c03327e63280ed3761e53547,7/8(土) 18:27
gdo,「このままだとイギリス観光だけで…」 フィールド最上位の穴井詩の意地,https://news.yahoo.co.jp/articles/622298f955037fd8498222fa0fa7799955d1fc5f,7/8(土) 17:29
gdo,親友とコースでばったり　20歳・宮澤美咲は初Vへ「カッコいい姿を」,https://news.yahoo.co.jp/articles/7ae1153fc5ee2b28e8fd2bf6f20e19c31a3d31f1,7/8(土) 17:12
gdo,ホールアウトは午後9時前 木下彩が初メジャーで101位から予選通過,https://news.yahoo.co.jp/articles/02e1bca6dddc2cc0e5abbce509184b5a3361530a,7/8(土) 16:06
gdo,「メンタルしんどい」初メジャー　川崎春花はパットに悔いも決勝進出,https://news.yahoo.co.jp/articles/7650246161c177cd72b556fc8bce017fbb39d5c2,7/8(土) 15:33
gdo,母の言葉に「ごもっとも」 古江彩佳が全米女子OPで“三度目の正直”,https://news.yahoo.co.jp/articles/8d242e8b417157c0c717018f90e4e51fae9ee68c,7/8(土) 15:03
gdo,小祝さくらが初の地元Vへ　地元3人の最終日最終組,https://news.yahoo.co.jp/articles/841f7380539ede18595fc06a5b43be4bbee3f44c,7/8(土) 14:47
gdo,岩井ツインズに明暗　妹・千怜は予選通過、姉・明愛は1打及ばず,https://news.yahoo.co.jp/articles/951b49db9233e7132c62be2a7c993a6808be02ec,7/8(土) 14:21
gdo,PGAツアートップが病気療養から職務復帰,https://news.yahoo.co.jp/articles/3a0f59750ccaa028decd7f0218f40138d7833cbe,7/8(土) 13:49
gdo,勝みなみは薄氷の予選通過　後半に急ブレーキも巻き返しに自信,https://news.yahoo.co.jp/articles/27fb180abc47af2bd7563b8f735305d73ff8c828,7/8(土) 13:33
gdo,パー5でまさかの「9」　山下美夢有は予選落ち「耐えるゴルフできなかった」,https://news.yahoo.co.jp/articles/534d01f8d06d55f3de922d2850378505c8536580,7/8(土) 13:17
gdo,畑岡奈紗は首位と6打差で決勝へ 日本勢はメジャー史上最多11人が予選通過,https://news.yahoo.co.jp/articles/a3dcdacfcc54c42afa1f77333f91debb1c929280,7/8(土) 13:03
gdo,キャメロン・スミスが首位発進　前週Vゴーチ4位,https://news.yahoo.co.jp/articles/2ac8a80c7cd3d48470266b4cdbc10e246232322f,7/8(土) 12:01
gdo,桂川有人「63」で18位に急浮上　小平智は29位で決勝へ,https://news.yahoo.co.jp/articles/cf682862ed98305ff0e886d3942abead18b5e352,7/8(土) 11:17
gdo,「ダブルパンチ」でバーディなしも…渋野日向子が踏み出した一歩,https://news.yahoo.co.jp/articles/554d4de5d2fb80101438e4d0500e2f4775994760,7/8(土) 10:20
gdo,【速報】畑岡奈紗は4打差で後半へ　午前組が終えて戦況は,https://news.yahoo.co.jp/articles/6aa1edd19ad93d8abb787bc7e52b3061c605160e,7/8(土) 9:38
gdo,久常涼は10位で週末へ　比嘉一貴も52位で決勝進出,https://news.yahoo.co.jp/articles/bdbab758ac45130e2b6c512af45599b2183d9cdd,7/8(土) 7:16
gdo,ツアー初V翌週の櫻井心那　カットライン上から「68」で予選通過,https://news.yahoo.co.jp/articles/db3c924365feffb4fc4ce7646dc6854e8a608512,7/8(土) 6:42
gdo,【速報】渋野日向子は連日の「79」　古江彩佳は伸ばして終盤へ,https://news.yahoo.co.jp/articles/c45461ac6d7fc1c511dc1602fb120642f4194fd1,7/8(土) 5:51
gdo,【速報】渋野日向子は巻き返しへパー発進　畑岡奈紗6時24分スタート／全米女子OP2日目,https://news.yahoo.co.jp/articles/7a9e3bbbaabb948e5320e54bbba2838130767113,7/8(土) 0:27
gdo,島根から北海道にとんぼ返りで繰り上げ出場 山本景子が7位で決勝へ,https://news.yahoo.co.jp/articles/08ff380f03b10fc7bdd22e3cc59fd7fa8348f912,7/7(金) 20:40
gdo,「レガシーブラック」に「初代ZX7」 アイアンの中古即買いリストをギアマニアが選出,https://news.yahoo.co.jp/articles/bc629ec356cb2c1c5e95565ea10bccb440025f93,7/7(金) 20:02
gdo,宮澤美咲が大健闘 菊地、小祝と“道産子トリオ”で3日連続同組となる最終組へ,https://news.yahoo.co.jp/articles/093437b70f6bcddb13aa33f3730874972153d686,7/7(金) 19:50
gdo,西村優菜は39位　明日は「言うことを聞いてくれない」ポアナ芝に要注意,https://news.yahoo.co.jp/articles/8a8b95d95944193cdd7a1f9607ff9b9caf962819,7/7(金) 18:13
gdo,地元北海道勢がトップ3で決勝へ　菊地絵理香が首位、小祝さくら2位,https://news.yahoo.co.jp/articles/60d967d6226d8de395f38766fedc9d779866bb24,7/7(金) 17:26
gdo,「これが海外か…」岩井千怜に寒さの洗礼 耳当て＆カイロで粘りのパープレー,https://news.yahoo.co.jp/articles/9d06167899f1e13772ba86d498f89fb03ddc55a1,7/7(金) 16:31
gdo,勝みなみは後半3連続ボギーで反省点2つ 「明日は違う一日に」,https://news.yahoo.co.jp/articles/ea1f4abccf6140a21ee11c250367c23ea5c3751b,7/7(金) 15:46
gdo,“曖昧”なスイングから覚悟の決め打ち 西郷真央はガッツパーも連発,https://news.yahoo.co.jp/articles/a13f9c913724de7ab2bb6e6d40a63cdc71e6318d,7/7(金) 15:09
gdo,メジャー自己最高3位発進 畑岡奈紗は２連続ボギースタートから挽回,https://news.yahoo.co.jp/articles/9110fad6798a9a054acf263ab3438aeaccc9beec,7/7(金) 14:13
gdo,距離測定器で失格　帯同キャディが全米女子OPで使用,https://news.yahoo.co.jp/articles/fdf1a853dc0b0c61826e1858f07964066e209af9,7/7(金) 13:42
gdo,「ボロボロ」の中に光明 渋野日向子はベタピンバーディを力に,https://news.yahoo.co.jp/articles/7c2a9e5bd79f58ccd57d88588526ad157d804ebd,7/7(金) 13:19
gdo,畑岡奈紗1打差3位発進　西郷真央と野村敏京が13位,https://news.yahoo.co.jp/articles/f04e2db6e852e8ecbdab6d376b5b8a01ff1acb85,7/7(金) 12:58
gdo,トヨタ「カローラクロス」キャディバッグ何個積める？ この収納力…いやー飲み込む飲み込む,https://news.yahoo.co.jp/articles/67ee54b09f5a497051f74f6f69fa80fedd3edfca,7/7(金) 11:48
gdo,【速報】渋野日向子は7オーバーの出遅れ／全米女子OP,https://news.yahoo.co.jp/articles/bead70c97207e951ca1ed99b487967ae3916f8cb,7/7(金) 11:23
gdo,「完全に新しい脳の機能だ」 グローバーによる長尺パターへの移行,https://news.yahoo.co.jp/articles/95902971009250a2234d506742484e8d38d3a8fd,7/7(金) 11:00
gdo,小平智が14位発進　大西と桂川は出遅れ,https://news.yahoo.co.jp/articles/a7cc1e3f9fadbc4f5fe794951b065a91b586ee8d,7/7(金) 9:39
gdo,すでに5社のスポンサー　19歳アマ都玲華が3打差6位発進,https://news.yahoo.co.jp/articles/d7c244f23dabea26f3b382236b383cd16e4ca923,7/7(金) 7:11
gdo,【速報】畑岡奈紗1打差2位でホールアウト　渋野ダボ発進　馬場は出遅れ／全米女子OP初日,https://news.yahoo.co.jp/articles/3dac504f7f208be8f18c848f8042293ce9fe08db,7/7(金) 6:09
gdo,久常涼が10位発進　川村、星野らは出遅れ,https://news.yahoo.co.jp/articles/65fed68d34d69937add8b641b8ca8a241ac7db29,7/7(金) 5:24
gdo,【速報】全米女子オープンが開幕　馬場咲希は午前0時17分　渋野5時51分スタート,https://news.yahoo.co.jp/articles/6937ee1378bf670ac1536ffe090b813844c12cb3,7/6(木) 23:32
gdo,初シードシーズンのスランプ 尾関彩美悠は旧アイアンと新パターで復調へ,https://news.yahoo.co.jp/articles/c8991a7f8635bea04ec294b453b20e05bf3fd48e,7/6(木) 19:52
gdo,地元で今季初イーグル 菊地絵理香のメンタルコントロール,https://news.yahoo.co.jp/articles/031a5dcd8403a56369683e3c3a1058382e54e88d,7/6(木) 18:56
gdo,地元初Vを狙う小祝さくら　北海道開催競技初の“ホテル通勤”は「すごく新鮮」,https://news.yahoo.co.jp/articles/a30f96a31bf25a9ed32e3a663bb9a8803e00feea,7/6(木) 18:21
gdo,ホステスプロ菊地絵理香が地元で首位発進　1打差に仲宗根、2打差に小祝ら,https://news.yahoo.co.jp/articles/5e33868e7d30c251d36998d45940bc5c3ea1528c,7/6(木) 17:36
gdo,森田さ～ん、ペブルビーチのお天気は？ 「雨の心配はないものの…回る風にご注意ください」／森田正光のメジャー天気予報,https://news.yahoo.co.jp/articles/bde9628e545b198cb5125d5b6c21845cedc938cd,7/6(木) 16:31
gdo,ルドビグ・アバーグはなぜ22本のクラブで転戦するのか,https://news.yahoo.co.jp/articles/b6639c5b5232630efd0e188aacf83c73d404bdba,7/6(木) 14:40
gdo,畑岡奈紗は“最悪”のオープンウィークを乗り越え大目標メジャーへ,https://news.yahoo.co.jp/articles/7a5db0a7cb4602ef71341a1a0cc9e0f6e24f50b6,7/6(木) 13:34
gdo,渋野日向子がレクサスUSAと契約 「私の夢のひとつ」,https://news.yahoo.co.jp/articles/edf4376e04c92f46aaa507c67348b911972d58d1,7/6(木) 13:09
gdo,笹生優花が107ydを5番アイアン？ ペブルビーチの7番に強風は吹くか,https://news.yahoo.co.jp/articles/9c77ea676f53bfec2247ffa4066c9d4c1719f115,7/6(木) 12:46
gdo,吉田弓美子が失格 クラブ超過で対応ミス,https://news.yahoo.co.jp/articles/461babc136ff5404ef197a8735870e68f0ec1cb6,7/6(木) 12:09
gdo,トミー・フリートウッドのような側屈を作る　捻じれを感じるストレッチ,https://news.yahoo.co.jp/articles/3832f9a5cd6146e2e291706b0d7502f78bbded35,7/6(木) 11:32
gdo,渋野日向子はペブルビーチに「逃げない、負けない、くじけない」,https://news.yahoo.co.jp/articles/efb50f9473b49bbc7f84903d399c84aa9a0c67ee,7/6(木) 9:24
gdo,「ウワサには聞いていたけど…」馬場咲希に女子アマ世界一の“待遇”,https://news.yahoo.co.jp/articles/ee5c9d431379a0f5f06b69b390516907f6548631,7/6(木) 8:50
gdo,グリップ回帰でフィーリング復活 渋野日向子「痛みを“利用”してスイング」,https://news.yahoo.co.jp/articles/c125e8cd8b7f8e826cc6e9b5f1a1eabb5cb942b0,7/6(木) 8:01
gdo,第9戦は“始まりの地”ロンドンで　シュワルツェルが連覇を目指す,https://news.yahoo.co.jp/articles/7e38099d573acf62567dcad528571dcc819f41a1,7/6(木) 6:16
gdo,今さら聞けない「ストロングロフトって何？」アイアンのロフトについて教えて,https://news.yahoo.co.jp/articles/a1d4922bfc375f2d9e158da1a84cce1ea0e1976a,7/5(水) 20:02
gdo,アマチュアの六車日那乃 メジャー参戦の姉弟子を刺激に、ジンギスカンとラーメンを力に,https://news.yahoo.co.jp/articles/700dda1a25778cb2b80d8841721590b987224a2a,7/5(水) 19:56
gdo,43年ぶり開催の真駒内CC　34歳・菊地絵理香にかかる重圧,https://news.yahoo.co.jp/articles/c51c66cac622566759e713087ac04235ec7ddbb7,7/5(水) 18:09
gdo,櫻井心那　レギュラー初Vでフォロワー「2000人増」,https://news.yahoo.co.jp/articles/a5675808369d7b15ea7925e00b7c8bec7279e452,7/5(水) 17:18
gdo,古江、西村と同世代 長野未祈がオレゴン大で見つけた道「私は私の人生を」,https://news.yahoo.co.jp/articles/d72bbb77dd5d6ed912d515c641c714e9cb800451,7/5(水) 15:05
gdo,日本の“女王”が挑むメジャー 山下美夢有「いまの自分でどこまで行けるか」,https://news.yahoo.co.jp/articles/3d63b5f5b466cb35d88cbb9c610dd9e497e78afa,7/5(水) 13:31
gdo,風の“下見”と狙いどころ 古江彩佳はペブルビーチ攻略へ着々,https://news.yahoo.co.jp/articles/fd296d3d34da41e69ee3724222e2bd5f6cffc230,7/5(水) 11:33
gdo,100切りレベルでも持ち球って必要？ ドローとフェードのすすめ 岸部華子,https://news.yahoo.co.jp/articles/606fe4d443189e0dc944fb3a9664008abc44142d,7/5(水) 11:02
gdo,渋野日向子は20年大会覇者、アマ馬場咲希は前年覇者と／全米女子OP組み合わせ,https://news.yahoo.co.jp/articles/48ba4e7d635537ac8adfe11e0cc705f4f9a264a9,7/5(水) 8:03
gdo,「人生で一番どん底」から復調へ 川崎春花はペブルビーチで初海外メジャー,https://news.yahoo.co.jp/articles/927282b9a1f82cba083a5224c595847b3b94514c,7/5(水) 6:28
gdo,松山英樹の隠しブレードパター「クラフツマン」 その正体とは？,https://news.yahoo.co.jp/articles/8435cc67633555a78c371c8ac41e9d984cb67ae4,7/4(火) 17:54
gdo,川村、比嘉ら日本勢5人が参戦　上位3人に「全英」出場権,https://news.yahoo.co.jp/articles/936a825b852469059649f9b716ec7486de8f7ff1,7/4(火) 16:50
gdo,小平智が2週連続出場　桂川有人、大西魁斗も“マンデー”通過でフィールド入り,https://news.yahoo.co.jp/articles/81833cb5e8e2e59cc0157b79a31f385abe927df6,7/4(火) 14:40
gdo,3週連続優勝の白黒パター　ファウラーの復活を支えた14本,https://news.yahoo.co.jp/articles/2d433661f9e14124315b3dad3405dfc23d40a4a2,7/4(火) 13:14
gdo,装いを新たに迎える北海道決戦　トップ5不在の一戦を制すのは,https://news.yahoo.co.jp/articles/6a1591a350c7dd8ca7ab64e01df6be925f32b165,7/4(火) 12:25
gdo,母と渋野日向子から誕生日サプライズ　勝みなみはメジャーで25歳初戦,https://news.yahoo.co.jp/articles/bb1d214082bd2f1a0de944fda809e4ee53054310,7/4(火) 11:49
gdo,姉妹で初の海外メジャー 岩井ツインズは「2人だから頑張れる」,https://news.yahoo.co.jp/articles/42e4ad76bdf5761d3931a36852bf4712b06eb2bd,7/4(火) 11:16
gdo,コレってあざとい？ あざとかわいい？ ゴルフ女子の気になる言動≪ラウンド編≫,https://news.yahoo.co.jp/articles/85a55ff085a48cf73a87efdef5ca8bb00e69af54,7/4(火) 11:00
gdo,渋野日向子はインターロッキング“復活”で「全米女子オープン」へ,https://news.yahoo.co.jp/articles/e206e5afd905d5b67ed64f6ef8c2c3aa47183ebc,7/4(火) 9:32
gdo,全米女子OPがペブルビーチ初開催 畑岡、古江、笹生、渋野ら日本勢は史上最多22人,https://news.yahoo.co.jp/articles/4e7f616024dfe9260669ff18d2a2e643758a27b8,7/4(火) 7:31
gdo,古江彩佳は17位で日本勢トップ　櫻井心那は78位／女子世界ランク,https://news.yahoo.co.jp/articles/50afb9a07cef361175608f3dcbd292f3c5960e72,7/4(火) 6:35
gdo,入れ替えられても分からない！？　「繊細じゃない」櫻井心那の14本,https://news.yahoo.co.jp/articles/7bf59a032063e816250c3bdfcd078d30792e3a6a,7/3(月) 17:59
gdo,7Iしか握れなかった日々を乗り越えて　片岡尚之が次に狙う地元メジャー,https://news.yahoo.co.jp/articles/ea8057ad178a081ce9ceed58301866e87139ae9c,7/3(月) 17:11
gdo,パーオン率1位　クルーガーの4年ぶりVを支えた14本,https://news.yahoo.co.jp/articles/1020f6fe2ccc9398a78c37f1703b0bc1f4dcf682,7/3(月) 16:31
gdo,復活Vファウラーが23位　松山英樹は7ランクダウン／男子世界ランク,https://news.yahoo.co.jp/articles/755206cbd26895fc168471f1066c63abd28ae4e8,7/3(月) 15:43
gdo,もがき続けた1610日 空を見上げたファウラー「肩の荷が下りた」,https://news.yahoo.co.jp/articles/25217e831cf743f03f350b2efb2f98b6ca55c9b8,7/3(月) 10:34
gdo,ランガーが米シニア最多46勝目をメジャーで飾る　藤田寛之47位／全米シニアOP,https://news.yahoo.co.jp/articles/d987bd7b0035c6be2b50fcba41411a08c08cf7fc,7/3(月) 8:31
gdo,インドネシアでの衝撃　“有言実行”櫻井心那が海外ツアーを志す理由,https://news.yahoo.co.jp/articles/75af6d1e5bbea5837a48739149aaaa8fc4a8fdca,7/3(月) 7:31
gdo,新鋭2人に挟まれカムバック 小平智は6連戦も視野にシーズン最終盤へ,https://news.yahoo.co.jp/articles/4faba1c8f4fbd009912a288ea4c4bdcc45eba8a2,7/3(月) 7:02
gdo,驚異のスピン量と打感の柔らかさ “まるで生チョコみたい…” キャロウェイ「JAWS FORGED ウェッジ」（2023年）,https://news.yahoo.co.jp/articles/881d5a8bce398b52fe8861b663f1cc0dba688c7c,7/3(月) 7:01
gdo,ゴーチが今季3勝目　デシャンボーLIV初タイトル逃す,https://news.yahoo.co.jp/articles/d063df00bf7b1646fb5993ff18e5c178c832d383,7/3(月) 6:31
gdo,ダニエル・ヒラーが初優勝　久常涼15位　3人に「全英」出場権,https://news.yahoo.co.jp/articles/e15a7970862fef2ea45e2fb470a8d96e649006c2,7/3(月) 6:01
gdo,リッキー・ファウラーがプレーオフ制し4年ぶり復活V 小平智は40位,https://news.yahoo.co.jp/articles/b8069799e8b8e8db23977913cdb66b9c59c1db09,7/3(月) 5:14
gdo,“未完の大器”が初の頂点　19歳・櫻井心那「勝っちゃった」,https://news.yahoo.co.jp/articles/a9ce5cb122023614caeef050bde1f535f81dfed2,7/2(日) 19:51
gdo,吉田優利は全米女子オープンへ 「すごく大事な1週間になる」,https://news.yahoo.co.jp/articles/17a1ea4f05f1ee201aca970473649136bba2da13,7/2(日) 19:35
gdo,勝利の女神はいつも隣に　クルーガーが「アメージング・ワイフ」とV,https://news.yahoo.co.jp/articles/987fb73841248cf6b3c7c794f5bacb3c52a91c68,7/2(日) 18:36
gdo,桑木志帆は惜敗に涙止まらず「打ちきれなかった」,https://news.yahoo.co.jp/articles/b56e25bd9f5ab598462f7103b427fd1deb2c1d6e,7/2(日) 18:24
gdo,中島啓太は6試合ぶりのトップ10圏外　パター巧者との4日間を終えて全英へ,https://news.yahoo.co.jp/articles/b8595f1a56d3c391befadf64f6f317bb87e3ed14,7/2(日) 16:52
gdo,石川遼「求めているスイング」　18番でただ一人のイーグル,https://news.yahoo.co.jp/articles/8ce6e890a7d330eed6720390fc40d9fc2473774d,7/2(日) 16:18
gdo,プロ2年目の櫻井心那がツアー初優勝 桑木志帆とのプレーオフを制す,https://news.yahoo.co.jp/articles/b98fa78ba5a6a090393617531112bc00414d021a,7/2(日) 15:42
gdo,ジェイビー・クルーガーが大会記録更新で4年ぶり2勝目,https://news.yahoo.co.jp/articles/a5295d5279b4c44da025ef4c3fbb37bc2a740958,7/2(日) 14:44
gdo,ファウラーは4年ぶりVへカウントダウン「あすかどうかは別として…」,https://news.yahoo.co.jp/articles/91d001eaa9f88833d0dc7b932810c3c1847867aa,7/2(日) 11:58
gdo,首位浮上デシャンボーがLIV初タイトルに前進,https://news.yahoo.co.jp/articles/b7e2ca9db7d3afdc6aafdfa52941cfea6f4520af,7/2(日) 10:47
gdo,ランガーが記録的Vへ2打リード　藤田寛之47位／全米シニアOP,https://news.yahoo.co.jp/articles/a784ff10b84179958c0e102c445adf1327b10d52,7/2(日) 10:01
gdo,“ワナ”にはまって痛恨トリも…小平智は2日間17バーディを自信に,https://news.yahoo.co.jp/articles/3bb54769202b65dc379b31492eeab22a915bac2d,7/2(日) 9:14
gdo,リッキー・ファウラー単独首位で最終日へ　小平智は26位に後退,https://news.yahoo.co.jp/articles/a68108b390233b297e33d74b1450d048e57fb0f4,7/2(日) 8:38
gdo,菅沼菜々「雨、すごい好き」　悪天候の“裏街道”から7位浮上,https://news.yahoo.co.jp/articles/d578d86d0f46454d524a85c4a7fecd9019280888,7/2(日) 7:31
gdo,首位に6人が並ぶ大混戦　久常涼は4打差で最終日へ,https://news.yahoo.co.jp/articles/6e6057be7d2936e49ec98a358c849b842140d503,7/2(日) 7:01
gdo,予想外の大雨でも「68」 ツアー初Vへ櫻井心那が1打差で最終日へ,https://news.yahoo.co.jp/articles/41d720ca0c1040aa2c620e03980e614d5b80962c,7/1(土) 18:07
gdo,5連続バーディから“ダボ”にもめげず　小林伸太郎が2勝目に前進,https://news.yahoo.co.jp/articles/c0efca3adecaae53406983cd7f65f73221906acf,7/1(土) 17:54
gdo,朝イチの“事故”にも平常心で　岩井明愛が「復習」を経て2勝目へ,https://news.yahoo.co.jp/articles/a410f18d2077760ce339549cdb55a3696c7fdf6c,7/1(土) 17:42
gdo,「2人合わせて僕の年齢」 谷口徹の“ボヤキ”と自信,https://news.yahoo.co.jp/articles/108a11a7ab9d258dbbd7405b49296131fcaa2873,7/1(土) 17:30
gdo,4ボギー後の6バーディ 藤本麻子に最長ブランクVが見えた,https://news.yahoo.co.jp/articles/e3e13cf4c1f140c470ac0118f276f68b33364c8a,7/1(土) 17:10
gdo,「リミッターを外して振りました」河本＆蝉川は世界ドラコン大会経験者に勝てず,https://news.yahoo.co.jp/articles/5dbef7ac5e2b6899f05beba3769b8b09ee51c581,7/1(土) 16:56
gdo,6年ぶりトップ10へ　今季レギュラー初戦の服部真夕「本当に耐えた」,https://news.yahoo.co.jp/articles/d0105fd9c1fa623f86e9b48c5c325514c9866e1d,7/1(土) 16:29
gdo,片岡尚之と小林伸太郎が2位　クルーガー3打差首位,https://news.yahoo.co.jp/articles/0bbb30c5107c73ba14128e230c0d72eb1ffa0a2a,7/1(土) 15:10
gdo,藤本麻子、岩井明愛、宮田成華、桑木志帆が首位に並んで最終日へ,https://news.yahoo.co.jp/articles/2f1fa5fd2960eced4b59ffd94d7c05725f6b068b,7/1(土) 14:04
gdo,スペイン初開催LIVでガルシア7位発進　ジョンソンら首位,https://news.yahoo.co.jp/articles/ab073d70f8ffbf90057130422473628ba7092bca,7/1(土) 11:32
gdo,トヨタ「シエンタ」キャディバッグ何個積める？ 売れ筋だけにさすがの収納力,https://news.yahoo.co.jp/articles/b125880ed1d176440adecbab97dfaf6b8e040a61,7/1(土) 11:02
gdo,藤田寛之、兼本貴司、深堀圭一郎そろって決勝へ／全米シニアOP,https://news.yahoo.co.jp/articles/81d1a29454e7ec4a693c5b242a3dbaeb37dd0491,7/1(土) 10:42
gdo,小平智は会心9バーディにも浮かれず　「調子に乗ると米国の神様は…」,https://news.yahoo.co.jp/articles/7be6c0f3138303e53994252a8effbcf86cfe74cc,7/1(土) 9:31
gdo,確信パットがカップをクルリ 松山英樹は3月以来の予選落ち,https://news.yahoo.co.jp/articles/6aaba22bf8ee1db444ec7631c1b3fc3496370eb9,7/1(土) 8:46
gdo,小平智は5打差19位で決勝へ　松山英樹は予選落ち,https://news.yahoo.co.jp/articles/fe1b9103eee0a236e907730a67d47781f4d2e605,7/1(土) 8:15
gdo,「もっと試合をやりたい」　阿久津未来也が生死をさまよったドラコンプロから学んだこと,https://news.yahoo.co.jp/articles/7da7751a9dd3148ce77f90f401a1ba8e6758d09e,7/1(土) 7:31
gdo,260yd飛ばして“谷越え”バーディ 19歳の櫻井心那に漂うすごみ,https://news.yahoo.co.jp/articles/4ca0df54e3fb980688c1e6b25386e22955a92fd0,7/1(土) 7:01
gdo,久常涼が2打差10位に浮上　川村昌弘は予選落ち,https://news.yahoo.co.jp/articles/4407f110a0732149a5d4b480e2b7d60d6710eaf6,7/1(土) 6:31
gdo,ペブルビーチも怖くない？ 吉田優利が見せた対応力,https://news.yahoo.co.jp/articles/699449a3faf9176a0190ad066772622549df2de4,6/30(金) 20:52
gdo,シード返り咲き狙う浅地洋佑　「苦手」大会で単独首位キープ,https://news.yahoo.co.jp/articles/83f703bec44d8de48de62e29e8099e95d3f2d4af,6/30(金) 20:35
gdo,岩井千怜は14戦ぶりの予選落ちも「良い意味で、良いラウンド」,https://news.yahoo.co.jp/articles/bb15a6cc2a58434bc295a5313ec7db4e1f68fab9,6/30(金) 20:10
gdo,中古ドライバー コスパもタイパもいいヘッド マニアが勝手にランキング,https://news.yahoo.co.jp/articles/a4a11c6ed5704e6eec95fd183a18b11fe5e0cc5b,6/30(金) 20:02
gdo,「カップが小さく見える」　長野泰雅が戦う悪夢の“ウィニングパット”,https://news.yahoo.co.jp/articles/723ce96d351d582189538cd8b7ebd5526069161d,6/30(金) 19:47
gdo,雨ニモマケズ、風ニモマケズ“68” 首位浮上の永井花奈「自分に期待しない」,https://news.yahoo.co.jp/articles/a3eef919c2c8121927fdd92b7068d432446ac7b2,6/30(金) 19:18
gdo,予選カットと“胃もたれ”乗り越え　中島啓太が今季ワースト発進から狙う巻き返し,https://news.yahoo.co.jp/articles/34611aec8af26e6e506065f699ca3518050423ea,6/30(金) 18:55
gdo,「ビビッてないで！ 壁ドンよ！」 藤本麻子が“自分のファン”とツアー史上最長ブランクVに挑戦,https://news.yahoo.co.jp/articles/210c932a539804dd99fb0066d78ee138fbf4e818,6/30(金) 18:29
gdo,強風下で「68」の永井花奈が首位浮上 岩井千怜は14戦ぶりの予選落ち,https://news.yahoo.co.jp/articles/acc5f15f735ca02ffaa0236d995c4551858ff201,6/30(金) 18:13
gdo,浅地洋佑が首位キープ　片岡尚之が1打差2位に浮上,https://news.yahoo.co.jp/articles/eaec87fa73f0689305e2c53a74a93736877c82db,6/30(金) 18:00
gdo,中野麟太朗がアマ日本一　プレーオフで鵜瀬璃久を破る／日本アマ最終日,https://news.yahoo.co.jp/articles/64770453880f1ffc4e9a8b2b66ca7616bae74668,6/30(金) 14:52
gdo,藤田寛之と深堀圭一郎は41位発進　兼本貴司は出遅れ／全米シニアOP,https://news.yahoo.co.jp/articles/0b588ebd53a13ca887b49327305617d61edea752,6/30(金) 11:10
gdo,7週ぶり米ツアーに「あー、この感じ」 小平智は池ポチャから10mパーセーブも,https://news.yahoo.co.jp/articles/c56a00610d697f870b18fc64564121a7151ef96c,6/30(金) 10:01
gdo,キャリアワースト146位発進 松山英樹はショット精彩欠き「75」,https://news.yahoo.co.jp/articles/4971261d0e76fe757a4becdc59a5ba902c8dffd8,6/30(金) 9:09
gdo,ムーアとクエストが首位発進　小平智83位　松山英樹は出遅れ,https://news.yahoo.co.jp/articles/1a9fc5709b40168fa869472a3bf36e89f7ff446c,6/30(金) 8:47
gdo,ローズが首位発進　星野陸也と久常涼は54位,https://news.yahoo.co.jp/articles/4d34c9213456196a33c3f9117258e96daee0aa35,6/30(金) 6:14
gdo,「キャリアで一番のショットかも」 吉田優利が思い出す“1年前”,https://news.yahoo.co.jp/articles/5ee008e052d239cd5682adac6369c7597620f1f0,6/29(木) 20:00
gdo,45歳ベテランが23歳コーチから教え　武藤俊憲のテーマは「存在感」,https://news.yahoo.co.jp/articles/c194aff2eaf334578161c05355c3a7ff633edea3,6/29(木) 19:43
gdo,7年ぶりのタッグで飛距離13yd増　宮田成華が戻った「原点」,https://news.yahoo.co.jp/articles/89f27b6ced7cb02d8c308190b5641cdc731d45b4,6/29(木) 19:31
gdo,最も好調なノーシード選手 リランキング1位桑木志帆が「68」,https://news.yahoo.co.jp/articles/b5b4a0c9b2ccda0cc5292de8e8ed3cad2dd589ee,6/29(木) 19:16
gdo,パー3で「刻もうかと思った…」　片岡尚之が乗り越えたい鬼門,https://news.yahoo.co.jp/articles/97b9af1591b4b64e6746deb0823afb9a9fefd373,6/29(木) 18:46
gdo,「願わくはずっとアウトスタートで」 石川遼はボギー発進から3アンダー,https://news.yahoo.co.jp/articles/5d73dbeb0167a7b2b08eb8f0aa137d404a6491b8,6/29(木) 18:29
gdo,浅地洋佑が「64」で首位発進　1打差に金谷拓実ら,https://news.yahoo.co.jp/articles/368c185eab80cd8deda2486e654547ef02a91603,6/29(木) 18:16
gdo,未勝利の宮田成華と2勝のペ・ソンウが首位発進,https://news.yahoo.co.jp/articles/c1551f525d343f7a39310df4825eb1929902161b,6/29(木) 17:47
gdo,早大の中野麟太朗が首位で最終日へ／日本アマ3日目,https://news.yahoo.co.jp/articles/0c695194cef8251ce867c4ff6540d959729e0604,6/29(木) 16:50
gdo,「We are  水曜日までの男たち」ツアーレップのお仕事ハイケン／駐在レップの米ツアー東奔西走Vol.3,https://news.yahoo.co.jp/articles/2a94ce016c39daf7e6bda255ed2ac4c7ff6c3fd4,6/29(木) 13:17
gdo,LIVとPGAツアーの和解も影響？ ガルシアとマキロイの友情復活,https://news.yahoo.co.jp/articles/fd6e104893e4e34eb92e57949d9e41667637591d,6/29(木) 11:46
gdo,“世界2番目”の大気汚染？ 山火事影響で霞むデトロイトの空,https://news.yahoo.co.jp/articles/deb9175f1c18089db2c1816a83d2a83d26a0f57f,6/29(木) 9:41
gdo,「幸せな人生」旅人ゴルファーも30歳　川村昌弘は欧州でいつの間にか“最年長”,https://news.yahoo.co.jp/articles/572eb9d591cfa1ed110a5f5fccf0fdddcb0e3156,6/29(木) 8:01
gdo,“常連”にも忍び寄るサバイバル 松山英樹が求めてやまない「最善」,https://news.yahoo.co.jp/articles/01a233609bbf9c9f4cf5e4e32ef330941e11c96a,6/29(木) 6:56
gdo,「悪いことしたな…」　谷原秀人の今季初Vにしょげる愛息,https://news.yahoo.co.jp/articles/aec92a0206966c2a15ea4f074845a281f2f69f6f,6/28(水) 20:12
gdo,今さら聞けない「キャビティ卒業のタイミングは？ターフが目安」アイアンの形状を教えて,https://news.yahoo.co.jp/articles/e5996117b85150ae9c4a5638c723ee76e1a406e3,6/28(水) 20:02
gdo,海外メジャー前週も強行出場　岩井明愛の「踏ん張り時」,https://news.yahoo.co.jp/articles/b17b3ea0239bd03b2cf60a441cb238bfa5ae0a92,6/28(水) 19:35
gdo,“真っ黒”が「落ち着く感じ」で人気　オデッセイ新パターお披露目,https://news.yahoo.co.jp/articles/8b76a0338fd99a43a8657de37907b0dac5d15303,6/28(水) 19:08
gdo,鵜瀬璃久と杉浦悠太が首位で決勝へ／日本アマ2日目,https://news.yahoo.co.jp/articles/d58da86d3af7cc2c6227ada779e6adcaae1d6950,6/28(水) 19:00
gdo,「腹をくくって」スイング改造　前年覇者・青木瀬令奈は“一皮むける”5勝目へ,https://news.yahoo.co.jp/articles/206850db1fd472d97dcb1b24c34faef8382d0dd5,6/28(水) 18:36
gdo,「自信を持たせたるわ！」 宮里優作が成田美寿々をキャディに起用,https://news.yahoo.co.jp/articles/cbf813e654bcbc4dfb23c0a39413e973b269e7a9,6/28(水) 17:57
gdo,アッと驚く“合併劇”　プロスポーツ界に見る対立と協調の歴史／小林至博士のゴルフ余聞,https://news.yahoo.co.jp/articles/b332d6262089eaade9cd4eb2c2003513c32ee23d,6/28(水) 14:16
gdo,9年モノのパターはいかにしてPGAツアーを席巻したのか,https://news.yahoo.co.jp/articles/7f9ba55c9cab113b67e8c1ddd643257411b121e0,6/28(水) 12:43
gdo,ハーフスイングで練習する一番のメリットとは？ 岸部華子,https://news.yahoo.co.jp/articles/53980f478236e9794f4aa2063a12c8b87fb3a4c3,6/28(水) 11:02
gdo,キャメロン・スミスの14本　新しい「T100」の黒 カッコよすぎじゃない?,https://news.yahoo.co.jp/articles/9fd33f5b414da9eb8c83f1e2682bcf2ceb7da33d,6/28(水) 9:47
gdo,スペインでLIV初開催　ガルシアは母国の得意コースで初Vなるか,https://news.yahoo.co.jp/articles/eca5d8e4cd55512a39b5db97220683cfba9a9dfb,6/28(水) 7:55
gdo,川村昌弘は30歳初戦　好調・星野陸也ら日本勢5人が参戦,https://news.yahoo.co.jp/articles/e555c4db0b656db27c122e620661c513eecb7aa9,6/28(水) 6:30
gdo,杉浦悠太、岩井光太、鈴木隆太が首位スタート／日本アマ初日,https://news.yahoo.co.jp/articles/81e7e2665d2b20369b0010178e64ecd473022ed0,6/27(火) 18:44
gdo,コ・ジンヨンが歴代トップの世界No.1在位159週 ロレーナ・オチョアを抜く,https://news.yahoo.co.jp/articles/5d54ed26f3798b9d0fc92e054f27dd806faf4cad,6/27(火) 16:32
gdo,松山英樹が3連戦で2年ぶりデトロイトへ 小平智は5月以来のPGAツアー,https://news.yahoo.co.jp/articles/d264987aff0e42e0d1dffcd0fdb3249569245699,6/27(火) 15:02
gdo,2028年「ザ・プレジデンツカップ」はW杯開催コースで,https://news.yahoo.co.jp/articles/ecc4a1eaddb8b4db1dcaf36b0c6a7fb646d43da8,6/27(火) 13:48
gdo,北の大地で今季初戦　中島啓太は谷原秀人、植竹勇太と予選同組,https://news.yahoo.co.jp/articles/4c400b33f83fb16f58c130ac715120c46d407cd0,6/27(火) 12:45
gdo,青木瀬令奈が連覇を狙う　山下美夢有、申ジエらは欠場,https://news.yahoo.co.jp/articles/df7675d0301cf15e09ac00491335ca99fa115d83,6/27(火) 12:17
gdo,スタッツ大幅改善を助けた14年モデルのパター　ブラッドリーの優勝ギア,https://news.yahoo.co.jp/articles/b82c1ed61569033667cb27d02c8650a3ea82c506,6/27(火) 11:31
gdo,世界ランク“鈍化”のジレンマ　中島啓太の無双は松山英樹の新人時代に負けているのか,https://news.yahoo.co.jp/articles/13598771c52e577c63ed3bfb1110213283608619,6/27(火) 8:43
gdo,ザンダーに朝食を　「試合の朝は納豆、味噌汁、目玉焼き…」,https://news.yahoo.co.jp/articles/bab4150dc21b11374d71109c6f151684c6ba0179,6/27(火) 8:03
gdo,古江彩佳が初めて日本勢トップ メジャー惜敗の笹生優花も浮上／女子世界ランク,https://news.yahoo.co.jp/articles/8c48a1d5b4e64ae663ded15ebe9ffc3a8f1ec1f7,6/27(火) 7:08
gdo,バスケ選手になりたかった？ 中国2人目のメジャー覇者は古江＆渋野の“同期”,https://news.yahoo.co.jp/articles/4cba7d7f0be0d282cea0f1926a728598d11830e7,6/26(月) 18:01
gdo,男子ツアーQTの“前哨戦”を開催 優勝者に「賞金100万円」「2ndQT出場権」,https://news.yahoo.co.jp/articles/0240a639264027897252f8aec78bdcfbf2162cf5,6/26(月) 17:32
gdo,「バランス変わりやすい」パターに3グラムの鉛　申ジエ優勝ギア,https://news.yahoo.co.jp/articles/636dd631867c50ec073be37dff08c42d4fada2a5,6/26(月) 17:00
gdo,米ツアー6勝目のブラッドリーが18位に浮上 松山英樹は26位／世界ランク,https://news.yahoo.co.jp/articles/d3befc8a0d64f42ad61e0f0c01814186a0d8af3d,6/26(月) 15:44
gdo,週末もクラブ変更　18勝目の谷原秀人「プロはみんな自分のスイングが嫌い」,https://news.yahoo.co.jp/articles/d87a8fe73a907c7158e0d405dd350e968d752766,6/26(月) 12:50
gdo,優勝賞金2億1556万円 2位の笹生優花は「全米女子プロ」でいくら稼いだ？,https://news.yahoo.co.jp/articles/a14b72960de778063b534230f94e64ac3c302164,6/26(月) 11:55
gdo,生涯獲得賞金10億円へ　笠りつ子は順手とクロスを使い分け,https://news.yahoo.co.jp/articles/67e0ad0d16656f120c1bdfc7bbf98346bbfa8828,6/26(月) 11:25
gdo,星野陸也が欧州ツアー自己最高の3位　ローレンス逆転4勝目,https://news.yahoo.co.jp/articles/42efb84e7d530d2b903efeb455912f123086d971,6/26(月) 10:43
gdo,松山英樹 マキロイに食らいつく「今日はアドレナリンが出て飛んでいた」,https://news.yahoo.co.jp/articles/d9c0419d9d940648af2e6926a7030645ce63f6ff,6/26(月) 9:03
gdo,途切れた猛チャージ 古江彩佳は悔しい中断「うまく切り替えできなかった」,https://news.yahoo.co.jp/articles/e8e9149064bc8923a0d61be2b1366b1c8cde0831,6/26(月) 8:47
gdo,「満足はしていないけど、うれしい」 笹生優花は惜敗にも晴れやか,https://news.yahoo.co.jp/articles/daf6f239a5f0d4dc75553b770eb7407661d405be,6/26(月) 7:49
gdo,ブラッドリー逃げ切ってツアー6勝目　松山英樹13位,https://news.yahoo.co.jp/articles/35c1cbc34d89b3f5b976694f0af61c7595354e82,6/26(月) 7:33
gdo,この打感、本当に飛び系？ プロギア「05 アイアン」を試打,https://news.yahoo.co.jp/articles/b1cc4e08a05cee4da23c8d7c3b5e5bb9336718e4,6/26(月) 7:01
gdo,笹生優花が2位でメジャー2勝目ならず　20歳のイン・ルオニンが初優勝,https://news.yahoo.co.jp/articles/eb885e8ec33809c7487f2a131eb324183c645610,6/26(月) 6:41
gdo,【速報】笹生優花は首位タイの通算7アンダーで競技終了 結果は後続次第,https://news.yahoo.co.jp/articles/53aa25ed101c1fb4d86a33a9f3fad19afb3a97dd,6/26(月) 6:13
gdo,【速報】古江彩佳は通算5アンダーで終了　中断前には首位と1打差に迫る,https://news.yahoo.co.jp/articles/e7b7250a8f73383c007f4881d7d05cecb87bfa91,6/26(月) 5:27
gdo,スンス・ハンがツアー初優勝 「全英」出場権も獲得／アジア,https://news.yahoo.co.jp/articles/0934148a21cdc8f5adc52d8a5f923f287477e4e7,6/25(日) 19:59
gdo,“信頼できる先輩”に敗れ涙　岩井明愛「また戦いたい」,https://news.yahoo.co.jp/articles/cc6d431bf474a9f12b969003e53d28ab4e697168,6/25(日) 19:40
gdo,20歳の挑戦は1mに泣く　長野泰雅も河本力も44歳の技術に脱帽,https://news.yahoo.co.jp/articles/c5a87120c1bc48b83aa46f3d9e2664b3a266330c,6/25(日) 19:19
gdo,山下美夢有は逃げ切れず10位　「全米女子オープン」へショートゲーム修正,https://news.yahoo.co.jp/articles/d7cbdd48e2e686554af7bd9fc8743a23b3b7bdec,6/25(日) 18:59
gdo,「いつか行かなきゃいけない時が来る」中島啓太の後悔なき池ポチャ,https://news.yahoo.co.jp/articles/29a9cfbbbd4e5c9282e78082c23f3da3c53df823,6/25(日) 18:31
gdo,亡き祖母に捧げる逆転V　申ジエ「自分のプレーができた」,https://news.yahoo.co.jp/articles/85793c2893b0449a1e1aeb047c0967ce2e68ac61,6/25(日) 18:15
gdo,渡せなかった優勝ジャケット　20歳を下した谷原秀人の「サトウのごはん」の行方,https://news.yahoo.co.jp/articles/ba9d95fa6fb6b1fecbf76fb42746c46b8d85dc32,6/25(日) 18:00
gdo,申ジエが逆転で今季2勝目　節目のツアー30勝に到達,https://news.yahoo.co.jp/articles/c86a64cac5c284106f2d60f34dfb460a0a4361ec,6/25(日) 15:44
gdo,44歳谷原が18勝目 選手会主催大会を選手会長が制す,https://news.yahoo.co.jp/articles/db1fdd49b71f8c2a3899c5f4c4fe08bd649c2b10,6/25(日) 14:56
gdo,スウェーデンの新星現る　23歳のルドビグ・アバーグが醸す風格,https://news.yahoo.co.jp/articles/5df510f4b2fd35dcfb0c8d97fa889d309f6423d4,6/25(日) 14:13
