media_en,title_articles,link_articles,date_original
scawaii,仕事効率が上がる！　デキる人に見える！　杏奈流仕事の流儀 ～後編～│住谷杏奈,https://news.yahoo.co.jp/articles/326465fdd1739edcd2bc6da17413c7d253f29b81,9/20(水) 19:35
scawaii,仕事効率が上がる！　デキる人に見える！　杏奈流仕事の流儀 ～前編～│住谷杏奈,https://news.yahoo.co.jp/articles/dca48ea8e064230b1dfd0fcf4708096ae13c88e7,9/13(水) 19:35
scawaii,日ごろどれだけ努力し、準備しているかがチャンスをつかむカギ│住谷杏奈,https://news.yahoo.co.jp/articles/651a5f6ed97a92b1dd0aaea0331716ea2f0e2e56,9/6(水) 19:35
scawaii,誰かが進んだ道は平たんで安全とは限らない。自分の道を行け！│住谷杏奈,https://news.yahoo.co.jp/articles/e5fad5e47055e50c3fcb7c27e8c021cecb9188d5,8/30(水) 19:35
scawaii,自分は何で貢献できるのかを考えられたとき、仕事につながる│住谷杏奈,https://news.yahoo.co.jp/articles/2b8e3cc9828aafa95e1838cc4a084f83a84d5e14,8/23(水) 19:35
scawaii,自分にとっての武器がわかればおのずと自信がついてくる│住谷杏奈,https://news.yahoo.co.jp/articles/be9f2536385fd5cd749e9cd7a8a5f6a3f5b06d17,8/16(水) 19:35
scawaii,はじめから人に期待せず、自分に期待する。│住谷杏奈,https://news.yahoo.co.jp/articles/9de07b4d5eeeb231b7c60707f8ad51c2df33ed8e,8/9(水) 19:35
scawaii,うまくいかないのは誰のせいでもない。あなた自身の行いのせいなのです。│住谷杏奈,https://news.yahoo.co.jp/articles/e3e7069d7e115cfe2f273b6f31bb6995a269322b,8/2(水) 19:35
scawaii,自分にしかできないことって何ですか？│住谷杏奈,https://news.yahoo.co.jp/articles/42d7334bdfd6f7fd9fac805f76ec024653af0d31,7/26(水) 19:35
scawaii,今すぐ飛び込む勇気、ありますか？│住谷杏奈,https://news.yahoo.co.jp/articles/ba785701caf86a883cbc3a7c426fb388ca8306b9,7/19(水) 19:35
scawaii,「損して得をとれ」の精神が大切。恥をかくことで自由になれるのです。│住谷杏奈,https://news.yahoo.co.jp/articles/3c59afbcbaf9679429ac7dd1a02807f9181b2197,7/12(水) 19:35
scawaii,他人のことより自分のこと。人の目なんて気にしない！│住谷杏奈,https://news.yahoo.co.jp/articles/db463bc2050ff60f55fb898e4e51411a60eadc29,7/5(水) 19:35
scawaii,人脈作りなんてくそくらえ！　他人に依存せず、自分で道を切り拓け│住谷杏奈,https://news.yahoo.co.jp/articles/42050320d2bd7fa51b771dbf12263b7661814ec2,6/28(水) 19:35
scawaii,「LINEの友だちリスト、すべて消せますか？」│住谷杏奈,https://news.yahoo.co.jp/articles/d0add60c4a9d1b9cc0562b1d893bc0e77d9d2309,6/21(水) 19:35
scawaii,「自分でやればタダ」なんて考えは今すぐ捨てたほうがいい│住谷杏奈,https://news.yahoo.co.jp/articles/945c77ff060e1f93de2d2315aa347807dd1cdc0f,6/14(水) 19:35
scawaii,自分の「時給」は自分で決められる│住谷杏奈,https://news.yahoo.co.jp/articles/ecfb889ecd3b1b02c483200c134f4a54cfc12c62,6/7(水) 19:35
scawaii,専業主婦になりたかった私が年間売上50億の実業家になるまで（後編）│住谷杏奈,https://news.yahoo.co.jp/articles/6648e9327a3a15d3fabb3ef2ae7b4d216e3925bb,5/31(水) 19:35
scawaii,専業主婦になりたかった私が年間売上50億の実業家になるまで（前編）│住谷杏奈,https://news.yahoo.co.jp/articles/5d432f06dcaca3234387f5d9ec19471b6913a4ad,5/24(水) 19:35
scawaii,【ATEEZ】世界を席巻するATEEZのライブに会場中が熱狂！　メンバーとファンが見せた熱い絆,https://news.yahoo.co.jp/articles/6a86c869a3f913f79f200713367500d64d2cc53f,5/11(木) 11:26
scawaii,TWICEのSANAがYSLリップのCMに登場！　イヴ・サンローラン・ボーテ ジャパンメイクアップミューズに就任し、クールな表情で新たな魅力を発揮,https://news.yahoo.co.jp/articles/13da2456b76ecbd7ef7b768f06aa9ead1714e937,3/28(火) 16:54
