media_en,media_jp,title_articles,link_articles,date_original
ampreview,AMP［アンプ］,web上の記事やSNS投稿の「#PR」表記、「気にしない」人の方が多い結果に　予め提示することで信頼や透明性を感じる人も,https://news.yahoo.co.jp/articles/25680f30d8ef0407542f9176f061d8591472604d,12/13(水) 15:17
ampreview,AMP［アンプ］,楽天、岡山県備前市と包括連携協定を締結　市産品販売拡大やDX化促進、次世代教育など7項目で,https://news.yahoo.co.jp/articles/66d1ad4d0ef6595328e2e88e3699eb467e0562f2,12/13(水) 15:17
ampreview,AMP［アンプ］,Google、2023年のGoogle検索ランキング発表　日本国内では「WBC」や「推しの子」などが検索トップに,https://news.yahoo.co.jp/articles/4c3503b182a1b5170e6de755a01da1e59e23ac62,12/12(火) 17:59
ampreview,AMP［アンプ］,"くら寿司、廃食用油をSAFに再資源化　年間320,000リットル製造、870トンのCO2削減見込む",https://news.yahoo.co.jp/articles/da252bd81806aa584b39b2ecc0b8548c29ca56c5,12/12(火) 13:10
ampreview,AMP［アンプ］,福岡市中央区に建設予定の「新福岡ビル」内に「CIC Fukuoka」開設へ　スタートアップを支援するCICの新イノベーションキャンパス,https://news.yahoo.co.jp/articles/44e4bd7d387891c74068206b872763d2c3152cc9,12/12(火) 12:20
ampreview,AMP［アンプ］,よみうりランドに「ポケパーク カントー」開業へ　ポケモンら3社が合弁会社設立,https://news.yahoo.co.jp/articles/78b50e36a77bf876013f493eca58e0989ed004bf,12/12(火) 12:19
ampreview,AMP［アンプ］,三菱電機とTXOne、OTセキュリティー事業拡大に向けた協業契約を締結　生産性・効率性と安全性を両立するソリューションを提供,https://news.yahoo.co.jp/articles/7582bc07148dee6c4244ed1a2392a09ad176b18d,12/12(火) 9:38
ampreview,AMP［アンプ］,松屋フーズ、来年4月1日に正社員のベースアップと新卒初任給引き上げ　大卒初任給23万円から25万円に,https://news.yahoo.co.jp/articles/d89032d87fed3845d1f325f31514eee226abfbc6,12/11(月) 17:26
ampreview,AMP［アンプ］,Z世代が選ぶ「2023年下半期トレンドランキング」、流行ったコト・モノに「ひき肉ポーズ」や「BeReal.」　“飾らない”がキーワード,https://news.yahoo.co.jp/articles/e9adc6371093f97043ab2acde9508f82a5add64c,12/11(月) 17:26
ampreview,AMP［アンプ］,2024年職場新年会の実施率は4割に回復　一方で、過半数が「参加したくない派」　Job総研調べ,https://news.yahoo.co.jp/articles/192b8abe0a52c5000317d31f12fd5c87ffb100bb,12/11(月) 17:26
ampreview,AMP［アンプ］,doda、「仕事満足度ランキング2023」発表　総合平均59.8点、前回からワンランク下落　労働時間は高く給与・待遇は低い傾向が続く,https://news.yahoo.co.jp/articles/b4c0d2f12ba149ea4d25af14705b43a989d662c4,12/11(月) 15:56
ampreview,AMP［アンプ］,ファミリーマート、JAむなかたとの循環型農業で生産されたキャベツを使った商品を販売　12月12日より,https://news.yahoo.co.jp/articles/5e82fcfd8fa17c7494d612c3c9b9ef7afef671a0,12/11(月) 15:56
ampreview,AMP［アンプ］,生成AIが嘘をつく「幻覚症状」問題、最新のベンチマークテストで明らかになった最も正確なAIモデルとは？,https://news.yahoo.co.jp/articles/0409e74709c788af67fd5ba1f232b7a77b59f9bf,12/11(月) 6:03
ampreview,AMP［アンプ］,ハーバード大調査、生成AI利用で仕事パフォーマンス40％アップ　人材不足解消に向け拡大する海外のAI人材プログラム,https://news.yahoo.co.jp/articles/c05a94a0d076288247be4dc644291314bca6d492,12/10(日) 6:04
ampreview,AMP［アンプ］,NPCが定型文から自由に回答する時代へ　ゲーム業界で高まるAIの存在感,https://news.yahoo.co.jp/articles/acf79574ebeecdba0056ffcef358540e09297484,12/9(土) 6:04
ampreview,AMP［アンプ］,【リユーザブルな食品ラップ】生活スタイルとのバランスを大切に｜大屋夏南のサステナブック,https://news.yahoo.co.jp/articles/20b1595a35038b6b449f8d39c5395bbbdbb7b695,12/8(金) 17:21
ampreview,AMP［アンプ］,KDDIなど6社、東京都檜原村で医薬品のドローン輸送実証　12月14日から　1週間で実運用に向けた課題抽出,https://news.yahoo.co.jp/articles/07f0c9c7893eb5a0eb0fb96977c92d4393c9b974,12/8(金) 17:15
ampreview,AMP［アンプ］,食品卸企業社員の約7割が受発注・請求書業務のデジタル化に前向き　デジタル化の障壁は「取引先の問題」という声も,https://news.yahoo.co.jp/articles/9ee73aaa5e1d0b56efd599f3e918b9fa0746612d,12/8(金) 17:15
ampreview,AMP［アンプ］,ENEOS、横浜市の中央技術研究所内に「CO2回収装置」を導入　CO2を合成燃料の原料の一部として使用する実証試験を開始,https://news.yahoo.co.jp/articles/2a3eeb4a81c789b07c61718fcec27bf7b8c6a153,12/8(金) 17:15
ampreview,AMP［アンプ］,生成AIの認知率63.6％に対し、利用率は16.6％　有料版の利用率はわずか5%という結果に,https://news.yahoo.co.jp/articles/c73880e81c58e233b6f71b4a24f6c98cd4391028,12/8(金) 16:08
ampreview,AMP［アンプ］,富士通とPalantir、戦略的グローバルパートナーシップを強化　AIとデータ統合で社会課題解決とビジネス変革を加速,https://news.yahoo.co.jp/articles/83306576c4c3c093a23b8ff5dac4f09e5a0579c5,12/8(金) 16:06
ampreview,AMP［アンプ］,阪神電鉄、大阪梅田駅4番線ホームドア供用開始,https://news.yahoo.co.jp/articles/97bed13a36eb4581bfa5e011aa0ab49476009729,12/7(木) 18:31
ampreview,AMP［アンプ］,育児中の男性の9割は、企業選びに「働きやすさとやりがいの両輪」を重視　理想の出社頻度は「週1回以下」が過半数,https://news.yahoo.co.jp/articles/39c34f9f84b717fcde1d507f0407b77ba8def236,12/7(木) 17:43
ampreview,AMP［アンプ］,Google、次世代AIモデル「Gemini」を発表　「Pixel 8 Pro」などGoogle各製品に導入,https://news.yahoo.co.jp/articles/e194342ef874b8a706b72f8ee9989eeda7fe5f97,12/7(木) 16:57
ampreview,AMP［アンプ］,JR西日本、兵庫県明石市・西明石駅6番のりばで「昇降式ホーム柵」使用開始　12月11日より　ホームの安全性を向上,https://news.yahoo.co.jp/articles/a8e21593201501b889844381f8fce8e5c530165a,12/7(木) 16:57
ampreview,AMP［アンプ］,"インターネット回線の月額料金は「4,001～5,000円」が最多　回線契約時は「速度の速さ」より「月額料金の安さ」を重視",https://news.yahoo.co.jp/articles/d85fff4eba8f417157514a8bca554c3ddb630c8d,12/7(木) 15:44
ampreview,AMP［アンプ］,KDDIら3社、群馬県で曲がる太陽電池を活用した実証実験を2024年2月から開始　敷地面積の少ない基地局でも太陽光発電を可能に,https://news.yahoo.co.jp/articles/957a5ff8db7c231cd8661b068c283125714e6b49,12/7(木) 15:44
ampreview,AMP［アンプ］,25年卒の男女別「就職人気企業」　男性は「伊藤忠商事」、女性は「講談社」がトップ　人気業界の違いが顕著に,https://news.yahoo.co.jp/articles/98dee09c65e4d4b9cba9a1d281ff11c00653ba7e,12/7(木) 12:52
ampreview,AMP［アンプ］,ボーナスの平均支給額は年間107.1万円　前年より約2万円増加　職種別では「製品企画」が年間平均支給額1位に,https://news.yahoo.co.jp/articles/71626cb065f3063ee4cd73a773d1d997c1146e3a,12/7(木) 12:52
ampreview,AMP［アンプ］,グリーンコープ福岡西支部、全車両EV化完了　脱炭素社会実現へ,https://news.yahoo.co.jp/articles/03c58b053242149c78e15bfbac21c0a4eced7bf9,12/7(木) 12:07
ampreview,AMP［アンプ］,GMOインターネットグループ、NVIDIAとパートナー契約を締結　生成AI向けGPUサーバー普及を加速,https://news.yahoo.co.jp/articles/8060c898f09339abe82e4ae76ca4cf13a6c4f546,12/6(水) 18:57
ampreview,AMP［アンプ］,80.9%がマッチングアプリで交際した相手と「結婚を意識した」　併用婚活は「婚活パーティー」が人気,https://news.yahoo.co.jp/articles/948aec579d2b15b99950bf306ac538992adc3315,12/6(水) 17:38
ampreview,AMP［アンプ］,最低賃金の引き上げ対象者がいない企業が半数以上　一方宿泊・飲食業の約6割に賃上げ対象者がいる　最低賃金引き上げに関する調査,https://news.yahoo.co.jp/articles/8d8c9d631d6737bb1db31bbab8e63d64eabb0bb3,12/6(水) 16:25
ampreview,AMP［アンプ］,学費の無償化、「大学まで無償」に8割以上の人が賛成　一方で「教育の質の低下」を懸念する声も,https://news.yahoo.co.jp/articles/e0b34c76be2e7daba110ac36ce8c3f3812bb36ad,12/6(水) 12:47
ampreview,AMP［アンプ］,JR東日本、新幹線早期地震検知システムを改良　緊急停止時間を平均2.6秒短縮,https://news.yahoo.co.jp/articles/48205b8c94ce16ea9d2e5360d9397d0977fdd138,12/5(火) 18:26
ampreview,AMP［アンプ］,東京都独自の給付金「018サポート」、半数以上は申請していない　子育て支援について「金銭的な援助が欲しい」との声も,https://news.yahoo.co.jp/articles/d8e34a8f4b302ef11a013d360ccdfa76cc59720e,12/5(火) 18:26
ampreview,AMP［アンプ］,8割以上の企業が中期経営計画を策定　「目標数値を掲げているが具体的な戦略が不足している」という課題も,https://news.yahoo.co.jp/articles/4369ce074e4704102ef2024a4e11ddefa9c54a6a,12/5(火) 17:39
ampreview,AMP［アンプ］,ローソン、マルチコピー機がスマホ用電子証明書に対応へ　スマホだけで住民票の写しなどが発行可能に　12月20日より順次,https://news.yahoo.co.jp/articles/6e372f3ae7be108e71e5b0f7dece25e7aa6ef87f,12/5(火) 15:50
ampreview,AMP［アンプ］,「Webアプリケーション開発コース for women」誕生　LINEヤフーテックアカデミーが女性のキャリア形成を支援,https://news.yahoo.co.jp/articles/000460f5bc2c2c97e79b628a6c12a3071cb74c81,12/4(月) 18:56
ampreview,AMP［アンプ］,Amazon、Alexaのビジネス・地方自治体向けサービス「Alexa Smart Properties」を日本で提供開始　高齢者施設・ホテルなどでAlexaが利用可能に,https://news.yahoo.co.jp/articles/dde043151e658bbb31fa76e25aee2f73c3127e9a,12/4(月) 18:56
ampreview,AMP［アンプ］,ゴールドウイン、北海道から沖縄まで「GREEN BATON」対象店を拡大　全45店舗でアパレルを買い取り新製品に再利用,https://news.yahoo.co.jp/articles/0dcf530b02d0a8d99ec509a87b267b0e3e0d2173,12/4(月) 17:12
ampreview,AMP［アンプ］,清水建設ら、陸上風車建設用移動式タワークレーンを完成　サイクル工程を5日程度短縮　2024年6月実工事へ適用予定,https://news.yahoo.co.jp/articles/b0dafcd9b7f704dd3c19c0733bd03614b2d7a550,12/4(月) 17:12
ampreview,AMP［アンプ］,Google、2023年の「Bard」活用方法トップ10を発表　情報収集に関する活用法が上位にランクイン,https://news.yahoo.co.jp/articles/772dba3bbd6d6ba2196f4c07ccba7180de45e5b2,12/4(月) 13:33
ampreview,AMP［アンプ］,約7割の社会人が今年の働き方に満足している　過半数が昨年より年収・残業時間が「増加」,https://news.yahoo.co.jp/articles/56f6ebf0d4d0567c90b0c0889ca2c3fed47be916,12/4(月) 13:33
ampreview,AMP［アンプ］,巨大なインドの動画サブスク市場、ネットフリックスは大苦戦,https://news.yahoo.co.jp/articles/ae7be2aa673a94a98622b54bbd28e934f4f9ec56,12/4(月) 6:03
ampreview,AMP［アンプ］,SNS内でもAIの利用が主流に？　10億ユーザーを狙うリンクトインの戦略とは,https://news.yahoo.co.jp/articles/cfd2fc1ace0ffe696545e3dee6053dc99d12c78b,12/3(日) 6:02
ampreview,AMP［アンプ］,オランダに見る新しい図書館の役割　子供のプログラミング教室から高齢者のデジタルサポートまで,https://news.yahoo.co.jp/articles/779c9d57b9c4b1d7199e9ad3d99ce4b3d57172e1,12/2(土) 6:03
ampreview,AMP［アンプ］,長崎県松浦市、ドローン配送実証実験を実施　離島間の物流効率化・住民生活支援へ,https://news.yahoo.co.jp/articles/5eea91ea60c07ce8ff434cdea4fba881aacb42a5,12/1(金) 18:20
ampreview,AMP［アンプ］,三井住友カード、「Vポイント祭」を開催　最大5万円相当のVポイントが抽選で当たる　エントリー数に応じ病児保育支援等の団体へ寄付,https://news.yahoo.co.jp/articles/5871da51f7a533ffa1908a545f29af1aee54a0e0,12/1(金) 18:20
ampreview,AMP［アンプ］,究極の自然葬「コンポスト葬」、日本での実施に約7割が賛成　肯定派が大半を占めるも衛生面を心配する声も,https://news.yahoo.co.jp/articles/fbce16df993ebcbee3a57335da910bd5dcbcd4ff,12/1(金) 17:46
ampreview,AMP［アンプ］,"NTTグループ2社、「従業員参加型エコアクションチャレンジ」を開催　13企業1,348名が参加し約15トンのCO2を削減",https://news.yahoo.co.jp/articles/334c6e181b2a4f1e501e4b3e157a7375f213608a,12/1(金) 17:29
ampreview,AMP［アンプ］,"約9割が物価上昇を実感　7月の電気代は昨年より平均4,376円上昇　ライフネット生命保険調べ",https://news.yahoo.co.jp/articles/a806c10293aa383a88fb148a62109af082cc1d4e,12/1(金) 17:29
ampreview,AMP［アンプ］,日本システムケア、全拠点の電力を実質再エネ由来電力に切り替え　温室効果ガス排出量を年間157.5t削減へ,https://news.yahoo.co.jp/articles/4cf922a3e3a8c7f4b462b349242561c14cd12801,12/1(金) 17:29
ampreview,AMP［アンプ］,Z世代のNISA制度の認知度は4割　資産運用を行うZ世代は2割にとどまる,https://news.yahoo.co.jp/articles/ff538b11ff04666539ac0b9de0a36919d58f05ed,12/1(金) 16:13
ampreview,AMP［アンプ］,大塚製薬、女性向け健康食品事業を拡充　米子会社がボナファイドヘルス社を買収,https://news.yahoo.co.jp/articles/9522f5877f789c91d9a84ccf116fbdbc0418520a,12/1(金) 16:13
ampreview,AMP［アンプ］,5割強が現在投資している金融商品がある　金融商品の購入先は「ネット専業証券会社」が増加傾向に,https://news.yahoo.co.jp/articles/b7e0cf6f100fe45da8d7f6a7ef363449089b081e,12/1(金) 14:31
ampreview,AMP［アンプ］,物流業界の2024年問題に向け、引越し業者アップルが給与改定を実施　2024年2月より5.5％引き上げへ,https://news.yahoo.co.jp/articles/b5137237db07621d626157ec0ae697a8aae7017f,12/1(金) 12:00
ampreview,AMP［アンプ］,アサヒグループ、茨城工場と吹田工場へ太陽光発電設備を導入　アサヒビール全工場の再生可能エネルギー使用率は約38％に向上,https://news.yahoo.co.jp/articles/df1a73b25c42defd708b8ce1ab8306b7871abf7d,11/30(木) 18:56
ampreview,AMP［アンプ］,千葉県成田市に都市型ショッピングセンター「そよら成田ニュータウン」が2024年夏誕生　「ボンベルタ成田」を大規模リニューアル,https://news.yahoo.co.jp/articles/15b2007dbd8ac30c38e1212f7d3b0af4756432ce,11/30(木) 17:58
ampreview,AMP［アンプ］,Apple、2023年のApp Store Awards受賞作を発表　ベストアプリとベストゲーム計14本を表彰,https://news.yahoo.co.jp/articles/016432c8711c48b80c055576a8836f6ada3ccf00,11/30(木) 17:57
ampreview,AMP［アンプ］,中小企業の半数以上が冬季賞与を支給　うち約4割が昨年より増額　「年収の壁・支援強化パッケージ」を知らない事業所は6割超,https://news.yahoo.co.jp/articles/53723a9e459b829c7a73923d3a064e3c73519ea4,11/30(木) 17:57
ampreview,AMP［アンプ］,日立、浸水予測Webサービス「FloodS」を構築　気候変動に伴う浸水リスクを高速シミュレーション　環境省が提供開始,https://news.yahoo.co.jp/articles/95187684a61df859672d4b0d0369fa8b22e2d312,11/30(木) 17:26
ampreview,AMP［アンプ］,大阪府豊中市、物価高騰対応支援給付金を支給へ　住民税非課税世帯に現金7万円で補正予算議決,https://news.yahoo.co.jp/articles/b7826c2bb93f2ed652763ac2b03b24b17e25a681,11/30(木) 17:26
ampreview,AMP［アンプ］,働く女性の8割は職場忘年会の参加に消極的　うち2割以上が「疲労」を理由に参加したくないと回答　パナソニック調べ,https://news.yahoo.co.jp/articles/96e73118865e33da5776263b7d404b8737db6355,11/30(木) 17:26
ampreview,AMP［アンプ］,日本郵便と日本郵便輸送、水素を燃料とした燃料電池小型トラックを導入　東京都内の郵便局間で運行,https://news.yahoo.co.jp/articles/7880902344211611f2d0344919956c7cacf11480,11/30(木) 12:46
ampreview,AMP［アンプ］,PR TIMES、「キーワードランキング 2023」発表　「イベント」が総合1位に　「ChatGPT」「生成AI」「タイパ」の件数も急増,https://news.yahoo.co.jp/articles/a112b1fd132c6d3cff64d0149e945514d198fb3d,11/30(木) 11:32
ampreview,AMP［アンプ］,建設現場の「残業規制」、約8割の現場社員が歓迎　一方で40代以上の現場社員は「歓迎していない」が半数を超える,https://news.yahoo.co.jp/articles/bb5f04e7e93f8c469797b3ac6afbce9cd99b7979,11/30(木) 11:32
ampreview,AMP［アンプ］,ジェネレーティブAI利用のリスク、各AI企業の著作権問題対応の現状,https://news.yahoo.co.jp/articles/3e649ea3a5950d4f782266f74f9d29fed5ffc76b,11/30(木) 6:05
ampreview,AMP［アンプ］,青山商事、リサイクル素材を使用したウールチェスターコートを販売　水の使用量約79％・CO2排出量約86％削減,https://news.yahoo.co.jp/articles/ec05f9d4bfdd17f1840290cc3100f48ecdeac2ec,11/29(水) 20:14
ampreview,AMP［アンプ］,7割以上が現在NISAを「利用していない」　新NISAになることを知らない人も過半数という結果に,https://news.yahoo.co.jp/articles/d52aca330cb29cb0694ddc60e26f46283297166e,11/29(水) 19:07
ampreview,AMP［アンプ］,2024年、年賀状を「送らない」が「送る」を上回る　年賀状を「手描き」する人は下の世代ほど多い傾向に,https://news.yahoo.co.jp/articles/78b127684653c2dee7c6d0b0f2186bd524183736,11/29(水) 15:49
ampreview,AMP［アンプ］,25卒学生が「企業選びで重視すること」に文理で違いが　文系「働き方・社風重視」、理系「成長性に注目」の傾向に,https://news.yahoo.co.jp/articles/b969f7037273a18645c747953f28da1eda792cfb,11/29(水) 14:09
ampreview,AMP［アンプ］,サウナを選ぶポイント、3割以上のサウナ経験者が「近さ／通いやすさ」と回答　約1割の人は他の利用客や接客の質を重視,https://news.yahoo.co.jp/articles/4bef659cb2d0dfda6598b51d171fb0a6e0623584,11/28(火) 20:07
ampreview,AMP［アンプ］,東急不動産ら、神奈川・登戸駅前地区に地上38階建て高層ビル竣工へ　商業施設や住宅、オープンスペースを整備,https://news.yahoo.co.jp/articles/7d99a84d177eabe60594a7041589b04d615d3786,11/28(火) 18:13
ampreview,AMP［アンプ］,岩手県紫波郡にマルチテナント型物流施設「プロロジスパーク盛岡」誕生　東北地方広域への配送ニーズに対応,https://news.yahoo.co.jp/articles/3fe93bd442f9bd4dcde0dcbed254aade59830419,11/28(火) 18:12
ampreview,AMP［アンプ］,NEXCO東日本・中日本、年末年始の高速道路渋滞予測を発表　12月28日～1月4日　関東甲信地方および静岡県内,https://news.yahoo.co.jp/articles/cc7d341e2dedbe4fb1c1fac998c6b5cad459b23e,11/28(火) 17:32
ampreview,AMP［アンプ］,ノキア、音声やテキストでネットワークを操作できるAI「Natural Language Networks」を発表,https://news.yahoo.co.jp/articles/ee0e35926692dad40e0a6e8d625a56f4b58ff20a,11/28(火) 17:31
ampreview,AMP［アンプ］,B型男性と交際した人の95.9%が「B型らしさ」を感じたことあり　理解できない行動1位は「やる気がないとまったく動かない」,https://news.yahoo.co.jp/articles/22cb2311d98cde3819768945e8a9b51c16131c8e,11/28(火) 17:31
ampreview,AMP［アンプ］,約3人に1人が「投資・NISA」をしていると回答　20～30代の投資事情も明らかに　シェアフル調べ,https://news.yahoo.co.jp/articles/974a3c1dfdbf264460c18061d073b64c86949a14,11/28(火) 16:42
ampreview,AMP［アンプ］,日経BP、「今後伸びるビジネス」2023年下半期ランキングを発表　「リテールメディア」や「タイパ消費」などがランクイン,https://news.yahoo.co.jp/articles/ab1d9c5c4b5a76c99040e2d900021b0c102d7561,11/28(火) 16:41
ampreview,AMP［アンプ］,もしスマホが使用不可になったら　30代以下男性の35％が「1日も耐えられない」と回答　「身体の一部」との声も,https://news.yahoo.co.jp/articles/9fb6cdbd2e6b755bd3f65edbfcb45a257399fe92,11/28(火) 16:41
ampreview,AMP［アンプ］,ガソリン価格は4週連続値上がりに　原油の下落に伴い補助金も減額で値下がり続かず　gogogs調べ,https://news.yahoo.co.jp/articles/ded056d75d3b76db3723f71801465de5e473c4a6,11/28(火) 15:31
ampreview,AMP［アンプ］,栃木県栃木市で冷蔵庫などを製造する日立GLSの「栃木事業所」、太陽光発電設備を大幅拡充　CO2排出量を年間約430トン削減へ,https://news.yahoo.co.jp/articles/7871514ca3949f8050d8ea5206a735da6a9f747d,11/28(火) 13:35
ampreview,AMP［アンプ］,7割以上が冬の手荒れに悩んでいる　手荒れ対策に「ハンドクリーム」を使用している人の過半数はケアが不十分と感じている,https://news.yahoo.co.jp/articles/c3e115fb8c848af53619d63eda68b28c12d6d23c,11/28(火) 11:51
ampreview,AMP［アンプ］,オルツとデロイト トーマツ、生成AIの利活用促進で共同取り組み　金融機関向けに3つのソリューション提供,https://news.yahoo.co.jp/articles/2c3c3ff5d8017f3912cbc60db8ba11fad8b8842f,11/27(月) 19:03
ampreview,AMP［アンプ］,ローソン、店頭で「使用済み紙パック」回収実験を実施　紙パックと引き換えに牛乳の割引きクーポンを発行　11月30日より都内3店舗にて,https://news.yahoo.co.jp/articles/a1305a5189e2ec4055839550a3367fb6af7606df,11/27(月) 19:03
ampreview,AMP［アンプ］,約4割がWeb広告運用・制作の現場で「生成AIツール」を使用　約6割が生成AIツールに「単純作業の効率化」を期待,https://news.yahoo.co.jp/articles/a2f70d4efeab885b9dd74c8b3918b2428602560a,11/27(月) 18:01
ampreview,AMP［アンプ］,ネット通販利用者の65.2％が「物流の2024年問題」を認知　配送ドライバーの負担を「意識したことがある」人は6割以上に,https://news.yahoo.co.jp/articles/2f0b466e689f78e6b98dc6cd7449d71943bec052,11/27(月) 18:01
ampreview,AMP［アンプ］,JR西日本、岡山県の津山駅を2024年夏にリニューアル　バリアフリー機能を備えたトイレを新設　地元の木材などを活用,https://news.yahoo.co.jp/articles/6576eb1a3083e2b67f3196143ed71ecec8b56da3,11/27(月) 18:01
ampreview,AMP［アンプ］,"物価やボーナスは増加傾向の一方、約9割は小遣いが増えていないと回答　小遣いの平均額は27,717円　ソニー損保調べ",https://news.yahoo.co.jp/articles/c6eb6d0c88ff52bbdb8c1aaa185918412d03a39f,11/27(月) 18:00
ampreview,AMP［アンプ］,2023年忘年会、参加率46%に回復　一方で、40.2%が職場の忘年会に「参加したくない」と回答,https://news.yahoo.co.jp/articles/ffbe48a17595caff451e8280c9ee0c59b7fc91b0,11/27(月) 18:00
ampreview,AMP［アンプ］,兵庫県川西市、使わなくなった物を持ち込めるリユーススポットを開設　12月1日より　回収品は必要とする人に無料譲渡,https://news.yahoo.co.jp/articles/c1c72ffc2ea34265a26bd5ab1832270c5d5536c4,11/27(月) 17:06
ampreview,AMP［アンプ］,家庭訪問型の子育て支援「ホームスタート」、過去最高ペースで利用数増加　孤立感や不安を感じる親子を地元の子育て経験者がサポート,https://news.yahoo.co.jp/articles/ff7d08a6396661c7eed9277a341ed566d54a2331,11/27(月) 16:47
ampreview,AMP［アンプ］,生成AIスキル、手探りながらも米国企業が人材育成プログラム始動。需給ギャップはこの先改善か？,https://news.yahoo.co.jp/articles/166a90b6696016d024edd5f0769f29e4d499bddc,11/27(月) 6:02
ampreview,AMP［アンプ］,生成AI統合で新アレクサ誕生か　会話の文脈を読み取りタスクを実行へ,https://news.yahoo.co.jp/articles/22800f1908968400e9e26c460df382238c136c1a,11/26(日) 6:03
ampreview,AMP［アンプ］,エンタメの新常識になるかも？ 満席が続く西武園ゆうえんちの「イマーシブシアター」の没入感を体験,https://news.yahoo.co.jp/articles/06094d555cc549b389d29ffbe0667030f42fcc2c,11/25(土) 6:03
ampreview,AMP［アンプ］,日本科学未来館『ミュージアムショップ』、無人決済システム「TTG-SENSE」採用　アプリや会員登録は不要で、省人化・省力化を実現,https://news.yahoo.co.jp/articles/db9374f34a2192396d4b980aecb9e5dc5ba594db,11/24(金) 18:10
ampreview,AMP［アンプ］,OpenAIのCEO追放騒動、アルトマンCEOと取締役会の哲学思想の相違が発端か？騒動の時系列とその理由,https://news.yahoo.co.jp/articles/8887eb277c3fb0b5256ebbd3bc6479c38d936c1b,11/24(金) 18:09
ampreview,AMP［アンプ］,内臓脂肪が多く免疫機能が低い人は、新型コロナやインフルエンザの罹患リスクが高い　キリンと花王、共同研究を実施,https://news.yahoo.co.jp/articles/6e35cd78c2ff8c7be642395d5579db5eb465ea4b,11/24(金) 17:00
ampreview,AMP［アンプ］,OpenAIにとって脅威となるか、台頭するオープンソース生成AIモデル、タスクによってはGPT‐4に匹敵も,https://news.yahoo.co.jp/articles/5fab1a8b0fb8b2f0e168f4de68bf82bf8781f667,11/24(金) 6:02
ampreview,AMP［アンプ］,働く女性の4割が婚活経験あり　うち6割が交際に至る　婚活手段はマッチングアプリが主流に,https://news.yahoo.co.jp/articles/19f9041a508165ca9955a7c79ab86402abede994,11/23(木) 17:30
ampreview,AMP［アンプ］,OpenAIの競合・カナダ発Cohere、差別化と圧倒的な低価格で法人顧客を魅了,https://news.yahoo.co.jp/articles/0c780cde9a135b170d1072fca0684b2bdeeca916,11/23(木) 6:04
ampreview,AMP［アンプ］,7割が配送用梱包無しでの配達に抵抗なし　特に抵抗感がない商品は洗剤やトイレットペーパーなど　Amazon調べ,https://news.yahoo.co.jp/articles/b4f3b26176c759745128bcdd6fd1d43c8209cb96,11/22(水) 20:13
ampreview,AMP［アンプ］,20代の半数以上が副業で「月5万円以上」の収入希望　副業に割きたい時間は「週1～4時間」が最多　学情調べ,https://news.yahoo.co.jp/articles/eb7d55a61def2d888106e875700c4c6c4ea75ae6,11/22(水) 20:12
ampreview,AMP［アンプ］,7割以上の人が乾燥を実感　特に乾燥するのは「髪の毛」「唇」「かかと」など　頭皮の乾燥は女性より男性に多い結果に,https://news.yahoo.co.jp/articles/9bb79ab1f98cb636cb7097260c8df9010d474263,11/22(水) 20:12
ampreview,AMP［アンプ］,note、AI領域の新会社「note AI creative」を設立　メディア運営にまつわる基盤システムや創作をサポートするツール群などを開発,https://news.yahoo.co.jp/articles/2453f74ed1aafebbe037eb6fc923294d88e46d5b,11/22(水) 17:32
ampreview,AMP［アンプ］,埼玉県、「彩の国リサイクル製品認定制度」対象の全18品目の認定申請を受付開始　リサイクル製品の利用促進を図る,https://news.yahoo.co.jp/articles/82f9066b6a4554b0032c69d3cbdb98173f471694,11/22(水) 17:32
ampreview,AMP［アンプ］,ニトリが韓国へ初出店　「NITORI」として11月23日よりオープン,https://news.yahoo.co.jp/articles/2d7b890d9c0aa5afbe6cf2ff175bbf9a83297478,11/22(水) 16:29
ampreview,AMP［アンプ］,8割の男性は「年の差婚」に前向き　女性の5割以上が「1～3歳差」が理想と回答　ブライダルネット調べ,https://news.yahoo.co.jp/articles/db9df7d95a3f2988d81afae6faa9a1bd38a94c3d,11/22(水) 13:59
ampreview,AMP［アンプ］,男／女らしくあるべきという考えにより3割以上の人が嫌な経験　「女性は介護をすべきとの理由で仕事を辞めさせられた」という声も,https://news.yahoo.co.jp/articles/6cd4349f46edeea05064c4f7f97d4d4101ef64fd,11/22(水) 13:06
ampreview,AMP［アンプ］,冬に窓開け換気、推奨される「30分に一回以上・数分間程度・窓を全開」の認知率は27.1％に留まる　寒さなどの理由で約7割が実施できず,https://news.yahoo.co.jp/articles/d473899beeba4443347788646da8e3f4d4c5a4c6,11/21(火) 20:05
ampreview,AMP［アンプ］,10代の72％がネット用語「ADSL」を知らない　30代男性の認知度は約80%　世代が上がるほど認知度は高い傾向に,https://news.yahoo.co.jp/articles/aca11f57879c3056f1c2a79e4ae36ae7852af718,11/21(火) 18:41
ampreview,AMP［アンプ］,広島県尾道市に、空き物件を活用した店舗と宿泊施設の一体化施設がオープン　客室は太陽光発電で100%自給,https://news.yahoo.co.jp/articles/d307f22f61e064d69251129cc580149e7c3124fc,11/21(火) 17:27
ampreview,AMP［アンプ］,ブックオフ、青森・宮城・山梨・岡山・香川で本の寄贈プロジェクトを実施　2024年1月15日まで寄贈先を募集,https://news.yahoo.co.jp/articles/db5d92bcbc8ccf75e249ff4016527dc0f73c7014,11/21(火) 17:24
ampreview,AMP［アンプ］,ANAとナッシュ、冷凍食品の新たな航空輸送ネットワークを構築　輸送時間を最大2日間短縮　物流2024問題にも対応,https://news.yahoo.co.jp/articles/139e45348cc3b908483a3582ecd97df833b97fe1,11/21(火) 16:13
ampreview,AMP［アンプ］,みちのくコカ・コーラボトリング、いわて生協と実施した環境保全プロジェクトの売上の部を岩県へ寄付　海洋ごみ対策に活用,https://news.yahoo.co.jp/articles/d44a37d439d2698fc5351fa11f42427d18a0e59e,11/21(火) 14:40
ampreview,AMP［アンプ］,約半数が平日と休日で1時間超の「睡眠時差」　　20代女性は平均1.7時間のズレ　約5人に1人が休日に「寝だめ」をしている,https://news.yahoo.co.jp/articles/7255105e0c77bf27c06488c67f4777d38e614e9d,11/21(火) 12:45
ampreview,AMP［アンプ］,Soup Stock Tokyoの離乳食、「東京都出産・子育て応援事業」の提供商品に採用　子育て支援に貢献,https://news.yahoo.co.jp/articles/32ecdf828ce9ea994d6eedfd4ebc623896108a8e,11/21(火) 12:44
ampreview,AMP［アンプ］,大阪府貝塚市でパナソニックエナジーの「二色の浜工場」稼働　単1形から単4形まで乾電池を生産　クリーンエネルギー活用でCO2排出実質ゼロ,https://news.yahoo.co.jp/articles/1c334d5d58433f150c6c3e892b4504288c8641f8,11/21(火) 11:24
ampreview,AMP［アンプ］,鹿児島県霧島市で物流施設「鹿児島臨空物流センター」開発へ　雇用創出や物流の効率化に貢献　大和物流が立地協定も締結,https://news.yahoo.co.jp/articles/fdfb79de7b07bfc0c31ce41bb946cf1e44c8342c,11/20(月) 18:35
ampreview,AMP［アンプ］,2023年職場忘年会の実施率は52％　4年ぶりに過半数を超える結果に　20代の参加意欲が最も高い傾向,https://news.yahoo.co.jp/articles/df75fc191385a3c7ce1435363e9a8dc239c2af23,11/20(月) 18:35
ampreview,AMP［アンプ］,メルカリ、「メルカリ寄付」の寄付先に日本赤十字社と国境なき医師団を追加　イスラエル・パレスチナの人道危機を支援,https://news.yahoo.co.jp/articles/defd135b0dfa3efcf1d700a20748e99946f22d9a,11/20(月) 17:23
ampreview,AMP［アンプ］,インボイス制度開始後も7割の経理担当者が課題を実感　経理部門以外も業務増加を感じた人が約7割にのぼる　Sansan調べ,https://news.yahoo.co.jp/articles/32fe1b2d0d8edc30229db2a981713ea412b7e7fc,11/20(月) 16:54
ampreview,AMP［アンプ］,20代の4人に1人が「副業」を経験　経験した仕事1位は「サービス・接遇」　副業をしていない理由は「始め方が分からない」が最多に,https://news.yahoo.co.jp/articles/b8b7cc1174723794a38b1f6ea69da861746711b6,11/20(月) 13:59
ampreview,AMP［アンプ］,"GMOインターネットグループ、生成AI活用で約9万6,000時間の業務時間創出　従業員数の約10%にあたる600人分相当",https://news.yahoo.co.jp/articles/ee86970fcc36836161a2b693e40f90dcc94c097b,11/20(月) 12:36
ampreview,AMP［アンプ］,人事・採用の現場で増えるAIツール利用、ニューヨーク市では規制を導入、欧州でも厳しいルールになる可能性,https://news.yahoo.co.jp/articles/568d4c025fb203dbc036755cc2c61ba987f1529f,11/20(月) 6:04
ampreview,AMP［アンプ］,ビルゲイツ氏らが注目する感情知性を持ったAI「Inflection AI」、設立1年で40億ドルの評価額に,https://news.yahoo.co.jp/articles/ddd81f3fe180f87f8a15133f6bed41f3f6da3c8d,11/19(日) 6:03
ampreview,AMP［アンプ］,ANA・JAL、航空整備士を目指す学生に無利子貸与型の奨学金を創設　12月1日より募集開始,https://news.yahoo.co.jp/articles/c175cc6ba49aec1d4655d9f240b6d3e6f49b7aec,11/18(土) 11:24
ampreview,AMP［アンプ］,1年以内に結婚した約4人に1人の出会いのきっかけはマッチングアプリ　コロナ明けで合コン等の積極的な婚活への回帰が顕著に,https://news.yahoo.co.jp/articles/45b499281e27741ad0e0e988140b0a66513b6604,11/18(土) 11:24
ampreview,AMP［アンプ］,"コード生成AIは1兆5,000億ドルの経済価値に、メタは最新のコード生成AI「Code Llama」をリリース、その実力は",https://news.yahoo.co.jp/articles/7270ee2fe41f702a676fd78f7840476dfa632bc7,11/18(土) 6:04
ampreview,AMP［アンプ］,Yahoo!知恵袋、投稿された質問に生成AIが回答する「AI回答機能」の試験提供開始　第1弾は悩み相談と歴史のカテゴリで運用,https://news.yahoo.co.jp/articles/3e000fbd589d0f3e9959b9a60864656eb5264eab,11/17(金) 18:24
ampreview,AMP［アンプ］,一人暮らし大学生の約7割が定期的にお金以外の仕送りを貰っている　仕送りでもっとも送られてくるものは「米」,https://news.yahoo.co.jp/articles/c0cfaa2ce2ebd2fea8b15ca860c8334068022856,11/17(金) 17:17
ampreview,AMP［アンプ］,Google Japan、2023年の旅行動向を調査　一人旅や家族旅行など、スタイルごとに「旅で重視する要素」が異なることが明らかに,https://news.yahoo.co.jp/articles/3cd43cf8753f6ba6e1b15fedfbb7f9b24bc9c3b8,11/17(金) 17:17
ampreview,AMP［アンプ］,川崎市と富士通、環境行動変容スマホアプリを活用した実証実験を12月4日から開始　環境に配慮した行動変容の促進へ,https://news.yahoo.co.jp/articles/d648fbce9eae36167b41fd0f6e42fcd8af01b260,11/17(金) 13:52
ampreview,AMP［アンプ］,約8割が「窓の結露」を経験　そのうち約7割が悩んだことがあると回答　結露対策に有効な「内窓」「断熱窓」を取り入れている人は少数,https://news.yahoo.co.jp/articles/58026e80ae17a942112c3c747929792241229730,11/17(金) 13:12
ampreview,AMP［アンプ］,岡山県西粟倉村のふるさと納税の返礼品として再生可能エネルギー100％の「百森でんき」が登場　寄付額に応じた電気料金の割引が受けられる,https://news.yahoo.co.jp/articles/77ed56d2b83b8f551f5fc019bef356436ff2691a,11/16(木) 19:11
ampreview,AMP［アンプ］,医師の7割弱が職場のジェンダーギャップは5年前と「変わらない」と回答　男性医師の育休取得率は40代以下で増加傾向に,https://news.yahoo.co.jp/articles/f7d4fd661a5e1b0cb4d176e8dfc4004211c9bb40,11/16(木) 19:10
ampreview,AMP［アンプ］,ワークマン、2024年4月から社員・パートの賃金を平均5.1％引き上げ　物価高騰対策と新店出店加速で,https://news.yahoo.co.jp/articles/b9e8a78a4b14957aceece88232948ef3154bd92a,11/16(木) 19:10
ampreview,AMP［アンプ］,47％の女性が日用品は配偶者に相談せず購入　結婚歴の長さに比例して相談しない割合増加　花王「サクセス」調べ,https://news.yahoo.co.jp/articles/7a91bb1807c20d967100410c68345e7d5ad4cd3d,11/16(木) 19:10
ampreview,AMP［アンプ］,働く男性の半数以上が男性特有の困難や障壁を経験　そのうち約8割が困難により仕事・キャリア・働き方に影響あり,https://news.yahoo.co.jp/articles/118844539be0e359a55f2e463310d282a52a3146,11/16(木) 17:59
ampreview,AMP［アンプ］,保護者の2人に1人がオンライン・通信制高校に好意的　場所・時間を問わない学び方にメリットを感じる人が多数,https://news.yahoo.co.jp/articles/c22e2b79fac2ee9fe1357a57dbaa646007371bb5,11/16(木) 17:58
ampreview,AMP［アンプ］,中野サンプラザ跡地、ホテル・商業・オフィスなどで構成される複合施設に　中野区と野村不動産などが再開発事業を都市計画決定,https://news.yahoo.co.jp/articles/b0cd2d35280926267bc0096c0b6f3d2d677f9349,11/16(木) 17:57
ampreview,AMP［アンプ］,サントリー、横浜市「みなとみらい21地区」で「ボトルtoボトル」水平リサイクルの実証実験を実施　2024年1月より,https://news.yahoo.co.jp/articles/bdfc3fd45d01c916f3f19c3822ae799e7abb61fb,11/16(木) 17:16
ampreview,AMP［アンプ］,大阪・道頓堀にICT活用の「スマートごみ箱」を設置　食べ歩きによる「ごみのポイ捨て」削減へ,https://news.yahoo.co.jp/articles/f788a7609bef2caf89bcf177aa02af35f229ce8e,11/16(木) 17:16
ampreview,AMP［アンプ］,ローソン、熊本県で廃食油のリサイクル実証実験を開始　11月20日より　揚げ物調理で使用した油が配送車のバイオディーゼル燃料に,https://news.yahoo.co.jp/articles/2373c2c888e08b9e7c4a176ec9a814b16043b9e1,11/16(木) 17:15
ampreview,AMP［アンプ］,子どもが不登校になったきっかけ、1位は「先生との関係」　保護者が行政に望む支援は「フリースクールなどの無料・利用料減免」など,https://news.yahoo.co.jp/articles/80708768dbcf3b2dc15ff4472e4f5370b4bb051c,11/16(木) 17:15
ampreview,AMP［アンプ］,石川県で回収した紙を県内で使う「地産地消プロジェクト」にキンコーズらが参画　オリジナル用紙を制作し商品名を公募,https://news.yahoo.co.jp/articles/c6b9876886dc51403c8ee8637879d8fd01170eeb,11/16(木) 16:11
ampreview,AMP［アンプ］,カンコー学生服とJEPLAN、学校向け制服循環エコプロジェクトを開始　制服や体操服などの回収BOXを設置,https://news.yahoo.co.jp/articles/c9ca67337da84696a8e901e7e9a12506bafd4c76,11/16(木) 16:11
ampreview,AMP［アンプ］,Amazon、目の動きでAlexaを操作できる機能「Alexaを視線で操作」を導入　言語障害や運動障害のある人でもAlexaの操作が可能に,https://news.yahoo.co.jp/articles/d7c54a57ac23080e36a7a86a4c1b96d25427c7e9,11/16(木) 16:09
ampreview,AMP［アンプ］,岡山県倉敷市で12月3日に「岡山もったいない祭り」を開催　県内企業のB品等を割引で販売　売上の一部は子ども支援団体等に寄付,https://news.yahoo.co.jp/articles/a6fbc984ac9819d07de233fbb959f80a8e709c5e,11/16(木) 12:10
ampreview,AMP［アンプ］,茨城県の「あみプレミアム・アウトレット」にEV充電サービス「WeCharge」導入　買い物中の充電が可能に,https://news.yahoo.co.jp/articles/58c031050a63460d41be529296cfc63cc59045e1,11/15(水) 20:05
ampreview,AMP［アンプ］,神戸市、神戸港で船舶への陸上電源供給を開始　再生可能エネルギー由来電力を使用　脱炭素化を実現,https://news.yahoo.co.jp/articles/4aab7b36ec847f370200e2c1099d875584e0f102,11/15(水) 19:05
ampreview,AMP［アンプ］,関西国際空港と大阪国際空港にて太陽光発電施設「KIX・ITAMI Sora×Solar」稼働開始　2025年春より　年間約1.2万トンのCO2削減,https://news.yahoo.co.jp/articles/ff91991d19ae5c03e7204e5a25d0e702d701e1f4,11/15(水) 19:05
ampreview,AMP［アンプ］,9割以上の親が子どもへの金融教育の必要性を実感　特に「貯蓄と資産運用」に注目集まる　一緒に学びたいと考える親も多数,https://news.yahoo.co.jp/articles/17058f37cc593ec1355f2a270637886e10310c70,11/15(水) 19:04
ampreview,AMP［アンプ］,日本郵政グループとパワーエックスが協業に合意　岡山郵便局に電力最適化サービスを導入　脱炭素社会実現に向けCO2を大幅削減,https://news.yahoo.co.jp/articles/036105cb269c069a9f6e36e75e9ced6332b55db5,11/15(水) 16:44
ampreview,AMP［アンプ］,川崎キングスカイフロント東急REIホテル、使用済みプラスチック由来の水素による燃料電池を使用開始　約20%のエネルギーを供給,https://news.yahoo.co.jp/articles/2c2e38ed828f09ddc3cb5304b8fa2e6209631c84,11/15(水) 16:44
ampreview,AMP［アンプ］,8割が転職経験あり　転職理由のトップは「働き方に関する意識の変化」　3割が現在副業をしていると回答,https://news.yahoo.co.jp/articles/951c851b1dffb6f61a2dece37188957bc7a1631c,11/15(水) 16:44
ampreview,AMP［アンプ］,岡山県津山市に「ローソン津山高野山西店」が11月17日オープン　閉店したローソンの建物建材を再利用　CO2排出量を約6割削減,https://news.yahoo.co.jp/articles/042917803b97f6057005967e27663c1e5639026d,11/15(水) 16:43
ampreview,AMP［アンプ］,奈良市、救急隊員を対象にしたコンビニ利用の運用開始　救急出場多発時における飲食物購入やトイレ利用を想定,https://news.yahoo.co.jp/articles/1b1654d5540d7f155ee82b3a80134d0197310406,11/15(水) 15:02
ampreview,AMP［アンプ］,Amazonビジネス、「2024 調達分野の調査レポート」公開　53％の企業が前年より予算増額を見込む　AIなどテクノロジー投資も加速へ,https://news.yahoo.co.jp/articles/51bc333804bc0a4dd50520968ee8755fb9e55493,11/15(水) 12:10
ampreview,AMP［アンプ］,神奈川県の好きな観光スポット、1位は「みなとみらいエリア」　鎌倉や箱根などにも人気は分散,https://news.yahoo.co.jp/articles/1f7bb153473243c05a8f33c08f4f6bfcc1935be1,11/14(火) 19:20
ampreview,AMP［アンプ］,町田市、一般廃棄物処理施設で発生するCO2をイチゴ栽培に有効活用する実証試験を開始,https://news.yahoo.co.jp/articles/e6c4aa6d446fc4b62f324728266e7517199b6b4d,11/14(火) 18:31
ampreview,AMP［アンプ］,20代の7割以上が「資産形成」に興味あり　「新NISA」認知率は8割超えも、実際に資産形成を行っているのは4割未満,https://news.yahoo.co.jp/articles/b499dc80e940ed26d654b3e0aa895d7490044337,11/14(火) 18:30
ampreview,AMP［アンプ］,みずほ銀行やNTTコミュニケーションズら、東京都八丈島にスマートディスプレイを導入　高齢者等のデジタル化推進へ,https://news.yahoo.co.jp/articles/90c4127916f1a5c4dfe45010c43ab7250c55679e,11/14(火) 18:30
ampreview,AMP［アンプ］,5割以上が「仕事中に肩こりを感じる」　一方で、約半数が「肩こり放置者」　若年層ほど積極的に対策をしている結果に,https://news.yahoo.co.jp/articles/faf6184b22bd755bd56782b2b186dbe84793c57e,11/14(火) 18:29
ampreview,AMP［アンプ］,楽天とOpenAIが提携　新AIプラットフォーム「Rakuten AI for Business」を発表,https://news.yahoo.co.jp/articles/4d0cb0156803d572d333c7f90bc5ed34ae7a71b0,11/14(火) 17:18
ampreview,AMP［アンプ］,スーパーコンピュータ「富岳」、国際的な性能ランキングGraph500で首位獲得　BFS部門で8期連続世界第1位に,https://news.yahoo.co.jp/articles/ef91af352d73303e1f792ec1a19e4c0c83df1f6d,11/14(火) 16:45
ampreview,AMP［アンプ］,男性の育休取得率はわずか9％　取得しなかった理由1位は「業務に支障がでる」　職種や企業規模によって取得率に差が,https://news.yahoo.co.jp/articles/5e025167c4410ce5ba600daeed8416faf0a96356,11/14(火) 16:44
ampreview,AMP［アンプ］,台湾デザイン研究院に聞く、地方創生に寄与する『都市デザイン』の力とは,https://news.yahoo.co.jp/articles/0b93dbf1ab7717082ea226b1d892c4bde3661a38,11/14(火) 11:26
ampreview,AMP［アンプ］,関係の良い夫婦・パートナーは平均5.8個以上相手を尊重する言動あり　価値観の違いを認め合うこともポイントに,https://news.yahoo.co.jp/articles/49053cb96e1dd027b5ee9b6a9b37415e32cd2b32,11/13(月) 18:52
ampreview,AMP［アンプ］,サガミホールディングス、2024年1月5日にグループ全店一斉休業　「和食麺処サガミ」や「味の民芸」など　働き方改革で,https://news.yahoo.co.jp/articles/d1ae74c002ba32961e551fe296a0af8409f42072,11/13(月) 18:52
ampreview,AMP［アンプ］,個室トイレで生理用ナプキンを無料提供する「OiTr」、アプリが80万ダウンロード突破　累計300万枚以上提供,https://news.yahoo.co.jp/articles/1b9cdb2b632075a082728f4cb3e6d6c93526ea91,11/13(月) 18:05
ampreview,AMP［アンプ］,20代が転職で実現したい年収は「301～400万円」が最多　「貯金や投資に回す余裕を持てる年収が理想だと思う」の声,https://news.yahoo.co.jp/articles/308e11b1cdaf12c5f6e9c79c8d81716e249c3107,11/13(月) 18:03
ampreview,AMP［アンプ］,20~30代の7割以上が子どもが欲しい　約9割が共働きを望む　パートナーに求める年収の平均額は646万円　「2023年 少子化に関する意識調査」,https://news.yahoo.co.jp/articles/8afc0f3e13904098866566a4c2feab0ed42b2034,11/13(月) 16:21
ampreview,AMP［アンプ］,半数以上がコロナ5類移行でオフィスの感染対策や清掃に「変化」を実感　約8割はオフィス内でのマスク着用も自由に,https://news.yahoo.co.jp/articles/9a556bce69f9501587d8d5b12994ce486d917081,11/13(月) 13:58
ampreview,AMP［アンプ］,CREVAS GROUP、20代社員の奨学金を最大5年間全面補助　奨学金支援制度「みらサポ制度」を導入,https://news.yahoo.co.jp/articles/95ecb68f8cdfd703fb01b91a562145acdd1ea746,11/13(月) 13:58
ampreview,AMP［アンプ］,64.9%が「在宅勤務」の経験無し　在宅を希望する年代は30代がトップ　「切り替えしづらい」と感じる人も,https://news.yahoo.co.jp/articles/1895e56d43e9241392f1ff8b80cf8f0f303af380,11/13(月) 12:52
ampreview,AMP［アンプ］,兵庫県養父市と日立、オンライン投票選挙をメタバース空間で模擬実施　マイナンバーカード活用の市民サービス創出に向け協業開始,https://news.yahoo.co.jp/articles/859bfc510f6748f3285e6a0e50fe6e68fe549669,11/13(月) 12:51
ampreview,AMP［アンプ］,映画の感動はどこから来る？　テクノロジーの進化がこれまでにない“没入感”を実現,https://news.yahoo.co.jp/articles/7f756cdba2d15dd96b7151a84f54afbaf21ce43a,11/13(月) 6:04
ampreview,AMP［アンプ］,YouTubeにジェネレーティブAI機能が続々、チャンネル公式のクローンによる動画配信が一般的な世界に？,https://news.yahoo.co.jp/articles/70d2d18721f00d993800e3d9ab20277e341a2917,11/12(日) 6:03
ampreview,AMP［アンプ］,AI人材獲得競争、米企業を中心に世界的に激化　ビジネス成功はAI人材次第に,https://news.yahoo.co.jp/articles/027a5a49f275090570843ea8165be5534257fdfc,11/11(土) 6:02
ampreview,AMP［アンプ］,「ブラックフライデー」の認知度上昇　半数以上がセールの活用意向あり　販促施策を決定している企業は昨年比で約1割増加に,https://news.yahoo.co.jp/articles/a8a6ab60c96203a914d998e3a2029d421ce4fed9,11/10(金) 19:09
ampreview,AMP［アンプ］,ローソン、「MACHI caf」アイスドリンクで使用する上蓋のプラスチック使用量を削減　11月13日より　年間約48トンのプラ削減に,https://news.yahoo.co.jp/articles/0c0e1b8e5cba2f1733919c4351b6e2b268bf5178,11/10(金) 18:08
ampreview,AMP［アンプ］,約7割がストレスなどでニキビができると感じるも、3人に1人はニキビできても「何もしない」　スキンケアで対策する人は8割が効果を実感,https://news.yahoo.co.jp/articles/99c147e31085c5d0327da181e5dd4f63d304bbef,11/10(金) 16:57
ampreview,AMP［アンプ］,メルカリ、グリーンフライデー企画「新作ゼロのサステナブルファッションショー」開催　11月24日渋谷にて　THE NORTH FACEなども参加,https://news.yahoo.co.jp/articles/feec9d414e01e0362d301528ee16d4cdd8151695,11/10(金) 14:51
ampreview,AMP［アンプ］,大和ハウス工業、神戸市にマルチテナント型物流施設「神戸長田物流センター」竣工　関西地区の物流量増加に対応,https://news.yahoo.co.jp/articles/9426860fa67ff442f33a9a8958b84afa650520c0,11/10(金) 12:40
ampreview,AMP［アンプ］,"日産自動車、2023年度上期決算を発表　上期営業利益は3,367億円を達成し前年比倍以上に　通期見通しも700億円改善し上方修正",https://news.yahoo.co.jp/articles/94c4578fcfe0d13b5c1f60e5c0739832d8038e4f,11/9(木) 19:32
ampreview,AMP［アンプ］,楽天証券HD、みずほ証券に普通株式の約29％を追加譲渡　譲渡金額は870億円の見込み　資本業務提携を強化へ,https://news.yahoo.co.jp/articles/ef3a32828d88d2345f9c0006f09c53199f822a8d,11/9(木) 17:54
ampreview,AMP［アンプ］,栃木県日光市・那須町にグランピング・VILLA施設が2024年秋に誕生　プライベートドッグランや温泉を併設,https://news.yahoo.co.jp/articles/65b92c0753038707f2a0280307d531b94bf61a17,11/9(木) 17:54
ampreview,AMP［アンプ］,楽天証券HD、上場申請取り下げ　みずほ証券と資本業務提携強化で,https://news.yahoo.co.jp/articles/3409b893c945c2f2d6fca8b03b08ed4b18e95259,11/9(木) 17:54
ampreview,AMP［アンプ］,埼玉県をメタバース空間に構築　「バーチャル埼玉」、11月14日よりオープン　川越の蔵造りの町並みやアリーナステージも再現,https://news.yahoo.co.jp/articles/09e8e1f8d6363d7b78ecc4d5e3a9853dd7435ae4,11/9(木) 16:44
ampreview,AMP［アンプ］,冬の身体の不調、滋賀県民の7割が「冷え」に悩む　毎日お風呂につかる県1位は「千葉県」リンナイ調べ,https://news.yahoo.co.jp/articles/396f35e4615d7fcbffeab59d55b6ebf2e3304bf0,11/9(木) 16:44
ampreview,AMP［アンプ］,便秘に悩む人の約8割が便秘薬の使用経験あり　便秘対策にかける「便通費」は単身世帯の水道代平均よりも高い,https://news.yahoo.co.jp/articles/db45aee53054692ef5e431857de25f2f0a02ab45,11/9(木) 16:44
ampreview,AMP［アンプ］,毎日自宅で「ととのう」。現代人がコーヒーを飲む理由とは,https://news.yahoo.co.jp/articles/aaad904007db4ac30b4fc4d764a51f8ed932a579,11/9(木) 11:40
ampreview,AMP［アンプ］,エアコン稼働中の換気、電気代が高くなる方法で行う人が約半数　24時間換気システムを正しく使えている人は約2割,https://news.yahoo.co.jp/articles/877c832f4a9ff0bddfc0f6a368f53f90a563a592,11/8(水) 19:20
ampreview,AMP［アンプ］,"全国フードバンク、給食のない冬休み期間中に困窮世帯への食料支援を実施　過去最大となる40,000世帯が対象",https://news.yahoo.co.jp/articles/4468a4a09c35c9bf831e30176dd676337c7aaa43,11/8(水) 17:32
ampreview,AMP［アンプ］,フリマサービス利用経験者の半数以上が推し活経験あり　捨てずに譲りたいという思いから利用する人が多数,https://news.yahoo.co.jp/articles/2ed6684a35543d6389ea587b017b07ba56b89024,11/8(水) 16:03
ampreview,AMP［アンプ］,80%以上が毎月の光熱費を把握している　断熱リフォームで冬の寒さや結露防止を実感　「光熱費意識と省エネ行動」調査,https://news.yahoo.co.jp/articles/4feddaff050943a481695061056f71744d34a5c3,11/8(水) 16:03
ampreview,AMP［アンプ］,任天堂、「ゼルダの伝説」を実写映画化へ　Arad Productionsと企画開発を開始,https://news.yahoo.co.jp/articles/fd7f7fabe1b1f56ee46d55d53b289d82c7841280,11/8(水) 16:03
ampreview,AMP［アンプ］,北海道札幌市・大通公園に「デジクルーシブ パーク」登場　テクノロジーで動く遊具を設置　11月11日より期間限定,https://news.yahoo.co.jp/articles/272cee71f5df20ab1637a5c2dfbdde8e856500e2,11/8(水) 13:52
ampreview,AMP［アンプ］,KADOKAWA、外国籍社員を対象に「リモートワーク制度」導入　年間最長90日程度は一時帰国先から勤務可能に,https://news.yahoo.co.jp/articles/7b59ce2f8dcc2a5c64047eef428f6d48373121cf,11/8(水) 13:52
ampreview,AMP［アンプ］,約8割が商品や店の口コミ・ランキングを気にする　最も気にするのは「コメント内容」　年代や年収によって気にするポイントに差が,https://news.yahoo.co.jp/articles/5194953375391ef073144211de0c0600aa3107f5,11/8(水) 13:52
ampreview,AMP［アンプ］,円谷プロに聞く、ウルトラセブンが55年の時を経て伝える「対話と共生」への思い,https://news.yahoo.co.jp/articles/eb91ba06d60205c8a434b96a91584d71dd36c8d7,11/8(水) 11:34
ampreview,AMP［アンプ］,"ファーストリテイリングとUNHCR、難民を支援するパートナーシップを締結　年間1,000万枚の衣料支援や緊急支援、自立支援などを実施",https://news.yahoo.co.jp/articles/0e9eb0f8dcbec0504eec7e6d59fff8484b2f3df2,11/8(水) 8:43
ampreview,AMP［アンプ］,ファーストリテイリング、持続可能な成長を実現するサプライチェーン構築へ　原材料レベルまで管理する生産体制を推進,https://news.yahoo.co.jp/articles/aa7abb24b1e1859d0e435a645a49e151295b9bfa,11/7(火) 19:05
ampreview,AMP［アンプ］,"推しがいる人は46.3%で20~50代の幅広い世代で推し活が普及　推しに使う金額は月5,000円以内が最多",https://news.yahoo.co.jp/articles/38f1030aff3df408d9dda6c26556c3f95d5f188f,11/7(火) 19:05
ampreview,AMP［アンプ］,"ローソン、麦茶や緑茶などオリジナル飲料7品のペットボトルを100％リサイクル素材に　年間約2,900トンのプラ使用量削減へ",https://news.yahoo.co.jp/articles/93db5329f1dbf6fa5db75f76c480ee25e69b1a56,11/7(火) 17:21
ampreview,AMP［アンプ］,社会人の4割以上が誹謗中傷をしたこと・されたことがある　誹謗中傷をした半数以上は仕事のストレスが関係して行ったと回答,https://news.yahoo.co.jp/articles/1e65e38cd35538f11f9332d39f4eb30ed98ba321,11/7(火) 17:21
ampreview,AMP［アンプ］,AOKI、リサイクル製品「ウールエコシューズ」発売　下取り回収したスーツや礼服などウール製品が靴に,https://news.yahoo.co.jp/articles/ceebee47113ac21f5d1707cedc507f24b9e32cfb,11/7(火) 17:21
ampreview,AMP［アンプ］,自分の「妊孕力」に不安を感じる女性は約半数　一方、卵巣にどれほど卵子が残っているか測る「AMH」の認知度は3.8％と低め,https://news.yahoo.co.jp/articles/2098b44a5d60e872fca4150c40572af21c7f302c,11/7(火) 15:52
ampreview,AMP［アンプ］,マッチングアプリで会えた人の約8割が自分から「いいね」を送っている　顔写真の公開や結婚願望がある方がマッチング後に対面できる傾向が高い結果に,https://news.yahoo.co.jp/articles/e42c4565c2572542dcc407f940d347c67c1f50ba,11/7(火) 15:51
ampreview,AMP［アンプ］,セブン-イレブン、商品の原材料の生産地支援を実施　「セブンカフェ」のコーヒー豆や「セブンプレミアム」のカカオ豆の生産地を支援,https://news.yahoo.co.jp/articles/e7fd0163ef4e83836afa468934aa46b2629f2585,11/7(火) 12:41
ampreview,AMP［アンプ］,大学入試に「女子枠」は必要か　反対派が49.3%で半数を占める　「大学入試は公正に能力によって選別すべき」などの声,https://news.yahoo.co.jp/articles/f7747216ec1d0e82a44a51afb4f275dd7d8f1a6a,11/7(火) 12:05
ampreview,AMP［アンプ］,"トヨタ、グローバル生産累計3億台達成　創業88年2ヶ月で　カローラシリーズは約5,339.9万台",https://news.yahoo.co.jp/articles/b3a1c777e475fa810730ee56c67f673d2bb2eb3b,11/7(火) 7:00
ampreview,AMP［アンプ］,松屋フーズHD、奨学金返済支援制度を導入へ　最大200万円を5年間支援,https://news.yahoo.co.jp/articles/e5a05c57cd402d2f62a1436d9965dd953668a1bc,11/6(月) 18:36
ampreview,AMP［アンプ］,約7割が年末調整業務が「負担になっている」　申告書の回収について約4割が「ペーパーレス化を検討」,https://news.yahoo.co.jp/articles/940f2fd48442cb042dd77d401db4f15e7404e548,11/6(月) 18:35
ampreview,AMP［アンプ］,サンリオピューロランドにEV充電サービス導入　 DMM EV CHARGEの6kW普通充電器を設置へ,https://news.yahoo.co.jp/articles/4276eefc041a2536dc81a134a0b944f968d94d13,11/6(月) 16:56
ampreview,AMP［アンプ］,24年卒の採用充足率は75.8％　16年卒以降最低を記録　企業側も採用に苦戦か　マイナビ調べ,https://news.yahoo.co.jp/articles/6a7c67b225b73f41b59489eaca4074dd950cf237,11/6(月) 16:56
ampreview,AMP［アンプ］,10代の64%が「PHS」を聞いたことがない　20代も認知率は23%と低め　サウナーチ調べ,https://news.yahoo.co.jp/articles/044a5bba88d80be47e3fbf31d90689255c4bfa89,11/6(月) 13:08
ampreview,AMP［アンプ］,和歌山県岩出市で「岩出市子育てアプリ」を提供開始　市の情報を月齢・年齢にあわせて受信できる機能や電子母子手帳機能を搭載,https://news.yahoo.co.jp/articles/bdbfb467cc2f0035c70d6d068cc45b2dc65b6aff,11/6(月) 10:35
ampreview,AMP［アンプ］,"超急速充電器1,000基を無料導入。テラモーターズの大胆な「新プラン」はEV環境をどう変えるか",https://news.yahoo.co.jp/articles/8479f552b048f1eccea5bc3432a7fe6514520fef,11/6(月) 6:03
ampreview,AMP［アンプ］,話題のGoogle「ライフコーチAI」、実施されている試験と将来的な影響,https://news.yahoo.co.jp/articles/b47d040b8075adf146d1443f040836ffe60f58d3,11/5(日) 6:03
ampreview,AMP［アンプ］,YouTubeとユニバーサル・ミュージック、AI音楽の可能性模索で提携、業界では論争も,https://news.yahoo.co.jp/articles/fad90271db70b788e0d362d89964581bded5be8b,11/4(土) 6:03
ampreview,AMP［アンプ］,人間の同じ”評価軸”が必要に？　AIアプリと従来のアプリで「成功」の基準は異なる。米国で巻き起こる議論の行方,https://news.yahoo.co.jp/articles/d0e6aad82e980377897db026eed350d469a69f9b,11/3(金) 6:03
ampreview,AMP［アンプ］,約8割の経理担当者はインボイス制度によってストレスを感じる　「複雑な業務の増加」など制度に対する不満を持つのは7割超,https://news.yahoo.co.jp/articles/e498ce625da1478cca7e4cd53b80b9300555694a,11/2(木) 19:22
ampreview,AMP［アンプ］,Z世代の「ECデビュー年齢」、平均は16歳でY世代より4歳早い傾向に　EC利用頻度はY世代の方が高め,https://news.yahoo.co.jp/articles/08fb93bb7746187054a5d4ac5ecc92f117688ee3,11/2(木) 19:22
ampreview,AMP［アンプ］,阪神電鉄の全駅でタッチ決済による乗車サービス開始へ　三井住友カードの「stera transit」を活用　2024年内に導入予定,https://news.yahoo.co.jp/articles/fd83fff3dcb67b223221ca2a41670b0a1ee636a2,11/2(木) 19:22
ampreview,AMP［アンプ］,相次ぐ食品の値上げ、約9割が家計への影響実感　「よりお得な商品購入」の意識が増加　規格外品や訳あり品にも注目集まる,https://news.yahoo.co.jp/articles/283b64d8808ff5067f36833cfef6e8e8db82bfa8,11/2(木) 17:44
ampreview,AMP［アンプ］,【植物生まれのプリン】サステナビリティは一日にしてならず｜ビーガン王子のサステナブック,https://news.yahoo.co.jp/articles/7868a17a06f816d817e7d251959bb07b4f34a53f,11/2(木) 17:20
ampreview,AMP［アンプ］,ブックオフ、青森・宮城・山梨・岡山・香川の店舗で「サステナブックプロジェクト」を開始　買取点数に応じて図書施設などに本を寄贈,https://news.yahoo.co.jp/articles/eb6e8a4722cd3f8dc79c74c14b262da5b830e2c2,11/2(木) 16:18
ampreview,AMP［アンプ］,10代～30代のサウナ経験者、約半数が「オロポ」を知らず　女性は年代ごとでサウナドリンクの認知度に差あり,https://news.yahoo.co.jp/articles/f8b28b4db60179edb9ca0b1156d4a6658743f70f,11/2(木) 16:17
ampreview,AMP［アンプ］,KDDI・シスコ・富士通、電力使用量約40％削減の通信網を本運用開始　IPレイヤーと光伝送レイヤーを融合,https://news.yahoo.co.jp/articles/7f11763a626eefe5918bbdbc181918906fa63d71,11/1(水) 19:03
ampreview,AMP［アンプ］,ユニクロ、大阪・心斎橋エリアに「UNIQLO SHINSAIBASHI」を11月23日オープン　関西最大級の品揃え,https://news.yahoo.co.jp/articles/37629bdf4f70fb5166c7a28d427da30c698cda0f,11/1(水) 19:02
ampreview,AMP［アンプ］,福島県双葉町に地域最大規模のカンファレンスホテル「FUTATABI」開業へ　大和ライフネクストが企業立地協定を締結,https://news.yahoo.co.jp/articles/41ddce0dc91e458809be8ba7f4178b0d04cce6ed,11/1(水) 18:05
ampreview,AMP［アンプ］,池袋駅前に2面1セットの巨大屋外デジタルサイネージ「池袋ヒットビジョン」誕生　11月6日より　「巨大3Dカラクリ時計」も放映,https://news.yahoo.co.jp/articles/27c7499d4fd350ca2f342c745f06748b99dc49e1,11/1(水) 18:05
ampreview,AMP［アンプ］,札幌市に「TRUNK(HOTEL) SAPPORO」が2027年春開業へ　JLLがダイビルとの契約交渉を支援,https://news.yahoo.co.jp/articles/346f6cb76a10b28a841a4e2c3aec6bc7918c464c,11/1(水) 18:04
ampreview,AMP［アンプ］,『可愛くてごめん』で注目のクリエイターと中央酪農会議が異色のコラボ。酪農応援ソングを公開する狙いとは？,https://news.yahoo.co.jp/articles/49a3478ed3b9ef0e49c71904c09c2236e5fc6192,11/1(水) 17:04
ampreview,AMP［アンプ］,千葉県成田市に「たびのホテルEXpress成田」2023年12月1日開業　宿泊予約も開始,https://news.yahoo.co.jp/articles/79acb6482cbff991800ea89522212e19e9363d88,11/1(水) 15:11
ampreview,AMP［アンプ］,NTT、独自の大規模言語モデル「tsuzumi」開発　軽量かつ日本語処理が得意なLLM　商用サービスとして2024年3月より提供開始へ,https://news.yahoo.co.jp/articles/61f9213666b8911a86747ebbf385a5b4d593403d,11/1(水) 15:11
ampreview,AMP［アンプ］,ファミリーマートとむすびえ、「こども食堂スタート応援助成プログラム」始動　こども食堂を開始する団体へ8万円を助成,https://news.yahoo.co.jp/articles/09d2765c39485c216d64d8c27ec30cb8201803fe,11/1(水) 14:08
ampreview,AMP［アンプ］,生理用品のサブスク「This period.」、11月1日よりサービス開始　生理周期にあわせ自然派の生理用ナプキンを定期配送,https://news.yahoo.co.jp/articles/c22a9a5025257999a1f392a9c71c8594fd75a349,11/1(水) 12:29
ampreview,AMP［アンプ］,兵庫県尼崎市内で水道利用開始・停止の申し込み手続きをオンライン化　DNP「ドンドンパ」を活用し水道事業のDXを推進,https://news.yahoo.co.jp/articles/cb101e02a442a77f97db4b9e623210406f8ad699,10/31(火) 18:41
ampreview,AMP［アンプ］,20代若手社員が飲み会に感じる負担はコミュニケーションよりも「お金」　約8割が「飲み会は交流が深まる良い機会」と認識,https://news.yahoo.co.jp/articles/4a3fec2e61d37600b1ede6a319c5406a7c39e367,10/31(火) 18:33
ampreview,AMP［アンプ］,Apple、新しい24インチiMacを発表　前世代よりも作業が最大2倍高速に　11月7日より販売開始,https://news.yahoo.co.jp/articles/8f167f8d5d8f1df9a26b01056cd43db38e02a990,10/31(火) 17:18
ampreview,AMP［アンプ］,2か月にわたり「ガソリン価格」が値下がりに　今後は下がり幅の縮小や値上に転じると予想　gogo.gs調べ,https://news.yahoo.co.jp/articles/7b7c95e5025dea94ab82f69438868f3d80a6db24,10/31(火) 16:34
ampreview,AMP［アンプ］,Apple、次世代チップ「M3」「M3 Pro」「M3 Max」発表　Mac用Appleシリコンで初の3nmテクノロジーを採用,https://news.yahoo.co.jp/articles/304189d95b7c4c35741afc50bb2eb704f60f5337,10/31(火) 14:17
ampreview,AMP［アンプ］,日産自動車、2023年9月度および4月～9月の累計生産・販売・輸出実績を発表　輸出は対前年同月比+39.0%に,https://news.yahoo.co.jp/articles/2f894505143efd14bf4a8b15d14f180aef579017,10/30(月) 18:16
ampreview,AMP［アンプ］,推し活をするZ世代女性の8割はオタク用のSNSアカウントを所持　Xから推しの情報を得るZ世代は7割超　推し活女子のSNS活用実態を調査,https://news.yahoo.co.jp/articles/9822e5e47d9a5028988b863763e33009d79a620c,10/30(月) 18:15
ampreview,AMP［アンプ］,大学生の「長期インターンシップ」、都内・都外の学生で普及率に20％の差　地方学生の74％がインターン参加は「珍しい」と回答,https://news.yahoo.co.jp/articles/04e9b9da0a8bcb17b6e0d9c25109867a7c339d17,10/30(月) 16:56
ampreview,AMP［アンプ］,20代の4割が仕事を休むことに「罪悪感を感じる」　理想の連休日数は10日間　「日本人の休み方実態調査」,https://news.yahoo.co.jp/articles/0826aaeb919049f52a0cf0fa0be8de2f350ae483,10/30(月) 12:31
ampreview,AMP［アンプ］,Bing、Bard、ChatGPTに新機能続々、機能拡張が加速するジェネレーティブAIツール,https://news.yahoo.co.jp/articles/a12d9ae0e191457d1de373098d612cb9b343e373,10/30(月) 6:03
ampreview,AMP［アンプ］,ジェネレーティブAIは「流行期」へ、日本では主流まで2～5年。ハイプ・サイクル理論での立ち位置が明らかに,https://news.yahoo.co.jp/articles/16a3cead8b32dd7b479cf4f2c1143ed476b42f84,10/29(日) 6:02
ampreview,AMP［アンプ］,OpenAIのエンタープライズ向けChatGPT、強力アプデで収益化なるか,https://news.yahoo.co.jp/articles/fd72e1dea05529f234afd53dcd640c0afcd2907e,10/28(土) 6:03
ampreview,AMP［アンプ］,最も貯めているポイント1位は「楽天ポイント」　約7割がポイ活により節約できていると実感　Appliv調べ,https://news.yahoo.co.jp/articles/078673553536864b57c400efd056baebbc8b1b74,10/27(金) 19:35
ampreview,AMP［アンプ］,日本人の約8割は「食料品が今後値上がりすると思う」と回答　世界平均の約1.4倍　インフレとビジネスパーソンのランチ傾向について調査,https://news.yahoo.co.jp/articles/0e303ca15065473f47bffcc01fb026a18e407140,10/27(金) 18:40
ampreview,AMP［アンプ］,「渋谷ハロウィン」に参加予定の学生は1.8%　渋谷区の対応には6割以上が「効果があるのか疑問に感じる」と回答,https://news.yahoo.co.jp/articles/cf57219b06f1bbda525f6ae03ce9cee848f87ffd,10/27(金) 18:38
ampreview,AMP［アンプ］,インボイス対応による業務時間、経理担当者は平均約1.5倍増と予想　インボイス制度対応に関する意識調査,https://news.yahoo.co.jp/articles/f1b0039569b81db8c7329479ce106f548f38bafc,10/27(金) 15:20
ampreview,AMP［アンプ］,EV所有率は1％にとどまる一方で、47.1％が購入意向・関心あり　EV保有者の利用シーンは「日常使い」が約8割,https://news.yahoo.co.jp/articles/e931c27e8e8411aeac9213c681dca94d4230bd06,10/26(木) 18:43
ampreview,AMP［アンプ］,ChatGPTの認知度は9割以上　そのうち約6割が利用経験なし　ChatGPT認知度・利用動向調査,https://news.yahoo.co.jp/articles/2f8d7b41b3471877078250b92ba73b22143546fe,10/26(木) 17:58
ampreview,AMP［アンプ］,「XYZ世代間」で生成AIに対する意識に違いが　認知率はZ世代よりX世代が高い結果に　アドビ調べ,https://news.yahoo.co.jp/articles/4961422a2c2afcf0922ae01bda16e69ab9ad9a92,10/26(木) 17:58
ampreview,AMP［アンプ］,職場のハロウィンイベント、約7割が開催したら「参加する」　一方、イベント実施は「一度もない」が約8割にのぼる,https://news.yahoo.co.jp/articles/137a21fd38336caec5932f587898e22bb9839a0a,10/26(木) 15:52
ampreview,AMP［アンプ］,フジパングループ、2030年に向けた温室効果ガス削減目標がSBTイニシアティブの認定を取得,https://news.yahoo.co.jp/articles/6a10ef45edf2826f4b434f73a6bb664b4b6e9ab7,10/26(木) 15:51
ampreview,AMP［アンプ］,Apple Watch、片手だけで操作が可能なダブルタップのジェスチャーが利用可能に　電話の応答・メッセージの返信・音楽の再生等に対応,https://news.yahoo.co.jp/articles/094cac1a2359f251ceb040fe4fb2d8143ef7d3b7,10/26(木) 14:22
ampreview,AMP［アンプ］,2023年のハロウィンは「家で食事する」派が約7割　menu、イエナカハロウィンを盛り上げる「Get1Buy1キャンペーン」開催,https://news.yahoo.co.jp/articles/fa223746e587545ca2f69b88c634c6a0d3a8c299,10/25(水) 17:47
ampreview,AMP［アンプ］,ドコモグループの法人営業ブランド「ドコモビジネス」が描くサステナブルな共創社会～docomo business Forum’23～,https://news.yahoo.co.jp/articles/f6a79242910cc19ee5326fa33c25e4eaaecfbe6e,10/25(水) 13:50
ampreview,AMP［アンプ］,転職エージェントを利用し転職が成功したと思う人は約9割　一方「返信が遅い・連絡がない」、「興味のない企業を紹介された」等の不満も,https://news.yahoo.co.jp/articles/e874bb283ea7c3d64ba68ec91bbea2bb0acaa7cf,10/24(火) 20:11
ampreview,AMP［アンプ］,"年収1,000万以上で投資を行っているのは約8割　人気の投資は「株式投資」　高所得者の節約・節税の方法も明らかに",https://news.yahoo.co.jp/articles/8952db71a35c3de450a94dcf1efc2854d4612a0e,10/24(火) 18:37
ampreview,AMP［アンプ］,iPhone15購入の決め手は約半数が「防沫・耐水・防塵性能があるから」　購入者の9割以上が保証に加入,https://news.yahoo.co.jp/articles/976e5fa925b60da15d75f2b78bb212a06a41afe3,10/24(火) 18:37
ampreview,AMP［アンプ］,シャープ、太陽光発電と家電で電気代を抑える「ソーラー家電連携」提供開始　11月発売のエアコン「Xシリーズ」より利用可能に,https://news.yahoo.co.jp/articles/1490a19fe5773addc6c5bbf7ca32d4f4f1df107f,10/24(火) 16:39
ampreview,AMP［アンプ］,Astar NetworkグループとKDDI、Web3領域での協業に向け基本合意　ブロックチェーン技術の社会実装を加速化,https://news.yahoo.co.jp/articles/35e734f7d49d3da3984cae1d4457dc2b8fae6654,10/24(火) 14:50
ampreview,AMP［アンプ］,ブックオフと国際NGOのWVJ、アフガニスタン地震被災地支援ができる取り組みを開始　不要な本、CD、DVDなどで支援が可能,https://news.yahoo.co.jp/articles/7abd055c619cd49aa45fd625177eb6d8a1d5da92,10/24(火) 12:20
ampreview,AMP［アンプ］,マッチングアプリ利用者が最も重視するのは「価値観の一致」　幸せ退会者の半数以上が結婚を見据えた関係に　マッチングアプリの実態調査,https://news.yahoo.co.jp/articles/8497cddb0c231e45855a83d19894fcffa6bf600b,10/24(火) 12:17
ampreview,AMP［アンプ］,大型3Dプリンターの開発・販売を手がけるExtraBold、総額約2.6億円の資金調達を実施　三井化学と戦略的提携関係も発表,https://news.yahoo.co.jp/articles/3c2a650940f3ce248425f4e162ff570787abd1c3,10/23(月) 19:02
ampreview,AMP［アンプ］,ビジネスパーソンの6割強は「リモートワークができる働き方」を希望　一方で企業の約4割はリモートワーク不可　dodaが調査を実施,https://news.yahoo.co.jp/articles/78a0cd466b1448baab8aef7df779278d313fd124,10/23(月) 17:24
ampreview,AMP［アンプ］,20代に通じない「パソコン・IT用語」ランキング、1位は「フロッピーディスク」　ダイヤルアップ接続やMS-DOSもランクイン,https://news.yahoo.co.jp/articles/f976d8780e170538a6437f1a1c7f55a6a7c9e9d6,10/23(月) 17:18
ampreview,AMP［アンプ］,Honda、新事業創出プログラム「IGNITION」の対象を社外に拡大　個人・スタートアップから社会課題解決に向けたアイディア募集,https://news.yahoo.co.jp/articles/c97d7dcb83bbad0543f4f0d38a57c5ef20c3df51,10/23(月) 14:54
ampreview,AMP［アンプ］,約半数がコロナ禍でテレビの視聴頻度「減った」と回答　20代は82％が「テレビ離れ」の意識あり,https://news.yahoo.co.jp/articles/e2963ec06a3cd20d38700b06e1038eb36091b9f1,10/23(月) 12:26
ampreview,AMP［アンプ］,ジェネレーティブAIは人類の敵か味方か？　気候危機を助長する面と回避する面の2つの顔を持つAI,https://news.yahoo.co.jp/articles/446204e03cbb2af90f2de81a4018d109cf8fbb07,10/23(月) 6:02
ampreview,AMP［アンプ］,ジェネレーティブAI、2023年の求人数は7か月で33倍増加　フリーランス含む労働市場に大きな影響,https://news.yahoo.co.jp/articles/be76ae0591ba168130ad291c6c019ed953e237b8,10/22(日) 6:01
ampreview,AMP［アンプ］,郵便局にて、不在で持ち戻りとなった佐川急便荷物の受け取りが可能に　再配達回数を抑止しCO排出量削減やドライバー業務の効率化に,https://news.yahoo.co.jp/articles/4904ab97446f4bab8866506e57db5c3cac6f1064,10/21(土) 11:59
ampreview,AMP［アンプ］,電気、水、行政サービスを“ふつう”に使える日常を南アフリカで実現する。日本人ビジネスパーソンが奮闘する姿を追った,https://news.yahoo.co.jp/articles/297e6b6999e8aa03cc767457e44605967e0c93b3,10/21(土) 6:03
ampreview,AMP［アンプ］,カイコハナサナギタケ冬虫夏草、睡眠の質を向上させることが明らかに　第一工業製薬の臨床試験で確認,https://news.yahoo.co.jp/articles/61a1dd4774799d870d3d071a07f845c5e8b02be5,10/20(金) 19:59
ampreview,AMP［アンプ］,半数以上が「睡眠の質」に悩みがある　改善に向けて取り組んでいる人は2割程度　「睡眠改善」に関する調査,https://news.yahoo.co.jp/articles/a65b7f1618b4ceee085476bad4dc2a500d158e19,10/20(金) 19:58
ampreview,AMP［アンプ］,更年期との付き合い方、身体の不調に「うまく付き合えている」と感じる女性は1割以下　自分を労わることもポイントに,https://news.yahoo.co.jp/articles/22b7216d9030c82300b886f27ab297cdb4899746,10/20(金) 18:41
ampreview,AMP［アンプ］,【海にやさしい日焼け止め】社会課題に向き合う“最高の先生”でありたい｜齋藤克希のサステナブック,https://news.yahoo.co.jp/articles/661f73c0c9371c098d8d9aa6c842a4161c0306ef,10/20(金) 18:04
ampreview,AMP［アンプ］,楽天、2018年発行の劣後特約付無担保社債を期限前償還へ　残存金額は680億円,https://news.yahoo.co.jp/articles/582366116f91cc3365e0446fdfc7e80728c5cbdb,10/20(金) 16:53
ampreview,AMP［アンプ］,夏の電気代について64.4％が昨年よりも「高かった」と回答　71.9％が電気の使用量を抑えようと考えている　夏の電気代に関する調査,https://news.yahoo.co.jp/articles/94ffba626a7b487e8c33d86a4f03442c11dacff4,10/20(金) 16:51
ampreview,AMP［アンプ］,移動を通じた“つながり“を創る。JALの#かくれナビリティが示す「持続可能な空の旅」,https://news.yahoo.co.jp/articles/1113c6b8bd2e2cedbe4f7bb8a3005704900539d9,10/20(金) 12:17
ampreview,AMP［アンプ］,約半数の小・中・高校生の読書時間が0分　家庭の蔵書数や未就学児の読み聞かせ日数が多いほど、成長しても読書時間が長い傾向に,https://news.yahoo.co.jp/articles/fe29ca9a8b8fbff52361fbfce8443bc802c43df0,10/20(金) 11:58
ampreview,AMP［アンプ］,NVIDIAとFoxconn、AI産業革命の加速に向け協業へ　AI搭載の電気自動車や新たなデータセンターなど開発,https://news.yahoo.co.jp/articles/7b2611cf0ab0c3026c1b2ddb2cd65ed0f7296dc5,10/19(木) 18:18
ampreview,AMP［アンプ］,Honda・GM・クルーズ、2026年に日本で自動運転タクシーサービスを開始へ　自動運転専用車両「クルーズ・オリジン」を使用,https://news.yahoo.co.jp/articles/733a78204d32242cba7b084e89d9106b9663b1b8,10/19(木) 18:16
ampreview,AMP［アンプ］,TOPPANホールディングスと富士通、医療ビッグデータ事業の拡大に向け提携　匿名加工された電子カルテデータを活用,https://news.yahoo.co.jp/articles/1dbad4f3f22a8b01417dc07c012fbf350c39f834,10/18(水) 18:55
ampreview,AMP［アンプ］,一人暮らしの約5人に1人はコンビニを毎日利用　サラダを買う人は2人以上の世帯の半数以下　コンビニの惣菜に関する意識調査,https://news.yahoo.co.jp/articles/ba8578657ae0539565d9e3bca695766b76920221,10/18(水) 18:55
ampreview,AMP［アンプ］,JR西日本、山陽新幹線車内の全喫煙ルームと岡山県・広島県・山口県の駅の喫煙コーナーを廃止へ　2024年春をもって,https://news.yahoo.co.jp/articles/6d1c5f5cf45863cb02c63389db5bb5df0a121b7c,10/18(水) 16:56
ampreview,AMP［アンプ］,この5年で投資を始めた「投資女子」は52.5％　投資額100万円以上が約65％　半数以上が「資産を増やすことができた」と回答,https://news.yahoo.co.jp/articles/d1fd2838ff2b937ef6eda36d9505e357b6c337f7,10/18(水) 16:56
ampreview,AMP［アンプ］,九州新幹線、2024年春をもって車内のすべての喫煙ルームを廃止,https://news.yahoo.co.jp/articles/5b54c56a54b8763b24a4e4c142c95f7239053144,10/18(水) 16:16
ampreview,AMP［アンプ］,イケア、10月19日より「プラントベースソフトクリーム」販売へ　豆乳使用のミルク味を日本独自開発　価格は50円,https://news.yahoo.co.jp/articles/d0253dffd747e4b31ceaf78be2da2ba50830f126,10/18(水) 14:46
ampreview,AMP［アンプ］,Amazon、「リヤカー付き電動アシスト自転車」での配達サービス開始　軽バンや運転免許がない人も配達可能に,https://news.yahoo.co.jp/articles/e2161f4aedf035b79bef45a99749f9f07ec72e31,10/18(水) 11:53
ampreview,AMP［アンプ］,女性が休みにくい要因は「ギルティバイアス」か　約7割が周りへの罪悪感や迷惑を気にして休めなかった経験あり,https://news.yahoo.co.jp/articles/a1e9f3a05b53b220aa64fb1915950eeb5671d131,10/17(火) 18:44
ampreview,AMP［アンプ］,メルカリ、「メルカリAIアシスト」の提供開始　出品商品が売れやすくなるようにAIが商品名などの改善提案をする機能,https://news.yahoo.co.jp/articles/15f78b1b7b8df0da7b0375cc86840b9d7efc9c89,10/17(火) 18:44
ampreview,AMP［アンプ］,身だしなみのため眉毛を整える男性が増加　眉毛サロンを利用した約9割が「ほかの男性にも勧めたい」と回答,https://news.yahoo.co.jp/articles/e264e0915163395c32cbef9d3bfada698880f240,10/17(火) 18:04
ampreview,AMP［アンプ］,「EVよりPHEVを購入したい」派が57.5％　購入理由に「ガソリン代節約」や「燃費の良さ」などの声集まる,https://news.yahoo.co.jp/articles/78de2784646bbbba464468a33bc2eac04abda11d,10/17(火) 17:04
ampreview,AMP［アンプ］,日光・鬼怒川エリアの紅葉情報を日本便局員がレポート　日本気象「お天気ナビゲータ」で季節情報の配信実証実験を開始,https://news.yahoo.co.jp/articles/9bc82a1f1b332a1d2a267f3be251c2aab57a904a,10/16(月) 17:45
ampreview,AMP［アンプ］,人材のAIスキル習得、世界最速はシンガポール、政府や産業による人材育成プログラムが奏功,https://news.yahoo.co.jp/articles/afa9f959654e68cdba9a4c4c0bcd3167a963eedd,10/16(月) 6:02
ampreview,AMP［アンプ］,ChatGPTに”なれなかった”イスラエル発「AI21 Labs」とは？　1億5500万ドル調達で評価額14億ドルへ,https://news.yahoo.co.jp/articles/acfe31fc7ddd5418a568b64351e0d8c701fd7844,10/15(日) 6:00
ampreview,AMP［アンプ］,ChatGPTがもたらすのは、教育の「終わり」ではなく、教育の「始まり」。教育現場での禁止が一転、使用可能に,https://news.yahoo.co.jp/articles/535941954352c35a8eefadd7cadc3f18bd5f87e0,10/14(土) 6:04
ampreview,AMP［アンプ］,87％の人が「アフターピルの市販化」に賛成　心の負担軽減にもなる一方、避妊への意識低下に懸念の声も,https://news.yahoo.co.jp/articles/54b1c9d17765cac11a45587ab43d39bcf1d15cef,10/13(金) 19:58
ampreview,AMP［アンプ］,"味の素冷凍食品、「冷凍餃子フライパンチャレンジ」プロジェクトサイト公開　SNSの呼びかけで届いたフライパン3,520個を研究",https://news.yahoo.co.jp/articles/469b0fa0c35ec9b03e2264bd47f093dd333a89c4,10/13(金) 15:12
ampreview,AMP［アンプ］,東芝、自己株式の消却を決定　12月21日に実施,https://news.yahoo.co.jp/articles/466a3e6f58f7877574cbc04ad9d644db3911f679,10/13(金) 13:07
ampreview,AMP［アンプ］,結婚相手に求める年収、男性が「300～400万円」、女性は「500～600万円」　結婚とお金に関する意識調査,https://news.yahoo.co.jp/articles/538d2040475cef6134ea77a52046990aaad2635e,10/13(金) 10:51
ampreview,AMP［アンプ］,スズキとSkyDrive、静岡県磐田市で「空飛ぶクルマ」の製造へ　2024年春の製造開始を目指す,https://news.yahoo.co.jp/articles/647120aae2d7f574ca78468e92602838857d434d,10/11(水) 15:08
ampreview,AMP［アンプ］,ニトリ、韓国初出店　ソウル「emart Hawolgok」店内に11月オープンへ,https://news.yahoo.co.jp/articles/4f361e1e9ce05db10a2b9bfa4c3490226553d2f4,10/10(火) 18:25
ampreview,AMP［アンプ］,「駅前留学NOVA」のNOVAホールディングス、新卒初任給を20.3万円から30万円へ増額　2024年4月1日より,https://news.yahoo.co.jp/articles/611eb9ab30e4e802f410c8337a1f68fb8f132ff3,10/10(火) 12:44
ampreview,AMP［アンプ］,"マッキンゼーが独自のジェネレーティブAIツール「Lilli」を発表、社員7,000人が利用し生産性が向上",https://news.yahoo.co.jp/articles/75f0372a31dd474bcecca9dad4b4f555b8e07c97,10/10(火) 6:04
ampreview,AMP［アンプ］,OpenAIがインスタグラムの元スタッフが設立したスタートアップを買収。その目的とは？,https://news.yahoo.co.jp/articles/d38ac5b5c0869910aa98bd16b2bcfc9b51515906,10/9(月) 6:04
ampreview,AMP［アンプ］,Google Mapの牙城を崩せるか？　アマゾン、マイクロソフト、メタがタッグを組み挑むデジタルマップの未来,https://news.yahoo.co.jp/articles/e0269bd00b804c130410c842e9dad766d9977832,10/8(日) 6:02
ampreview,AMP［アンプ］,スコットランドで弁当店を開業したのは、自分流の生き方を目指したから,https://news.yahoo.co.jp/articles/7302e4bc0d57bd1403f88623d40e1189b006cfab,10/7(土) 6:04
ampreview,AMP［アンプ］,【二拠点生活】本当に求めるものを自問自答する｜武藤千春のサステナブック,https://news.yahoo.co.jp/articles/4119821c75c0ee8d9ad778724b49df9a64ebb42f,10/6(金) 18:32
ampreview,AMP［アンプ］,約5割の女子大学生が蛙化現象を経験　食事中に咀嚼音を立てるときや改札をスムーズに通れないときなどに蛙化現象が起こる,https://news.yahoo.co.jp/articles/995ee51d0ed86992921df2aa0487bda67b0705e9,10/6(金) 16:43
ampreview,AMP［アンプ］,トヨタとLGエナジーソリューション、米国でバッテリーEV用電池の供給契約を締結,https://news.yahoo.co.jp/articles/8a29c333687acbf82bcf9fb94128e6dae3421d92,10/6(金) 15:16
ampreview,AMP［アンプ］,沖縄県「ヒルトン沖縄瀬底リゾート」、一夜一組限定特別ディナープランを販売開始　11月1日より　ヒルトンの日本開業60周年を記念,https://news.yahoo.co.jp/articles/5e17884fad46aaae7965e96872cefbfbd9d3ddb8,10/6(金) 15:04
ampreview,AMP［アンプ］,Amazon、「プライム感謝祭」に合わせ@cosmeとコラボ企画開催　「@cosme OSAKA」ではイベントスペースも設置,https://news.yahoo.co.jp/articles/b64321afe43fded6fcef8ac6b2d5267f290eb6b0,10/6(金) 13:37
ampreview,AMP［アンプ］,Google Pixel 8とGoogle Pixel 8 Pro登場　低照度環境での写真・動画の画質を向上　動画内の雑音を消す「音声消しゴムマジック」等の新機能を搭載,https://news.yahoo.co.jp/articles/1c5614338b17b1a726a5bc9060d5de9c6bee2526,10/5(木) 17:51
ampreview,AMP［アンプ］,茨城県笠間市、移動型行政窓口サービス「動く市役所」を開始　オンラインで各種手続きが可能に　日立らと連携協定締結,https://news.yahoo.co.jp/articles/2fb12bcbaad84814468b4925030604498187b7e3,10/4(水) 20:16
ampreview,AMP［アンプ］,宮崎県都城市、ChatGPTを活用した「自治体独自AI」の実証実験を開始　職員の業務効率化を図る,https://news.yahoo.co.jp/articles/e1b21eb6e8b9e8d982aad344f8e51af86a0c576e,10/4(水) 18:46
ampreview,AMP［アンプ］,東京都、サステナブルエネルギーファンドから再生可能エネルギー事業への投資を実行　北海道の風力発電事業,https://news.yahoo.co.jp/articles/f8486ec0c8684be5216401f95f9ba262f0401565,10/4(水) 18:46
ampreview,AMP［アンプ］,Amazon、「プライム感謝祭」の対象商品を一部紹介　大型家電から日用品まで特別価格に　キャンペーンも多数,https://news.yahoo.co.jp/articles/f777fe3b3edd3c49a80808f7cc52f4217d95d8f0,10/4(水) 15:02
ampreview,AMP［アンプ］,ユニクロ、ローマに初出店　ローマを象徴する商業施設「ガッレリア アルベルト ソルディ」にオープン　2024年春予定,https://news.yahoo.co.jp/articles/36b88dc16de12146979a81127f8116b2744d986d,10/4(水) 13:09
ampreview,AMP［アンプ］,奈良県にコストコ再販専門店「MINICOS」10月中旬よりオープン　100種類以上を取扱　大容量商品が小分けで購入可能,https://news.yahoo.co.jp/articles/0479fbbf28f19a401eb982b021aa25dad78816b9,10/4(水) 13:09
ampreview,AMP［アンプ］,Amazon、食品スーパー「アークス」と協業　北海道札幌市・北広島市の一部のエリアで生鮮食品の配送サービス開始へ,https://news.yahoo.co.jp/articles/ccba07369956aa22c2c4cbff60151e84b79b86dc,10/3(火) 18:43
ampreview,AMP［アンプ］,海外旅行者がiPhone15シリーズを安く買える国は日本　各国の免税価格を調査,https://news.yahoo.co.jp/articles/76c61ed67959a393ec7a335d02c245435cd77f47,10/3(火) 17:45
ampreview,AMP［アンプ］,NTTロジスコ、千葉・八千代市に「八千代物流センター（仮称）」を開設　化粧品物流のプラットフォームを強化,https://news.yahoo.co.jp/articles/9165a064a0ad0d9f834df67c82045c73bfc56e28,10/3(火) 16:50
ampreview,AMP［アンプ］,横浜市「MARK IS みなとみらい」に映画館が誕生　「ユナイテッド・シネマ みなとみらい」2024年春開業へ,https://news.yahoo.co.jp/articles/f8d08ea65fd5ff5fa41e8b30644340a521a22a34,10/3(火) 16:14
ampreview,AMP［アンプ］,セブン‐イレブン、さいたま市内126店舗で「フードドライブ」実施　未使用食品を集め地域の支援団体等に寄付,https://news.yahoo.co.jp/articles/c9c7aa464e057c06a4fda1332c0925069695d8e0,10/2(月) 19:09
ampreview,AMP［アンプ］,6割以上が睡眠に関する悩みがあり　「寝ても疲れが取れない」人は4割にのぼる　楽天インサイト調べ,https://news.yahoo.co.jp/articles/e5a3b1fac47d98ac6b0f1eecb1d93816eace1399,10/2(月) 19:09
ampreview,AMP［アンプ］,新会社「LINEヤフー」発足　コーポレートサイトも公開,https://news.yahoo.co.jp/articles/b4b50f1c8db6319455bffe16ef134a1b82d9352c,10/2(月) 12:11
ampreview,AMP［アンプ］,OpenAIの競合Anthropic、ChatGPTに匹敵するClaude2をリリース、その特徴や実力とは？,https://news.yahoo.co.jp/articles/fe2c0a6319a1c1bce8b76ab9aeaa87215acfb66e,10/2(月) 6:02
ampreview,AMP［アンプ］,推し活グッズの新ブランド「推部屋plus」が好調。聞いて分かった売れる理由,https://news.yahoo.co.jp/articles/81a5a58526a6e780fb78133f5657b587b4a296fa,10/1(日) 6:02
ampreview,AMP［アンプ］,ジェネレーティブAI時代のスキルギャップ、現状と今後の動向,https://news.yahoo.co.jp/articles/379077ca1cc6ceb2bf0d5250beb737e0cda54a31,9/30(土) 6:04
ampreview,AMP［アンプ］,自宅のエアコン設置台数、3台以上が47.5％と約半数　洗面所やトイレにも設置してみたいとの声も,https://news.yahoo.co.jp/articles/5d41b7a17f79875faa7f6a8be04141c88593eadf,9/29(金) 18:08
ampreview,AMP［アンプ］,インボイス制度、企業の「発行事業者」登録申請完了率は84％　経理担当者は「担当者や従業員の制度の理解不足」に不安,https://news.yahoo.co.jp/articles/ba0c01e0964572e37754d1a7ffc8bc87abf75f17,9/29(金) 9:46
ampreview,AMP［アンプ］,"Amazon、災害支援物資の保管・配送拠点を相模原市に開設　約50種、約15,000点の生活必需品を保管",https://news.yahoo.co.jp/articles/50133b6213454d732419646266712a4360243a23,9/28(木) 19:27
ampreview,AMP［アンプ］,Meta、新しいAI機能を導入　スタンプ作成や画像編集、大阪なおみ氏モチーフなどのキャラクターAIも,https://news.yahoo.co.jp/articles/007d8c5d6ab41d8a85b1f22a8a631cb788af26dc,9/28(木) 17:51
ampreview,AMP［アンプ］,Z世代、なれるなら「芸能人」より僅差で「インフルエンサー」派が多数　推しは芸能人が圧倒的い結果に,https://news.yahoo.co.jp/articles/1f0d37de17fa37db936cd051af973e7e2cbe809a,9/28(木) 17:51
ampreview,AMP［アンプ］,iPhone15、人気カラーは「ブラック」か　新色「ピンク」や「ブルー」も合わせて約半数近くのユーザーが選択,https://news.yahoo.co.jp/articles/b8711fac266ead524fe7dd00671d2bc51e42b9c8,9/27(水) 18:10
ampreview,AMP［アンプ］,JR武蔵小杉駅に新改札口「綱島街道改札」　12月24日より　混雑緩和へ,https://news.yahoo.co.jp/articles/2e4f73d100a01f63da5e577aa1c1975ec4fa645e,9/27(水) 18:10
ampreview,AMP［アンプ］,iPhone15シリーズ購入状況、半数以上が「iPhone15」最新機能を理由に購入した人は約13％にとどまる,https://news.yahoo.co.jp/articles/44b1ddc6fa6149063f5f01db1cd917cda64789e5,9/27(水) 16:04
ampreview,AMP［アンプ］,神奈川県藤沢市の「MUJI HOUSE」団地、スマホHEMS「Nature Remo E」導入　電力消費を見える化,https://news.yahoo.co.jp/articles/a7175c8e07a6c33acad296fa0b88e8859901e7cc,9/26(火) 18:00
ampreview,AMP［アンプ］,ファミリーマート、東京・神奈川・埼玉・千葉の650店舗に「ファミロッカー」設置へ　レジに並ばず荷物の発送と受取が可能に,https://news.yahoo.co.jp/articles/3318a259fa1037995c22acaa12c4c2c72da29872,9/26(火) 13:57
ampreview,AMP［アンプ］,茨城県のインバウンド人気観光地は「国営ひたち海浜公園」　日本語より英語での口コミ評価が高め　mov調べ,https://news.yahoo.co.jp/articles/d5d6f19163e7e9e92fde4beb61b532d13a418375,9/26(火) 13:57
ampreview,AMP［アンプ］,身体づくりの新常識？ 腸活とセットで取り組みたい“悪玉菌ケア”の重要性,https://news.yahoo.co.jp/articles/444116e4a1e7b1b231aa6aa60641287fc75614db,9/26(火) 10:02
ampreview,AMP［アンプ］,“誰も傷つかない”がコンセプトのSNS「DYSTOPIA」β版のサービスを開始　AIが誹謗中傷を変換し適切な表現へ言い換え,https://news.yahoo.co.jp/articles/0922b757c614971de291615e59257b3a4a003e76,9/25(月) 18:38
ampreview,AMP［アンプ］,新入社員の勤務形態は「出社」が8割超に　研修や入社直後の業務は「リアルで実施」が適しているとの声多数,https://news.yahoo.co.jp/articles/f5a6ac4c6dcbbaedf7024c435990e8334ee51305,9/25(月) 17:41
ampreview,AMP［アンプ］,埼玉県熊谷市・東京ガス・東京ガスネットワーク、「ゼロカーボンシティくまがや」実現に向け包括連携協定を締結,https://news.yahoo.co.jp/articles/80d9752806aee8b0489142e1a7b92034952bb347,9/25(月) 15:58
ampreview,AMP［アンプ］,埼玉県入間市の廃食用油の回収・リサイクル事業にエコライフアプリ「SPOBY」導入　市民の脱炭素行動をポイント化,https://news.yahoo.co.jp/articles/30d9a185e4621a9852604bfa6c23ff4f58651e20,9/25(月) 12:02
ampreview,AMP［アンプ］,東京・田町駅西口に商業施設「田町タワーモール」竣工　直通デッキ接続で9月26日より三田駅「A5：A6出口」も開通,https://news.yahoo.co.jp/articles/550a22000bb1a0dad99a8e84af4f13eed3afd8c3,9/25(月) 12:01
ampreview,AMP［アンプ］,インドに半導体製造関連の投資が加速　国家プログラムが誘致を促進か,https://news.yahoo.co.jp/articles/caaa7f64b7d8ffc4fea349190abcf0ac273189fa,9/25(月) 6:02
ampreview,AMP［アンプ］,デジタルヒューマンの登場とクリエイティブコンテンツ制作の民主化、可能性と課題,https://news.yahoo.co.jp/articles/854353b2e69baddd258eaf2ddecc786802d2a838,9/24(日) 6:03
ampreview,AMP［アンプ］,“おすすめ機能”は果たして有用か、AIによるパーソナライゼーションの是非,https://news.yahoo.co.jp/articles/1b357d738003696c89de6821ac32289ab03ff72a,9/23(土) 6:03
ampreview,AMP［アンプ］,NTTデータ、防災ドローンの海上横断検証にて70キロの目視外飛行を実現　伊豆大島を周回　被災時の迅速な状況確認に貢献,https://news.yahoo.co.jp/articles/089119f1ab908cb86b0c396414acdb2bc7119519,9/22(金) 20:14
ampreview,AMP［アンプ］,育休「取りたい」男性は53.5％　家事・育児の分担は「夫婦で半々」が令和スタイルに,https://news.yahoo.co.jp/articles/1b544f8ae173b9d39d14a5fafc1a06c9429e6e00,9/22(金) 18:55
ampreview,AMP［アンプ］,【プラントベースのクッキー】目に見える範囲から始めよう｜今瀧健登のサステナブック,https://news.yahoo.co.jp/articles/07f517b3552d6a7698b0b2c72abc43395d401d43,9/22(金) 18:08
ampreview,AMP［アンプ］,カインズ、新プロダクトブランドを開発し商品開発体制を刷新　多様化するライフスタイルに応える「8つのプロダクトブランド」とは,https://news.yahoo.co.jp/articles/b6cf7110383a2d4679d98d84992553e153b82f06,9/22(金) 16:42
ampreview,AMP［アンプ］,中野区、1世帯あたり3万円の価格高騰支援給付金の給付対象を拡大　住民税非課税世帯以外にも給付へ,https://news.yahoo.co.jp/articles/d1547d2f78791009379c6d11969257908ab94d08,9/22(金) 16:16
ampreview,AMP［アンプ］,横浜・みなとみらいエリア初　「ヒルトン横浜」9月24日より開業　音楽アリーナ「Kアリーナ横浜」に隣接,https://news.yahoo.co.jp/articles/d762d63a9a5eda6ba405ab08064ae79da1fc2f47,9/22(金) 16:15
ampreview,AMP［アンプ］,Z世代の8割以上がサステナブルな製品の購入意向あり　最多理由は「未来の環境を良くしたい」　パナソニックが購買行動におけるサステナブル意識を調査,https://news.yahoo.co.jp/articles/d59a7ef304da9930fd0d50ceeca3c4458f741610,9/22(金) 16:15
ampreview,AMP［アンプ］,"東京都中野区、小学生1人につき30,000円、中学生1人につき37,000円の支援給付金を給付　学齢期の子どもがいる全ての世帯を対象",https://news.yahoo.co.jp/articles/17f3abceaaf2fc3e714d84a2724e794ed53b2324,9/22(金) 14:46
ampreview,AMP［アンプ］,75％の人が「疲れ」を感じている　男女ともに仕事疲れがトップも「帰宅後の家事」が女性の疲れを助長か,https://news.yahoo.co.jp/articles/f6a39d7007d36628e9ba86fe529f548bcf90e826,9/22(金) 12:26
ampreview,AMP［アンプ］,テラドローン、インドネシアとマレーシアで農業ドローン事業に本格参入　子会社がAvirtechの事業を買収,https://news.yahoo.co.jp/articles/e5c17caa3fec593d503761da08a7fecd61433e2a,9/21(木) 18:16
ampreview,AMP［アンプ］,日テレ、スタジオジブリを子会社化　議決権所有割合42.3%で経営サポート,https://news.yahoo.co.jp/articles/814266d350c53e6b4f8ffd7b0a70ef7e5127cf8a,9/21(木) 17:36
ampreview,AMP［アンプ］,現役マーケターに生成AIの活用実態を調査　使用ツールは6割以上が「ChatGPT」,https://news.yahoo.co.jp/articles/fbfec31b63b8920d985b714330ad895efe4f8c0f,9/21(木) 17:36
ampreview,AMP［アンプ］,「産後パパ育休」の創設から約1年、「男性育休」に言及する求人割合は増加　介護やドライバー職で高い傾向,https://news.yahoo.co.jp/articles/5d64d1d954982d935d4db5460204d3f4181e23c9,9/21(木) 15:53
ampreview,AMP［アンプ］,マッチングアプリでの初デート、予定の立て方に男女で違い　「恋愛はタイミングが大事」と8割以上が回答,https://news.yahoo.co.jp/articles/7240d365ee0e9b06aeee6d1c9132b0ab3b63390a,9/21(木) 15:53
ampreview,AMP［アンプ］,睡眠不足なZ世代　7割以上の大学生が睡眠「足りてない」と認識　Pokmon Sleepで「睡眠の意識変わった」の声も,https://news.yahoo.co.jp/articles/d780a07fde13559de2b0aa26b79c4a6b159c603c,9/20(水) 17:06
ampreview,AMP［アンプ］,Google「Bard」、高性能モデルにアップデート　日本語含む40以上の言語・地域に対応を拡大,https://news.yahoo.co.jp/articles/5dd41156bc09842478c5a615239780d8e1d5cf14,9/20(水) 14:03
ampreview,AMP［アンプ］,Apple、iOS17の提供を開始 iPhone同士を近づけるだけで連絡先情報を交換できるなど新機能多数追加,https://news.yahoo.co.jp/articles/c73775280b1fbb3a6107ca781ba642018c84c8be,9/19(火) 18:55
ampreview,AMP［アンプ］,凸版印刷、英国パッケージメーカーSkymark Packagingを買収　欧州コンバーティング事業の拡大を加速,https://news.yahoo.co.jp/articles/d6b129bae8af503d71002c1fc56af0ccf2880ca8,9/19(火) 18:02
ampreview,AMP［アンプ］,Amazon、プライム感謝祭を10月14日0:00から15日23:59までの48時間開催　100万点以上の商品を特別価格で提供,https://news.yahoo.co.jp/articles/a31009feee5b7c6574ee2a98c3d67de11798ade4,9/19(火) 12:33
ampreview,AMP［アンプ］,OpenAI、マイクロソフト、グーグルなど主要AI企業4社が業界団体を設立、背景と目的,https://news.yahoo.co.jp/articles/2629a6820ad635efa4aecfbdf8132465fc147fb8,9/19(火) 6:04
ampreview,AMP［アンプ］,NASA、「月面着陸」に向け約220億円の資金援助を実施　ジェフ・ベゾス氏の宇宙開発企業など計11社が対象,https://news.yahoo.co.jp/articles/1e5e9c3354e2b24a01ea8e73c897d03a4fee83fa,9/18(月) 6:03
ampreview,AMP［アンプ］,4分以内に充電できるレーシングカーの開発に成功、世界が注目するオランダ大学発の次世代EV,https://news.yahoo.co.jp/articles/9489e3bfc3f65900705c4904b380e122bff99b69,9/17(日) 6:03
ampreview,AMP［アンプ］,"2023年下半期、大手企業のAI投資はどこに向かうのか？　アクセンチュアは約4,350億円、セールスフォースは約5,800億円を投資へ",https://news.yahoo.co.jp/articles/a58f0d653fd1a74c96757685d1e00df0ae9de55e,9/16(土) 6:02
ampreview,AMP［アンプ］,東京駅・日本橋川沿いエリアに大規模複合施設を整備へ　東京建物、「八重洲一丁目北地区第一種市街地再開発事業」の権利変換が認可,https://news.yahoo.co.jp/articles/089b62559f613d6107a921ccbf326715bb17fddb,9/15(金) 17:58
ampreview,AMP［アンプ］,SUBARU、栃木県宇都宮市の航空宇宙カンパニーにて新事務所「管理棟本館」を稼働　省エネ性能も完備,https://news.yahoo.co.jp/articles/155082d11db9b5ac8b030b67a886acc90dff8721,9/15(金) 16:40
ampreview,AMP［アンプ］,経済困窮家庭の受験生に学習塾等で利用できる電子クーポン提供　CFC、「SMBCグループ・スタディクーポン」事業開始,https://news.yahoo.co.jp/articles/9432c92ca2dec386b798b158c52e3f9ae8425070,9/15(金) 16:34
ampreview,AMP［アンプ］,パナソニック コネクトが「卵子凍結補助制度」導入　40万円を上限に補助　卵子凍結保管サービス「Grace Bank」も特別価格で利用可能,https://news.yahoo.co.jp/articles/07a652ba275105c9ea50b108aaec8a0a5820aeb3,9/15(金) 12:19
ampreview,AMP［アンプ］,iPhone15に関する調査　約半数が購入予定　一方、購入予定のない6割以上が「高額のため」と回答,https://news.yahoo.co.jp/articles/a2dfcdae8f87c6f1451e0e217f58954d7e2a01f3,9/14(木) 19:03
ampreview,AMP［アンプ］,【ヘチマスポンジ】人・自然・地球とのつながりを意識する｜エバンズ亜莉沙のサステナブック,https://news.yahoo.co.jp/articles/833e327adf43d7513dc4ffffbe9c0d7a8eaa8b65,9/14(木) 18:15
ampreview,AMP［アンプ］,CAMPFIRE、Web3技術活用の新会社「Livefor」を設立　AIとブロックチェーン技術でコミュニティプラットフォーム開発へ,https://news.yahoo.co.jp/articles/9c341e04e4a15a9291532c2964a4202e38a80208,9/14(木) 18:04
ampreview,AMP［アンプ］,IKEA、商品受取りセンターを山梨県中央市・静岡県沼津市に9月21日開設　鹿児島で「IKEAポップアップストア in 鹿児島」も11月9日～12月25日開催,https://news.yahoo.co.jp/articles/d18f6787958d5bdbd39a6af6c0333bbcac3b0bb6,9/14(木) 16:59
ampreview,AMP［アンプ］,Amazon、日本で初の仕分け拠点 「ソートセンター」を東京・品川に新設　配送の効率化・配送するトラック台数の削減に寄与,https://news.yahoo.co.jp/articles/c798e21bd97dd06ce3c4a4e0f77628922c8ba350,9/14(木) 12:02
ampreview,AMP［アンプ］,7割以上の企業がコロナ禍以降フリーアドレスを導入　社員の半数以上が「誰がどこにいるかわからない」「座席が足りない」と課題も,https://news.yahoo.co.jp/articles/e52bf357b3003520724c2e6df4bf9a66bd727256,9/14(木) 10:58
ampreview,AMP［アンプ］,お盆期間はマッチングアプリのユーザー数が減少していた　DL数の減少が顕著な一方、消費支出額は増加で「Pairs」独走,https://news.yahoo.co.jp/articles/0362778d981cf503323ec5aa53b455d413fa1d93,9/14(木) 8:42
ampreview,AMP［アンプ］,"iPhone 15の価格　日本は世界で3番目に安いものの、iPhone 12からの3年で30,420円値上げ",https://news.yahoo.co.jp/articles/81d34a128a67f1f87aad52505621df073ab2a1fc,9/13(水) 18:41
ampreview,AMP［アンプ］,Apple、USB-C充電機能を搭載したAirPods Pro（第2世代）を発表　高度なノイズキャンセリング機能搭載　9月22日より販売開始,https://news.yahoo.co.jp/articles/6e97f908de4346f69ed5512698a8bbc3dfd2447c,9/13(水) 16:54
ampreview,AMP［アンプ］,Apple、Apple Watch Ultra 2を発表　ダブルタップのジェスチャーやカーボンニュートラルのオプションを追加,https://news.yahoo.co.jp/articles/27bdc6702c07a9a757ccc640d32f5a8bd0d350f6,9/13(水) 16:54
ampreview,AMP［アンプ］,横浜赤レンガ倉庫の使用済み食用油を航空燃料の原料として再利用へ　日揮HDら4社、基本合意書を締結,https://news.yahoo.co.jp/articles/b7b997e41da245009a05e9cf889103cf644ef4b0,9/13(水) 16:53
ampreview,AMP［アンプ］,iPhone15 Pro／Pro Max登場　航空宇宙産業レベルのチタニウム採用でシリーズ最軽量　9月15日より予約受付,https://news.yahoo.co.jp/articles/83171d66847a2ed5357d78e60f10aea0ea7d7ed8,9/13(水) 14:14
ampreview,AMP［アンプ］,Apple、Apple Watch Series 9を発表　シリーズ初カーボンニュートラル製品が登場,https://news.yahoo.co.jp/articles/c5762bc21de9d89aa591d3b5337ab71f497b007a,9/13(水) 14:14
ampreview,AMP［アンプ］,Apple、iPhone15／15Plusを発表　カラーは5色でピンクが登場　USB-Cコネクタに,https://news.yahoo.co.jp/articles/e3a53f61a343e2140dd09647dcce74bbe3e84e83,9/13(水) 11:40
ampreview,AMP［アンプ］,東京都立高校、男女別定員を24年度入試から全面廃止,https://news.yahoo.co.jp/articles/b60ecea3bb4a2eddfc8aa9bafc96f83ae310551e,9/12(火) 18:31
ampreview,AMP［アンプ］,4人に3人が無自覚にワーケーションを経験　パーソル総合研究所、「ワーケーションに関する定量調査」を実施,https://news.yahoo.co.jp/articles/a9a901d64a148c9602be9f6d4c8c3751c1df104b,9/12(火) 18:31
ampreview,AMP［アンプ］,「みんな電力」のUPDATERとHash DasHが包括的業務提携を開始　再エネ電力の優先購入や技術協力へ,https://news.yahoo.co.jp/articles/d6456004d26915bca79e25a600fa462bde6dfe17,9/12(火) 18:31
ampreview,AMP［アンプ］,「ガソリン価格」17週間ぶりの値下がりに　新たな補助制度により10月にかけて今後も値下がり進む見通し,https://news.yahoo.co.jp/articles/ad7fd18bcf0541c5548ba66c5e34d4ad8fc41bc7,9/12(火) 17:04
ampreview,AMP［アンプ］,富山県南砺市、現地決済型ふるさと納税『ふるさとNow』が利用開始　市内のスキー場やゴルフ場で利用可能に,https://news.yahoo.co.jp/articles/eea458c63025a128474caaffc610a3b285d6ba84,9/12(火) 11:02
ampreview,AMP［アンプ］,横浜市、新たな消防本部庁舎が竣工　免震構造を採用し自然エネルギーなども活用　10月より供用開始,https://news.yahoo.co.jp/articles/dace5e5eac5c291aa4ec17a5f6dff9f2fdda6651,9/11(月) 18:34
ampreview,AMP［アンプ］,愛知県豊田市で「トヨタ」の車を保有する人は約6割　全国比の約1.8倍　自動車メーカー4社の“お膝元”での自動車保有率を調査,https://news.yahoo.co.jp/articles/603bec0e0de137ce504612483dec9fc9409119f7,9/11(月) 18:34
ampreview,AMP［アンプ］,約4割が”サボり残業”の経験あり　コロナ後の出社移行で残業は増加　一方、残業しない20代も顕著に,https://news.yahoo.co.jp/articles/2be38f6a154aef973a8f321ac123c998ce304812,9/11(月) 16:28
ampreview,AMP［アンプ］,急加速するコンサルティング企業のAI投資　KPMG、アクセンチュアなど大手各社の最新動向,https://news.yahoo.co.jp/articles/12a82ea59fc393885c5923b0d050ec7ed300215d,9/11(月) 6:03
ampreview,AMP［アンプ］,2～3年かかっていた研究を2～3週間で実現　医薬品開発におけるAI活用最前線を走るコーザリー社とは,https://news.yahoo.co.jp/articles/4c0488a2b6680e84ca10cb96ad31ff9260133489,9/10(日) 6:03
ampreview,AMP［アンプ］,楽天全社賞→楽天モバイル→ヴィッセル神戸→スペインでMBAと起業。目標を形にするための逆算術、常に動き続ける男の軌跡,https://news.yahoo.co.jp/articles/cb0de5e84b2935e8d599a89ef3e7e98422f066f3,9/9(土) 6:04
ampreview,AMP［アンプ］,日本郵便と楽天、大阪府八尾市にて「楽天スーパーロジスティクス」の物流センターを稼働開始,https://news.yahoo.co.jp/articles/c2cc699f1f373714b6a01c4bb9559cde2ec31eb7,9/8(金) 19:21
ampreview,AMP［アンプ］,76％の女性がPMS（月経前症候群）で日常生活に影響あり　対策をしても十分な満足感を得られる割合は少ない傾向,https://news.yahoo.co.jp/articles/bbea38ac428b68216fe4567b49b4b5b56c4ef7a8,9/8(金) 18:08
ampreview,AMP［アンプ］,「iPhone15」の購入理由は”タイミング”か　価格の高さから新型より型落ちモデルを安く買いたい人も,https://news.yahoo.co.jp/articles/fc847a17498aa590e2cc193c8110101bd427092f,9/8(金) 12:55
ampreview,AMP［アンプ］,20～50代の男性の4割以上が毎月3万円未満の貯金をしている　「貯金額と投資」に関する調査を実施,https://news.yahoo.co.jp/articles/b622881fa9108b82b69746acd8d4beb630fc7ef9,9/7(木) 17:24
ampreview,AMP［アンプ］,Z世代のスレッズ利用率は5.5%　「X」利用派が圧倒的で名称変更による影響なし,https://news.yahoo.co.jp/articles/7f8a2592d7c881f7e032a509cf646c98f844335e,9/7(木) 16:36
ampreview,AMP［アンプ］,Z世代のスレッズ利用率は5.5%　「X」利用派が圧倒的で名称変更による影響なし,https://news.yahoo.co.jp/articles/b6debb2457842efe712a8a0bb79e92c731d65928,9/7(木) 16:36
ampreview,AMP［アンプ］,iPhone15、購入意欲のある人はわずか4％　現在は「iPhone12シリーズ」の利用者が最多,https://news.yahoo.co.jp/articles/6a2513c09d7e96df39dcb91da85e68fc43bfa224,9/7(木) 13:05
ampreview,AMP［アンプ］,iPhone15、購入意欲のある人はわずか4％　現在は「iPhone12シリーズ」の利用者が最多,https://news.yahoo.co.jp/articles/54051c57e578b63a959cc87df3f75ea4d253a7d2,9/7(木) 13:05
ampreview,AMP［アンプ］,無花果、岡山県で緊急避妊薬の無償提供を開始　LINEで悩みを相談できる「Cotatsu～おかやま性の相談窓口～」も開設,https://news.yahoo.co.jp/articles/125efc016320db457d2b53705ee9ace25bd1f5ef,9/7(木) 12:43
ampreview,AMP［アンプ］,MUJI HOUSEとUR都市機構、大阪府に初の店舗内モデルルームを開設　実際にリノベーションした住戸を再現,https://news.yahoo.co.jp/articles/4bbf7b09b4d0e9ee9e250e9a0037bb66cd30b2f8,9/6(水) 19:04
ampreview,AMP［アンプ］,約8割が「生活の苦しさ」を感じている　副業などで収入を増やすより「節約」で対処する派が多数,https://news.yahoo.co.jp/articles/6817920526cacceb211fe482c0b06b07379ada37,9/6(水) 19:04
ampreview,AMP［アンプ］,栃木県那須町とジモティー、リユースに関する協定締結　廃校となった学童保育施設の建物部分をジモティーに出品,https://news.yahoo.co.jp/articles/78fd9bf9f279af706ce4cf4120f05a5bc7b6c5a5,9/6(水) 18:07
ampreview,AMP［アンプ］,国内での「SDGs」認知率は87.1％　マイバックの持ち歩きなど9割以上が環境問題への取り組みも意識　楽天インサイト調べ,https://news.yahoo.co.jp/articles/c39d2b09a7a3450c7a5922e238a280438cc727f5,9/5(火) 19:04
ampreview,AMP［アンプ］,武蔵野大学、初の「ウェルビーイング学部」を開設　文部科学省が正式承認　9月18日にオンライン説明会も開催,https://news.yahoo.co.jp/articles/9f93c4fddec5eb6ccbee1a6b801c0c2d1f62b8c2,9/5(火) 19:04
ampreview,AMP［アンプ］,6割以上が夏から秋にかけての体調不良を経験するも、ほとんどが「秋バテ」を知らず　対策には「睡眠」や「腸活」が効果的,https://news.yahoo.co.jp/articles/6826ad8a4d7fb997a4418a9c1736b9c5dc5bed89,9/5(火) 19:03
ampreview,AMP［アンプ］,年末まで補助金延長のガソリン価格、高騰止まらず16週連続で値上がり　レギュラーの全国平均は183.3円,https://news.yahoo.co.jp/articles/f04e7d35159341cadc987d5dea2223d7c56cf8f2,9/5(火) 19:03
ampreview,AMP［アンプ］,埼玉県、パラスポーツイベント「彩の国ふれあいピック秋季大会」開催　9月24日　競技体験やレクリエーションなど企画多数,https://news.yahoo.co.jp/articles/368068852f39dddcee79608897f57f472d8eb4c8,9/5(火) 19:03
ampreview,AMP［アンプ］,"Amazon、アジア太平洋地域における自然に根ざした解決策に1,500万米ドルを投資　日本のプロジェクトも投資対象",https://news.yahoo.co.jp/articles/c187aaca80de95d903c41a8e8c7bfb3dec3fc99f,9/5(火) 13:12
ampreview,AMP［アンプ］,約6割が「職場イジメ」の目撃・相談経験あり　相談されても”沈黙”が過半数　加害・被害者でイジメの認識にも違いが,https://news.yahoo.co.jp/articles/46cc9341d3ede33e714d2df116f5332d5ddb5b3b,9/4(月) 19:17
ampreview,AMP［アンプ］,大学生のChatGPT活用状況、「一度も使ったことはない」が4割超え　試験やレポートでの使用が多い傾向,https://news.yahoo.co.jp/articles/037ce5b8c2b759884be16896e792353a48402a6f,9/4(月) 18:26
ampreview,AMP［アンプ］,災害時用の無料Wi-Fi「00000JAPAN」、携帯電話の大規模な通信障害発生時にも利用可能に,https://news.yahoo.co.jp/articles/cefc30677e798b6fb8d7e5df456e8817f456d23e,9/4(月) 12:21
ampreview,AMP［アンプ］,ChatGPT超える言語モデル「Gemini」とは？　アルファベット傘下AI企業ディープマインド、AlphaGoの技術活用したAI開発へ,https://news.yahoo.co.jp/articles/b04485320a1090901656b9d1c1d18b627983858a,9/4(月) 6:03
ampreview,AMP［アンプ］,アップル、ビジョン・プロのデバイス付き開発キットの提供開始へ。厳格な条件で商品イメージ管理を徹底,https://news.yahoo.co.jp/articles/21b37022d0401846a5a3331bc6a02e7283575ced,9/3(日) 6:03
ampreview,AMP［アンプ］,誰でもゲーム開発ができる時代へ。UnityのAIマーケットプレイス新設がもたらす可能性とは,https://news.yahoo.co.jp/articles/236f187c747d6892742cf328d443ae9da1b38139,9/2(土) 6:04
ampreview,AMP［アンプ］,フードロス削減自販機が災害救援インフラに　無人販売機「fuubo」、トイレットペーパーや非常食など災害備蓄品のストック開始へ,https://news.yahoo.co.jp/articles/7bb532c31ddc8151e80ac3982909f46c72c94da7,9/1(金) 19:03
ampreview,AMP［アンプ］,地震保険非加入者の災害時の備え「特に考えていない」が4割超　関東大震災から100年　「地震保険に関する意識調査」を実施,https://news.yahoo.co.jp/articles/9dff6c6247a87a22502f7e4e7534107ea9652bb1,9/1(金) 19:03
ampreview,AMP［アンプ］,ジャパンハート、岡山県で「災害用Heart Stock」の運用開始　災害時における物資支援の供給体制を強化,https://news.yahoo.co.jp/articles/2c893d5e632c5b5eb92d9dd2dca26f7dde42aa03,9/1(金) 18:28
ampreview,AMP［アンプ］,東京・平和島に「物流ビルA棟」竣工　都心エリア最小クラスの面積帯で利用可能なマルチテナント型物流施設,https://news.yahoo.co.jp/articles/19d01a14bae1dc05bca47b8b9d7a9825ad0e701a,8/31(木) 20:05
ampreview,AMP［アンプ］,アフターコロナで再注目「ワーケーション」　8割以上が存在を認知も、経験者は5％と低水準,https://news.yahoo.co.jp/articles/3dd38b2b1ee9845ef6f1673e7b0fef95b61d7050,8/31(木) 20:04
ampreview,AMP［アンプ］,東武トップツアーズ、山形県西川町の「公園の命名権NFT」オークション開催　9月1日より　落札者が付けた名前の看板も設置,https://news.yahoo.co.jp/articles/ebfd1daaa0cb47adc87cd419d34749d66c48a2f5,8/31(木) 18:31
ampreview,AMP［アンプ］,マッチングアプリで恋人ができた人の約8割はアプリ「複数利用」　併用しない人は少数派　実際に会った人数に4倍近い差も,https://news.yahoo.co.jp/articles/c828335316f072e6320a04fb7e4e9c2c6e15ef8e,8/31(木) 18:29
ampreview,AMP［アンプ］,Pontaデータ、コロナ5類感染症移行後の消費者動向「実店舗の利用状況」を公表　実店舗の利用回数はコロナ前の9割に回復,https://news.yahoo.co.jp/articles/561ef90b6d3ed7e04a9f8d5a32e656b21be6d9b1,8/31(木) 17:49
ampreview,AMP［アンプ］,Pontaデータ、コロナ5類感染症移行後の消費者動向「実店舗の利用状況」を公表　実店舗の利用回数はコロナ前の9割に回復,https://news.yahoo.co.jp/articles/d100ea2a5ab03701ff43b60c6d1048fa35a9573a,8/31(木) 17:49
ampreview,AMP［アンプ］,"ニトリ、日本国内のウクライナ避難民への生活費支援の募集開始へ　ニトリと似鳥昭雄会長もそれぞれ最大1億8,000万円提供",https://news.yahoo.co.jp/articles/45534e07d5a422a96aeb5975e7582f6ebad364d2,8/31(木) 14:59
ampreview,AMP［アンプ］,au、「Amazonプライム」付き料金プランの月額料金を改定　10月1日より,https://news.yahoo.co.jp/articles/02a45c89f922f7b33d11a136c6de60b095b8707d,8/31(木) 11:35
ampreview,AMP［アンプ］,札幌から福岡まで全国6店舗で「IQOSリサイクルプログラム」開始　不要になったIQOSデバイスがテラサイクルポイントに,https://news.yahoo.co.jp/articles/1f766357f54039d7a61f8149ed17869493fc2511,8/31(木) 11:34
ampreview,AMP［アンプ］,木下グループ、今年11月7日を持ち「新型コロナPCR検査センター」事業を終了　8月31日に郵送キット注文受け付け終了、9月9日までに店舗は順次閉店,https://news.yahoo.co.jp/articles/908575553715c26bfa0098ce304fe384d2c87539,8/31(木) 10:11
ampreview,AMP［アンプ］,AIの自動化により労働者3億人に影響が出ると指摘。労働自動化の波が高確率でやってくる未来,https://news.yahoo.co.jp/articles/d608822ef644ba58cc65f1d235f8b546578a05b2,8/31(木) 6:03
ampreview,AMP［アンプ］,7割超の学生が「リモート勤務」制度のある企業は「志望度が上がる」と回答　就活時の最優先事項にはならず,https://news.yahoo.co.jp/articles/df4675bfce26ba2b5785e33937d0f88daf9fc134,8/30(水) 19:16
ampreview,AMP［アンプ］,ミレニアル世代の約7割はNISA口座を未開設　NISA利用者は約半数が新制度で投資額を「増やす」と回答,https://news.yahoo.co.jp/articles/cb925f0d50c78616f078318f09fe14ea78402555,8/30(水) 19:15
ampreview,AMP［アンプ］,都市部と地方で防災意識に「大きな差」　高齢層の約6～7割が災害時の情報源として「SNSやインターネット」を活用,https://news.yahoo.co.jp/articles/c89e5961f9c781ba1026f2b9844ba7179aeb75da,8/30(水) 19:15
ampreview,AMP［アンプ］,石川県小松市、ドローンを活用したフードデリバリー・買物代行サービスを順次開始,https://news.yahoo.co.jp/articles/8eb9e0539ba231f27695124c698c3958cc20df0f,8/30(水) 18:09
ampreview,AMP［アンプ］,Z世代の転職は右肩上がりで増加　2020年度以降は全体との差も広がる　リクルート調べ,https://news.yahoo.co.jp/articles/7b51fb42795b5b58f2a83d1b3c3f7732d3fb360b,8/30(水) 14:09
ampreview,AMP［アンプ］,京浜急行電鉄とJR東日本、品川駅街区地区の開発計画を発表　国際交流拠点の形成を目指す,https://news.yahoo.co.jp/articles/45804fa1ceea0d73270105a4ff5002692d87519b,8/29(火) 19:20
ampreview,AMP［アンプ］,任天堂、連結子会社「Nintendo of Europe GmbH」の商号を変更へ　欧州地域のグループ内組織再編に伴い法人形態を変更,https://news.yahoo.co.jp/articles/3f95c2b8a0a615bbe21d833aca409a04cc8c3e1f,8/29(火) 19:20
ampreview,AMP［アンプ］,高校生の「部活ヘア」にも“自分らしさ”を　マンダム、「どう思う？部活ヘア」アクション開始で部活生の自己表現をサポート,https://news.yahoo.co.jp/articles/37535cac1e40f5e109dbac1b13975fa326ca8ccb,8/29(火) 18:31
ampreview,AMP［アンプ］,名古屋鉄道、名古屋市「神宮前駅西街区」の開発を実施　「おとなの行きたいまち」を目指し商業施設3棟を建設,https://news.yahoo.co.jp/articles/584d30537fcf334482f02258d0f03c81e61e2888,8/29(火) 18:30
ampreview,AMP［アンプ］,大阪府高槻市、市立小学校で給食の無償提供開始　北摂地域で初　先行実施の中学を合わせ義務教育9年間の給食が無償に,https://news.yahoo.co.jp/articles/feb7ccfdfb29ce71112f33d3220b09e4e599150f,8/29(火) 18:30
ampreview,AMP［アンプ］,男子生徒のスカート制服、着用許可の学校は全国で3割未満・着用率は1割程度　女子生徒のスラックス制服採用は7割,https://news.yahoo.co.jp/articles/fdffd20e5b1a195933e952aa3b049bd946a5d1bd,8/29(火) 18:30
ampreview,AMP［アンプ］,大阪府豊中市、ヤマト運輸とフードドライブ事業開始　食品回収・運搬頻度の増加で食料品の配達が効率的に,https://news.yahoo.co.jp/articles/e4419071bbda023a5cff3971691f14328bee60c0,8/29(火) 16:53
ampreview,AMP［アンプ］,約40～55%が子どもの英会話スクールに明確な効果を感じず　神奈川県の親を対象とした調査,https://news.yahoo.co.jp/articles/e4614ae5d96465fb423750a8296451e75f028a4f,8/29(火) 16:53
ampreview,AMP［アンプ］,男女で「子どもを希望する年齢」にズレ　女性より男性の方が子どもが欲しいと思う割合高め　IBJ調べ,https://news.yahoo.co.jp/articles/3f3d6488ee82a1bd21d23e27bed1c43a944dc391,8/28(月) 18:28
ampreview,AMP［アンプ］,大阪府吹田市「万博記念公園アメリカンフットボール球技場」、MKタクシーが命名権を契約更新　愛称は「MK TAXI FIELD EXPO」,https://news.yahoo.co.jp/articles/738f97ac40da9e107d747d2bf027003e92069355,8/28(月) 17:44
ampreview,AMP［アンプ］,【サンゴを守るマイボトル】無理のないマインドでサステナブルを｜竹中俊のサステナブック,https://news.yahoo.co.jp/articles/985f1a8eaee2f50d51d4af809de927d3f054e520,8/28(月) 17:01
ampreview,AMP［アンプ］,岡山県早島町に複合児童福祉施設「みんなプラザ早島」開設　認可保育園や子育て支援センターなど4施設を配置　10月1日より,https://news.yahoo.co.jp/articles/1270e5c654106af0e2a7061b13b0e5c0f08ceaa2,8/28(月) 14:59
ampreview,AMP［アンプ］,快眠・電気代の節約のコツは寝室の「湿度コントロール」　広島・茨城・大阪は「睡眠ランキング」上位に,https://news.yahoo.co.jp/articles/569863aff2e1dfd55cc9130ac72d13bf8b9e4eb7,8/28(月) 12:49
ampreview,AMP［アンプ］,低迷していたスマホアプリ市場が回復へ。TikTok、YouTube、Tinderが消費額トップに,https://news.yahoo.co.jp/articles/59dc931477c6f5154f25261bbfb7ad4aca45cee1,8/28(月) 6:04
ampreview,AMP［アンプ］,「適正テスト」など採用面接で候補者を評価するAIツール続々。「人の心×ジェネレーティブAI」の課題と可能性,https://news.yahoo.co.jp/articles/d88fc3a4da1756c090f79df6569f9776cb1269bf,8/27(日) 6:02
ampreview,AMP［アンプ］,グーグル「Bard」、ChatGPT超えか？　欧州展開や40以上の言語対応など最新アップデートで画像読み込みが可能に,https://news.yahoo.co.jp/articles/7d3b2b3ce34a6aafc4f9dd94b8838b60f8ee10de,8/26(土) 6:04
ampreview,AMP［アンプ］,2人に1人が「出社疲れを感じている」　仕事中に紅茶を飲む人ほど心にゆとりがある傾向に,https://news.yahoo.co.jp/articles/48e664dd8b07f202a78db2b32f1bfbb5c10ba29d,8/25(金) 12:41
ampreview,AMP［アンプ］,20代、職場で自分のSNSを教えない人は76.4％　プライベートと仕事を分ける派が多数,https://news.yahoo.co.jp/articles/0f948b454a2fbc772c3810fab373eacb80a1c6e1,8/24(木) 20:05
ampreview,AMP［アンプ］,東急グループら8者、川崎市域への再生可能エネルギー普及拡大に向け「川崎未来エナジー」設立,https://news.yahoo.co.jp/articles/6787edc5a32c396042a36735c925ee2e32b5586a,8/24(木) 18:50
ampreview,AMP［アンプ］,9割以上が部屋探しで「駅からの距離」を重要視　理想は「10分以内」　シェアモビリティの有無で許容範囲の拡大も,https://news.yahoo.co.jp/articles/fa19a60324c99772c9d6211e14ede7c2492ecade,8/24(木) 18:50
ampreview,AMP［アンプ］,20代の約3割が「投資をしている」　将来のために投資を始める若者多数,https://news.yahoo.co.jp/articles/88964475fccab4747924930799b175f0fc2a58ba,8/24(木) 15:26
ampreview,AMP［アンプ］,日本での「スーパーアプリ」利用率は80％も、71％がスーパーアプリが何かを知らず　認知度と利用実態に大きなギャップ,https://news.yahoo.co.jp/articles/8867a877564e290ccbe442b2ffa86db5ebe734d3,8/23(水) 16:39
ampreview,AMP［アンプ］,静岡県のフォルクスワーゲン浜松西・浜松、2店舗でCO2排出実質ゼロの店舗運用を開始　正規販売店として初,https://news.yahoo.co.jp/articles/88a8ee64911b7684d070341c2ec6ce00835ddd32,8/23(水) 16:39
ampreview,AMP［アンプ］,お盆明けてもガソリン価格の高騰止まらず　レギュラーの全国平均は179.7円で14週連続で値上がり,https://news.yahoo.co.jp/articles/63a016be8c814cf03c52aab98bbf2505d0a223ef,8/23(水) 11:57
ampreview,AMP［アンプ］,任意接種ワクチン助成、小児インフルエンザ51%、おたふくかぜ32%の自治体が実施　茨城・石川は積極助成の傾向に,https://news.yahoo.co.jp/articles/3f04959416437f70b1edaaff412588cb4129a9ad,8/22(火) 17:50
ampreview,AMP［アンプ］,茨城県境町、ハワイ州マウイ島の災害支援へ　ふるさとチョイスにて災害支援寄附金の受付を開始,https://news.yahoo.co.jp/articles/46b5acd4984b10bbb687ccb76e2f58ad9b373363,8/22(火) 17:49
ampreview,AMP［アンプ］,そごう・西武、秋田・渋谷・横浜店舗で「コスメ回収キャンペーン」実施　クレヨンにアップサイクルして“コスメロス”削減,https://news.yahoo.co.jp/articles/88fd9691b0f85668263d8f758e791b204952b116,8/22(火) 17:49
ampreview,AMP［アンプ］,航空各社、2023年度お盆期間の利用実績を発表　多くの路線で前年を上回る結果に,https://news.yahoo.co.jp/articles/f251cd2fc1d7a8faa542459ca80ed11b14ca221b,8/22(火) 12:00
ampreview,AMP［アンプ］,NEXCO東日本、埼玉県坂戸市「C4圏央道 坂戸インターチェンジ」をETC専用料金所に　9月21日より,https://news.yahoo.co.jp/articles/b71ad763bb225d1d3ba725bb9ec081d265d86dd8,8/21(月) 19:27
ampreview,AMP［アンプ］,岐阜県・神戸町に独自決済アプリ「ごうどPay」導入　9月1日より「神戸町プレミアム商品券デジタル版」も発行,https://news.yahoo.co.jp/articles/3a1e6d5aa8ceabe91bb5f790c41afb31b32af8a4,8/21(月) 19:27
ampreview,AMP［アンプ］,三菱重工と日本触媒、アンモニアから水素を取り出す分解システムを共同開発へ　燃焼してもCO2の出ない水素の大量輸送を実現,https://news.yahoo.co.jp/articles/8c3ccb6a36af8555015924be44289d17d2d9391f,8/21(月) 18:07
ampreview,AMP［アンプ］,"埼玉県ふじみ野市、全世帯に向け「消費活性化クーポン」配布　1人あたり3,000円分",https://news.yahoo.co.jp/articles/0c2eb44f04f80424e857538a5aa12ebab436e8dd,8/21(月) 16:29
ampreview,AMP［アンプ］,BYD正規ディーラー「BYD AUTO 池袋」、8月26日よりオープン　ミドルサイズe-SUV「BYD ATTO 3」も常時展示,https://news.yahoo.co.jp/articles/e4ca0ecfdbc3515d33563c981064ab963cfc8c29,8/21(月) 12:42
ampreview,AMP［アンプ］,板橋区「バースデーサポート事業」、1歳の子どもがいる家庭に「QUOカードPay」を配布　自治体の子育て支援を促進,https://news.yahoo.co.jp/articles/8ead0d26b1177461701f873037f692c07b97820f,8/21(月) 12:41
ampreview,AMP［アンプ］,AI需要の高まりでGPU不足が深刻　AI向けGPUの開発で最適化がカギに,https://news.yahoo.co.jp/articles/522cc9ddf3ae90729af0a9b0dc08ecfdbb07eb7d,8/21(月) 6:02
ampreview,AMP［アンプ］,タブー視されてきた「閉経」をオープンに。英国では閉経による更年期障害で約3300億円の損失が,https://news.yahoo.co.jp/articles/7cf62dd002a1fa80672fa14b1a82a890e9a44be9,8/20(日) 6:00
ampreview,AMP［アンプ］,AIで仕事の約半分が自動化の可能性も　ハイテク、銀行、製薬会社などがAIによって経済価値が向上か,https://news.yahoo.co.jp/articles/0b0bf31e6f77168c9471aa384ed8b8a74202bea7,8/19(土) 6:05
ampreview,AMP［アンプ］,関東大震災から100年　49.2％が9月1日「防災の日」が関東大震災に由来すること「知らなかった」と回答,https://news.yahoo.co.jp/articles/11c29cfd10c9b516e2f9ee597ea144b43bf64deb,8/18(金) 18:23
ampreview,AMP［アンプ］,関東大震災から100年　49.2％が9月1日「防災の日」が関東大震災に由来すること「知らなかった」と回答,https://news.yahoo.co.jp/articles/94167fa899c5307a4eeed23245f5d6626607c362,8/18(金) 18:23
ampreview,AMP［アンプ］,暑熱環境下での労働、7割以上が職場での暑さ対策「不十分」「実施していない」と回答　半数以上が個人で暑さ対策も追加,https://news.yahoo.co.jp/articles/3d899aff4f94ba7d563ffc32f4c5bd7b8931c3a4,8/18(金) 18:23
ampreview,AMP［アンプ］,韓国旅行、ソウルは女性8割、チェジュは60代以上34.9%　HIS、2023年予約動向を発表,https://news.yahoo.co.jp/articles/be2a9653a0362e5a401ec737d2ff1e51b1580390,8/18(金) 17:23
ampreview,AMP［アンプ］,世界ナンバーワンを目指してインドに進出するコンセント～日本の電気設備の安全性を世界に広げるパナソニック,https://news.yahoo.co.jp/articles/ae2adcd4b152365c69a62bef0e9ce80874c5f42b,8/18(金) 14:41
ampreview,AMP［アンプ］,ミールキット利用者、約6割がタイパを意識　半数以上が食事作りの時間短縮を実感,https://news.yahoo.co.jp/articles/4f8f3a6374062384b044f8a0c0031d27bdea67c9,8/17(木) 19:53
ampreview,AMP［アンプ］,ユニクロ、「UNIQLO：C」始動　クレア・ワイト・ケラー氏が手がける秋冬コレクション発売　9月15日より,https://news.yahoo.co.jp/articles/ccef1bd83d5010ab0ed596aad402831613f8aa8e,8/17(木) 19:00
ampreview,AMP［アンプ］,レゴランド・ジャパン、選択的週休3日制を9月より導入　育児・介護を目的とした従業員が対象,https://news.yahoo.co.jp/articles/e674ebe334b7b553779872883b62f59e955263e4,8/17(木) 18:33
ampreview,AMP［アンプ］,社会人の約7割が“スキルが足りなくて困った”経験がある　約9割が経営や会計の知識は社会人として必要だと回答,https://news.yahoo.co.jp/articles/9d9cac59184aa721f4c827c377aabe80292923d7,8/17(木) 14:57
ampreview,AMP［アンプ］,勤務中の喫煙、1回あたりの平均離席時間は9分48秒　約7割が勤務中のタバコ休憩に「後ろめたさ」など感じる,https://news.yahoo.co.jp/articles/eb3c2f1a0ce9bc1d5537f2fcc35ec2f937f06f3d,8/17(木) 12:41
ampreview,AMP［アンプ］,レオパレス21、「奨学制度」新設　返済義務なしの給付型・物件も無償提供　2025年4月より支給開始予定,https://news.yahoo.co.jp/articles/4da42a4db86dfec7acac82987a4a54ba877d976f,8/17(木) 12:03
ampreview,AMP［アンプ］,イトーキ、埼玉・東京に新物流拠点を順次開設　「イトーキ東京テクノパーク」分散移転で首都圏供給網を再構築,https://news.yahoo.co.jp/articles/2066d3e1cdebfd92ab34d6a99354a1aff9c7c1f2,8/16(水) 18:14
ampreview,AMP［アンプ］,値上げラッシュで99％の人が「生活に影響あり」　食費やガソリン代節約などで夏休みの過ごし方にも影響及ぶ,https://news.yahoo.co.jp/articles/36a40695ddb80cde8f3e7dbf5c6284e1689b68d5,8/16(水) 18:14
ampreview,AMP［アンプ］,"スカイマーク、「夏はまだ終わらない！スカイサマーセール」開催　8月18日より　羽田発着路線は片道10,000円",https://news.yahoo.co.jp/articles/c3fcf12d3af76f0f79306c568672339311466789,8/16(水) 18:14
ampreview,AMP［アンプ］,新型コロナ流行前より「在宅時間が増えた」人が20％以上増加　仕事関連の飲み会などでの外出意向は今後も消極的,https://news.yahoo.co.jp/articles/77c9d585c0ff3193a191281ccf7b683157b913a6,8/15(火) 18:26
ampreview,AMP［アンプ］,東武トップツアーズ、事業拡大に伴い品川駅近くのWビルへ移転　東京支社・東京法人中央事業部など全7事業所,https://news.yahoo.co.jp/articles/de7a283cadaad79b0911f4c42a641e120ee8784c,8/14(月) 18:19
ampreview,AMP［アンプ］,社会人の約9割が暑さで仕事の“やる気低下”　夏の理想の働き方は「テレワーク派」が約7割も現実では「出社」が多数,https://news.yahoo.co.jp/articles/d6f308305040178a29e32d56e13194ae45572c45,8/14(月) 18:19
ampreview,AMP［アンプ］,エネルエックス・ジャパン、事業拡大に伴い東京本社を日本橋に拡張移転,https://news.yahoo.co.jp/articles/7a9e46f4f5b13bf9bf8049ac812caf85f3cfe18f,8/14(月) 18:18
ampreview,AMP［アンプ］,AIに続く注目技術「量子コンピューティング」、テック大手や政府機関で投資・取り組み加速,https://news.yahoo.co.jp/articles/ae54d47f55b34dab54728ffcc779fb4e16dd77cb,8/14(月) 6:02
ampreview,AMP［アンプ］,リトアニアに欧州最大のスタートアップ施設が誕生、その規模はフランス「Station F」超え,https://news.yahoo.co.jp/articles/ab581e3a83b5611d34bb7c8fdb42bae6565b2e49,8/13(日) 6:02
ampreview,AMP［アンプ］,ハイテク国家UAEの政府が法律を作ってまで「読書」を薦める。その裏には何が？,https://news.yahoo.co.jp/articles/e0980b7ad31d883ae90905519651eb962c2f0449,8/12(土) 6:04
ampreview,AMP［アンプ］,マイクロソフトがラップ生成AIツールを開発？　グーグル、メタ、マイクロソフトが注目する楽曲生成AIをめぐる開発動向,https://news.yahoo.co.jp/articles/f4f644e4215c18eec72b03e5c1a88b1399bae1ea,8/11(金) 6:02
ampreview,AMP［アンプ］,NTT、ソフトウェア分野の脱炭素化に向けたCO2排出量算定ルールの策定へ　経済産業省のプロジェクトに参画,https://news.yahoo.co.jp/articles/fcccac96af394be191bceede443c2d5ea80b029c,8/10(木) 20:06
ampreview,AMP［アンプ］,夏休みの子どものごはん、86%が「母親が作る」　特に「昼食」が負担増　クックパッドがアンケート調査を実施,https://news.yahoo.co.jp/articles/92d12d4fd009ed1b37dff71cc3e2a21e1caaab17,8/10(木) 20:06
ampreview,AMP［アンプ］,婚活の相談、5割以上の男性が「話せる相手いない」　女性は年齢が上がるほど婚活で「妥協したくない」割合が増加,https://news.yahoo.co.jp/articles/4223d0dfad064d26602f265688f32e28d8392bbd,8/10(木) 18:53
ampreview,AMP［アンプ］,凸版印刷と東京農工大、複数のロボットの行動を最適化するAI技術に関する共同研究を開始　マルチエージェントシステムを活用,https://news.yahoo.co.jp/articles/0348fa29da8279ecbbd201293f4a57df9a7577e7,8/10(木) 17:51
ampreview,AMP［アンプ］,コカ・コーラ ボトラーズジャパンとアクセンチュア、2024年に合弁会社を設立へ　業務効率化とデータドリブン経営を推進,https://news.yahoo.co.jp/articles/2ea0ddb6cd9a742f761e392160e23b6b89d03bf7,8/9(水) 20:08
ampreview,AMP［アンプ］,さいたま市と出光興産、ゼロカーボンシティ実現に向け協同　再生可能エネルギーの市内循環とEV急速充電サービスを開始,https://news.yahoo.co.jp/articles/07304e908fec810b3cf04420a5c0464073a33654,8/9(水) 19:55
ampreview,AMP［アンプ］,子どもの熱中症対策、自宅でも意識できている保護者は25％　水分補給は「常温」を専門家も推奨,https://news.yahoo.co.jp/articles/21c49c218a6d5c943a264cc4e865bc3e27af753a,8/9(水) 19:55
ampreview,AMP［アンプ］,産後6か月以内に自分だけのために使える自由時間、半数以上が「60分未満」　肌や髪の不調を感じつつも美容ケアのゆとりがないことが判明,https://news.yahoo.co.jp/articles/86a958603d7030557fedd0af0f28a9c29a2820df,8/9(水) 16:44
ampreview,AMP［アンプ］,セブン‐イレブン、群馬県で初「ペットボトル回収機」設置へ　8月23日より太田市・館林市・邑楽郡内104店舗で順次稼働,https://news.yahoo.co.jp/articles/37c5be661f3aad20438297196d5abb8e1b67ce9c,8/9(水) 14:43
ampreview,AMP［アンプ］,メルカリ活用で削減される温室効果ガスは年間約53万トン　東京ドーム約220杯分に相当　削減貢献量を東京大学と共同算出,https://news.yahoo.co.jp/articles/c00be1558fbd489c17b52e2e627c21023ecf42b5,8/9(水) 11:26
ampreview,AMP［アンプ］,インボイス制度導入、ITフリーランスの70.7％が「今後の案件選びに影響がある」　84.0％が開始に不安,https://news.yahoo.co.jp/articles/a71164e1497aaf506bb621086eb01ee7f674bf32,8/8(火) 17:52
ampreview,AMP［アンプ］,TwitterがXになっても約9割が継続意向あり　「Threads」は約半数が認知も「期待してない」派が7割,https://news.yahoo.co.jp/articles/ae7e6c8920ec9007550a93f490b1773d87299c6d,8/8(火) 17:52
ampreview,AMP［アンプ］,NEXCO西日本、お盆期間における高速道路の渋滞予測を発表　下り線8月11日～13日、上り線8月11日～15日に多く発生と予測,https://news.yahoo.co.jp/articles/7b76d91a7cfa3357b11be7160fbf2ba45f723a79,8/8(火) 14:56
ampreview,AMP［アンプ］,すかいらーく、初のCO2排出量実質ゼロ店舗「ガスト東村山市役所前店」誕生　8月11日より　太陽光発電設備など導入,https://news.yahoo.co.jp/articles/77e33166f1fee265633acba9dc1c9ae9d466b6aa,8/8(火) 14:56
ampreview,AMP［アンプ］,NEXCO西日本、岡山県「E73 岡山自動車道」有漢IC～北房JCTの一部区間で4車線化工事が完了　8月9日より,https://news.yahoo.co.jp/articles/175fdbca1a10787d8666f41979dd23c9bfb05a41,8/8(火) 14:56
ampreview,AMP［アンプ］,ヤマハとソフトバンク、リモート合奏サービス「SYNCROOM」の実証実験を開始　モバイル回線での低遅延通信を実現,https://news.yahoo.co.jp/articles/a9c6fd1e30f8a6d75f1b9da5606127c542d0175d,8/7(月) 20:29
ampreview,AMP［アンプ］,格安SIM（スマホ）利用者は約4割　約9割が利用に「満足」　利用率トップは「楽天モバイル」と「UQモバイル」,https://news.yahoo.co.jp/articles/2a9a3f2526e6177db3992c60da95495ff8af3060,8/7(月) 19:12
ampreview,AMP［アンプ］,国立科学博物館、「目標金額1億円」のクラファンに挑戦　返礼は「オリジナル図鑑」やバックヤードツアーなど40種類以上,https://news.yahoo.co.jp/articles/dff64849e8bb5ae4ca2590038119e679fa7c4152,8/7(月) 17:55
ampreview,AMP［アンプ］,OpenAI初の海外拠点はロンドン、AI大国目指す英国、欧州より緩い規制でAI企業を誘致,https://news.yahoo.co.jp/articles/3f08a9dbf3f2e87a58005da76eff8b9406396ee0,8/7(月) 6:02
ampreview,AMP［アンプ］,マツダ海外駐在、メニコン海外役員を経て、スペインで独立。大きなビジョンを描いて大胆に突き進む、ある男の生き方,https://news.yahoo.co.jp/articles/21e12998a59e6a7986681791ce8d1cd57b0c46eb,8/6(日) 6:02
ampreview,AMP［アンプ］,GAFAMから「MATANA」へ　ビッグテック企業に仲間入りした半導体メーカー”NVIDIA”の注目投資先はAIとドローン,https://news.yahoo.co.jp/articles/26f4a0d5d5a62a6ca61f309627d8b1fec114d292,8/5(土) 6:03
ampreview,AMP［アンプ］,全国のふるさと納税利用者、昨年より約150万人増加し約890万人　東北地方は利用率が低いことが明らかに,https://news.yahoo.co.jp/articles/cf4e1265db8dd1eb4acb1db999f452786820374f,8/4(金) 19:09
ampreview,AMP［アンプ］,Z世代の社会人、夏休みにやりたいこと1位は「家でゆっくり過ごす」　8割が夏休みに使う金額5万円未満,https://news.yahoo.co.jp/articles/fc4481677100751b61f1bbbae63c5021b6b97282,8/4(金) 15:43
ampreview,AMP［アンプ］,4人に1人が「はたらきがい」を感じていない　「成果が適切に評価されていると思わない」　約9割が『「はたらきがい」の多様化を促進すべき』,https://news.yahoo.co.jp/articles/eda3284d611aa43f6b9f5ea3a60c43bfd645990e,8/4(金) 11:44
ampreview,AMP［アンプ］,10月より導入のインボイス制度　8割以上が制度認知も、フリーランス・小規模事業者の半数以上が「不安」と回答,https://news.yahoo.co.jp/articles/5d385c123599a3dbd9ff4456df42e8f93235b3ba,8/3(木) 19:28
ampreview,AMP［アンプ］,国際線は前年比367.8%の増加　成田空港、2023年お盆期間の旅客数推計を発表,https://news.yahoo.co.jp/articles/82474d57ede690430337d02bb4b237c08b1b46ae,8/3(木) 19:28
ampreview,AMP［アンプ］,10代男女の3割が「ブルーレイ」を知らない　認知率は女性の方が高め　所持していたことがある人は半数未満,https://news.yahoo.co.jp/articles/e8b2bfa0a4c4968a1984996f7d4506fc7ffad886,8/3(木) 19:28
ampreview,AMP［アンプ］,LGBT調査　3人に1人がゲイであること「カミングアウトできない」　約6割が同性婚の法制化を希望,https://news.yahoo.co.jp/articles/9f707773ce1bf2a98bc89d9647b6c011e9c1c4af,8/3(木) 18:20
ampreview,AMP［アンプ］,「モバイルバッテリー」を普通ごみとして捨てたことがある人は1割程度　割合は30代が最も高く40代の3倍,https://news.yahoo.co.jp/articles/1ac854de1b3247161d9e6c825f82b43cae81cee1,8/3(木) 14:38
ampreview,AMP［アンプ］,デロンギ・ジャパン、本社を有楽町から港区南青山へ移転　8月21日より業務開始,https://news.yahoo.co.jp/articles/866671ddeae8b8f2980e2b655e516b341e84aa17,8/3(木) 14:38
ampreview,AMP［アンプ］,楽天とOpenAI、対話型AI技術を活用した新サービス開発で基本合意,https://news.yahoo.co.jp/articles/6fed4659ed3d13073639df6bdf6776dd4ec382ff,8/2(水) 18:54
ampreview,AMP［アンプ］,パナソニック、神奈川県藤沢市・東京都千代田区にて届出制に基づく自動配送ロボットの運用開始　物流業界の人手不足解消へ,https://news.yahoo.co.jp/articles/ce512f1ce0cf93f822688c319fc5e1148e93ce09,8/1(火) 18:17
ampreview,AMP［アンプ］,花王、オーストラリアのプレミアムスキンケアブランド「Bondi Sands」を買収　スキンプロテクション領域を強化,https://news.yahoo.co.jp/articles/ca76bf1e9a1ab6ec8f86ca468e7f5460877b7300,8/1(火) 18:08
ampreview,AMP［アンプ］,「iPhone 15」、発売されても8割が「買いたいと思わない」と回答　機種代の高さがネックに,https://news.yahoo.co.jp/articles/48193b1cbbf8f31effb32cd83b236fda4f62b161,8/1(火) 18:08
ampreview,AMP［アンプ］,静岡県富士市の再開発プロジェクト　「富士駅北口第一地区市街地再開発組合」設立　2028年の完成を目指す,https://news.yahoo.co.jp/articles/9588cb57ab78c03475990aa7e4aae94bb7c9cb9e,8/1(火) 15:01
ampreview,AMP［アンプ］,"利用者の7割は「低用量ピル」に満足も、6割以上の女性が「値段が高い」と実感　希望額は1,000円～2,000円が最多",https://news.yahoo.co.jp/articles/566a945d85ee88504d17116633ca40370414400a,7/31(月) 18:29
ampreview,AMP［アンプ］,8割がボーナスより賃上げを希望 　一方、ボーナス支給や賃上げがあっても6割以上が物価高騰で消費「消極的」に,https://news.yahoo.co.jp/articles/0df1c3902f5259eea085b7f1a254318154cbc1f0,7/31(月) 14:07
ampreview,AMP［アンプ］,ChatGPTのパフォーマンス評価は妥当か？AIのベンチマークめぐる議論,https://news.yahoo.co.jp/articles/28a7fb35612788cd03df462aab7784f0af123cd7,7/31(月) 6:01
ampreview,AMP［アンプ］,「生理恥」の問題と生理用品の廃棄物問題に取り組むショーツブランド。イギリス発「WUKA」,https://news.yahoo.co.jp/articles/0accb12fb9fdad68649612ea12bdff8fc9c0c3c0,7/30(日) 6:02
ampreview,AMP［アンプ］,アメリカン・ホンダモーターを含む7社、EV用高出力充電網を構築する合弁会社設立に合意　北米でのEVの普及加速へ,https://news.yahoo.co.jp/articles/62514ccb9407e0cdb964537f3a1e94a438756011,7/29(土) 9:37
ampreview,AMP［アンプ］,AlphaGo開発のディープマインド、グーグルAI部門との統合で汎用AI開発を加速,https://news.yahoo.co.jp/articles/1eed6a1c60e1e3a5e69d4abc6c74bd082607a733,7/29(土) 6:02
ampreview,AMP［アンプ］,「キラキラネーム」を制限する法改正に8割が賛成　「明らかに合わない読み方のものは認可する必要はない」の声,https://news.yahoo.co.jp/articles/ee422c581400dc8d80ab74b17420afafc22dc925,7/28(金) 19:25
ampreview,AMP［アンプ］,20代の61.8％が社会人になる前から転職を視野に　学情が「転職意向」に関する調査を実施,https://news.yahoo.co.jp/articles/d34a18f7bb7d91e2105b1874af4830af430bb53b,7/28(金) 19:25
ampreview,AMP［アンプ］,Z世代は“失敗しない消費”を求める傾向に　リセールバリューの意識が「アパレル購入」の満足度にも影響　メルカリ調べ,https://news.yahoo.co.jp/articles/b899059345bdd6c166487baf31ba2ec360910193,7/27(木) 19:56
ampreview,AMP［アンプ］,3割のパパが育休を取得　一方で、半数以上が男性育休取得率の目標を「達成できないと思う」と回答,https://news.yahoo.co.jp/articles/9685fa1763e140ba85f7463b2ecdd98c746bfcee,7/27(木) 18:10
ampreview,AMP［アンプ］,睡眠時のエアコン、“朝までつけっぱなし”の電気代は約23円　エアコンつけっぱなしで熱帯夜の不満解消へ　パナソニック調べ,https://news.yahoo.co.jp/articles/34fb26e2d2022626681746b1b1f272732f481947,7/27(木) 18:10
ampreview,AMP［アンプ］,"ユニクロを運営するファーストリテイリング、秋田市の大雨被災者に衣料1,200点を寄贈",https://news.yahoo.co.jp/articles/1da9ed70d8833ff3374b54f537c45440b007c549,7/27(木) 15:34
ampreview,AMP［アンプ］,ニトリホールディングス、ウクライナからの避難民への就労機会提供へ　全国の店舗や物流拠点で受け入れ,https://news.yahoo.co.jp/articles/fe394d9cebb34bd0e9700b3eae36ebc4a9ba3182,7/27(木) 13:15
ampreview,AMP［アンプ］,Tinderで異性と出会えた割合は男女共に6割超　利用目的トップは女性「恋活」、男性「遊び」でに男女差あり,https://news.yahoo.co.jp/articles/cd7afc7b29b40cece939e0702fe786803a847108,7/26(水) 19:04
ampreview,AMP［アンプ］,"WiMAX+5GとNetflixがセットに　ワイヤレスゲート、月額6,336円で「ギガ放題プラスS Netflixパック」提供開始",https://news.yahoo.co.jp/articles/346904321426279afdc84f7530ec913a44f2876c,7/26(水) 19:03
ampreview,AMP［アンプ］,DAZNとMETALIVEのコラボ企画が始動　各業界トップのアスリートとアーティストが豪華共演　対談コンテンツ動画を共同配信,https://news.yahoo.co.jp/articles/ed5f2edbbe8b9b833c3e666dd21afa0b10a09abf,7/26(水) 17:42
ampreview,AMP［アンプ］,6割が「Amazonプライムデー」の開催を認知　買い物をした人は半数未満　使用金額は「1万円前後」が最多に,https://news.yahoo.co.jp/articles/482e7dd8c39253ab93b957bb2ae5cda503100427,7/26(水) 17:42
ampreview,AMP［アンプ］,モディ首相の訪米で加速する米テック企業のインドシフト　iPhoneの製造拠点も移設か,https://news.yahoo.co.jp/articles/b067ef39ddf4f2c25053025a658a9de51a3c3ee5,7/26(水) 6:03
ampreview,AMP［アンプ］,ヤフーとポケモン、トレーディングカード市場の安全性向上へ共同対策　商品情報の共有や出品の削除対応など実施,https://news.yahoo.co.jp/articles/5f21d7483e6d2bc6c140ba60791c34f86016e7bf,7/25(火) 16:32
ampreview,AMP［アンプ］,Instagram、日本でも収益化機能「サブスクリプション」提供へ　ファンのサポートがクリエイターの定期的な収入に,https://news.yahoo.co.jp/articles/446605bfdbc83a8668eafeb76b7fc514c79b1faa,7/25(火) 12:05
ampreview,AMP［アンプ］,週休3日制、実施した社員全員が「継続したい」　1日の業務時間増でも「意外と負担なし」「周りに羨ましがられる」などの声,https://news.yahoo.co.jp/articles/6e30e7a53ade79352c7ac5dc63b2ef7b22e1e0a1,7/24(月) 18:07
ampreview,AMP［アンプ］,カインズ、グローバルな温室効果ガス削減タスクフォースに参画　業界の環境問題に取り組む,https://news.yahoo.co.jp/articles/b63f324ade48a5f0573963233669d61baa22e230,7/24(月) 18:07
ampreview,AMP［アンプ］,メルカリ、「Mercari ChatGPTプラグイン」提供開始　特定のキーワード検索ではなく自然な会話から商品を検索,https://news.yahoo.co.jp/articles/3ff12337d9becf4ad23702c10f0365548b229304,7/24(月) 12:21
ampreview,AMP［アンプ］,「給与デジタル払い」が解禁　導入したセキュア社に聞くメリット、課題,https://news.yahoo.co.jp/articles/af9767cb22f9d977609a5c76ef3be642d5411e1a,7/24(月) 6:03
ampreview,AMP［アンプ］,マイクロソフトが約数千億円の投資、ジェネレーティブAI需要の高まりで台頭するAIコンピューティング,https://news.yahoo.co.jp/articles/62438296d5f74f540e95127b1eb62196ab931977,7/23(日) 6:03
ampreview,AMP［アンプ］,600億円超にも上るフェムテック市場　水泳用ショーツや男性用の妊活アイテムなどが出展　第3回「フェムテック・フェムケアジャパン 2023」現地レポート,https://news.yahoo.co.jp/articles/a5678edbf9457d02b9cb91e123a610539082a61e,7/22(土) 6:04
ampreview,AMP［アンプ］,オリエンタルランド、GPIFが採用のESG指数構成銘柄に継続選定　国内株式を対象とするものはすべて構成銘柄に,https://news.yahoo.co.jp/articles/9799b71d0d0d88f0d3c7fb38f23ca8d87a75dbc4,7/21(金) 20:10
ampreview,AMP［アンプ］,NTT・KDDI・ソフトバンク、通信業界のサステナブルなサプライチェーン実現に向け共同活動,https://news.yahoo.co.jp/articles/ea53b415c85c2e599ba967c218746c3751a4c448,7/21(金) 14:14
ampreview,AMP［アンプ］,大学生の「4人に1人」がCharGPTを就活に活用、志望動機や自己PRの作成に　dodaキャンパス調べ,https://news.yahoo.co.jp/articles/7c971d88fdf07a67942faed337f9424be39a2ffe,7/20(木) 19:20
ampreview,AMP［アンプ］,【エコなスマホケース】人と社会に役立つ人になりたい｜村山千夏のサステナブック,https://news.yahoo.co.jp/articles/59062bcb1f047e3c3c0a8bc87fd288206751aed7,7/20(木) 18:02
ampreview,AMP［アンプ］,「Pokemon Sleep」リリース　ポケモンが日本人の睡眠事情を調査　約半数が睡眠時間に満足できず,https://news.yahoo.co.jp/articles/abed47e4969f84b2d6847f62fc0c962105e0f628,7/20(木) 12:43
ampreview,AMP［アンプ］,双日と国分、ベトナムで4温度帯物流事業拡大　新設倉庫で一貫した温度管理を実現,https://news.yahoo.co.jp/articles/88e58594069ac36d0fc8703dea3965a841a935d7,7/19(水) 17:04
ampreview,AMP［アンプ］,双日と国分、ベトナムで4温度帯物流事業拡大　新設倉庫で一貫した温度管理を実現,https://news.yahoo.co.jp/articles/b7920118accc4a32786b8e66ca2831e7e37274d9,7/19(水) 17:04
ampreview,AMP［アンプ］,男性の妊活や不妊の意識　不妊治療は「夫婦両者で行うもの」という認識に変化　一方で「子どもを欲しくない」人も半数に上る,https://news.yahoo.co.jp/articles/f270deeb12a43ef0ed4c4aaaa2b8f121c1c3e28b,7/19(水) 9:03
ampreview,AMP［アンプ］,"ライフ白銅、全従業員にインフレ手当を支給へ　最大50,000円",https://news.yahoo.co.jp/articles/3c83119ef10bc9351ac48521339a2ebdad6bacbc,7/18(火) 18:18
ampreview,AMP［アンプ］,半数以上の女性が「現在の職場で女性活躍推進の取組が進んでいない」と回答　社内風土や環境整備の必要性が明らかに　オールトゥデイ調査を実施,https://news.yahoo.co.jp/articles/371513d15d146d82e52a512baf111704a979f659,7/18(火) 16:47
ampreview,AMP［アンプ］,子どもの夏バテ対策、1位は「こまめな水分補給を声かける」　「ネッククーラー」の使用も携帯扇風機より上位にランクイン,https://news.yahoo.co.jp/articles/ce2f1faed500a5fb6f54d805bff248ef8c8a1187,7/18(火) 15:00
ampreview,AMP［アンプ］,女性が”蛙化現象”になりやすいのは「マナーの悪さ」や「他人への対応の酷さ」を見たとき　プライベートの姿に蛙化も,https://news.yahoo.co.jp/articles/152338e89df79a1f094292116193d4ecde506877,7/18(火) 12:38
ampreview,AMP［アンプ］,家庭教師よりもChatGPT、米国では子供を持つ親の96%が「ChatGPT活用に前向き」と教育現場での利用拡大へ,https://news.yahoo.co.jp/articles/bfd072a2e808640541ac75065a0ec16ce113ec66,7/18(火) 6:04
ampreview,AMP［アンプ］,欧州でAI規制本格化へ　各国に先立ちジェネレーティブAIのグローバル規制を確立する狙い,https://news.yahoo.co.jp/articles/ed68564156c1bfea106753c09f21a848936a87e0,7/17(月) 6:02
ampreview,AMP［アンプ］,温泉もOK、日本初の使い捨て月経ディスク「MOLARA」、開発者の向井桃子さんに聞く誕生までの道のりと反響,https://news.yahoo.co.jp/articles/288ce738952c67b6f7b75fb7446dd335c92583c0,7/16(日) 6:02
ampreview,AMP［アンプ］,脳の活動から思考を文章化するAIが登場、コミュニケーションを助ける医療テクノロジー開発動向,https://news.yahoo.co.jp/articles/c73a3d1fb69f0002043cc119d31b5503a9e4a4e7,7/15(土) 6:04
ampreview,AMP［アンプ］,20代の7割が、フレックスタイム制を導入する企業は「志望度が上がる」　「柔軟に働けると、生産性が上がる」の声,https://news.yahoo.co.jp/articles/59191ac340061dc9516ddcdcc39032457fd95630,7/14(金) 19:19
ampreview,AMP［アンプ］,ファミマ、始業・終業時間を1時間繰り上げる「ファミマサマータイム」を2か月間実施　働き方改革と節電を推進,https://news.yahoo.co.jp/articles/25cdaf029cd0af9e34fc988c0bc4b393112706aa,7/14(金) 17:56
ampreview,AMP［アンプ］,アサヒ飲料「CO2を食べる自販機」、東京スカイツリーに関東初設置　7月15日より　CO2吸収量や吸収スピードを検証,https://news.yahoo.co.jp/articles/0941af965dff9bfda989b6d9c21ec077c6ac1609,7/14(金) 17:51
ampreview,AMP［アンプ］,Googleの会話型AI「Bard」、40以上の言語に対応　音声読み上げや共有など新機能も多数追加,https://news.yahoo.co.jp/articles/03fb73b849b892b49d8be01640bc7ce5ce43af46,7/14(金) 17:51
ampreview,AMP［アンプ］,女性の悩み「PMS（月経前症候群）」の解決へ　ロッテ・テックドクターが研究を開始,https://news.yahoo.co.jp/articles/79ec4652f3a7e975f81231ca0f534e2e8e50889e,7/14(金) 13:59
ampreview,AMP［アンプ］,エアコンの風量を「弱で使う」は“勘違い節電術”　約6割の人が誤解しているエアコンの節電、仕組みを知ることがポイントに,https://news.yahoo.co.jp/articles/9030855450c4ded3e43412fa1f7b9aca7948bd51,7/14(金) 13:59
ampreview,AMP［アンプ］,東京ガス、荒川区「千住水素ステーション」へのAEM水電解装置導入　CO2フリー水素の製造・販売を開始,https://news.yahoo.co.jp/articles/092c144205fca8d89b77be841b57989b54698cca,7/13(木) 19:31
ampreview,AMP［アンプ］,「蛙化現象」の意味を正しく理解できているのは2割　20代の認知率は50代の11.5倍に,https://news.yahoo.co.jp/articles/f744717d892a15c222ff3218285cb4b860b9612e,7/13(木) 18:50
ampreview,AMP［アンプ］,子育て中の30～40代、約半数が「出社回帰」で転職を検討　この4年でリモートワークの有無が企業選びの最重視項目に,https://news.yahoo.co.jp/articles/507159c9d2e1c70c97f8d839bf2244fef29743a8,7/13(木) 18:50
ampreview,AMP［アンプ］,20代・30代の正社員の夏のボーナスの使い方　1位は「貯金」で58.3％　「旅行・レジャー」は昨年に比べ増加,https://news.yahoo.co.jp/articles/2ac6df79463069c7a94d9941aec2c773dd2d7f33,7/13(木) 15:12
ampreview,AMP［アンプ］,Meta、InstagramとFacebookで利用可能な「Meta認証」提供開始　本物証明やなりすまし対策などアカウントをサポート,https://news.yahoo.co.jp/articles/2702c4637fdef024fd5f08927608a25f3950fd75,7/13(木) 12:46
ampreview,AMP［アンプ］,パーソル、男性育休取得率100％を目指し「育休」を学ぶマンガを制作・発信　風土醸成施策を強化,https://news.yahoo.co.jp/articles/a2bbd4361c0059f6fc06b2907c5a51621e0d19b2,7/12(水) 17:33
ampreview,AMP［アンプ］,2023年の食品値上げが3万品目を突破　過去最大級の値上げラッシュ　帝国データバンク調べ,https://news.yahoo.co.jp/articles/ccc2c230732ba0a98c2ca26d350ff5f41f6e4983,7/12(水) 17:33
ampreview,AMP［アンプ］,アスエネとシャープエネルギーソリューション、企業の脱炭素化支援で業務提携　CO2排出量見える化と太陽光発電システム導入をワンストップで,https://news.yahoo.co.jp/articles/ef414a83c96f9a96ccdf42e4bcf1650d68325541,7/12(水) 17:33
ampreview,AMP［アンプ］,アソビュー、約15億円の資金調達を実施　累計調達額約88億円　観光・レジャー業界のDX推進を目指す,https://news.yahoo.co.jp/articles/6672105094de6b26a2d69c6e1abe62d48dec8649,7/12(水) 17:33
ampreview,AMP［アンプ］,2023年の夏休みにかける平均予算は6万円　前年比1.2倍　「旅行」で予算増加の一方、物価高影響による予算減派も,https://news.yahoo.co.jp/articles/2f1bd696e36e37040e5a26c114f800399bc25659,7/12(水) 14:34
ampreview,AMP［アンプ］,SHElikes、学びから仕事までをサポートする「#SHE大人の夏期講習」開催　1か月間で4種類の分野のイベントと仕事を提供,https://news.yahoo.co.jp/articles/e7c0fd863b031b1f6e2dbe11ef7c2e19392cc497,7/12(水) 14:33
ampreview,AMP［アンプ］,"ディズニープラスとHulu、初のセットプランを提供開始　月額1,490円　各サービスの入会より約26％オフに",https://news.yahoo.co.jp/articles/60e905d719d9cfca6b1a77892c9820de88e83882,7/12(水) 12:17
ampreview,AMP［アンプ］,ETCカードの保有率は7割超え　高速道路の料金所ETC専用化計画を「知らなかった」人は8割にのぼる,https://news.yahoo.co.jp/articles/c8d37cce6f044895cb5bd4f2145cb8a13fb6dd4f,7/11(火) 18:59
ampreview,AMP［アンプ］,小学生の子どもを持つ親の約8割が「環境に配慮した教材」の導入を希望　学校教育における環境配慮への意向が浮き彫りに　ヤマハ調査を実施,https://news.yahoo.co.jp/articles/c8cc4d0b400356c4b3a26d15996d7de839eb3967,7/11(火) 17:54
ampreview,AMP［アンプ］,スタバ、大阪府河内長野市らと共に「コーヒー豆かす×森」地域資源循環プロジェクトを推進　協定を締結,https://news.yahoo.co.jp/articles/fabaf3d697ec259e030102a939d9ddbbe0006102,7/11(火) 12:46
ampreview,AMP［アンプ］,企業の「人手不足倒産」、2023年上半期は110件発生で過去最多ペースに　業種別では「建設業」の急増ぶりが顕著,https://news.yahoo.co.jp/articles/b35ac9294c7e2d515d9e8a198749d403c02e1bfe,7/10(月) 19:26
ampreview,AMP［アンプ］,塩野義製薬、特別早期退職プログラム実施へ　退職金に特別転身支援金を加算して支給　希望者には再就職支援も,https://news.yahoo.co.jp/articles/8d49a94b44be86264a75ececf1e71074bcbe2873,7/10(月) 19:26
ampreview,AMP［アンプ］,沖縄で結婚式をするカップルが前年比44％増加　小～中規模のアットホームな結婚式を希望する人が多数,https://news.yahoo.co.jp/articles/cfe051ea34561f62a9c803fa220509974a961af8,7/10(月) 17:57
ampreview,AMP［アンプ］,グーグルはジェネレーティブAI検索を試験導入、検索と広告をめぐるGAFAMのAI競争,https://news.yahoo.co.jp/articles/97b4c2e8bce6ff87ac3d371f775a5ed92442ded8,7/10(月) 6:03
ampreview,AMP［アンプ］,AIによる「人類絶滅リスク議論」　過度な注目がもたらす新たな問題とは,https://news.yahoo.co.jp/articles/41948395e438a3bbb8d9f420cbe9fead937817c7,7/9(日) 6:02
ampreview,AMP［アンプ］,移住先での「配偶者の就職問題」　オランダでの好事例に学ぶ,https://news.yahoo.co.jp/articles/efe8f2109b165a798af5637a4a3d5f3ee84ef133,7/8(土) 6:05
ampreview,AMP［アンプ］,日本テレビ、VR/XRコンテンツの制作と配信プラットフォーム事業を手掛けるアルファコードへ出資,https://news.yahoo.co.jp/articles/657611b20c4531390d9431d92b80e9c6a448c1e9,7/7(金) 20:05
ampreview,AMP［アンプ］,23卒新入社員の9割以上がパワハラ・セクハラに対して「理解あり」と回答も、シチュエーションの正解率は高くない結果に,https://news.yahoo.co.jp/articles/924ff13617a3ed5b457d98053a25035c402aaf21,7/7(金) 18:25
ampreview,AMP［アンプ］,ヒルトン、京都府に「ダブルツリーbyヒルトン京都駅」開業へ　大和ハウスグループと運営受託契約を締結,https://news.yahoo.co.jp/articles/2f3bd93943f7ca02ff31e9db15735b02d4ff99c9,7/7(金) 18:08
ampreview,AMP［アンプ］,20代の9割以上が昇給や待遇改善に取り組む企業に「魅力を感じる」　一方、転職時の給与や年収アップを「最優先で重視する」は2割未満,https://news.yahoo.co.jp/articles/8961fb653860fc619caca5714e8edf897fd81839,7/7(金) 16:41
ampreview,AMP［アンプ］,NTT Com、日本カーソリューションズ、クレアトゥラがEV走行データを活用した温室効果ガス削減プロジェクトの実証実験を開始,https://news.yahoo.co.jp/articles/3b3c24c0e5ba4f3a3fd158a3417cecc8c6ad71d0,7/7(金) 16:41
ampreview,AMP［アンプ］,今の若者に必要な考え方は“エイジレス”？ 自らを年齢で縛るのは10代が最多『セイコー時間白書2023』調査結果レポート,https://news.yahoo.co.jp/articles/fb7021621b1983cd9e2c1e7f0bbeba116db7f4eb,7/7(金) 14:42
ampreview,AMP［アンプ］,コロプラ、不妊治療と仕事の両立を支援する制度「次世代サポート休暇」を拡充　育児短時間勤務も小学校卒業までに拡大,https://news.yahoo.co.jp/articles/57ea1bf6929be451d74a6ea3cc8e8d27da9d5d5e,7/7(金) 11:54
ampreview,AMP［アンプ］,Meta、テキストでつながる新SNS「Threads」を発表　Instagramアカウントでログイン・500文字まで投稿可能,https://news.yahoo.co.jp/articles/e3a8e5a0b9ad358831e8f41fcd02838838d796de,7/6(木) 19:16
ampreview,AMP［アンプ］,大東建託、兵庫県朝来市「木質バイオマス発電所」の事業譲渡契約を締結　RE100達成を目指しバイオマス発電事業へ参入,https://news.yahoo.co.jp/articles/da6c31c304e07711301e9125313a71567c3f470b,7/6(木) 17:44
ampreview,AMP［アンプ］,臨時収入が5万円あったら、最多回答は「国内旅行をする」　男女の回答率に差があった項目は「グランピング」と「貯金」,https://news.yahoo.co.jp/articles/1c1b00c3e0c830e9e53da8413ca641c996d96c7a,7/6(木) 17:44
ampreview,AMP［アンプ］,持続可能な「まちづくり」のヒント。西東京市に開園したつながりを生む公園「MUFG PARK」の可能性とは？,https://news.yahoo.co.jp/articles/cb853f0e7849dfd4b34054d914d98bb19ec06348,7/6(木) 16:15
ampreview,AMP［アンプ］,20代社会人、現在の勤務形態は「出社」が70.0％　一方で希望する勤務形態は「テレワークと出社の組み合わせ」が最多,https://news.yahoo.co.jp/articles/90333c4cd73e1679b72eabcd344865317edf993c,7/6(木) 14:34
ampreview,AMP［アンプ］,Z世代はAmazonより「SHEIN」　通販利用で重視するポイントは「価格の安さ」　SDGs商品の購入も約半数が興味あり,https://news.yahoo.co.jp/articles/48a025bd59cde31dca59bf3a0e7c3a2671c12656,7/5(水) 20:39
ampreview,AMP［アンプ］,イトーキ、7月より「育児休業復職支援金」の支給開始　12週間以上の育休取得は15万円　男性の育児休業取得を促進,https://news.yahoo.co.jp/articles/cc9bbedde65bb7bab2e2da96c832530e70d3e2f9,7/5(水) 16:42
ampreview,AMP［アンプ］,TBSテレビ、ゲーム事業に本格参入　「TBS GAMES」ティザーサイトをオープン,https://news.yahoo.co.jp/articles/d0adabd1d5152fee7ec3c7f48a357efec5e59643,7/5(水) 15:54
ampreview,AMP［アンプ］,現在の出社頻度は約7割が「週4日以上出社」　フル出社は半数超える　新型コロナ5類移行はオフィス回帰にも影響か,https://news.yahoo.co.jp/articles/47978bba759c9cdfee7c1622d6717e894f306b57,7/4(火) 19:05
ampreview,AMP［アンプ］,ポーラ、育児休業取得後の手当を性差なく支給　「育業復帰サポート手当」を新設,https://news.yahoo.co.jp/articles/08fc7f7cef812acc0b37d3610cc39fd2838663e8,7/4(火) 18:07
ampreview,AMP［アンプ］,テレワーク下で持っててよかった資格1位は「簿記」　今後取りたい資格は「FP」に注目集まる,https://news.yahoo.co.jp/articles/3e917cf05ab9d72610a1e548de7141f19d18a3b7,7/4(火) 15:20
ampreview,AMP［アンプ］,保育士の週4日勤務、6割以上が導入する園での勤務希望　懸念点は「給料の減少」「子どもたちが不安になる」など,https://news.yahoo.co.jp/articles/8403495fd1ebed35d51c1a41db1076b89801402f,7/3(月) 19:41
ampreview,AMP［アンプ］,【クリケットプロテイン】人生を豊かにしてくれる選択をしたい｜荒川真衣のサステナブック,https://news.yahoo.co.jp/articles/27e3cb884a7f22b78f6f70d9f85629985f24cbed,7/3(月) 18:14
ampreview,AMP［アンプ］,【クリケットプロテイン】人生を豊かにしてくれる選択をしたい｜荒川真衣のサステナブック,https://news.yahoo.co.jp/articles/b36cacdfa5e74fb2a8284e22d8a1c772e5abbb37,7/3(月) 18:14
ampreview,AMP［アンプ］,英当局、マイクロソフトのゲーム大手買収阻止に続き、ジェネレーティブAI規制に向けた調査を開始、米国ではAIを公開評価へ,https://news.yahoo.co.jp/articles/7ed8d9e109eea785597ceed910b99287fa62b9a4,7/3(月) 6:04
ampreview,AMP［アンプ］,子どもに自分のジェンダーを決めさせる。性別格差を縮める「ジェンダー・クリエイティブ」な育児法,https://news.yahoo.co.jp/articles/d365d9b8c2b62619b75e5c79be6b2ae293e5af7c,7/2(日) 6:03
ampreview,AMP［アンプ］,香水をつけるのは身だしなみよりウェルネスのため？　癒しと安らぎを与えてくれる機能性を追求した「ファンクショナル・フレグランス」とは,https://news.yahoo.co.jp/articles/1412493397a9823098ba8ef74ac561a772dcc81f,7/1(土) 6:04
ampreview,AMP［アンプ］,約8割が「交際前に相手の過去の恋愛について知りたい」と回答　知りたいことは「別れた理由」がトップ　タップル調べ,https://news.yahoo.co.jp/articles/d3bf1665c84f4fc1886576841abf036b4695f4c4,6/30(金) 19:04
ampreview,AMP［アンプ］,カインズ、三重県桑名市に最大規模の環境配慮型物流センター「桑名センター」を竣工　物流効率化と環境負荷軽減を目指す,https://news.yahoo.co.jp/articles/7b5fdee22b9b8672c1e6cebf2bec87b2b1c9dd31,6/30(金) 14:54
ampreview,AMP［アンプ］,新入社員が働きたい職場の特徴、「アットホーム」が過去最低の37.3％　働くうえで大切にしたいことトップは「仕事に必要なスキルや知識を身につけること」,https://news.yahoo.co.jp/articles/5582e2da08a139c988a0be04a71e4b814e3a7d0f,6/30(金) 13:44
ampreview,AMP［アンプ］,栃木県日光市と日本情報通信、ChatGPT活用促進に向け連携　7月3日に日光市役所にてワークショップ開催,https://news.yahoo.co.jp/articles/418e2090a2be97528a4e6a306f6aaecd8dbbf1e7,6/30(金) 8:10
ampreview,AMP［アンプ］,20-30代女性、AIチャットに「興味なし」が43%　情報収集ツールは検索エンジンより「SNS」派が多数,https://news.yahoo.co.jp/articles/81517228b8de69ee46c8506df86526794b74b9ea,6/28(水) 18:56
ampreview,AMP［アンプ］,アフターコロナの女性の悩み、「疲れ」が47％で最多　活動の活発化で「時間的ゆとりがない」人も増加傾向,https://news.yahoo.co.jp/articles/7eb100abac698f1a5335a5494d656767153f887a,6/27(火) 18:48
ampreview,AMP［アンプ］,茨城県とACCESS、対話型AI「ChatGPT」を活用した業務効率化の実証実験を開始　 DX推進プロジェクトの一環,https://news.yahoo.co.jp/articles/340ae033069dc568ec19a4232a9ebbdb8b336e1b,6/26(月) 17:18
ampreview,AMP［アンプ］,ジェネレーティブAI開発とメタバースの関連性とは　メタがAI商用化に向け本格始動,https://news.yahoo.co.jp/articles/fb93237056c2f84bb8ade64f4d8040cc51663e7d,6/26(月) 6:04
ampreview,AMP［アンプ］,求められる「クライメート・フレンドリー」商品　CO2を減らすクラッカーに、水を節約するエナジーバイツで消費者も気候変動抑制に貢献,https://news.yahoo.co.jp/articles/b1427deb98e6ccc574a72c31efecf3fefc9434c3,6/25(日) 6:03
ampreview,AMP［アンプ］,UAEへの進出を考えるクリプト企業増加。新ルールと事業ライセンス取得の現状,https://news.yahoo.co.jp/articles/44014202a23ccf6582f5633ad4b1c52ac7242273,6/24(土) 6:04
ampreview,AMP［アンプ］,紀伊國屋書店・CCC・日販が新会社設立へ　書店主導の出版流通改革を目指す,https://news.yahoo.co.jp/articles/1350ba98f6b105dcdf79316cb3cd2933e7b595da,6/23(金) 18:41
ampreview,AMP［アンプ］,双日、ケニアでチキン味の即席麺を発売　東アフリカ地域をターゲットにKORと合弁会社を設立・製造販売事業に参入へ,https://news.yahoo.co.jp/articles/19b5fe1de033481f3348aa76f5d66df718a562b0,6/23(金) 17:05
ampreview,AMP［アンプ］,電気代値上げで9割以上が今夏「家計に影響あり」と回答　節電できそうな家電1位「エアコン」は扇風機などの併用がポイントに,https://news.yahoo.co.jp/articles/af65f9e76e8522a20786120973aeaeaf8581c26e,6/23(金) 12:44
ampreview,AMP［アンプ］,パナソニック ホームズ、「ウェルカムバック採用」制度スタート　退職事由を限定することなく再雇用を活性化,https://news.yahoo.co.jp/articles/a6224ea2b6a9d51b6a60652d12210135150d1624,6/22(木) 18:11
ampreview,AMP［アンプ］,屋内外でのマスク着用、どの年代でも約3割が「常に着用する」と回答　新型コロナで「防菌意識」が変わった人は約8割に,https://news.yahoo.co.jp/articles/9076cea2490f7febb99ed8fbce08390c1aa1500b,6/22(木) 15:52
ampreview,AMP［アンプ］,NTT Com、屋外建設現場でドローンが自動巡回を行う実証実験に成功　ドローンポート活用で遠隔監視　進捗管理業務の大幅省力化に,https://news.yahoo.co.jp/articles/f048865234f16ea6df4607e8a18eb2000377e44a,6/22(木) 12:25
ampreview,AMP［アンプ］,"Amazon、「Amazon Beauty プライムデー記念セット」販売　4種類・各3,000個限定　7月11日～12日",https://news.yahoo.co.jp/articles/4e668e8d8149b020bc0fcecd2f818bd05b9c8b1b,6/21(水) 18:25
ampreview,AMP［アンプ］,Amazon「プライムデー」を7月11日0時から12日23時59分までの48時間開催　開始の2日前から「プライムデー先行セール」も,https://news.yahoo.co.jp/articles/7da78a7cf53ba77a50d124a285f284ed87893e40,6/21(水) 17:28
ampreview,AMP［アンプ］,SDGsの認知率は83％で鈍化　10代～30代女性で「ジェンダー平等を実現しよう」への興味・関心が高い傾向に,https://news.yahoo.co.jp/articles/4b319000f2685f5081a0e28b581c45acdd38ffc6,6/21(水) 13:50
ampreview,AMP［アンプ］,SDGsの認知率は83％で鈍化　10代～30代女性で「ジェンダー平等を実現しよう」への興味・関心が高い傾向に,https://news.yahoo.co.jp/articles/cb4865f62f9e7bf5b2fe4cefeb4e19688408a40c,6/21(水) 13:50
ampreview,AMP［アンプ］,"ドコモ、7月1日より「ahamo光」提供開始　ahamoとセットで最大1Gbpsの高速通信使い放題　マンションタイプで月額3,630円～",https://news.yahoo.co.jp/articles/c113ec25acf3f8bed47fc485ee44c837feba8e95,6/20(火) 18:50
ampreview,AMP［アンプ］,小林製薬、社員の紹介による中途採用「リファラル採用」を導入　経営計画実現に向け人材強化を図る,https://news.yahoo.co.jp/articles/580dd048a83ba0c35f8da1241077999e3ae083fb,6/20(火) 15:11
ampreview,AMP［アンプ］,男性のムダ毛事情、ワキやVIOの脱毛には抵抗がある傾向　ヒゲも約半数が「ある程度残したい」と回答,https://news.yahoo.co.jp/articles/5c5581b9ff6ef5af6643185f88fcc5db13386e89,6/20(火) 15:11
ampreview,AMP［アンプ］,"ボルテージ、社員の平均年収を4.6%アップ　新卒初任給も34,930円引き上げ",https://news.yahoo.co.jp/articles/9f97846ed38d1aff91beca1507851a7735e0727f,6/19(月) 18:49
ampreview,AMP［アンプ］,JALグループ、2023年度入社のキャリア採用募集を開始,https://news.yahoo.co.jp/articles/2e504440fae5a107fe7fb31839bd79813207e904,6/19(月) 12:52
ampreview,AMP［アンプ］,グーグルの新AIモデル「PaLM2」、どれほどパフォーマンスが改善されたのか？ GPT4との比較,https://news.yahoo.co.jp/articles/f1ff43a36e10667f6ec6015858341e6515738516,6/19(月) 6:04
ampreview,AMP［アンプ］,OpenAIを追うジェネレーティブAI市場の注目株。グーグルもジェネレーティブAIスタートアップに多額の投資,https://news.yahoo.co.jp/articles/696b6e4925d4d492cce68e980943c174af449cf0,6/18(日) 6:03
ampreview,AMP［アンプ］,AI雇用ツールは差別を助長する？ 雇用現場におけるAI利用、その課題と最新動向,https://news.yahoo.co.jp/articles/973157f0dbdd68818be6376bcba00dfc5a31da83,6/17(土) 6:03
