media_en,media_jp,title_articles,link_articles,date_original
sanspo,ƒTƒ“ƒPƒCƒXƒ|[ƒc,VtƒK[ƒ‹ƒY@Xƒ}ƒŠƒA@”ò–ô‚Ö•±‚¢ƒ^ƒc”N—@•Ä‰f‰æo‰‰‚àŒˆ’èuM—Š‚³‚ê‚é–ğÒ‚Év,https://news.yahoo.co.jp/articles/8b49ccbbf22738126b5563686299ff769d0ad68e,1/9(‰Î) 12:30
sanspo,ƒTƒ“ƒPƒCƒXƒ|[ƒc,yƒVƒ“ƒUƒ“‹L”Ozƒm[ƒuƒ‹ƒƒWƒƒ[Ao¢ƒŒ[ƒX‹‰õ·‚µ@ì“c‹Rèu‚ ‚¦‚ÄŠO‚ğ‘I‚Ñ‚Ü‚µ‚½v,https://news.yahoo.co.jp/articles/35652945c07023371e87edfbac4b8c7e10fd2fd8,1/9(‰Î) 12:25
sanspo,ƒTƒ“ƒPƒCƒXƒ|[ƒc,yƒVƒ“ƒUƒ“‹L”Oz–Ä”nƒ‰[ƒ“ƒUƒ[ƒvƒXA‚µ‚Ô‚Æ‚­L‚Ñ‚Ä‚S’…@•Ktu‚¢‚¢•ûŒü‚É¬’·‚µ‚Ä‚¢‚év,https://news.yahoo.co.jp/articles/5c37d15f6c3bd58db6fb5ee83483c90d900d09f4,1/9(‰Î) 12:15
sanspo,ƒTƒ“ƒPƒCƒXƒ|[ƒc,yƒVƒ“ƒUƒ“‹L”Oz‚P‚V”Ôl‹CƒEƒH[ƒ^[ƒŠƒqƒgAÅ‘¬‚Ì––‹r‚Å‚R’…@K‹Rèuƒeƒ“‚Í–Z‚µ‚­‚Äcv,https://news.yahoo.co.jp/articles/9273e578dde7e517459c0d0cc578683fe65ecc96,1/9(‰Î) 12:10
sanspo,ƒTƒ“ƒPƒCƒXƒ|[ƒc,yƒVƒ“ƒUƒ“‹L”Oz‚P”Ôl‹CƒGƒRƒƒuƒ‹[ƒ€‚Í‚Q’…@ƒ‹ƒ[ƒ‹‹Rèu”\—Í‚Í‚ ‚è‚Ü‚·v,https://news.yahoo.co.jp/articles/64d39776a6df78ceb3b061f68f80de2766858f12,1/9(‰Î) 12:05
sanspo,ƒTƒ“ƒPƒCƒXƒ|[ƒc,yƒVƒ“ƒUƒ“‹L”OzƒŒ[ƒX‚ğI‚¦‚ÄcŠÖŒWÒ’k˜b,https://news.yahoo.co.jp/articles/c8da2c85893f90eb95fa66acccbf1b6928eab74f,1/9(‰Î) 11:55
sanspo,ƒTƒ“ƒPƒCƒXƒ|[ƒc,ƒxƒbƒPƒ“ƒoƒEƒA[‚³‚ñ@ƒhƒCƒcƒTƒbƒJ[ŠE‚ÉŒN—Õ‚µ‚½uc’évcw“ªwŠö‚Å‘“à“ˆê}‚é,https://news.yahoo.co.jp/articles/fb6aa7bdc2e366c77a39486ae5165f4b8a247fc7,1/9(‰Î) 11:52
sanspo,ƒTƒ“ƒPƒCƒXƒ|[ƒc,ã_E‰ª“c²•zŠÄ“ÂA‡“¯©åƒgƒŒ‰“ú‚Ìƒ‹[ƒL[‚W‘Iè‚ÉŒü‚¯–ñ‚R•ªŠÔ‚ÌŒP¦,https://news.yahoo.co.jp/articles/9f04d7570908929859c57fb1ef7f0392e433e52b,1/9(‰Î) 11:29
sanspo,ƒTƒ“ƒPƒCƒXƒ|[ƒc,‹g‰i¬•S‡A‚R‚U”N‚Ô‚èo‰‰‚Ì‰»Ï•i‚b‚l‚ªğ”N‚P‚PŒ“x‚b‚lDŠ´“xƒ‰ƒ“ƒLƒ“ƒO‰»Ï•i‹Æ—Ş‚PˆÊ‚É,https://news.yahoo.co.jp/articles/4df02e1c99972602e0d722967e3e3c395cf91fb3,1/9(‰Î) 11:12
sanspo,ƒTƒ“ƒPƒCƒXƒ|[ƒc,¼•E¼ˆä‰Ò“ª‰›ŠÄ“Â‚Ì’·—A¼ˆä—y“ì‚ªƒgƒbƒvƒR[ƒg‚ÉŠ‘®@›“c«ô‚ç‚ÌŒã”y‚É,https://news.yahoo.co.jp/articles/b7b9332090defacb860c6ec1f0fd0001092f926f,1/9(‰Î) 11:06
sanspo,ƒTƒ“ƒPƒCƒXƒ|[ƒc,ŒÕ‚Ìƒ\ƒiƒ^@—ˆ”N‚Q‚OÎ‚ÖƒrƒfƒIƒŒƒ^[Å—L—Í‚Í‰º‘ºIH@ƒ‹[ƒL[ƒCƒ„[‘åŠˆ–ô‚·‚ê‚Î‚ ‚é‚©‚à,https://news.yahoo.co.jp/articles/18d0d68502829affd0d4d0265a4f9474d8c2e46e,1/9(‰Î) 11:00
sanspo,ƒTƒ“ƒPƒCƒXƒ|[ƒc,ƒ{ƒNƒVƒ“ƒO@’†’Jl‚ªuƒgƒbƒvƒ‰ƒ“ƒNƒtƒ@ƒ“ƒAƒ[ƒYv‚Å”NŠÔÅ—DG‚j‚nÜóÜ@ˆäã®–í‚Íuƒ‚[ƒƒ“ƒgEƒIƒuEƒUEƒCƒ„[vóÜ‚Å‚QŠ¥,https://news.yahoo.co.jp/articles/9ee9677b4c2cee455a96473705dac481d231beb3,1/9(‰Î) 10:53
sanspo,ƒTƒ“ƒPƒCƒXƒ|[ƒc,‚m‚g‚j‘å‰ÍuŒõ‚éŒN‚Öv‚É‹’®—¦‚Í‰‰ñÅ’á‚P‚QE‚V“,https://news.yahoo.co.jp/articles/290958cf78f53c53d9354703cc4a01737dca5abd,1/9(‰Î) 10:45
sanspo,ƒTƒ“ƒPƒCƒXƒ|[ƒc,ã_AVl‡“¯©åƒgƒŒŠJn@‚c‚PˆÊE‰º‘ºu‚¢‚Â‚à’Ê‚è‚â‚Á‚Ä‚¢‚é‚Æ‚±‚ë‚ğ•]‰¿‚µ‚Ä‚à‚ç‚¦‚é‚æ‚¤‚Év,https://news.yahoo.co.jp/articles/46f0b5b35976001da8f0c9c6807e378cdd812c2c,1/9(‰Î) 10:38
sanspo,ƒTƒ“ƒPƒCƒXƒ|[ƒc,ƒ{ƒNƒVƒ“ƒO@‘S•Äƒ{ƒNƒVƒ“ƒO‹LÒ‹¦‰ï‚Ì”NŠÔÅ—DG‘IèÜ‚Éˆäã®–í‚ªƒmƒ~ƒl[ƒg@“ú–{‘Iè‰óÜ‚È‚é‚©@”NŠÔÅ—DGƒgƒŒ[ƒi[ÜŒó•â‚É‚Íˆäã^Œá,https://news.yahoo.co.jp/articles/6209af96f472614ae4f9250245cfee75300b6c9d,1/9(‰Î) 8:25
sanspo,ƒTƒ“ƒPƒCƒXƒ|[ƒc,‚W“ú’†R‚Å“Œ‹‹£”n‹LÒƒNƒ‰ƒuÜöÜ®@–Ø‘ºt‚ª‘ã•\‚ÅóÜ,https://news.yahoo.co.jp/articles/80eefa78404d4dc5dd5a7941d1634aa923067047,1/9(‰Î) 7:35
sanspo,ƒTƒ“ƒPƒCƒXƒ|[ƒc,’†“‡Œ’lA‚RŒ––‚ÅƒZƒNƒ]‘²‹Æu‚Ç‚ñ‚È“¹‚ğ•à‚à‚¤‚ÆA‚±‚ê‚©‚ç‚à‚r‚…‚˜‚™‚Å‚ ‚é‚±‚Æ‚Í•Ï‚í‚è‚Ü‚¹‚ñv@ƒOƒ‹[ƒv‚Í‚Rl‘Ì§‚Å‘¶‘±,https://news.yahoo.co.jp/articles/1a032498b4ce584b6d72f71d6ec653f6941ced9a,1/9(‰Î) 7:30
sanspo,ƒTƒ“ƒPƒCƒXƒ|[ƒc,‚s‚g‚d@‚q‚`‚l‚o‚`‚f‚dE•’mŠCÂA‚QŒ‚Q‚T“ú‚É‚c‚c‚s‚ÅƒvƒƒŒƒXƒfƒrƒ…[u‰Ë‚¯‹´‚É‚È‚è‚½‚¢v,https://news.yahoo.co.jp/articles/eaf2e52c38938b953aa8678614e0d42610fb2fbb,1/9(‰Î) 7:30
sanspo,ƒTƒ“ƒPƒCƒXƒ|[ƒc,‘š~‚è–¾¯E‘e•iA‚R˜A’P‚Q‚S‚P–œ”nŒ”“I’†@”g—‚Ì‚U“ú’†R‹£”n‚S‚qd—¯‚ß‚½I‚Q‚S‚O‚O–œ‰~‚ğ”\“o”¼“‡’nk”íĞ’n‚É‘SŠzŠñ•t,https://news.yahoo.co.jp/articles/06c1525c23dfb26a91bee58c9e3a8e534403a17c,1/9(‰Î) 7:30
sanspo,ƒTƒ“ƒPƒCƒXƒ|[ƒc,‰f‰æuŒN‚½‚¿‚Í‚Ç‚¤¶‚«‚é‚©v‚ªƒS[ƒ‹ƒfƒ“EƒOƒ[ƒuÜ‚ÌƒAƒjƒ‰f‰æÜóÜI¢ŠE‚Ì‹{í•xŠÄ“ÂA“ú–{ì•i‰‚Ì‰õ‹“,https://news.yahoo.co.jp/articles/55dca81ce6092c79b2121244f0c6fa718c36991d,1/9(‰Î) 7:30
sanspo,ƒTƒ“ƒPƒCƒXƒ|[ƒc,t‚ƒoƒŒ[@x‘äŠw‰€E’J–{‚ªƒxƒXƒgƒŠƒxƒÜ@u©•ª‚½‚¿‚ÌƒoƒŒ[‚ªˆê”Ô”­Šö‚Å‚«‚Ä‚¢‚½v,https://news.yahoo.co.jp/articles/3cb5207a0cbff1cec8a74223b882aea01a543ed7,1/9(‰Î) 7:30
sanspo,ƒTƒ“ƒPƒCƒXƒ|[ƒc,ã_‚c‚PˆÊ‰º‘ºŠCãÄA“ü—¾—‚“ú‚Ì–Â”ö•l‰—ûK‚Å–Ú—§‚¿‚Ü‚­‚è@‚¢‚«‚È‚è‹t—§‚¿I@‘–‚Á‚Ä‚Íˆêl‚¾‚¯”{‚Ì‹——£ƒ|[ƒ‹ŠÔ‘–I,https://news.yahoo.co.jp/articles/569f655d5f752d7ece26e2d64805ad10573c66d7,1/9(‰Î) 7:30
sanspo,ƒTƒ“ƒPƒCƒXƒ|[ƒc,ã_E‹ß–{ŒõiA©g‚ÌƒCƒ“ƒXƒ^ƒOƒ‰ƒ€‚Å­™“‡E‰«‰i—Ç•”“‡‚Å‚Ì‡€—DŸƒpƒŒ[ƒh‡‚Ì‚æ‚¤‚·‚ğƒ‰ƒCƒu”zM,https://news.yahoo.co.jp/articles/2c0700616f53ff507192cf18c1454079a9103797,1/9(‰Î) 7:30
sanspo,ƒTƒ“ƒPƒCƒXƒ|[ƒc,t‚ƒoƒŒ[@x‘äŠw‰€˜A”e@jã‚WZ–Ú@å«E‹T‰ªu¡‚Ü‚Å‚Ì‹ê‚µ‚©‚Á‚½‚±‚Æ‚à‘S•”•ñ‚í‚ê‚½v,https://news.yahoo.co.jp/articles/8d0eb28cc5139a8d255c11c2425ad7abdd224a1b,1/9(‰Î) 7:30
sanspo,ƒTƒ“ƒPƒCƒXƒ|[ƒc,ã_ˆç¬‚c‚QˆÊE•Ÿ“‡Œ\‰¹AƒLƒƒƒbƒ`ƒ{[ƒ‹‚Åó‚¯‚½‚c‚PˆÊ‰E˜rE‰º‘ºŠCãÄ‚Ìƒ{[ƒ‹‚Éu’É‚©‚Á‚½v,https://news.yahoo.co.jp/articles/31e87f710dfc82203b4cedc2e883565a72aff4eb,1/9(‰Î) 7:30
sanspo,ƒTƒ“ƒPƒCƒXƒ|[ƒc,‚ZƒTƒbƒJ[@ÂXR“cA‚S“x–Ú‚u@ƒG[ƒX•Ä’J‘sjA“¾“_ƒ‰ƒ“ƒNƒgƒbƒv‚Ì‚T“¾“_ui—DŸ‚Íjl¶‚Ì’†‚ÅK‚¹‰ß‚¬‚Äˆê¶–Y‚ê‚È‚¢v,https://news.yahoo.co.jp/articles/2c73f1ffde8ff17ada36dee3e67d2e2116779119,1/9(‰Î) 7:30
sanspo,ƒTƒ“ƒPƒCƒXƒ|[ƒc,ã_E‚‹´—yl@¶Œ¨èp‚©‚ç‚Ì•œŠˆ‚ÖAt‹GƒLƒƒƒ“ƒv‚Å‚ÌƒtƒŠ[‘ÅŒ‚“o”Â‚ğ–Úw‚·,https://news.yahoo.co.jp/articles/4abfb9aec0ed7be85115084791913a541f367257,1/9(‰Î) 7:30
sanspo,ƒTƒ“ƒPƒCƒXƒ|[ƒc,¬’r‰hq‚Æˆê’U•Ê‚ê‚Ü‚·cã_‚c‚SˆÊE•Sè‘“¶A‚P‚WÎ‚ÌŒˆˆÓ,https://news.yahoo.co.jp/articles/1effb88d8053f77bb3d0cd9994b9f923722ce14c,1/9(‰Î) 7:30
sanspo,ƒTƒ“ƒPƒCƒXƒ|[ƒc,t‚ƒoƒŒ[@AÀA‚Q‘å‰ï‚Ô‚è‚T“x–Ú‚u@ƒG[ƒX•Ÿ‘º‚ª‚l‚u‚ouÅ‚‚Ì•‘‘ä‚ÅÅ‚‚ÌŒ‹‰Êv,https://news.yahoo.co.jp/articles/5347d11adb7c68e682c8e5e830ad5e0e415259c4,1/9(‰Î) 7:30
sanspo,ƒTƒ“ƒPƒCƒXƒ|[ƒc,t‚ƒoƒŒ[@‰º–k‘ò¬“¿AƒT[ƒuƒŒƒV[ƒu—‚êc‚RŠ¥–²U,https://news.yahoo.co.jp/articles/4b9bb71f46a643daaee6454ba323bf19b32c6cf2,1/9(‰Î) 7:30
sanspo,ƒTƒ“ƒPƒCƒXƒ|[ƒc,‹l‚c‚PˆÊE¼ŠÚ—E—z@‚P“ú‚P‚OŠÔ‡–°‚Å‚P”NŠÔ“Š‚°”²‚­@Šw¶‘ã‚Í’‹QÅ’·‚UŠÔ,https://news.yahoo.co.jp/articles/946ba9ca25ebdba6d666f44dcfe8e244ff86304a,1/9(‰Î) 7:30
sanspo,ƒTƒ“ƒPƒCƒXƒ|[ƒc,ã_E–Ø˜Q¹–ç‚Æ‹ß–{Œõi‚ª‹v•Û“cƒXƒ‰ƒbƒK[‚ÆƒAƒhƒoƒCƒUƒŠ[Œ_–ñ@–Ø˜Q‚Íu‚¸‚Á‚ÆƒTƒ|[ƒg‚µ‚Ä‚à‚ç‚Á‚½B–{“–‚ÉŠ´Óv,https://news.yahoo.co.jp/articles/c3fb71515550f36358e75cfe20678a989cdaa999,1/9(‰Î) 7:30
sanspo,ƒTƒ“ƒPƒCƒXƒ|[ƒc,ã_E²“¡‹P–¾AŒÕ“ú–{l‰‚Æ‚È‚é‚S”N–Ú‚Å‚Ì’ÊZ‚P‚O‚O–{—Û‘Åuâ‘Îs‚¯‚év@ƒV[ƒYƒ“‚P‚O‚O‘Å“_‚Ìuƒ_ƒuƒ‹‚P‚O‚Ov’B¬‚ÅƒAƒŒƒ“ƒpII,https://news.yahoo.co.jp/articles/b2c1c275029654f5f4ffca213e5b3e2ab166d41b,1/9(‰Î) 7:30
sanspo,ƒTƒ“ƒPƒCƒXƒ|[ƒc,‚c‚…‚m‚`E“x‰ï—²‹PAƒtƒB[ƒo[‚É‚à—âÃuŒ©‚ç‚ê‚é’†‚Å‚â‚é‚Æ‚¢‚¤‹Ù’£Š´‚àŠy‚µ‚³‚à‚ ‚év@‚U‚O‚Ol’´ƒtƒ@ƒ“”M‹ü@ƒOƒbƒYŒß‘O’†‚ÉŠ®”„,https://news.yahoo.co.jp/articles/83ec767d664ab044a10bbda7ad6d9f0ba22ca27e,1/9(‰Î) 7:30
sanspo,ƒTƒ“ƒPƒCƒXƒ|[ƒc,t‚ƒoƒŒ[@—qEAÀ‘Iè‚ÌŠì‚Ñ‚Ìº@ˆäãê£uÅ‚‚ÌŒ`‚ÅI‚í‚é‚±‚Æ‚ª‚Å‚«‚½v,https://news.yahoo.co.jp/articles/69652d537e9d0bcf00bbd6e6224db56c9839d6f2,1/9(‰Î) 7:30
sanspo,ƒTƒ“ƒPƒCƒXƒ|[ƒc,ƒƒbƒeEŠp’†Ÿ–çAuƒ`[ƒ€‚ªŸ‚Â‚½‚ß‚Év¡”N‚à‚Ğ‚ÆU‚è‚É‚©‚¯‚é@’nŒ³E”\“o‚Ì”íĞ’n‚Ö‚Ìv‚¢‚à,https://news.yahoo.co.jp/articles/e23a2541efcb3e647811488c1e78caeb42aaba0e,1/9(‰Î) 7:30
sanspo,ƒTƒ“ƒPƒCƒXƒ|[ƒc,‚l‚k‚a@ƒhƒWƒƒ[ƒXA¶˜rƒLƒ‰[‚Ìƒwƒ‹ƒiƒ“ƒfƒXŠl“¾@‘å’J‚ç‚Æ‚ÌÅ‹­‘Åü‚ªŠ®¬,https://news.yahoo.co.jp/articles/cb5767c53190640efccd43bfdfa4246cd990dd45,1/9(‰Î) 7:30
sanspo,ƒTƒ“ƒPƒCƒXƒ|[ƒc,ƒ„ƒNƒ‹ƒg‚c‚QˆÊE¼–{Œ’ŒáAÜ‚ê‚½ƒoƒbƒgQ‚Å“ü—¾u©•ª‚Ì’²q‚Ìƒoƒƒ[ƒ^[v@ƒVƒƒƒh[ƒsƒbƒ`ƒ“ƒO—p,https://news.yahoo.co.jp/articles/9b8d2ea7106ebf32bac0d2f97c16ed78b1ad3cc8,1/9(‰Î) 7:30
sanspo,ƒTƒ“ƒPƒCƒXƒ|[ƒc,ƒIƒŠƒbƒNƒX‚c‚TˆÊE‚“‡‘×“sA‚±‚ê‚¼‡€†‘Î‰‡@“Ú‹{‚ÌØÀ‘i‚¦‚Éuƒ_ƒuƒ‹vƒgƒCƒŒƒbƒgƒy[ƒp[•‚‹‰ƒeƒBƒbƒVƒ…Q‚Å“ü—¾,https://news.yahoo.co.jp/articles/8979aae87d3bd69ee5d681b4316fa9a2233b5fd8,1/9(‰Î) 7:30
sanspo,ƒTƒ“ƒPƒCƒXƒ|[ƒc,–k‘ºGi‹Rè‚ª—”n•‰,https://news.yahoo.co.jp/articles/44558ae213818a69993ca12a09e693adff564308,1/9(‰Î) 7:25
sanspo,ƒTƒ“ƒPƒCƒXƒ|[ƒc,ƒ_ƒCƒƒƒWƒƒ[Y‹î‚ª‚i‚q‚`’ÊZ‚P‚R‚O‚OŸ’B¬,https://news.yahoo.co.jp/articles/0d227827793a84bc06bbe40b1d3b28c179454809,1/9(‰Î) 7:15
sanspo,ƒTƒ“ƒPƒCƒXƒ|[ƒc,ƒ_ƒEƒ“ƒ^ƒEƒ“¼–{lu‚ªŠˆ“®‹x~@TŠ§•¶t‚Æ‚ÌÙ”»‚É’—Íu–À–³ª‚È‚Ì‚Å“¬‚¢‚Ü[‚·v@•¶t‘¤‚Íu•ñ“¹‚É‚Í©Mv@ƒeƒŒƒr‹Ç‚Í‘å¬—,https://news.yahoo.co.jp/articles/81801d72915a39b3cfc8425933afc482d7430d50,1/9(‰Î) 5:00
sanspo,ƒTƒ“ƒPƒCƒXƒ|[ƒc,ƒ_ƒEƒ“ƒ^ƒEƒ“¼–{lu‚ªuÙ”»‚É’—Ív‚·‚é‚½‚ßŠˆ“®‹x~@TŠ§•¶t‚Ì•ñ“¹‚Å‚Æ‚à‚É–¼‘O‹“‚ª‚Á‚½ƒXƒs[ƒhƒƒSƒ“¬‘òˆêŒh‚ÍƒRƒƒ“ƒg‚È‚µ,https://news.yahoo.co.jp/articles/0cb2b2ea67a0deffb7db908198f54d1cb96b64ac,1/9(‰Î) 5:00
sanspo,ƒTƒ“ƒPƒCƒXƒ|[ƒc,¬Å•—‰ÔuØ‚È‚¢‘å‰œ¶‚Ü‚ê‚½v‹T—œ˜a–çu‚µ‚Á‚©‚èƒoƒ‰ƒ“ƒX‚ğ‚Æ‚ê‚éˆê”N‚É‚µ‚Ä‚¢‚«‚½‚¢v‘§‚Ò‚Á‚½‚è@‚P‚W“úƒXƒ^[ƒgƒtƒWƒeƒŒƒrŒnu‘å‰œv,https://news.yahoo.co.jp/articles/0f197c5e6f383084ad1813588a3a43a06a5cbf83,1/9(‰Î) 5:00
sanspo,ƒTƒ“ƒPƒCƒXƒ|[ƒc,y“òèƒ{[ƒgE‚f‡VƒI[ƒ‹ƒŒƒfƒB[ƒXzi‰»‚ğ‘±‚¯‚é´”WãÄq‚ª‚`‚P‰ƒVƒŠ[ƒY‚Å’ÊZ‚R“x–Ú‚Ì‚u‚ğ‘_‚¤,https://news.yahoo.co.jp/articles/2b59944600d1587c43bba848eb10446734064ab7,1/9(‰Î) 4:57
sanspo,ƒTƒ“ƒPƒCƒXƒ|[ƒc,y‘å‘ºƒ{[ƒg‚o‚f‡TE‚a‚a‚bƒg[ƒiƒƒ“ƒgz‹ß‹µ‚ÌD’²‘Iè,https://news.yahoo.co.jp/articles/28571f301fd7a28553ef2fb046256153a44b67b1,1/9(‰Î) 4:54
sanspo,ƒTƒ“ƒPƒCƒXƒ|[ƒc,“¡ˆä‘‘¾‰¤«A‚Q‚O‚Q‚S”N‚à—âÃ‚ÉuŸ‚¿‰‚ßv@›ˆä”ª’i‚É‚P‚Q‚Oè‚ÅŸ—˜u“®‚¢‚Ä‚¢‚­•Ï‰»‚ğ‚â‚Á‚Ä‚İ‚½v@‰¤«í‚V”ÔŸ•‰‘æ‚P‹Ç^«Šû,https://news.yahoo.co.jp/articles/51430cbd117ebc5f821b9369a5fa652c95234751,1/9(‰Î) 0:11
sanspo,ƒTƒ“ƒPƒCƒXƒ|[ƒc,‚ZƒTƒbƒJ[@‹ß]AŒ§¨‚P‚W‘å‰ï‚Ô‚è‚u‚È‚ç‚¸cƒ`[ƒ€ƒXƒ[ƒKƒ“u‚a‚…@‚o‚‰‚’‚‚”‚…‚“iŠC‘¯‚É‚È‚êjv‚Ì‚²‚Æ‚­í‚¢”²‚¢‚½,https://news.yahoo.co.jp/articles/33b1e9f44ce2c878e5222e087118276f1902b95a,1/8(Œ) 23:07
sanspo,ƒTƒ“ƒPƒCƒXƒ|[ƒc,t‚ƒoƒŒ[@x‘äŠw‰€Ajã‚WZ–Ú‚Ì‘å‰ï˜A”e,https://news.yahoo.co.jp/articles/0b59bd6faff24c0de75ba345b08d51c67b8859dd,1/8(Œ) 23:02
sanspo,ƒTƒ“ƒPƒCƒXƒ|[ƒc,t‚ƒoƒŒ[@•ŸˆäH‘å•ŸˆäAŒ§¨‰‚u“Í‚©‚¸@å«ƒG[ƒX’çuÅ‚‚Ì—ğj‚ğì‚è‚½‚©‚Á‚½‚Ì‚Å‰÷‚µ‚¢v,https://news.yahoo.co.jp/articles/e1420ef93b5af1850556fe7d051abfeb471159a9,1/8(Œ) 22:55
sanspo,ƒTƒ“ƒPƒCƒXƒ|[ƒc,ƒ_ƒuƒ‹ƒqƒKƒVAã•û–ŸË‹¦‰ï‘åÜu‚l\‚Pˆê’¼üIv“Á•ÊÜ‚ÍƒWƒƒƒ‹ƒWƒƒƒ‹,https://news.yahoo.co.jp/articles/ef97c93ee55280d6ab4bad9268185782b92ab002,1/8(Œ) 21:51
sanspo,ƒTƒ“ƒPƒCƒXƒ|[ƒc,¼–{lu‚ª‹Ç’·‚Ì‚`‚a‚b’T’ãIƒiƒCƒgƒXƒN[ƒvu‘S‚Ä–¢’èv,https://news.yahoo.co.jp/articles/5b987cd585fdca5d8f8d486064fd2c8cfecec0fc,1/8(Œ) 21:46
sanspo,ƒTƒ“ƒPƒCƒXƒ|[ƒc,¼–{lu‚ÌŠˆ“®‹x~‚Éƒ_ƒEƒ“ƒ^ƒEƒ“‚c‚wuŒ»“_‚Å”Ô‘g“à—e‚ÉŠÖ‚í‚é‚±‚Æ‚Í‚¨“š‚¦‚Å‚«‚Ü‚¹‚ñv,https://news.yahoo.co.jp/articles/b11088210c68949d7e925ceae5db8f1e2d2f0d05,1/8(Œ) 21:15
sanspo,ƒTƒ“ƒPƒCƒXƒ|[ƒc,“ú–{ƒnƒ€ˆç¬‚c‚PˆÊE•l“c‘×ŠóAuƒtƒ@ƒCƒ^[ƒY‚É“ü’c‚µ‚½‚¢v¬ŠwZ‚Ì‘²‹Æ•¶WQ,https://news.yahoo.co.jp/articles/63b249de48bb4b3bf48f803b8f4faa16f5c91380,1/8(Œ) 21:09
sanspo,ƒTƒ“ƒPƒCƒXƒ|[ƒc,y‚SÎˆÈãŸ‘–•ñzƒƒƒfƒB[ƒŒ[ƒ“‚ÍŒ»–ğ‘±s‚Åã_‘åÜ“T‚Ö,https://news.yahoo.co.jp/articles/e147541ebb31c7cd08c24507067c6591415d271e,1/8(Œ) 20:42
sanspo,ƒTƒ“ƒPƒCƒXƒ|[ƒc,y’†RVtƒWƒƒƒ“ƒv‚rzƒZƒuƒ“ƒfƒCƒY‚ª‚R˜AŸ@¡Œã‚ÍdÜ‚É‡€”ò–ô‡,https://news.yahoo.co.jp/articles/ffe5026aff445aa98b2bbbe294a737d557803f95,1/8(Œ) 20:23
sanspo,ƒTƒ“ƒPƒCƒXƒ|[ƒc,y‚RÎV”nE’†R‚S‚qz•š•ºƒW[ƒeƒB[ƒAƒOƒŠƒ€‚ª‚Ü‚ñ‚Ü‚Æ“¦‚°Ø‚è,https://news.yahoo.co.jp/articles/21173fc2519fff5d35cc2c3566b9d86dd2d1381f,1/8(Œ) 20:16
sanspo,ƒTƒ“ƒPƒCƒXƒ|[ƒc,y‚RÎV”nE‹“s‚R‚qzƒ^ƒCƒZƒCƒ~ƒjƒXƒ^[‚ªƒnƒi·‚ÌÚí‚ğ§‚·,https://news.yahoo.co.jp/articles/0c7451aed7fc557208980f89e8f665c03eb4f879,1/8(Œ) 20:13
sanspo,ƒTƒ“ƒPƒCƒXƒ|[ƒc,”\”ü‚Å¢ŠEV‹L˜^A—Ö“‡‚Å‚Í“ú–{‘IèŒ ‡€‹£•à‰¤‘‡Îì‚Ì•œ‹Œ‚ğ‹F‚é,https://news.yahoo.co.jp/articles/b15eae7dd457b8fc70fa23d443af202942e2d2ec,1/8(Œ) 20:00
sanspo,ƒTƒ“ƒPƒCƒXƒ|[ƒc,ƒ„ƒNƒ‹ƒgˆç¬‚c‚QˆÊE‚–ìéD‘¾A–Úw‚·‚Ì‚Í‰‚ÌƒxƒCƒ}ƒbƒNƒXIH@‚Ê‚¢‚®‚é‚İ‚ğQ‚µ‚Ä“ü—¾u‘ÌŒ`A‚¨‚È‚©‚Ìo•û‚ª—‚Ä‚¢‚é‚Æv‚¤v,https://news.yahoo.co.jp/articles/cff07a68f5cb9b7955bae38d22f5ae31012439ef,1/8(Œ) 19:58
sanspo,ƒTƒ“ƒPƒCƒXƒ|[ƒc,ŒÃàVŠŞ~R–{kj‚ªƒRƒ“ƒT[ƒgƒcƒA[‚ğŠJ–‹@R–{u–ˆ‰ñŒ©‰‚¦‚ª‚ ‚éì•i‚É‚È‚é‚Æv‚¢‚Ü‚·Iv,https://news.yahoo.co.jp/articles/52c7a9c6191d1db1ad10979f6958b0dd0f77e67f,1/8(Œ) 19:53
sanspo,ƒTƒ“ƒPƒCƒXƒ|[ƒc,ƒ_ƒEƒ“ƒ^ƒEƒ“‚Ì¼–{lu‚ªŒ|”\Šˆ“®‚ğ‹x~,https://news.yahoo.co.jp/articles/35b0a8fea22fcf90a03942818163170ec43c01b9,1/8(Œ) 19:40
sanspo,ƒTƒ“ƒPƒCƒXƒ|[ƒc,ƒ„ƒNƒ‹ƒg‚c‚RˆÊEÎŒ´—E‹PA‚c‚™‚“‚‚‚Ì‘|œ‹@‚ğQ@“¯‚¶¶˜r‚ÌÎì‰ë‹K‚ç‚Ì‹Zp‚ğu‹z‚¢æ‚è‚½‚¢v,https://news.yahoo.co.jp/articles/5941754733f9edcabadea98aceb49b0ccf2de443,1/8(Œ) 19:19
sanspo,ƒTƒ“ƒPƒCƒXƒ|[ƒc,“¡ˆä‘‘¾‰¤«A›ˆä—³–ç”ª’i‚ÉŸ—˜@‚R˜A”e‚ÖD”­i@‰¤«í‘æ‚P‹Ç^«Šû,https://news.yahoo.co.jp/articles/40aa46752018933c36ab2d24b99b16d2993041f7,1/8(Œ) 18:32
sanspo,ƒTƒ“ƒPƒCƒXƒ|[ƒc,t‚ƒoƒŒ[@Å—DG‘IèÜ‚Í’jq‚ªx‘äŠw‰€‚Ì‹T‰ª¹¬A—q‚ÍAÀ‚Ì•Ÿ‘ºS—D”ü,https://news.yahoo.co.jp/articles/1c3e9cbad7e21675aa75366f5d96848dab440882,1/8(Œ) 18:32
sanspo,ƒTƒ“ƒPƒCƒXƒ|[ƒc,ƒ{ƒNƒVƒ“ƒO@•–Ø—Dq‚Í‚Q–{‚Ìƒxƒ‹ƒg€çAR’†ä¿‚Í‰‚ÌŒZ–…¢ŠE‰¤Ò‚É“¬u,https://news.yahoo.co.jp/articles/185ae1cc8890657a29891e69d58284fe80bbbf76,1/8(Œ) 18:25
sanspo,ƒTƒ“ƒPƒCƒXƒ|[ƒc,’†R‚Åƒpƒ“ƒTƒ‰ƒbƒT‚Ìˆø‘Ş®@–îì’²‹³tuƒCƒNƒCƒmƒbƒNƒX‚Ìq‹Ÿ‚ğ•‰‚©‚µ‚Ä‚Ù‚µ‚¢v,https://news.yahoo.co.jp/articles/5d6db9bdd6c3ada38ebb180a5fa3f4028bd133b7,1/8(Œ) 18:01
sanspo,ƒTƒ“ƒPƒCƒXƒ|[ƒc,L“‡‚c‚PˆÊEíL‰H–ç“lA‚¨‚ë‚µ‚½‚Ä‚ÌÔ‚¢ƒOƒ‰ƒu‚ğ‚¨”â˜I–Ú,https://news.yahoo.co.jp/articles/15bf800d0f512243d002b701515415230a577214,1/8(Œ) 17:18
sanspo,ƒTƒ“ƒPƒCƒXƒ|[ƒc,Œ³“ú‚É‚h‚o‚`‚Æƒ_ƒuƒ‹‚h‚o‚`‚ğˆù‚ñ‚ÅƒKƒ`ƒƒ‚ğˆø‚¢‚½‚çc‚±‚¢‚Â‚Ít‚©‚ç‰‹N‚ª‚¢‚¢,https://news.yahoo.co.jp/articles/511e2a0021f8922cd9b08512f935350b578bf609,1/8(Œ) 17:00
sanspo,ƒTƒ“ƒPƒCƒXƒ|[ƒc,yƒVƒ“ƒUƒ“‹L”Ozƒm[ƒuƒ‹ƒƒWƒƒ[‚ª”nê‚Ì^‚ñ’†“Ë‚«”²‚¯–³‚Q˜AŸI@‹g‰ªtu‚±‚Ì”n‚Ì”\—Í‚Ì‚‚³‚ğŒ©‚¹‚Ä‚­‚ê‚Ü‚µ‚½v,https://news.yahoo.co.jp/articles/7a438aa03e93929a1f08d931b2b464acbac0ea92,1/8(Œ) 16:51
sanspo,ƒTƒ“ƒPƒCƒXƒ|[ƒc,‚¿‚á‚ç‚ñ‚Û‚ç‚ñ•yDuƒAƒMƒ‰[‚P‚O‚O“‚¢‚¤‚Ä‚Ëv@¼•‚ªŠl“¾‚µ‚½ŠO‘l‚ÉŠú‘Ò,https://news.yahoo.co.jp/articles/c6ba6499b2e07c0e27169e85b7cf212318301966,1/8(Œ) 16:49
sanspo,ƒTƒ“ƒPƒCƒXƒ|[ƒc,ƒ„ƒNƒ‹ƒg‚c‚PˆÊE¼ŠÚV‘¿‚Íl¶‰w“ü‚Ì‡€ƒ}ƒC–ÚŠo‚Ü‚µŒv‡‚ğQ,https://news.yahoo.co.jp/articles/2f6ec3c51bac1a7d1afda1f273d98bf674f4608e,1/8(Œ) 16:48
sanspo,ƒTƒ“ƒPƒCƒXƒ|[ƒc,O’JKŠìAVì•‘‘äuƒIƒfƒbƒTv‚Å‚R‚O”N‚Ô‚è‚Éu‚¾‚ßo‚µ‚³‚ê‚½v,https://news.yahoo.co.jp/articles/26518ef3e36a76007a028374cd4bc078d0a19af4,1/8(Œ) 16:44
sanspo,ƒTƒ“ƒPƒCƒXƒ|[ƒc,¼“‡Gr‚ª–\˜I@–º–ğ‚Ìˆ°“cˆ¤Ø‚ÍuˆÓŠO‚Æƒ|ƒ“ƒRƒcv,https://news.yahoo.co.jp/articles/556ca663fef0773389ea978c329f622e379c2bcf,1/8(Œ) 16:41
sanspo,ƒTƒ“ƒPƒCƒXƒ|[ƒc,U‚è‘³p‚Å”öŠÖÊ”ü—I‚ª‚Q‚OÎ‚Ì¾‚¢u‘f“G‚È‘ål‚É‚È‚éIv^‘“à—qƒSƒ‹ƒt,https://news.yahoo.co.jp/articles/4d206cb6ef849f05998397b7c5767e025c21f0a3,1/8(Œ) 16:24
sanspo,ƒTƒ“ƒPƒCƒXƒ|[ƒc,ƒ„ƒNƒ‹ƒg‚c‚QˆÊE¼–{Œ’ŒáAÜ‚ê‚½ƒoƒbƒg‚ğ‚Á‚Ä“ü—¾u‚±‚ê‚Å‚·‚²‚­“Š‹…‚ª—Ç‚­‚È‚Á‚½v,https://news.yahoo.co.jp/articles/d5b42272718e0fba40d013eb03295be0e2afb307,1/8(Œ) 16:18
sanspo,ƒTƒ“ƒPƒCƒXƒ|[ƒc,yƒVƒ“ƒUƒ“‹L”Ozƒm[ƒuƒ‹ƒƒWƒƒ[‚ª”nê‚Ì^‚ñ’†“Ë‚«”²‚¯‰õŸI–³‚Q˜AŸ‚ÅdÜ‰§”e@‚R’…‚É‚P‚V”Ôl‹C”n‚ª“ü‚è‚R˜A’P‚Q‚P–œ’´,https://news.yahoo.co.jp/articles/d9925da4a2c08882ea13bc689618a677386fec4d,1/8(Œ) 16:10
sanspo,ƒTƒ“ƒPƒCƒXƒ|[ƒc,yƒJ[ƒoƒ“ƒNƒ‹‚rzƒVƒ…ƒoƒ‹ƒcƒJƒCƒU[‚ªÚí‚ğ§‚µƒI[ƒvƒ“‚QŸ–Ú,https://news.yahoo.co.jp/articles/d522fa50a08fa14d253b9f016c40231d962f364f,1/8(Œ) 16:08
sanspo,ƒTƒ“ƒPƒCƒXƒ|[ƒc,AÀEˆäãê£å«uÅ‚‚ÌŒ`‚ÅI‚í‚é‚±‚Æ‚ª‚Å‚«‚Ä‚·‚²‚­‚¤‚ê‚µ‚¢v,https://news.yahoo.co.jp/articles/b2f40edb33753849314cc8f6de5fa7b939d74791,1/8(Œ) 16:05
sanspo,ƒTƒ“ƒPƒCƒXƒ|[ƒc,‚ZƒTƒbƒJ[@ÂXR“c‚ª‚S“x–Ú‚Ì‘IèŒ §”e@‚R[‚P‚Å‹ß]‚ğ‰º‚·,https://news.yahoo.co.jp/articles/69208c9492b915bc3c30825cfcf391cca6405dbd,1/8(Œ) 16:03
sanspo,ƒTƒ“ƒPƒCƒXƒ|[ƒc,ìèt‰ÔAU‚è‘³p‚Å‚Q‚OÎ‚Ì¾‚¢uc‚Ì‹­‚¢—«‚É‚È‚év^‘“à—qƒSƒ‹ƒt,https://news.yahoo.co.jp/articles/9ef4c7709449c2306fb31f72cb2d5bde7fa2150b,1/8(Œ) 15:50
sanspo,ƒTƒ“ƒPƒCƒXƒ|[ƒc,”¨‰èˆçAå‰‰ƒhƒ‰ƒ}‚ÌB‰e‚Å‚v‚d‚r‚sDíî“c‚ğ‚Ü‚Ë‚Ä‚n‚j‚Ì‚½‚Ñ‚Éu‚æ‚Á‚µ‚á[v,https://news.yahoo.co.jp/articles/93f724c0bbd783294a8337185593814dd1c4a8ad,1/8(Œ) 15:48
sanspo,ƒTƒ“ƒPƒCƒXƒ|[ƒc,‚c‚…‚m‚`EO‰Y‘å•ãŠÄ“ÂA‰Œw‚Ì‚¨‚İ‚­‚¶‚Å‘å‹guˆêuAƒeƒ“ƒVƒ‡ƒ“‚Íã‚ª‚è‚Ü‚µ‚½v,https://news.yahoo.co.jp/articles/587f9955c48cf2f7104e657be095f6fde47b554e,1/8(Œ) 15:35
sanspo,ƒTƒ“ƒPƒCƒXƒ|[ƒc,t‚ƒoƒŒ[@AÀ‚ª‚Q‘å‰ï‚Ô‚è‚T“x–Ú‚Ì—DŸ@‰º–k‘ò¬“¿‚Í‚RŠ¥‚È‚ç‚¸,https://news.yahoo.co.jp/articles/71e84a83c114dc01240b49e6b65fd64994287c8f,1/8(Œ) 15:34
sanspo,ƒTƒ“ƒPƒCƒXƒ|[ƒc,‚c‚…‚m‚`‚Ì‚c‚PˆÊE“x‰ï—²‹PA‘‘¬l‹C‚Ô‚è”­Šö@‰¡{‰ê‚ÌVlƒOƒbƒY“Áİ”„‚èê‚ªu‰ß‹Å‘å‹‰v‚Ì‘å·‹µ,https://news.yahoo.co.jp/articles/8a496058788d9f26bd002816360e377e3f931c76,1/8(Œ) 15:24
sanspo,ƒTƒ“ƒPƒCƒXƒ|[ƒc,‹l‚c‚RˆÊE²X–Ør•ãA‚¨‚³‚é‚ÌƒWƒ‡[ƒW‚Ì‚Ê‚¢‚®‚é‚İ‚ğQuƒoƒŠƒG[ƒVƒ‡ƒ““I‚É‚Í‚Ü‚½ˆá‚¤Š´‚¶v,https://news.yahoo.co.jp/articles/09891e80cf25fadf4f6822ac07abd9ba38f478c0,1/8(Œ) 15:17
sanspo,ƒTƒ“ƒPƒCƒXƒ|[ƒc,‘åã‹Ëˆü‚ÌƒXƒ‰ƒbƒK[“¿ŠÛ‰õ°Aƒvƒ’–Ú‚ÌŒZE“V°‚Íuƒ‰ƒCƒoƒ‹v,https://news.yahoo.co.jp/articles/38b70fdf3305218761d0c19a779bf9f0454b5bd0,1/8(Œ) 15:00
sanspo,ƒTƒ“ƒPƒCƒXƒ|[ƒc,ã_E²“¡‹P–¾A¼‹{s“ñ\Î‚Ì‚Â‚Ç‚¢‚ÉƒrƒfƒIƒƒbƒZ[ƒW,https://news.yahoo.co.jp/articles/b424566abbda9b0c92a824d3f08b023053f4b9be,1/8(Œ) 14:35
sanspo,ƒTƒ“ƒPƒCƒXƒ|[ƒc,y“òèƒ{[ƒgE‚f‡VƒI[ƒ‹ƒŒƒfƒB[ƒXz‡€V¬l‡ÎŒ´“âÑ‚ÆA–Ø”ü”¿‚ª”ò–ô‚ğ¾‚¤,https://news.yahoo.co.jp/articles/3104785acb1e9cd3826537b35d514e99cc6578c1,1/8(Œ) 14:18
sanspo,ƒTƒ“ƒPƒCƒXƒ|[ƒc,‹l‚c‚PˆÊE¼ŠÚ—E—zA‡€æ”y‡‘å’JãÄ•½‚àg‚¤ƒ}ƒbƒgƒŒƒXQuQ‚é‚Ì‚ªD‚«v’†‘å‘ã‚©‚ç’‹Q‚ªƒ‹[ƒeƒBƒ“,https://news.yahoo.co.jp/articles/d4e952b5cd769d6384c56d274b4b113e2dfdefa1,1/8(Œ) 14:07
sanspo,ƒTƒ“ƒPƒCƒXƒ|[ƒc,ã_E²“¡‹P–¾A•êZE‹ß‘å‚Å©åƒgƒŒŒöŠJuŠæ’£‚Á‚ÄƒAƒŒƒ“ƒp‚µ‚½‚¢v,https://news.yahoo.co.jp/articles/6e06fc1912aa611eda0de2cf4e507436938d90a1,1/8(Œ) 14:03
sanspo,ƒTƒ“ƒPƒCƒXƒ|[ƒc,“ú–{ƒnƒ€ERè•Ÿ–çA•êZE“ú‘åO‚‚Å©åƒgƒŒu—DŸ‚É‰½‚Æ‚µ‚Ä‚Å‚àvŒ£v,https://news.yahoo.co.jp/articles/80e6cd7dd9c1e9693e9a44553fe3d7d6bd146d61,1/8(Œ) 13:59
sanspo,ƒTƒ“ƒPƒCƒXƒ|[ƒc,x‘äŠw‰€E‹T‰ª¹¬å«uÅ‚‚Ìƒ`[ƒ€‚ÆÅ‚‚ÌŒ‹‰Ê‚ªc‚¹‚Ä‚æ‚©‚Á‚½v,https://news.yahoo.co.jp/articles/7dbb1a83c256bc77445aa9e974501dc25441b13d,1/8(Œ) 13:55
sanspo,ƒTƒ“ƒPƒCƒXƒ|[ƒc,‚m‚l‚a‚S‚WV¬l‚Tl‚ªŒˆˆÓ•\–¾@‹÷–ì˜a‘tuƒOƒ‰ƒrƒA‚ÅG‚Ì•\†‚ğü‚è‚½‚¢v,https://news.yahoo.co.jp/articles/f54d2f6bd372c80b6af10c2eac7f3c02f8541ff5,1/8(Œ) 13:06
sanspo,ƒTƒ“ƒPƒCƒXƒ|[ƒc,ã_‚ÌVl‚W‘Iè‚ª–Â”ö•l‚Å—ûK@“ü—¾—‚“úA–ñ‚QŠÔ‘Ì‚ğ“®‚©‚·,https://news.yahoo.co.jp/articles/4cd515fd4c18a9683b4caf17244d0bb65c8016d0,1/8(Œ) 13:04
sanspo,ƒTƒ“ƒPƒCƒXƒ|[ƒc,‹l‚c‚QˆÊEX“cxÆ‚ª“ü—¾@ˆ¤—p‚ÌƒTƒEƒiƒnƒbƒg‚Æƒ}ƒbƒg‚ğQ,https://news.yahoo.co.jp/articles/6760c50f7922ff102d5f04b9a895e7c1a0309a71,1/8(Œ) 12:57
sanspo,ƒTƒ“ƒPƒCƒXƒ|[ƒc,y‚RÎV”nE’†R‚T‚qzƒƒWƒƒ[ƒoƒ[ƒYY‹î‚ÌƒTƒNƒZƒXƒJƒ‰[‚ªƒfƒrƒ…[‚u,https://news.yahoo.co.jp/articles/1023f271c8edd41ea1080bcc02cd1a844730d9bf,1/8(Œ) 12:53
sanspo,ƒTƒ“ƒPƒCƒXƒ|[ƒc,t‚ƒoƒŒ[@’jq‚Íx‘äŠw‰€‚ª•ŸˆäH‘å•Ÿˆä‚ÉƒXƒgƒŒ[ƒgŸ‚¿‚µA˜A”e•‚Z‘‘Ì‚Æ‚Ì‚QŠ¥’B¬,https://news.yahoo.co.jp/articles/3413404f02dbea6bef7af3fe9b11d2f10fb062a9,1/8(Œ) 12:44
sanspo,ƒTƒ“ƒPƒCƒXƒ|[ƒc,y‚RÎV”nE‹“s‚T‚qzƒIƒ‹ƒgƒpƒ‰ƒeƒBƒEƒ€‚ª’¼ü‚ÅŒã‘±‚ğ“Ë‚«•ú‚µ‰õŸI,https://news.yahoo.co.jp/articles/9e18b6576c983b591267c3a9680b82e2625ba980,1/8(Œ) 12:39
sanspo,ƒTƒ“ƒPƒCƒXƒ|[ƒc,“ú–{ƒnƒ€‚ªƒƒWƒƒ[’ÊZ‚P‚O‚W”­‚ÌƒŒƒCƒGƒX‚ÌŠl“¾‚ğ”­•\@V¯ŠÄ“ÂuŠO‘l‘Iè‚Ì’†‚Å‚ÍAˆê”ÔƒXƒCƒ“ƒOƒXƒs[ƒh‚ª‘¬‚¢v,https://news.yahoo.co.jp/articles/86f3982a66a4b97293e63caa49854a402400cc6e,1/8(Œ) 12:33
sanspo,ƒTƒ“ƒPƒCƒXƒ|[ƒc,VtƒK[ƒ‹ƒY@²“¡˜a‘tu„A”Nã‚Ìl‚Æ˜b‚·‚ÌA“¾ˆÓ‚È‚ñ‚Å‚·‚æ‚§v‚³‚ñ‚Ü‚Æ‚Ì‹¤‰‰‚ª–²I¬‚P‚©‚ç’†‚R‚Ü‚Åƒ`ƒAƒ_ƒ“ƒX‚É—ã‚ñ‚Å‚¢‚Ü‚µ‚½,https://news.yahoo.co.jp/articles/3d7be88ef494deb4b792eec27dbc0c590c2bb771,1/8(Œ) 12:00
sanspo,ƒTƒ“ƒPƒCƒXƒ|[ƒc,¬l‚Ì“ú‚É‚`‚j‚a‚S‚W‚Ì‚Ul‚ªƒnƒ^ƒ`‚Ì¾‚¢@‚Q‚R”N“x‚Q‚OÎƒƒ“ƒo[‚Íu‚±‚ê‚©‚çƒgƒbƒv‚É‡€‚½‚Â‡¢‘ãv,https://news.yahoo.co.jp/articles/06cb0bf21393c341371a7aff4e4640804e112d4f,1/8(Œ) 12:00
sanspo,ƒTƒ“ƒPƒCƒXƒ|[ƒc,‚•ôGq‚³‚ñ‚Ì¶’a‚P‚O‚O”N‹L”O“Œ‹ƒ^ƒ[‘å“Á•Ê“WA‚X“ú‚©‚çƒ`ƒPƒbƒg”­”„,https://news.yahoo.co.jp/articles/acf93daa558369d1ff164cd7157c36e6eb450070,1/8(Œ) 12:00
sanspo,ƒTƒ“ƒPƒCƒXƒ|[ƒc,y¡“ú‚Ì’–ÚV”nzƒTƒNƒZƒXƒJƒ‰[‚Ì”Œ•ƒ‚Í•Ä‚f‡TŸ‚¿‚Ìí‰²”nƒxƒ‰ƒ~[ƒ[ƒh^’†R‚T‚q,https://news.yahoo.co.jp/articles/a87810bdacef03e32d0eba6ddd1ff869835ffcd7,1/8(Œ) 11:55
sanspo,ƒTƒ“ƒPƒCƒXƒ|[ƒc,y¡“ú‚Ì’–ÚV”nzƒWƒ‡ƒj[ƒ‹A‚±‚±‚É—ˆ‚Ä’²‹³“à—e‚ªƒOƒ“‚Æ—Ç‰»^‹“s‚T‚q,https://news.yahoo.co.jp/articles/cfb8e1ab5547756e3df14c1219d01c1d01246923,1/8(Œ) 11:40
sanspo,ƒTƒ“ƒPƒCƒXƒ|[ƒc,y¡“ú‚Ì’–ÚV”nzƒXƒeƒ‰ƒJƒtƒF‚Íí‘O‚Ì–¼–ÄƒNƒŠƒtƒW‚Æ“¯‚¶–ÄŒnog^’†R‚S‚q,https://news.yahoo.co.jp/articles/4f6d7250c237d75a0bb41667382f067d980c57ee,1/8(Œ) 11:05
sanspo,ƒTƒ“ƒPƒCƒXƒ|[ƒc,ŒÕ‚Ìƒ\ƒiƒ^@‘Oì‰E‹‚©‚ç‘åƒuƒŒ[ƒN‚Ì‚èIH@…w“ü—\’ècV¯‚Ì‚æ‚¤‚ÉƒXƒ^[‚É‚È‚êI,https://news.yahoo.co.jp/articles/c490d1501bee34723ce4ea1752dc6d1b29ff9467,1/8(Œ) 11:00
sanspo,ƒTƒ“ƒPƒCƒXƒ|[ƒc,X‚½‚¯‚µ~ƒ„ƒ}ƒqƒ‚Ì–ŸËƒRƒ“ƒru‚Ò‚Á‚©‚èƒƒKƒlv‚ª‚QŒ‚P‚X“úuO‘ãàVER“c‚Ì”w…‚Ìw`‚s‚h‚s‚`‚m‚Ö‚Ì“¹`vo‰‰,https://news.yahoo.co.jp/articles/7bdd03d5dd6fd766c4846839a86d4c1f70ab79cf,1/8(Œ) 10:27
sanspo,ƒTƒ“ƒPƒCƒXƒ|[ƒc,‚W“úA‹“s‚Å‚RÎ”n‚Ìo¢ƒŒ[ƒXEƒVƒ“ƒUƒ“‹L”Oi‚f‡Vj^o‘–”n‚ğĞ‰îI,https://news.yahoo.co.jp/articles/edb11a2580c32953df51aaf41f3769e8122b73e7,1/8(Œ) 9:35
sanspo,ƒTƒ“ƒPƒCƒXƒ|[ƒc,yƒtƒFƒAƒŠ[‚rzƒCƒtƒFƒCƒIƒ“•™R‰Àt‚»‚ë‚Á‚ÄdÜ‰‚uui¼‘º~–çjƒWƒ‡ƒbƒL[‚ªwƒtƒFƒAƒŠ[‚r‚È‚çâ‘Î‚ÉŸ‚Ä‚éx‚ÆBM‚¶‚Ä‚æ‚©‚Á‚½v,https://news.yahoo.co.jp/articles/a414f5ab6d126d3b7391073f7c24443ff6913607,1/8(Œ) 8:46
sanspo,ƒTƒ“ƒPƒCƒXƒ|[ƒc,yƒtƒFƒAƒŠ[‚rzƒŒ[ƒX‚ğI‚¦‚ÄcŠÖŒWÒ’k˜b,https://news.yahoo.co.jp/articles/34160bd618c881e4f8ff3c5636acdd3c21bf915b,1/8(Œ) 8:46
sanspo,ƒTƒ“ƒPƒCƒXƒ|[ƒc,•–ö“OqA‘åe—FE’†‘ºƒƒCƒR‚³‚ñ‚Ìæ]•ñ‚É”ß’É@‡€—Fl‚É‚È‚Á‚½”Ô‘g‡u“Oq‚Ì•”‰®v‚Ìû˜^‚©‚ç‚U“úŒã‚É€‹,https://news.yahoo.co.jp/articles/b4c6c711d51ded7ece979984cb87b680bfe497ef,1/8(Œ) 7:30
sanspo,ƒTƒ“ƒPƒCƒXƒ|[ƒc,’†‘ºƒƒCƒR‚³‚ñ€‹A‚W‚XÎ@•v‚Ì_’Ã‘Ps‚³‚ñu¶ŠUŒ»–ğ‚Ì‚Ü‚Ü–‹‚ğ‚¨‚ë‚·‚±‚Æ‚Év@‚QÎ‚Åƒfƒrƒ…[cƒeƒŒƒr‘‘nŠú‚©‚çŠˆ–ô,https://news.yahoo.co.jp/articles/ab7c98def094ca36b51c5f13a22b7be0da919103,1/8(Œ) 7:30
sanspo,ƒTƒ“ƒPƒCƒXƒ|[ƒc,ã_ˆç¬‚c‚PˆÊE¼Œ´‰õA•xR‚Ì’nğwŸ‹îxQu‡€çŒì_‡“I‚ÈŠ´‚¶‚Å’u‚¢‚Ä‚¨‚±‚¤‚©‚Èv,https://news.yahoo.co.jp/articles/3a32ed3959d8c49a2b734647713711985c7f4a34,1/8(Œ) 7:30
sanspo,ƒTƒ“ƒPƒCƒXƒ|[ƒc,½Œ´‘åîAã_‰Á“üŒã‰‚Ì–Â”ö•lƒgƒŒuˆê“ú‚Å‚à‘‚­Šµ‚ê‚ê‚Îv,https://news.yahoo.co.jp/articles/0fa93b0adc4566acb8287ff74d1dbcddc633270a,1/8(Œ) 7:30
sanspo,ƒTƒ“ƒPƒCƒXƒ|[ƒc,ƒ„ƒNƒ‹ƒgE‰œì‹±L@’Ã”gŒx•ñ‚ª–Â‚é’†A‚‘ä‚Ü‚Å“¦‚°‚½c‹AÈ’†‚ÉÎìE‚©‚Ù‚­s‚Å”íĞ@u”\“o”¼“‡’nkv‚Ì‹°•|Œê‚é,https://news.yahoo.co.jp/articles/66928a1b479a03f6b26dbfcff7ec77a757d7f883,1/8(Œ) 7:30
sanspo,ƒTƒ“ƒPƒCƒXƒ|[ƒc,‹ËˆüŠw‰€A‹S‚Ìƒ^ƒbƒNƒ‹‚u@Œã”¼ƒƒXƒ^ƒCƒ€“Œ•Ÿ‰ª‚Ì–ÒU‘Ï‚¦‚½,https://news.yahoo.co.jp/articles/4904bb506d8c294e2ea10fe531aa03710eab5251,1/8(Œ) 7:30
sanspo,ƒTƒ“ƒPƒCƒXƒ|[ƒc,ã_‚c‚PˆÊE‰º‘ºŠCãÄ‚Íƒhƒ‰ƒSƒ“ƒ{[ƒ‹‘SŠª‚ğQ‚µu–l‚ªƒxƒW[ƒ^‚É‚È‚é‚ñ‚¶‚á‚È‚¢‚Å‚·‚©v‚Æ“ü—¾@uŒå‹óv‚ÌL“‡‚c‚PˆÊEíL‰H–ç“l‚É•‰‚¯‚ñI,https://news.yahoo.co.jp/articles/4f4649d8ba59917b0b9777e200b8542147ec7a0e,1/8(Œ) 7:30
sanspo,ƒTƒ“ƒPƒCƒXƒ|[ƒc,ƒIƒŠƒbƒNƒX‚c‚QˆÊE‰Í“àN‰îA‡€o¢•”‰®‡‚Ö‚Ì¸Ši‘_‚¤uR–{“Šè‚Ìi‚¢‚½j•”‰®‚É“ü‚è‚½‚¢v,https://news.yahoo.co.jp/articles/5742cfd94417a1293a92233893f3907fa0a099c8,1/8(Œ) 7:30
sanspo,ƒTƒ“ƒPƒCƒXƒ|[ƒc,ã_E‘Oì‰E‹A‡€V¯ƒ[ƒh‡•à‚Ş@OdE’ÃsuƒTƒIƒŠ[ƒiv‚Å‚Q‚OÎ‚Ì¾‚¢,https://news.yahoo.co.jp/articles/d6d626fc8c9ad1893425e08144c1edf9f4735cc8,1/8(Œ) 7:30
sanspo,ƒTƒ“ƒPƒCƒXƒ|[ƒc,ã_ˆç¬‚c‚QˆÊE•Ÿ“‡Œ\‰¹AƒCƒ`ƒ[ƒ‚ƒfƒ‹ƒOƒ‰ƒuQ@«—ˆ“I‚É‚Í‡€ƒPƒCƒ“ƒ‚ƒfƒ‹‡uŠæ’£‚è‚Ü‚·v,https://news.yahoo.co.jp/articles/5fccd945b8753927b54e2c56e8c8efabf406e071,1/8(Œ) 7:30
sanspo,ƒTƒ“ƒPƒCƒXƒ|[ƒc,ã_‚c‚SˆÊE•Sè‘“¶Av‚¢o‹¹‚Éu­‚µ‚Å‚à‘‚­vŠˆ–ô¾‚¤,https://news.yahoo.co.jp/articles/373084306b8bf17e321344ffae5d08eb15504076,1/8(Œ) 7:30
sanspo,ƒTƒ“ƒPƒCƒXƒ|[ƒc,ã_‚c‚UˆÊE’Ã“c~ÆAƒˆƒMƒ{[‚ÅuƒŠƒ‰ƒbƒNƒXv,https://news.yahoo.co.jp/articles/ff2a45628347e5fa8a6fe823795659e7576bcf30,1/8(Œ) 7:30
sanspo,ƒTƒ“ƒPƒCƒXƒ|[ƒc,ã_‚c‚QˆÊE’Å—t„‚Í’Ş‚è‚³‚¨‚ª‘Š–_uƒuƒŠ‚ª’Ş‚ê‚½‚ç‚¤‚ê‚µ‚¢‚Å‚·v‘å•¨‘ÅÒ‚à’Ş‚Á‚Ä‚İ‚¹‚éI,https://news.yahoo.co.jp/articles/60d4d66dd8d47e3a4e63bcd810e735b87f4515a9,1/8(Œ) 7:30
sanspo,ƒTƒ“ƒPƒCƒXƒ|[ƒc,ã_EX–Ø‘å’q‚ª‰Ÿ—˜•˜A”eéŒ¾Iu‚æ‚èˆê‘wŠæ’£‚ë‚¤‚Á‚Äv‚¢‚Ü‚µ‚½v‚’mE“y²‚Åu‚Í‚½‚¿‚Ì®“Tv‚ÉQ‰Á,https://news.yahoo.co.jp/articles/48edb085efcd89bd93c810a074d300e909b9162e,1/8(Œ) 7:30
sanspo,ƒTƒ“ƒPƒCƒXƒ|[ƒc,ƒIƒŠƒbƒNƒX‚c‚RˆÊE“Œ¼‰õª@‚l‚k‚aŒö®‹…‚Æ‚Æ‚à‚É“ü—¾@R–{—RL‹‰Šˆ–ô‚Å–²‚ÍƒƒWƒƒ[II,https://news.yahoo.co.jp/articles/c29fb99f278e934d7b00e7860c55493d301c1716,1/8(Œ) 7:30
sanspo,ƒTƒ“ƒPƒCƒXƒ|[ƒc,ã_‚c‚RˆÊER“cãù–ç‚ªƒv[‚³‚ñ‚ÉÈ‚ğ÷‚Á‚ÄH–Àq‚Éuƒv[‚³‚ñ‚Ì•û‚ªã‚È‚Ì‚Åv‚Æ‹êÎ‚¢‚Å“ü—¾,https://news.yahoo.co.jp/articles/80f8c344fcdfe1fd34094f5e84e1f7bdf2922e3b,1/8(Œ) 7:30
sanspo,ƒTƒ“ƒPƒCƒXƒ|[ƒc,ã_‚c‚TˆÊEÎ•—C–í‚ªˆäìŒc‚ç‚ªg—p‚µ‚½o¢•”‰®‚Öu–¼‘O‚ğL‚ß‚ç‚ê‚é‘Iè‚É‚È‚è‚½‚¢vƒJƒ‚ƒmƒnƒV‚ÌƒCƒR‚¿‚á‚ñ‚à“¯‹,https://news.yahoo.co.jp/articles/95f324f1a3413d7ca9e74e758f8d43451b4b274b,1/8(Œ) 7:30
sanspo,ƒTƒ“ƒPƒCƒXƒ|[ƒc,ƒIƒŠƒbƒNƒX‚c‚PˆÊE‰¡R¹ÆAÊ^•t‚«F†‚ğQu‰Æ‘°‚âeÊ‚É‚·‚²‚­‰‰‡‚µ‚Ä‚à‚ç‚Á‚Ä‚¢‚év,https://news.yahoo.co.jp/articles/533e19d533d6d1389b4c3b3bb59d1522ce7adaef,1/8(Œ) 7:30
sanspo,ƒTƒ“ƒPƒCƒXƒ|[ƒc,‰i–ì‰èˆè•R“c—T‹MA‘Š‡‚¢PƒVƒ‡ƒbƒg‚Å–£—¹I@ƒtƒWŒnŒ‚XuŒN‚ªS‚ğ‚­‚ê‚½‚©‚çv‚PE‚WƒXƒ^[ƒg,https://news.yahoo.co.jp/articles/427bdc412a8e01960ab8c763b1559f00b4790a4a,1/8(Œ) 5:00
sanspo,ƒTƒ“ƒPƒCƒXƒ|[ƒc,­”N”EÒE“à‘ºéD‘¾AŠˆ“®‹x~@u¸_“I‚Èƒoƒ‰ƒ“ƒX‚ğ•Û‚Ä‚È‚¢uŠÔ‚ªv,https://news.yahoo.co.jp/articles/3d70b714815c6abdba3695ac5ecc9e6ee42b1828,1/8(Œ) 5:00
sanspo,ƒTƒ“ƒPƒCƒXƒ|[ƒc,ˆä–{Ê‰ÔAŠ´Ó‚Ì°‚ê’…p‚ğ”â˜I@‚PE‚W¬l‚Ì“ú,https://news.yahoo.co.jp/articles/398453680144a360e57cf78c6575c5843bebb405,1/8(Œ) 5:00
sanspo,ƒTƒ“ƒPƒCƒXƒ|[ƒc,y“òèƒ{[ƒgE‚f‡VƒI[ƒ‹ƒŒƒfƒB[ƒXz“òè‚Sß˜A‘±—\‘I“Ë”j‚Ì–÷“àŠó@‚Q†’ø‚Ì¡‰ñ‚±‚»“–’n‰—Do‚æ,https://news.yahoo.co.jp/articles/a1c45f31079b208e9484796e6486cbdbed9acb41,1/8(Œ) 4:57
sanspo,ƒTƒ“ƒPƒCƒXƒ|[ƒc,y‘å‘ºƒ{[ƒg‚o‚f‡TE‚a‚a‚bƒg[ƒiƒƒ“ƒgz’–Ú‚Ì—q‘Iè,https://news.yahoo.co.jp/articles/5858abdc3bde807e55cd934731de04758a279060,1/8(Œ) 4:54
sanspo,ƒTƒ“ƒPƒCƒXƒ|[ƒc,•–ö“OqA‘åe—FE’†‘ºƒƒCƒR‚³‚ñ‚ğ’Ç“‰@ÅŒã‚Ì‘Î–Ê‚Éuw„‚ª€‚ñ‚¾‚ç’¢«‚Í‚ ‚È‚½‚ª“Ç‚Ş‚Ì‚æx‚È‚ñ‚ÄŒ¾‚Á‚Ä‚Ü‚µ‚½câ‚µ‚­‚È‚è‚Ü‚·v,https://news.yahoo.co.jp/articles/9da6e1470cf41ab5644afdb808a67e0006d871db,1/8(Œ) 0:37
sanspo,ƒTƒ“ƒPƒCƒXƒ|[ƒc,ƒhƒWƒƒ[ƒXE‘å’JãÄ•½‚Æ‚ÌujãÅ‚vƒc[ƒVƒ‡ƒbƒgÊ^‚ğŒöŠJ@P‰º‚Ìƒ}ƒCƒi[‰E˜r,https://news.yahoo.co.jp/articles/3c4cddda30b6a3daf32038f7a5c81ccb95eb46ea,1/8(Œ) 0:00
sanspo,ƒTƒ“ƒPƒCƒXƒ|[ƒc,ã‘ò’¼”VA‘å’J‚Ì’Ê–óE…Œ´ˆê•½‚³‚ñ‚Ì•ƒ‚ª‹Î‚ß‚éƒJƒŠƒtƒHƒ‹ƒjƒAB‚Ì‹ğ‰®–K–â@u‚İ‚ñ‚È—§”h‚É‚È‚Á‚Ä‚¢‚­‚È‚Ÿv,https://news.yahoo.co.jp/articles/ac7a9d7ae52bedb69a2ce39051faa30419db401e,1/8(Œ) 0:00
sanspo,ƒTƒ“ƒPƒCƒXƒ|[ƒc,•ŸˆäH‘å•ŸˆäAŒ§¨‰“ú–{ˆê‚ ‚Æ‚PŸIƒG[ƒXE’ç™€œ·A”\“o”¼“‡’nk‚Ì”íĞÒ‚ğu—E‹C‚Ã‚¯‚½‚¢v,https://news.yahoo.co.jp/articles/a43d1de1420d96e6969d3648f78ca71a327f9bd5,1/7(“ú) 23:55
sanspo,ƒTƒ“ƒPƒCƒXƒ|[ƒc,“Œ•Ÿ‰ªA‹t“]ƒgƒ‰ƒC‚ ‚Æ‚Tƒ[ƒgƒ‹c˜A”e‚Í–²‚ÆÁ‚¦‚é‚à“¡“c—Yˆê˜YŠÄ“Âu‘f°‚ç‚µ‚¢¬’·BŒÖ‚è‚Å‚·v,https://news.yahoo.co.jp/articles/1d3063f6e77faef37d3ec2dc2b9bee63b6d7b659,1/7(“ú) 23:46
sanspo,ƒTƒ“ƒPƒCƒXƒ|[ƒc,ƒh”hèIÔƒ_ƒEƒ“‚Å“ü—¾@L“‡‚c‚QˆÊE‚‘¾ˆêAƒOƒ‰ƒu‚É‚Íu•‰‚¯‚ç‚ê‚Ü‚¹‚ñAŸ‚Â‚Ü‚Å‚Ív‚ÌhJ,https://news.yahoo.co.jp/articles/e10b41191a2d63e62d34ab469a6261573d134225,1/7(“ú) 23:37
sanspo,ƒTƒ“ƒPƒCƒXƒ|[ƒc,L“‡‚c‚PˆÊEíL‰H–ç“l‚ªo¢•”‰®“ü—¾uƒeƒŒƒr‚ÍŒ©‚È‚¢‚µAƒQ[ƒ€‚à‚µ‚È‚¢v–ì‹…’Ğ‚¯éŒ¾,https://news.yahoo.co.jp/articles/65ec2fce69e1955bed4ab8009c0776c88c4e9317,1/7(“ú) 23:30
sanspo,ƒTƒ“ƒPƒCƒXƒ|[ƒc,ƒhƒ‰ƒtƒg‚Ì–Ú‹Ê¶˜rAŠÖ‘åE‹àŠÛ–²“l‚ªn“®u‘å–‚Èˆê”Nv@D‚«‚È‹…’c‚Íuã_‚Æ‚©ƒIƒŠƒbƒNƒX‚ÍŠÖ¼‚È‚Ì‚Åcv^ŠÖ¼Šw¶,https://news.yahoo.co.jp/articles/43446c2e577c1619addc85e33b2a22571427898c,1/7(“ú) 23:22
sanspo,ƒTƒ“ƒPƒCƒXƒ|[ƒc,AÀ‚Q”N‚Ô‚è’¸“_‚Ö‚ ‚Æ‚PŸI‚Q”N¶‚Ìƒ_ƒuƒ‹ƒG[ƒXE•Ÿ‘ºS—D”ü&‰Ÿì—Dˆß‚Æ‚à‚É‚Q‚O“¾“_,https://news.yahoo.co.jp/articles/e9cbf54c758688eb0e6a794ae5254f26382d45ab,1/7(“ú) 23:13
sanspo,ƒTƒ“ƒPƒCƒXƒ|[ƒc,ğ‹G‰¤Ò‚Ì“Œ‹ƒxƒC‚Í‘‚­‚à‚R”s–Ú@‚r‚n—§ìå«u‹Í·‚ÅŸ‚Ä‚È‚¢‚Ì‚Í‚P‚O”Ô‚ÌÓ”Cv^ƒŠ[ƒOƒƒ“,https://news.yahoo.co.jp/articles/fe0b4feb6a89f3be265686cfcd410064606a177f,1/7(“ú) 23:05
sanspo,ƒTƒ“ƒPƒCƒXƒ|[ƒc,x‘äŠw‰€A˜A”e‰¤èIO‘îŒZ’í‚ÌŒZE—Y‘åu‚Ql‚Å—DŸ‚Å‚«‚½‚çA‰Æ‘°‚Éˆê”Ô‚Ì‰¶•Ô‚µ‚Év,https://news.yahoo.co.jp/articles/684fbb6bc4d45fafcf886143c258b4c400d02fa6,1/7(“ú) 23:01
sanspo,ƒTƒ“ƒPƒCƒXƒ|[ƒc,‚a‚k“Œ‹‚ª‹£‚è‡‚¢§‚µ‚ÄŠJ–‹‚S˜AŸ@ƒ‰ƒXƒg‚S•ª‚Íƒ{[ƒ‹•Û‚ÉØ‚è‘Ö‚¦‚Ä“¦‚°Ø‚è^ƒŠ[ƒOƒƒ“,https://news.yahoo.co.jp/articles/7f6899e23014b29772544627458dd2ed7bfecc25,1/7(“ú) 22:58
sanspo,ƒTƒ“ƒPƒCƒXƒ|[ƒc,‰º–k‘ò¬“¿A‹ê‚µ‚ñ‚Å‚RŠ¥‰¤è@ˆ®ìÀ‚ÌƒG[ƒXEŠ}ˆä‹G—‚Ì‹C”—‚Éu‹C‚¨‚³‚ê‚Ä‚¢‚Ü‚µ‚½‚ËvuŠ´‰»‚³‚ê‚Ä‚Ù‚µ‚¢vˆÉ“¡’”ŠÄ“Â,https://news.yahoo.co.jp/articles/45e1a4f1d93d2ef7348f9c67eebab7141ac350ce,1/7(“ú) 22:52
sanspo,ƒTƒ“ƒPƒCƒXƒ|[ƒc,ˆ®ìÀŒˆŸio‚È‚ç‚¸@Š}ˆä‹G—A—Ü‚Ì¾‚¢u–Ú•W‚ÍƒIƒŠƒ“ƒsƒbƒN‚Å‹àƒƒ_ƒ‹B‚à‚¤‚P‰ñA’b‚¦’¼‚·v,https://news.yahoo.co.jp/articles/e4b55801b4b369111ad6aef34d5aaea0ff1b190d,1/7(“ú) 22:42
sanspo,ƒTƒ“ƒPƒCƒXƒ|[ƒc,ˆäã®–íAƒ{ƒNƒVƒ“ƒOƒV[ƒ“”NŠÔÅ—DG‘IèÜ@‚d‚r‚o‚m•ƒUEƒŠƒ“ƒO‚É‘±‚«•Äå—vƒƒfƒBƒA‡€‚RŠ¥‡,https://news.yahoo.co.jp/articles/f30d759bdd3a80a01c2c92b043722148acf71d03,1/7(“ú) 22:25
sanspo,ƒTƒ“ƒPƒCƒXƒ|[ƒc,‚c‚…‚m‚`ƒhƒ‰ƒtƒg‚QˆÊE¼–{—½A‹C‡\•ª‚ÌƒwƒAƒXƒ^ƒCƒ‹‚Å“ü—¾,https://news.yahoo.co.jp/articles/6e0736ce48110b9300b4ca298cccbbf7da959fb9,1/7(“ú) 21:39
sanspo,ƒTƒ“ƒPƒCƒXƒ|[ƒc,‚c‚…‚m‚`ˆç¬‚c‚SˆÊE¯i—z“l‚ª“ü—¾@uƒEƒbƒfƒBv‚ÌƒJƒEƒ{[ƒCƒnƒbƒg—‡‚¤‚©‚ÈH,https://news.yahoo.co.jp/articles/fcdd0c228ea7fcd0a941d323f30358ca667cdeab,1/7(“ú) 21:31
sanspo,ƒTƒ“ƒPƒCƒXƒ|[ƒc,ƒ„ƒNƒ‹ƒgE–Ø‘ò®•¶@‰‚ÌŠCŠO•ÒCs‚ÅûŠnuƒgƒŒ[ƒjƒ“ƒO‚Ìˆø‚«o‚µ‚ª‘‚¦‚½‚èA‘Ì‚Æ‚ÌŒü‚«‡‚¢•û‚ğŠw‚×‚½v,https://news.yahoo.co.jp/articles/cc2e8ecd0afd2b9c66e164f248b47ab1121d8d83,1/7(“ú) 21:23
sanspo,ƒTƒ“ƒPƒCƒXƒ|[ƒc,‚c‚…‚m‚`ƒhƒ‰ƒtƒg‚PˆÊE“x‰ï—²‹P‚ª–¾‚©‚µ‚½@‡€•ó•¨‡ƒCƒ`ƒ[’¼•M”N‰êó‚Ì•¶–Ê‚Æ‹àŒ¾,https://news.yahoo.co.jp/articles/6b8e8630529e132227d5a2c594db5b316b6680d1,1/7(“ú) 21:17
sanspo,ƒTƒ“ƒPƒCƒXƒ|[ƒc,‹lE‹gì®‹PA“ñ—ÛƒŒƒMƒ…ƒ‰[Šl“¾‚Ö‹C‡u‚¢‚¢ƒAƒs[ƒ‹‚Å‚«‚é‚æ‚¤‚Év,https://news.yahoo.co.jp/articles/790c4d324b3dc52871ec34e764eff48acdca871b,1/7(“ú) 21:04
sanspo,ƒTƒ“ƒPƒCƒXƒ|[ƒc,‹g‚—R—¢qu‚İ‚È‚³‚ñAƒAƒ~ƒ…[ƒY‚É“ü‚ê‚Ü‚·‚æv@ƒg[ƒNƒVƒ‡[ŠÏ——‚Ì“–‘I”{—¦‚P‚XE‚T”{‚Æ•·‚¢‚Ä,https://news.yahoo.co.jp/articles/bbf5c2e75f45680612415438bd4da648882e6d37,1/7(“ú) 21:00
sanspo,ƒTƒ“ƒPƒCƒXƒ|[ƒc,Šy“V‚c‚RˆÊE“ú“–’¼ŠìA‹g“c¼‰A‚Ìv‘z‚Åuˆê—¬‚É‚È‚év,https://news.yahoo.co.jp/articles/2f59cb8c81d839d028c07e85020dd8acc8340222,1/7(“ú) 20:58
sanspo,ƒTƒ“ƒPƒCƒXƒ|[ƒc,‚ZƒTƒbƒJ[@‹ß]uƒ‰ƒXƒ{ƒXvÂXR“cU—ª‚ÖI•‚Ğ‚°Šë‹@ˆê”­ìí,https://news.yahoo.co.jp/articles/68a97674fff38cec17cf82f78799a6d024548238,1/7(“ú) 20:50
sanspo,ƒTƒ“ƒPƒCƒXƒ|[ƒc,‚ZƒTƒbƒJ[@ÂXR“c‚Ì‚e‚v•Ä’J‘sju©•ª‚ªd–‚ğ‚µ‚ÄŸ‚¿‚½‚¢v—DŸ•“¾“_‰¤‚ğ¾‚¤,https://news.yahoo.co.jp/articles/584d0ec776ecbc58a2c86f85ccc9937a02e7444a,1/7(“ú) 20:42
sanspo,ƒTƒ“ƒPƒCƒXƒ|[ƒc,‹lE‰ª–{˜a^‚ª‘¾‚Á• Œv‰æ@ƒ^ƒCƒgƒ‹Šl“¾‚µ‚½Œã”y‚É‡€‰ª–{Ü‡‚ğI,https://news.yahoo.co.jp/articles/918d674eb841ecb0d344079439d046b3c8c4902b,1/7(“ú) 20:35
sanspo,ƒTƒ“ƒPƒCƒXƒ|[ƒc,d‰ª‘å‹BAƒ‹[ƒ}ƒjƒA‚Ì‡€–‚—‡‚©‚ç¡”N‚Ì‰^¨‚ğâ^‚³‚ê‚½‚±‚Æ‚ğ–¾‚©‚·u‘S‚Ä‚ª‚¤‚Ü‚­‚¢‚­A‚Æv,https://news.yahoo.co.jp/articles/7a8d7d53e389f1704492cf20786c192715ca5c5c,1/7(“ú) 20:22
sanspo,ƒTƒ“ƒPƒCƒXƒ|[ƒc,y‚RÎŸ‘–•ñzƒKƒCƒAƒƒ“ƒe‚Í‚ ‚·‚È‚ëÜ‚Ö,https://news.yahoo.co.jp/articles/350fb221603bf1271954285d555e4db0bf1aacac,1/7(“ú) 20:15
sanspo,ƒTƒ“ƒPƒCƒXƒ|[ƒc,y‚RÎV”nE‹“s‚Q‚qzƒƒCƒVƒ‡ƒEƒ^ƒ€ƒVƒo‚ª‚T”ng·‰õŸ@•–L‹Rèu”\—Í‚Í‚‚¢‚Å‚·‚Ëv,https://news.yahoo.co.jp/articles/5197480e09b76bd4e6cac1d79de56498598bfa88,1/7(“ú) 20:13
sanspo,ƒTƒ“ƒPƒCƒXƒ|[ƒc,yƒVƒ“ƒUƒ“‹L”Oz—„ŠO‰ñ‚è‚Å––‹r¶‚«‚éIƒm[ƒuƒ‹ƒƒWƒƒ[,https://news.yahoo.co.jp/articles/246c4667b3769ba83ca5dad29d24c463fb937396,1/7(“ú) 20:12
sanspo,ƒTƒ“ƒPƒCƒXƒ|[ƒc,’†‘ºƒƒCƒR‚³‚ñA”xÇğÇ‚Ì‚½‚ß€‹@‚W‚XÎ@ÅŒã‚Ìd–‚Íğ”N‚P‚QŒ‚Q‚T“ú‚Ì”Ô‘gû˜^,https://news.yahoo.co.jp/articles/3135e682ea1fde7aaccc997681f821c1f06d4f90,1/7(“ú) 20:02
sanspo,ƒTƒ“ƒPƒCƒXƒ|[ƒc,é“ìŠC‚ªƒfƒrƒ…[‚P‚Tü”N‹L”OƒRƒ“ƒT[ƒg‚Å”M¥@u©•ª‚ç‚µ‚­‰Ì‚Á‚Ä‚¢‚«‚½‚¢v‚ÆŒˆˆÓV‚½,https://news.yahoo.co.jp/articles/1586327b1eae36a3778e943cf8266786eae55c68,1/7(“ú) 20:00
sanspo,ƒTƒ“ƒPƒCƒXƒ|[ƒc,“ú–{ƒnƒ€‚c‚SˆÊE–¾£—È‰î@ã_E²“¡ƒ‚ƒfƒ‹‚ÌƒOƒ‰ƒu‚ğè‚É“ü—¾uƒT[ƒh‚ğç‚è‚½‚¢v,https://news.yahoo.co.jp/articles/33971ce6717527a9b7b593b2b6b2f71e548bd84a,1/7(“ú) 19:40
sanspo,ƒTƒ“ƒPƒCƒXƒ|[ƒc,‹Õƒmá‚ª‘åŠÖ–¶“‡‚Æ‚QŸ‚R”sA˜A‡ŒmŒÃ‚ÅÅãˆÊ‚Ì©Šo@u‹Zvu‘Ìv‚ÉuSv‚ªŠñ‚è“Y‚¤,https://news.yahoo.co.jp/articles/1e12f351dc88ef4c1acb2d8e02ef646959adab6b,1/7(“ú) 19:36
sanspo,ƒTƒ“ƒPƒCƒXƒ|[ƒc,yƒJ[ƒoƒ“ƒNƒ‹‚rz‚n‚o“Á•Ê‚È‚çƒ‚ƒŠƒmƒhƒŠ[ƒ€,https://news.yahoo.co.jp/articles/7e595b0f7a2acf8522cbd4263c83b31f21d736a4,1/7(“ú) 19:32
sanspo,ƒTƒ“ƒPƒCƒXƒ|[ƒc,¼•‚c‚PˆÊE•“à‰ÄôA“Œ”öC‚Ì‚P‚X‚V‚T”N»–ì‹…ƒJ[ƒhQ‚Å“ü—¾,https://news.yahoo.co.jp/articles/9064c41974275af04929df1ee958c5700db34f9d,1/7(“ú) 19:25
sanspo,ƒTƒ“ƒPƒCƒXƒ|[ƒc,yƒtƒFƒAƒŠ[‚rzƒ}ƒXƒNƒI[ƒ‹ƒEƒBƒ“‚ªÅ‘¬ã‚ª‚è‚Å‚Q’…@’Ã‘º–¾G‹Rèu‚à‚¤­‚µ‚Å‚µ‚½‚Ëv,https://news.yahoo.co.jp/articles/7235f900e1ea19b8b6361f8a1ab5c15683fb1587,1/7(“ú) 19:01
sanspo,ƒTƒ“ƒPƒCƒXƒ|[ƒc,yƒtƒFƒAƒŠ[‚rzƒ‰ƒ”ƒXƒR[ƒ‹‚Í‹·‚¢”nŒQŠ„‚è‚R’…@‰¡R•j‹Rèu‚¿–¡‚ğ¶‚©‚·‚±‚Æ‚ª‚Å‚«‚Ü‚µ‚½v,https://news.yahoo.co.jp/articles/d4a5319f3da7c3bb979c7df47b025f3f7d465601,1/7(“ú) 19:01
sanspo,ƒTƒ“ƒPƒCƒXƒ|[ƒc,yƒtƒFƒAƒŠ[‚rz‚P”Ôl‹CƒXƒeƒB[ƒ‹ƒuƒ‹[‚Í’Ç‚¢‚İ“Í‚©‚¸‚S’…@ƒ‹ƒ[ƒ‹‹Rèu­‚µˆÊ’u‚ªŒã‚ë‚É‚È‚Á‚Ä‚µ‚Ü‚¢‚Ü‚µ‚½‚Ëv,https://news.yahoo.co.jp/articles/efa0d0f19861838bc334c2fc7f449ccde5fb497f,1/7(“ú) 19:00
sanspo,ƒTƒ“ƒPƒCƒXƒ|[ƒc,yƒtƒFƒAƒŠ[‚rzƒeƒŠƒIƒXƒTƒ‰‚Í’É¦‚Ìo’x‚ê‚Å‚V’…@Î‹´ãù‹RèuŸ•‰‚É‚È‚é‚Æv‚Á‚Ä‚¢‚½‚ñ‚Å‚·‚ªcv,https://news.yahoo.co.jp/articles/aceeaef16e9ff1c5f5895bd8149e8321d3cd122f,1/7(“ú) 19:00
sanspo,ƒTƒ“ƒPƒCƒXƒ|[ƒc,‰º–k‘ò¬“¿‚ª‚RŠ¥‚É‰¤è@‚Q”N¶ƒG[ƒX‚ÌƒCƒF[ƒ‚ƒ“u©•ª‚ÌƒXƒpƒCƒN‚ª‚Ç‚ê‚¾‚¯’Ê—p‚·‚é‚©v,https://news.yahoo.co.jp/articles/fa0f68e30a5cc4ab2d10fa9daa2c21bf453355f4,1/7(“ú) 18:27
sanspo,ƒTƒ“ƒPƒCƒXƒ|[ƒc,‚`‚¥I‚‡‚’‚‚•‚––àV½–çAƒƒ“ƒo[Œ_–ñ‰ğœŒã‰‚ÌŒö‚Ìêu‚Tl‚Å‚µ‚Á‚©‚èŠæ’£‚Á‚Ä‚¢‚«‚Ü‚·v,https://news.yahoo.co.jp/articles/89a723b5d257806963a8ebcc5a11f1ddfeb98898,1/7(“ú) 18:17
sanspo,ƒTƒ“ƒPƒCƒXƒ|[ƒc,‚c‚…‚m‚`ƒhƒ‰ƒtƒg‚PˆÊE“x‰ï—²‹PAƒCƒ`ƒ[’¼•M‚Ì”N‰êóQ‚µ“ü—¾u–J‚ß‚Ä‚à‚ç‚¦‚é‚æ‚¤‚ÉŠæ’£‚év,https://news.yahoo.co.jp/articles/168a9c75900b202780f264125266102fcc18c83d,1/7(“ú) 17:42
sanspo,ƒTƒ“ƒPƒCƒXƒ|[ƒc,‚Q‚O‚Q‚P”Nƒ[ƒY‚rŸ‚¿”nƒAƒ“ƒhƒ”ƒ@ƒ‰ƒiƒEƒg‚ªˆø‘ŞA”ÉB“ü‚è,https://news.yahoo.co.jp/articles/0ed79eeddebd85d2dc6cb8f01fc9e7c9896d08c8,1/7(“ú) 17:39
sanspo,ƒTƒ“ƒPƒCƒXƒ|[ƒc,t‚ƒoƒŒ[@¸—z‚Ì‰õiŒ‚~‚Ü‚éAƒG[ƒX¬RŠCcu‚İ‚ñ‚È‚É‚ ‚è‚ª‚Æ‚¤‚ÆŒ¾‚¢‚½‚¢v,https://news.yahoo.co.jp/articles/b3a9e689bc74d698b1168da7a04ac5284849a296,1/7(“ú) 17:26
sanspo,ƒTƒ“ƒPƒCƒXƒ|[ƒc,t‚ƒoƒŒ[@½‰p‡€“D‚ñ‚±ƒoƒŒ[‡‚ÅH‚ç‚¢‚Â‚­‚à€Œˆ”s‘ŞAã‘º“úØuƒG[ƒX‚ğ‚â‚Á‚Ä‚±‚ç‚ê‚Ä‚æ‚©‚Á‚½v,https://news.yahoo.co.jp/articles/4148b0e52d8acdfe3f03cd4f8aa8b5866530b9b2,1/7(“ú) 17:18
sanspo,ƒTƒ“ƒPƒCƒXƒ|[ƒc,ƒ‹ƒ[ƒ‹‹Rè‚ª‚i‚q‚`’ÊZ‚P‚W‚O‚OŸ’B¬u¡”N‚à‚½‚­‚³‚ñŸ‚¿‚½‚¢‚Å‚·v,https://news.yahoo.co.jp/articles/2b044ed4b5e325748049ffe35f15a898ec813160,1/7(“ú) 17:12
sanspo,ƒTƒ“ƒPƒCƒXƒ|[ƒc,‰i–ì–Ò‘ ‹Rè‚ª•‰‚Ì‚½‚ß‚W“ú‚Ì‚SˆÆ‚Åæ‚è‘Ö‚í‚è,https://news.yahoo.co.jp/articles/ad0a13adf26881d898456cc5648dd7821edd55d8,1/7(“ú) 17:01
sanspo,ƒTƒ“ƒPƒCƒXƒ|[ƒc,‹g‚—R—¢qA‚m‚g‚j‘å‰ÍuŒõ‚éŒN‚Öv‚Åã‰ê–Î_Ğ‚Å‚ÌB‰eŠó–]uƒXƒ^ƒWƒI‚ÅB‚Á‚Ä‚¢‚é‚Æ‹ó‚ª‚È‚¢‚Ìv,https://news.yahoo.co.jp/articles/03f5750dfb74d436a253c78717a736961a5b529c,1/7(“ú) 16:58
sanspo,ƒTƒ“ƒPƒCƒXƒ|[ƒc,yƒtƒFƒAƒŠ[‚rzˆ°–Ñ”nƒCƒtƒFƒCƒIƒ“‚ªƒNƒr{ƒNƒr·‚Ì‘åÚí§‚·I@¼‘º~–ç‹Rèuv‚¢•`‚¢‚Ä‚¢‚½ƒŒ[ƒX‚ª‚Å‚«‚Ü‚µ‚½v,https://news.yahoo.co.jp/articles/b5c70aaf8a423058f31225e063abe271297fa896,1/7(“ú) 16:39
sanspo,ƒTƒ“ƒPƒCƒXƒ|[ƒc,yƒtƒFƒAƒŠ[‚rzˆ°–Ñ”nƒCƒtƒFƒCƒIƒ“‚ªƒNƒr{ƒNƒr·‚Ì‘åÚí§‚·I@‚P”Ôl‹CƒXƒeƒB[ƒ‹ƒuƒ‹[‚Í’Ç‚¢‚İ“Í‚©‚¸‚S’…,https://news.yahoo.co.jp/articles/06124be1f4925a0ea33bc904bd6502cab4b207a2,1/7(“ú) 16:27
sanspo,ƒTƒ“ƒPƒCƒXƒ|[ƒc,‚a‚k“Œ‹‚ªŠJ–‹‚S˜AŸ@“Œ‹ƒxƒC‚ğ‚S“_·‚Å‘Ş‚¯‚QˆÊƒL[ƒv^ƒŠ[ƒOƒƒ“,https://news.yahoo.co.jp/articles/976777518df77870aa2fd48d42e33b0c5dea1c04,1/7(“ú) 16:25
sanspo,ƒTƒ“ƒPƒCƒXƒ|[ƒc,’Á¼‚Í€ŒˆŸ‚ÅU‚é@‰EŒ¨‚Ì’É‚İ‚É‘Ï‚¦‚½ƒG[ƒXˆäâ‘¾˜YuŒã‰÷‚Í‚ ‚è‚Ü‚¹‚ñv,https://news.yahoo.co.jp/articles/b562b4692fcf19ba63881efdfea0f38e5c044d54,1/7(“ú) 16:24
sanspo,ƒTƒ“ƒPƒCƒXƒ|[ƒc,AÀ‚ª½‰p‚ğƒXƒgƒŒ[ƒg‚Å”j‚è—DŸ‰¤è@‚R˜A”e‚ª‚©‚©‚Á‚½ğ”N‚ÍƒRƒƒi‚ÅŒ‡ê,https://news.yahoo.co.jp/articles/a67c5d6f83dd0c99db0c7c0bb31836943753df69,1/7(“ú) 16:11
sanspo,ƒTƒ“ƒPƒCƒXƒ|[ƒc,y‚·‚Î‚é‚rz¸‹‰í‚Ìƒe[ƒI[ƒXƒeƒ‹ƒX‚ª‰Ÿ‚µØ‚èI‰ƒŠƒXƒeƒbƒh‚u,https://news.yahoo.co.jp/articles/246cf396289b7bda5ad05cfce5f26ee01700b190,1/7(“ú) 15:59
sanspo,ƒTƒ“ƒPƒCƒXƒ|[ƒc,“ú–{‘ã•\‚ªŒöŠJ‰‰‹Z@ƒ`[ƒ€‚Í¢ŠE‘IèŒ ‚ÅuƒpƒŠŒÜ—Ö‚ÌoêŒ ‚ğŠl“¾‚·‚év^ƒA[ƒeƒBƒX,https://news.yahoo.co.jp/articles/6b7a93422e69fd138d93fe981b99e881412f5f76,1/7(“ú) 15:44
sanspo,ƒTƒ“ƒPƒCƒXƒ|[ƒc,‚Zƒ‰ƒOƒr[@‹ËˆüŠw‰€‚ª‚R‘å‰ï‚Ô‚è‚S“x–Ú‚Ì—DŸI@‘I”²‚Æ‚QŠ¥,https://news.yahoo.co.jp/articles/d639c860973e670f35c45a45941e69035d40a2d9,1/7(“ú) 15:31
sanspo,ƒTƒ“ƒPƒCƒXƒ|[ƒc,yƒ|ƒ‹ƒbƒNƒX‚rzƒ”ƒ@ƒ‹ƒcƒ@[ƒVƒƒƒ‹‚ª’†’c‚©‚ç—Í‹­‚­’Ç‚¢‚İ‰õŸ@‘å–ì‘ñ–í‹Rèu¡Œã‚ªŠy‚µ‚İ‚É‚È‚è‚Ü‚µ‚½v,https://news.yahoo.co.jp/articles/f38e9294d9bd74fff9f0bced3834640e7c89fcd1,1/7(“ú) 15:30
sanspo,ƒTƒ“ƒPƒCƒXƒ|[ƒc,ƒAƒ“ƒhƒŒƒUEƒWƒƒƒCƒAƒ“ƒgƒpƒ“ƒ_A‰f‰æŠÙ‚Å‘å–\‚êuƒ—ó‚Ö‚Ìéí•z‚¾Iv,https://news.yahoo.co.jp/articles/3fcace98772e6c20adf871316468408f79e4540d,1/7(“ú) 15:14
sanspo,ƒTƒ“ƒPƒCƒXƒ|[ƒc,ã_Vl‘Iè“ü—¾@‚c‚SˆÊE•Sè‘“¶‚ÍuƒˆƒMƒ{[‚Æ‚©B‚»‚¤‚¢‚¤”z’u‚ğl‚¦‚Ä‚Ü‚µ‚½v,https://news.yahoo.co.jp/articles/0501648210c950078198df5beefe3235b93e49ef,1/7(“ú) 15:07
sanspo,ƒTƒ“ƒPƒCƒXƒ|[ƒc,ã_E‰ª“cŠÄ“Â‚É–ñ‚Q‚O‚O‚Ol‚ª‡€‰Œw‡@ã_‰€Œ|‚Ì‡€‹Z‡‚Ébq‰€‚ÌŒµ‚©‚È•µˆÍ‹C‚ªˆø‚«’÷‚Ü‚Á‚½,https://news.yahoo.co.jp/articles/0bdb3b649012ccef09f116f8460f82f5bd81c93a,1/7(“ú) 15:00
sanspo,ƒTƒ“ƒPƒCƒXƒ|[ƒc,ƒIƒŠƒbƒNƒXVl‚U‘Iè“ü—¾@‚c‚PˆÊE‰¡R¹Æu•”‰®‚ªv‚Á‚½ˆÈã‚ÉL‚­‚ÄA‚·‚²‚­‚¢‚¢ŠÂ‹«v,https://news.yahoo.co.jp/articles/189628554780f24015ff267bb5a664ce55eb3e4b,1/7(“ú) 14:45
sanspo,ƒTƒ“ƒPƒCƒXƒ|[ƒc,“¡ˆä‘‘¾‰¤«‚Ì–h‰qí‚ğ’nŒ³‚Ì¬’†Šw¶‚ª‘Î‹Çº‚ÅŒ©Šw@‚»‚ÌŒã‚Íw“±‘Î‹Ç‚à^«Šû,https://news.yahoo.co.jp/articles/3fa2d6aabfcbd5629f7935b36862cf3cca9e3e5e,1/7(“ú) 14:19
sanspo,ƒTƒ“ƒPƒCƒXƒ|[ƒc,•ŸˆäH‘å•Ÿˆä‚ªŒ§¨‰‚ÌŒˆŸio@ğ”N‚Ì€XŒˆŸ‚Å”s‚ê‚½’Á¼‚ÉƒXƒgƒŒ[ƒgŸ—˜,https://news.yahoo.co.jp/articles/303cce3880043b9027643304a2c377d916236e11,1/7(“ú) 13:58
sanspo,ƒTƒ“ƒPƒCƒXƒ|[ƒc,¼•‚c‚UˆÊE‘º“c—å‰¹‚ÍƒoƒŠƒJƒ“Q‚Å“ü—¾@u‚±‚ê‚Å‹C‡‚ğ“ü‚ê‚Ä‚­‚¾‚³‚¢A‚ÆŒ¾‚í‚ê‚½v,https://news.yahoo.co.jp/articles/5e7209f7e3b7420138718801526ecdc2d8711c03,1/7(“ú) 13:42
sanspo,ƒTƒ“ƒPƒCƒXƒ|[ƒc,y‚RÎV”nE’†R‚U‚qzƒXƒeƒBƒ“ƒK[ƒOƒ‰ƒX‚ª‘N‚â‚©‚É·‚µØ‚éI@ƒ‹ƒ[ƒ‹‹Rèu‘Ì‚ª‘å‚«‚­‚È‚ê‚ÎA‚¢‚¢”n‚É‚È‚è‚Ü‚·v,https://news.yahoo.co.jp/articles/108b7e045e9dac6bf2cb564e161e6958a5758254,1/7(“ú) 13:17
sanspo,ƒTƒ“ƒPƒCƒXƒ|[ƒc,‹­‹EÂXR“c‚Æ‚Ì‰‚ÌŒˆŸí‚É’§‚Ş‹ß]E‘O“cŠÄ“ÂuÂXR“c‚³‚ñ‚ÍƒXƒ‰ƒ€ƒ_ƒ“ƒN‚ÅŒ¾‚Á‚½‚çAR‰¤v,https://news.yahoo.co.jp/articles/bf64ca5edc0b8fa35c57da47f551f9a0d94d2f23,1/7(“ú) 13:14
sanspo,ƒTƒ“ƒPƒCƒXƒ|[ƒc,‹“s‹£”nê‚Å‚Q‚O‚Q‚R”N“x‰XÉŠÖŒWÒ‚Ì•\²®,https://news.yahoo.co.jp/articles/da8d5b4e464d35f5d5d39d596a2ddba9071bc0e4,1/7(“ú) 13:04
sanspo,ƒTƒ“ƒPƒCƒXƒ|[ƒc,‹lE‰ª–{˜a^@Œ©˜‚¦‚éæ‚Í‘Å“_‰¤•—DŸu‘Å“_‚É‚±‚¾‚í‚Á‚Ä‚â‚Á‚Ä‚¢‚«‚½‚¢v‚f‹…ê‚Å©åƒgƒŒ‚ğŒöŠJ,https://news.yahoo.co.jp/articles/2cdf4c70e0375a611ba9a1f6396ec1bd8131a57f,1/7(“ú) 13:04
sanspo,ƒTƒ“ƒPƒCƒXƒ|[ƒc,“ú–{ƒnƒ€‚ªƒƒWƒƒ[’ÊZ‚P‚O‚W”­‚ÌƒŒƒCƒGƒXŠl“¾‚Ö,https://news.yahoo.co.jp/articles/3824c98152c2afa4eeabaf75750345c75e437faa,1/7(“ú) 12:26
sanspo,ƒTƒ“ƒPƒCƒXƒ|[ƒc,y¡“ú‚Ì’–ÚV”nzƒoƒ‰ƒ“ƒXƒ_ƒ“ƒT[‚ÍA‘OŒü‚«‚È‹C«‚Ådã‚ª‚è‚à•sˆÀ‚È‚µ^’†R‚U‚q,https://news.yahoo.co.jp/articles/202e8cfdecb59d4c6f4c5be4eb5d3d897483287f,1/7(“ú) 12:25
sanspo,ƒTƒ“ƒPƒCƒXƒ|[ƒc,ƒtƒWA”\“o”¼“‡’nk‚ÅŒ³“ú•ú‘—’†~‚ÌƒhƒŠƒt“Á”Ô‚ğ‚P‚P“ú‚É•ú‘—uˆê•”ƒRƒ“ƒg‚Íó‹µ‚ğŠÓ‚İA•ú‘—‚ğŒ©‡‚í‚¹‚év,https://news.yahoo.co.jp/articles/591b5a44ace67c5f55d0990a91c7d6f6232a0215,1/7(“ú) 12:03
sanspo,ƒTƒ“ƒPƒCƒXƒ|[ƒc,¼RO•½‹Rè‚ª‚i‚q‚`’ÊZ‚P–œ‚Q‚O‚O‚O‰ñ‹Ræ’B¬,https://news.yahoo.co.jp/articles/d226c983029a5ba33a4aa60a12c4f1111f88debe,1/7(“ú) 12:03
sanspo,ƒTƒ“ƒPƒCƒXƒ|[ƒc,ã_‚c‚PˆÊE‰º‘ºŠCãÄ‚ªŒÕ•—‘‘‚É“ü—¾u‚±‚Ì“ú‚É‹tZ‚µ‚Ä—ûK‚Æ‚©‚ğ©•ª‚È‚è‚É‚â‚Á‚Ä‚«‚½v,https://news.yahoo.co.jp/articles/cfc1c1f77d926d85ad98c719d152bf878c69372e,1/7(“ú) 12:00
sanspo,ƒTƒ“ƒPƒCƒXƒ|[ƒc,VtƒK[ƒ‹ƒY@Îˆä–GX‰ÊA¶Œã‚VƒJŒ‚Ì‚¨‚Ş‚Â‚b‚l‚Å‡€ƒfƒrƒ…[‡@¬‚P‚Ì‚É‹¤‰‰‚µ‚½‘Š—t‰ë‹I‚ÆÄ‰ïŠó–]u‹xŒe‚Ì‚Æ‚«‚à—’‚Ì‰Ì‚ğcv,https://news.yahoo.co.jp/articles/61cd0ac60b8c8f5ab987fe4ccca7002fc38424de,1/7(“ú) 12:00
sanspo,ƒTƒ“ƒPƒCƒXƒ|[ƒc,x‘äŠw‰€A‚Z‘‘Ì‚Æ‚Ì‚QŠ¥‚É‰¤è@¸—z‚ÉƒXƒgƒŒ[ƒgŸ—˜,https://news.yahoo.co.jp/articles/e0344d2568973cd30c3725f2c2da0084ea9590aa,1/7(“ú) 11:54
sanspo,ƒTƒ“ƒPƒCƒXƒ|[ƒc,•–L‹Rè‚ª‹“s‚Q‚q‚Å‚Q‚O‚Q‚S”N‰‚u@‹“s‹£”nê‚Å‚Ì’ÊZ‚P‚S‚O‚OŸ‚ğ’B¬,https://news.yahoo.co.jp/articles/81bc730a530aa70b3b990bdbfee7238afdb88b3e,1/7(“ú) 11:25
sanspo,ƒTƒ“ƒPƒCƒXƒ|[ƒc,‰i–ì–Ò‘ ‹Rè‚ª•‰‚Ì‚½‚ß’†R‚R‚qˆÈ~æ‚è‘Ö‚í‚è,https://news.yahoo.co.jp/articles/8737d5ec2b714b3a7e10d55bc8a7859af1b5cafe,1/7(“ú) 11:24
sanspo,ƒTƒ“ƒPƒCƒXƒ|[ƒc,‰i–ì‰èˆèAŒ‚Xå‰‰ƒhƒ‰ƒ}‚ÌƒCƒxƒ“ƒg‚Å‡€‰J‡‚Ì‰‰o‚É‹êÎ‚¢u‘ê‚Ì‚æ‚¤‚Èc‚«‚ê‚¢‚Å‚·v,https://news.yahoo.co.jp/articles/3faa1286e2af4e753342367d88db223cb7e7c460,1/7(“ú) 11:11
sanspo,ƒTƒ“ƒPƒCƒXƒ|[ƒc,¼•ˆç¬‚c‚PˆÊEƒVƒ“ƒNƒŒƒAAá‚q—¾‚ÍuƒAƒƒŠƒJ‚Ì‘åŠw‚Ì—¾‚æ‚è”ñí‚É{İ‚Í‚¢‚¢v,https://news.yahoo.co.jp/articles/1b5791a8c74e347ea54a4b93c54c8791e9d687d8,1/7(“ú) 11:06
sanspo,ƒTƒ“ƒPƒCƒXƒ|[ƒc,ŒÕ‚Ìƒ\ƒiƒ^@ŒK“c‚É“`‚¦‚½‚Q‚S”N‰z‚µ‚Ì‚¨—ç@ƒfƒXƒN‚Ì•ó•¨‚É‚È‚Á‚½ƒtƒ@ƒ“ƒŒƒ^[‚Ì•Ô–,https://news.yahoo.co.jp/articles/9bda7892be4b200e9fee5a7741be90001e9b9ba0,1/7(“ú) 11:00
sanspo,ƒTƒ“ƒPƒCƒXƒ|[ƒc,y‘å‘ºƒ{[ƒgEƒ~ƒbƒhƒiƒCƒgƒ{[ƒgƒŒ[ƒXz“–’nƒ~ƒbƒhƒiƒCƒg˜A”e•‚Qß˜A‘±‚u•‚P‚T‚O‚OŸ‚ÖI@¼‘º•q‚ªƒJƒh‚©‚çU‚ß‚é,https://news.yahoo.co.jp/articles/176dd485f36b450a5d6ad16fab7bf65aab595944,1/7(“ú) 10:48
sanspo,ƒTƒ“ƒPƒCƒXƒ|[ƒc,‚V“úA’†R‚Å‚RÎ–Ä”n‚Ìƒ}ƒCƒ‹dÜEƒtƒFƒAƒŠ[‚ri‚f‡Vj^o‘–”n‚ğĞ‰îI,https://news.yahoo.co.jp/articles/af5aa6b15a26c889e3dc9c2f3c0f7157f3f18c70,1/7(“ú) 10:03
sanspo,ƒTƒ“ƒPƒCƒXƒ|[ƒc,ã_E‰ª“c²•zŠÄ“Â‚Í—ˆ“ú‚Q”N–Ú‚Ìƒ~ƒGƒZƒX‚Éu‚à‚¤‚¿‚å‚Á‚Æ‘Å‚¿•û•Ï‚¦‚Ä‚¦‚¦‚æ‚È‚ vuƒoƒŒƒ“ƒeƒBƒ“‚È‚ñ‚©‚ß‚Á‚¿‚á‚­‚¿‚á‘O‚Å‘Å‚Á‚Ä‚½‚â‚ëv,https://news.yahoo.co.jp/articles/e27a5e527dd4c4978e9149d18025511bdb1be1f4,1/7(“ú) 10:00
sanspo,ƒTƒ“ƒPƒCƒXƒ|[ƒc,ƒqƒ…[ƒ}ƒ“@‹g‚—R—¢qA‚m‚g‚j‘å‰ÍuŒõ‚éŒN‚Övå‰‰u‚Ü‚Ğ‚ë‚Æ—‚ÄAl‚©‚ç—öˆ¤‘Š’k‚ğó‚¯‚é‹@‰ï‚ª‘½‚¢v@‡€Œõ‚é‘å’J‚Ö‡‹g‚—¬ƒG[ƒ‹‚à,https://news.yahoo.co.jp/articles/ac8ec761446b82b6080a40a175a1f13391f45a5b,1/7(“ú) 10:00
sanspo,ƒTƒ“ƒPƒCƒXƒ|[ƒc,y’†R‹à”tzƒŠƒJƒ“ƒJƒu[ƒ‹•“c’†t‚»‚ë‚Á‚ÄdÜ‰‚uu‚±‚Ì”n‚Åƒ^ƒCƒgƒ‹‚ğ‚Æv‚Á‚Ä‚¢‚½v,https://news.yahoo.co.jp/articles/d9c240a68a0a920a0b26a932dc4569f9c9bbd7fc,1/7(“ú) 8:31
sanspo,ƒTƒ“ƒPƒCƒXƒ|[ƒc,y‹“s‹à”tzƒRƒŒƒyƒeƒBƒg[ƒ‹‘N—ó·‚µ‚ÅdÜ‰‚u@ƒCƒ““Ë‚«‚ÉŠâ“cN½‹Rèu‚Ë‚¶‚ñ‚¾Iv,https://news.yahoo.co.jp/articles/e80e9e91f29a59a33c5c9911a87bb63aa7c59057,1/7(“ú) 8:31
sanspo,ƒTƒ“ƒPƒCƒXƒ|[ƒc,y‹“s‹à”tzƒŒ[ƒX‚ğI‚¦‚ÄcŠÖŒWÒ’k˜b,https://news.yahoo.co.jp/articles/99e4e66bd3024c55a575ae254518a838d5079658,1/7(“ú) 8:30
sanspo,ƒTƒ“ƒPƒCƒXƒ|[ƒc,–ì’†—I‘¾˜Y‹Rè‚ª‚i‚q‚`’ÊZ‚P‚O‚OŸu–³–‚ÉŸ‚Ä‚Ä‚æ‚©‚Á‚½v,https://news.yahoo.co.jp/articles/a13b1ad7f5077aac4a861a3f5d6dd1691790cce0,1/7(“ú) 8:29
sanspo,ƒTƒ“ƒPƒCƒXƒ|[ƒc,ƒvƒŠƒLƒ…ƒAVì‚Íjã‰‚ÌŒ¢‚ÌƒvƒŠƒLƒ…ƒA@‚QE‚SƒXƒ^[ƒgu‚í‚ñ‚¾‚Ó‚é‚Õ‚è‚«‚ã‚ Iv,https://news.yahoo.co.jp/articles/271c473a4e0c425cb8173dced269d6290fd2c370,1/7(“ú) 8:00
sanspo,ƒTƒ“ƒPƒCƒXƒ|[ƒc,Šy“V‚c‚WˆÊEÂ–ì‘ñŠC‚ª”\“o”¼“‡’nk‚Å”íĞc”ğ“ïŠ¶Šˆu–³–‚É“ü—¾‚Å‚«‚Ä‚Ù‚Á‚Æ‚µ‚Ä‚¢‚év,https://news.yahoo.co.jp/articles/796bfd95e9bbd1b302773e719baca81f64780973,1/7(“ú) 7:30
sanspo,ƒTƒ“ƒPƒCƒXƒ|[ƒc,–¾‘åE@R—Û‚ÌV”Nn“®‚É‚V‹…’c‚ªWŒ‹I@‚Q‚O‚Q‚S”Nƒhƒ‰ƒtƒg‚Ì–Ú‹Ê@‘–Uç‚R”q‚»‚ë‚Á‚½—VŒ‚è,https://news.yahoo.co.jp/articles/0db2080a3af712e010d4631069666097e1021760,1/7(“ú) 7:30
sanspo,ƒTƒ“ƒPƒCƒXƒ|[ƒc,‚c‚…‚m‚`ERèNW‚ªçŒì_’D‰ñ‚ÖƒXƒ‰ƒCƒ_[–‚­I@jãÅ”N­‚Ì’ÊZ‚Q‚T‚OƒZ[ƒu‚Ö‚ ‚Æ‚Q‚R,https://news.yahoo.co.jp/articles/2db107dac34f6e39fd5aa13187193a30d70daa4a,1/7(“ú) 7:30
sanspo,ƒTƒ“ƒPƒCƒXƒ|[ƒc,~‚ß‚½~‚ß‚½IÂXR“cE—é–Ø«‰i‚ª~‚ß‚½I@•“c‘OŠÄ“Â‚Æ—û‚Á‚½•KŸƒ‹[ƒeƒBƒ“‚Å‘åˆê”Ô‚ÉƒPƒŠ,https://news.yahoo.co.jp/articles/4254b113fbb945d92d0b4c5ee8e908ae88fa7cbe,1/7(“ú) 7:30
sanspo,ƒTƒ“ƒPƒCƒXƒ|[ƒc,‹lERèˆÉD‚ª‚QE‚Pƒuƒ‹ƒyƒ““ü‚è‚ÉˆÓ—~@u“Š‚°‚ç‚ê‚é‚¼A‚Æ‚¢‚¤€”õ‚Í‚µ‚Ä‚¢‚«‚½‚¢v,https://news.yahoo.co.jp/articles/fa6266c2f4b510839db1e0ab46100bfc56f73c2b,1/7(“ú) 7:30
sanspo,ƒTƒ“ƒPƒCƒXƒ|[ƒc,›ˆä—FAŸNâ‘²‹ÆŒãƒhƒ‰ƒ}‰å‰‰@ˆ¤‘Œ€‚Éu’–Ú‚µ‚Äv@ƒeƒŒ“ŒŒnuƒ`ƒFƒCƒT[ƒQ[ƒ€‚vv‚PE‚WƒXƒ^[ƒg,https://news.yahoo.co.jp/articles/24b257f8c5e72e804d7b52cd471e37ec7563cf7f,1/7(“ú) 6:00
sanspo,ƒTƒ“ƒPƒCƒXƒ|[ƒc,¡‰i¸‘¾‚ÌÅIŒó•â‚ÍƒWƒƒƒCƒAƒ“ƒc•ƒGƒ“ƒ[ƒ‹ƒX‚Ì‚Q‹…’c@‚P‚S‚T‰­‰~’´‘ˆ’Dí‚ÍÅI‹Ç–Ê‚É,https://news.yahoo.co.jp/articles/cb66dc9b7fe60dcd3efe5159956b279235a96440,1/7(“ú) 5:00
sanspo,ƒTƒ“ƒPƒCƒXƒ|[ƒc,ÂR‹IM‚³‚ñæ]•ñ‚©‚çˆê–é–¾‚¯@u‘’‹V‚Íg“à‚ÅÃ‚©‚Écv,https://news.yahoo.co.jp/articles/d529b62afe4536a1a4c9ad40440c3801218b445f,1/7(“ú) 5:00
sanspo,ƒTƒ“ƒPƒCƒXƒ|[ƒc,“c“ç—œX‰ÔA¬l®‚Å‚ ‚Å‚â‚©‚È°‚ê’…p”â˜I@’·”¯‚ğu‚R‚OƒZƒ“ƒ`Ø‚è‚Ü‚µ‚½v,https://news.yahoo.co.jp/articles/c86bd67c964053d1a8e91aba3e4d144bde14ef4b,1/7(“ú) 5:00
sanspo,ƒTƒ“ƒPƒCƒXƒ|[ƒc,ã_E‰ª“c²•zŠÄ“Â‚ªƒ~ƒGƒZƒX‚ğ‡€ƒoƒŒƒ“ƒeƒBƒ“‰»‡@‘ÅŒ‚‰ü‘¢Œv‰æ‚ğ–¾‚©‚·,https://news.yahoo.co.jp/articles/666d39c17a90c272532ebe7fcb458af1db9fecf1,1/7(“ú) 5:00
sanspo,ƒTƒ“ƒPƒCƒXƒ|[ƒc,ã_E–Ø˜Q¹–ç‚ª©åƒgƒŒ‚ğŒöŠJ@l‹Cƒ†[ƒ`ƒ…[ƒo[uƒ~ƒmƒ‹ƒ}ƒ“våÃ‚Ì–ì‹…{İ‚Å‚à‡€•×‹­‡u‚Ü‚¸©•ª‚Ì‘Ì‚ğ‚æ‚­’m‚év,https://news.yahoo.co.jp/articles/e3c7d185073ed61ad750259cb4a2ee87db9b00c3,1/7(“ú) 5:00
sanspo,ƒTƒ“ƒPƒCƒXƒ|[ƒc,“ú–{ƒnƒ€E—é–ØŒ’–î‚ª¡ƒIƒt‚à“n•Ór‰î‚É’íq“ü‚è@uƒ~ƒXƒ^[ƒTƒuƒ}ƒŠƒ“v‚©‚ç‹ÉˆÓ‚ğŠw‚Ô,https://news.yahoo.co.jp/articles/9529fb14fe56b4f65282cb38f335aaa799219a71,1/7(“ú) 5:00
sanspo,ƒTƒ“ƒPƒCƒXƒ|[ƒc,ã_E‰h}—T‹M‚ª‰“®•‰‰×ƒgƒŒ[ƒjƒ“ƒO‚ğ“±“üu‚·‚²‚¢“®‚«‚â‚·‚³‚Í‚ ‚év,https://news.yahoo.co.jp/articles/4cc8043537e3ad7e7fca7fab5f68eb226c692add,1/7(“ú) 5:00
sanspo,ƒTƒ“ƒPƒCƒXƒ|[ƒc,ã_E‘ºãèñ÷‚ª”Nn‚É‰¶tE’q•ÙŠw‰€‚Ì¬âŠÄ“Â‚©‚çŒƒ—ã,https://news.yahoo.co.jp/articles/a22826ce2d6f705ec25d9f19a6c784c63b034497,1/7(“ú) 5:00
sanspo,ƒTƒ“ƒPƒCƒXƒ|[ƒc,”½’¬—²jA‚¤‚¾‚Â‚Ìã‚ª‚ç‚Ê’j–ğ‚ğ”M‰‰@À¶Šˆ‚Å‚Íuƒ‰[ƒƒ““X‚Å—×‚Ìl‚Ì‚à‚Ì‚ğH‚×‚½‚èv‚Æ¸”s’k,https://news.yahoo.co.jp/articles/14656c8a3cc28306e31dd47ecf324132821a3362,1/7(“ú) 5:00
sanspo,ƒTƒ“ƒPƒCƒXƒ|[ƒc,ã_E‰Á¡‰®˜@‚ª–Â”ö•l‚É‚Q‚O‚Q‚S”Nˆê”Ôæ‚è‚Å“oê@‚¨‚İ‚­‚¶‚Íu‰Æ‘°‚İ‚ñ‚È‚ª‘å‹g‚Å‚µ‚½v,https://news.yahoo.co.jp/articles/37136e72ac28b6e18fc136a1d055caabce68f9aa,1/7(“ú) 5:00
sanspo,ƒTƒ“ƒPƒCƒXƒ|[ƒc,ƒ„ƒNƒ‹ƒgE¬ì‘×O‚ª“Š‹…ƒtƒH[ƒ€‰ü‘¢‚É’…è@uŒ¶˜fv‚ğ’Ç‹‚µ‚Äƒ‰ƒCƒAƒ““Š–@‚ğƒAƒbƒvƒf[ƒg,https://news.yahoo.co.jp/articles/f528552e9a4c65c78fa6f477e068c197a6bd0b56,1/7(“ú) 5:00
sanspo,ƒTƒ“ƒPƒCƒXƒ|[ƒc,ã_EÂ–öW—m‚ªbq‰€‚ÅŒˆˆÓV‚½u‚Ğ‚Æ‚Â•Ï‚í‚é‚Æ‚µ‚½‚ç©•ª‚Ì—§êv,https://news.yahoo.co.jp/articles/2d2942f7b2fcc546f83fa2df1b9f16d50ace33ea,1/7(“ú) 5:00
sanspo,ƒTƒ“ƒPƒCƒXƒ|[ƒc,y“òèƒ{[ƒgE‚f‡VƒI[ƒ‹ƒŒƒfƒB[ƒXz‚R“ú–Ú—…‚à‘Ì‚Í–³–@•½‚“ŞØ‚ª‚Q‘–‚P‚V“_ƒmƒ‹ƒ}“Ë”j‚Ö’ê—Í‚İ‚¹‚é,https://news.yahoo.co.jp/articles/4307403a9a36903268524da3a889bfa82deccc89,1/7(“ú) 4:57
sanspo,ƒTƒ“ƒPƒCƒXƒ|[ƒc,y‘å‘ºƒ{[ƒg‚o‚f‡TE‚a‚a‚bƒg[ƒiƒƒ“ƒgz‘å‘º‚Ì…–ÊIÒ,https://news.yahoo.co.jp/articles/54ceac46bd5ae96897758a98b6d1d0f4d62b0b25,1/7(“ú) 4:54
sanspo,ƒTƒ“ƒPƒCƒXƒ|[ƒc,‚s‚t‚a‚d•‚f‚`‚b‚j‚s‚ª^“~‚ÌƒRƒ‰ƒ{I@‡€‰Äƒoƒ“ƒh‡‚Ì‚QŒƒŠƒŠ[ƒX•‹¤ìƒVƒ“ƒOƒ‹‚Í‚Æ‚à‚É‰A‚QE‚Q‚W”­”„uƒTƒˆƒiƒ‰‚Ì‚©‚í‚è‚Év,https://news.yahoo.co.jp/articles/156318a5ce83b5c3b50f8683941e4d4e98793995,1/7(“ú) 4:00
sanspo,ƒTƒ“ƒPƒCƒXƒ|[ƒc,s‘D‹´‚Í‚o‚jí‚ÅŒˆŸ‚È‚ç‚¸@‚i‚Q´…“à’è‚Ì‚e‚vŒSi——ˆuƒvƒ‚Å‚àŒ‹‰Ê‚ğc‚µ‚½‚¢v,https://news.yahoo.co.jp/articles/14125563a5d6942742762019152004cf9b16b97e,1/6(“y) 23:55
sanspo,ƒTƒ“ƒPƒCƒXƒ|[ƒc,–x‰z‚Í‘—§‚Ì‚o‚j’e‚Åˆê–î•ñ‚¢‚é@å«‚e‚v’†‘ºŒ’‘¾u‹¹‚ğ’£‚Á‚Ä‚¢‚¢Œ‹‰Ê‚¾‚Æv‚¤v,https://news.yahoo.co.jp/articles/3ef7687ebf5abcf65fc60528023effb24703bdb8,1/6(“y) 23:54
sanspo,ƒTƒ“ƒPƒCƒXƒ|[ƒc,—q‚ÌAÀ‚ª€XŒˆŸ‚Å‹à—–‰ï‚Æ‚Ì‹­‹‘ÎŒˆ§‚·@‚Q”N‚Ô‚è‚T“x–Ú‚Ì—DŸ‚Ö‘Oi,https://news.yahoo.co.jp/articles/9a32bad60a0c297f2b54c9d78fc3911c2a35af8e,1/6(“y) 23:37
sanspo,ƒTƒ“ƒPƒCƒXƒ|[ƒc,’jq‚Ì¸—z‚ª‰‚ÌƒxƒXƒg‚Sio@ƒG[ƒX‚Ì¬RŠCcu‚ ‚Æ‚Qí‚Å“ú–{ˆêB©•ª‚Å‚à‹Á‚«v,https://news.yahoo.co.jp/articles/476f9559a4d3468914afd718d0a185f2d3dd0313,1/6(“y) 23:34
sanspo,ƒTƒ“ƒPƒCƒXƒ|[ƒc,’jq‚Ìx‘äŠw‰€‚ª‘S‘‚QŠ¥•˜A”e‚Ö‚ ‚Æ‚QŸ@‚P‚X‚UƒZƒ“ƒ`‚Ì‚Q”N¶Eì–ì‘ô–‚ª‘å“–‚½‚è,https://news.yahoo.co.jp/articles/0ba0e6b1b892596991e6aec075f7593b0e49bd05,1/6(“y) 23:18
sanspo,ƒTƒ“ƒPƒCƒXƒ|[ƒc,—q‚Ì‰º–k‘ò¬“¿‚ª—â‚âŠ¾‚S‹­@‚RŠ¥‚Ö‚Ì—ûc‚Q”N¶ƒG[ƒX‚ÌƒCƒF[ƒ‚ƒ“u‹t‚É‚æ‚©‚Á‚½v,https://news.yahoo.co.jp/articles/a366fd132a255315b41c69141f792f5d570ec891,1/6(“y) 23:04
sanspo,ƒTƒ“ƒPƒCƒXƒ|[ƒc,Šy“V‚c‚PˆÊEŒÃÓ÷‚ÍŒF‚Ì‚Ê‚¢‚®‚é‚İ‚ğ‚Á‚Ä“ü—¾@u‚±‚ê‚ğŒ©‚é‚Æ–ì‹…‚Ì‰S‚É–ß‚ê‚év,https://news.yahoo.co.jp/articles/270b9e64a4c39ebaa534865ded1cda937b82936c,1/6(“y) 22:45
sanspo,ƒTƒ“ƒPƒCƒXƒ|[ƒc,é‹Ê‚ªÅ‘å‚Q‚Q“_ƒrƒnƒCƒ“ƒh‚©‚ç‘å‹t“]Ÿ‚¿@ŠJ–‹‚S˜AŸ‚ÅñˆÊ‚ğ€ç^ƒŠ[ƒOƒƒ“,https://news.yahoo.co.jp/articles/484f1774dfc9559b05e627bdf0c680a807e64bc9,1/6(“y) 22:19
sanspo,ƒTƒ“ƒPƒCƒXƒ|[ƒc,‚c‚…‚m‚`EÎ“cŒ’‘å‚Í‚e‚`c—¯‚Å‚P‚O”N–Ú‚Ìß–Ú@u‘æ“ñ‚Ìl¶Bˆê‚©‚ç‚ÌƒXƒ^[ƒgv,https://news.yahoo.co.jp/articles/6c9267265766c338a9228928fda179dc0c3e5b81,1/6(“y) 22:11
sanspo,ƒTƒ“ƒPƒCƒXƒ|[ƒc,‚c‚…‚m‚`EˆÉ¨‘å–²‚ªçŒì_’Dæ‚ğéŒ¾@Rè•XŒ´‚ç‚Æ‚Ìƒoƒgƒ‹u‹£‘ˆ‚ğ”ğ‚¯‚éˆÓ–¡‚Í‚È‚¢v,https://news.yahoo.co.jp/articles/afb6fa9445428646d8dcaa93df0d064e1ecd24d9,1/6(“y) 22:09
sanspo,ƒTƒ“ƒPƒCƒXƒ|[ƒc,“Œ•Ÿ‰ª‚Íƒƒ“ƒo[ŠO‚Ì‚R”N¶‚àWŒ‹@˜A”e‚ÖŒü‚¯‚Ä‰~w‚ğ‘g‚ñ‚Å‰‰‡‰Ì,https://news.yahoo.co.jp/articles/c3532ce5c796db8beb612597c5c19a973a218148,1/6(“y) 21:53
sanspo,ƒTƒ“ƒPƒCƒXƒ|[ƒc,‹ËˆüŠw‰€‚Í—ûKŒã‚ÌƒSƒ~E‚¢‚Å—Õí‘Ô¨@S‚ğ´‚ß‚Ä‚S“x–Ú‚Ì’¸“_‚ğ‘_‚¤,https://news.yahoo.co.jp/articles/9aa61387bb4c7194738f30b994dfeb396852414e,1/6(“y) 21:48
sanspo,ƒTƒ“ƒPƒCƒXƒ|[ƒc,—q‚Ì“ss‘å‰–K‚Íƒtƒ‹ƒZƒbƒg‚Å—ÜcƒCƒ“ƒ^[ƒnƒC€—DŸZ‚ª€XŒˆŸ‚Å”s‘Ş,https://news.yahoo.co.jp/articles/1df7a58a3a93181b7a6b6d2e90dbd73d481e93f7,1/6(“y) 21:37
sanspo,ƒTƒ“ƒPƒCƒXƒ|[ƒc,‡€ŠC‘¯‡‹ß]‚ª‰‚ÌŒˆŸioI@‘O“c‚FŠÄ“Â‚Íu¹’n‘—§‹£‹Zê‚Ì•µˆÍ‹C‚ÅiƒmƒŠ‚Éjæ‚Á‚¿‚á‚Á‚½v,https://news.yahoo.co.jp/articles/029413d0bfe5ce691fc3adf41c733755a766ec7e,1/6(“y) 21:28
sanspo,ƒTƒ“ƒPƒCƒXƒ|[ƒc,“Œ‹‚r‚f‚ÌƒRƒ‹ƒr‚ª‰ƒgƒ‰ƒC@–Òƒ`ƒƒ[ƒW‚Å‚f‚j‚à‚Q‚Â‘j~@ƒ`[ƒ€‚Íb’è‚QˆÊ‚É•‚ã^ƒŠ[ƒOƒƒ“,https://news.yahoo.co.jp/articles/32131650027344c0668e560427021280aca51c73,1/6(“y) 21:18
sanspo,ƒTƒ“ƒPƒCƒXƒ|[ƒc,—q‚Ìˆ®ìÀ‚ªƒxƒXƒg‚Sio@‚Z‘‘Ì€—DŸ‚Ì“ss‘å‰–K‚ğƒtƒ‹ƒZƒbƒg‚ÅŒ‚”j,https://news.yahoo.co.jp/articles/367342395533a9eee5150c95f481147c0c77fc5e,1/6(“y) 20:37
sanspo,ƒTƒ“ƒPƒCƒXƒ|[ƒc,‹lEŠÛ‰À_Aƒvƒ‚P‚V”N–Ú‚Ì¡‹G‚Í‹ŠE‚Í—ÇDIH@ƒIƒt‚ÉƒŒ[ƒVƒbƒNèp‚ğó‚¯‚½‚±‚Æ‚ğ–¾‚©‚·,https://news.yahoo.co.jp/articles/770068b136120f783c58889b4f6f10c98820459c,1/6(“y) 20:27
sanspo,ƒTƒ“ƒPƒCƒXƒ|[ƒc,L“‡EX‰º’¨m‚ª‡€ƒ}ƒGƒPƒ“ƒXƒ‰ƒCƒ_[‡K“¾–Úw‚·I‚V“ú‚©‚ç‘O“cŒ’‘¾‚Æ‡“¯ƒgƒŒ,https://news.yahoo.co.jp/articles/c39bf21b1fbd937ced7c3ba8b9993780c66332bd,1/6(“y) 20:26
sanspo,ƒTƒ“ƒPƒCƒXƒ|[ƒc,‹lE‰ª–{˜a^u‚l\‚PƒOƒ‰ƒ“ƒvƒŠv‚ğU‚è•Ô‚é@‚­‚¶ˆø‚«–ğ‚Éu‚ ‚Ì‰ïê‚Åˆê”Ô‹Ù’£‚µ‚Ä‚Ü‚µ‚½v,https://news.yahoo.co.jp/articles/ae0458556a470eec5d1d4794764ce46d64f8d3ae,1/6(“y) 20:25
sanspo,ƒTƒ“ƒPƒCƒXƒ|[ƒc,“ú–{ƒnƒ€EãŒ´Œ’‘¾‚ª¡”N‰‚Ìƒuƒ‹ƒyƒ“‚Å‚R‚T‹…@u–ˆ”NƒGƒ“ƒWƒ“‚ª‚©‚©‚é‚Ì‚ª’x‚¢‚Ì‚Å‘‚ß‚Év,https://news.yahoo.co.jp/articles/1ddd03c5f94d303ecf173ddea7b95ffb0d18ce09,1/6(“y) 20:12
sanspo,ƒTƒ“ƒPƒCƒXƒ|[ƒc,“ú–{ƒnƒ€EŒSi—T–ç‚ªƒvƒ‚T”N–Ú‚Ì¾‚¢@‹…’c‚QŒR{İ‚Ån“®u‹K’è‘ÅÈ‚É’B‚µ‚½‚¢v,https://news.yahoo.co.jp/articles/0f0ddb6a6efef465b99e8075f9fc2da5b161502c,1/6(“y) 20:04
sanspo,ƒTƒ“ƒPƒCƒXƒ|[ƒc,—q‚Ì‰¡•l”¹l‚Í€XŒˆŸ”s‘Ş‚É‚à[ÀŠ´@’·ˆä—¢å«u‚â‚è‚«‚é‚±‚Æ‚ª‚Å‚«‚½v,https://news.yahoo.co.jp/articles/3600cc6960f63e1c32faa692719e18e56d64bf5c,1/6(“y) 20:02
sanspo,ƒTƒ“ƒPƒCƒXƒ|[ƒc,yƒtƒFƒAƒŠ[‚rzƒeƒŠƒIƒXƒTƒ‰”\—Í‚Ì‚‚³‚ÍØ–¾Ï‚İI@Ÿ‚Á‚Ä÷íü‚Ö,https://news.yahoo.co.jp/articles/647f9c8f809e4748cb8cbec639ec6cd087d0e64b,1/6(“y) 19:55
sanspo,ƒTƒ“ƒPƒCƒXƒ|[ƒc,ƒIƒŠƒbƒNƒX‚Ì‚s|‰ª“c‚ªˆÀ’B—¹ˆê‚Æƒtƒ@ƒ“ƒ~[ƒeƒBƒ“ƒO‚ÉQ‰Á@ƒ`ƒPƒbƒgŠ®”„‚Éu‚±‚Ì‘g‚İ‡‚í‚¹‚Å—ˆ‚élA‚È‚©‚È‚©ƒ}ƒjƒAƒbƒNv,https://news.yahoo.co.jp/articles/5cda17237bf028f27b3f221fa15e4828e62cc1cc,1/6(“y) 19:52
sanspo,ƒTƒ“ƒPƒCƒXƒ|[ƒc,yƒtƒFƒAƒŠ[‚r@’²‹³ƒ`ƒFƒbƒJ[ƒYz‚‚¢Š®¬“xI@ƒLƒƒƒbƒgƒtƒ@ƒCƒg‚ª‚P”Ôè,https://news.yahoo.co.jp/articles/60b72faf0977ab09b4b07a3f1736488c671999d7,1/6(“y) 19:50
sanspo,ƒTƒ“ƒPƒCƒXƒ|[ƒc,¼•‚c‚RˆÊE™Rê¡Šó‚ªu‚¨‚Ï‚ñ‚¿‚ã‚¤‚³‚¬v‚Æ“ü—¾@‚U‚O‚O‚O‰~ˆÈã“Š“ü‚µ‚½ƒNƒŒ[ƒ“ƒQ[ƒ€‚Ìí—˜•i,https://news.yahoo.co.jp/articles/6f16f6bd6ab9f57926aea6a2f3c2a73bab46b7a0,1/6(“y) 19:49
sanspo,ƒTƒ“ƒPƒCƒXƒ|[ƒc,’jq‚Ì•ŸˆäH‘å•Ÿˆä‚ªŒ§¨‰‚Ì‚S‹­“ü‚è@ƒG[ƒX‚Åå«‚Ì’ç™€œ·u•Ç‚ğ‰z‚¦‚ç‚ê‚½v,https://news.yahoo.co.jp/articles/4626f156339c85ca1929f016741850f03b2e051c,1/6(“y) 19:48
sanspo,ƒTƒ“ƒPƒCƒXƒ|[ƒc,—q‚Ì‹à—–‰ï‚Í—DŸŒó•â‘ÎŒˆ‚É”s‚ê‚S‹­‚È‚ç‚¸@ã‘ºˆÇØu©•ª‚Æ‚µ‚Ä‚Í‚â‚è‚«‚Á‚½v,https://news.yahoo.co.jp/articles/fc15bfd0faa0fefaad5d4139283b49cd7a8795c8,1/6(“y) 19:44
sanspo,ƒTƒ“ƒPƒCƒXƒ|[ƒc,ƒ—ó•–k“‡O˜Y‚ª‰ƒRƒ‰ƒ{@ƒ—ó‚Ì‚QŒ”­”„V‹È‚ğ‰‚ß‚Ä–k“‡‚ªì‹È,https://news.yahoo.co.jp/articles/ee5475e9c6eaa8bdde99ab6eb8441b2e383faa7d,1/6(“y) 19:28
sanspo,ƒTƒ“ƒPƒCƒXƒ|[ƒc,‘åŠÖ‹MŒiŸ‚Íˆê–å‚Ì˜A‡ŒmŒÃ‚ğŒ‡È@t ‚Ìí”ÕRe•û‚Í–«‰»‚µ‚Ä‚¢‚éñ’É‚Ì‰e‹¿‚Æà–¾,https://news.yahoo.co.jp/articles/624c9c8724cb358da5f791c058e8c8cd2b7a1f30,1/6(“y) 19:28
sanspo,ƒTƒ“ƒPƒCƒXƒ|[ƒc,“¡ˆä‘‘¾”ªŠ¥A”\“o”¼“‡’nkŒã‚Ì‰¤«í‚ÉŒü‚¯‚Äu‘Î‹Ç‚Å‚«‚é‚±‚Æ‚ÉŠ´Ó‚µ‚È‚ª‚ç‘S—Í‚ğs‚­‚·v^«Šû,https://news.yahoo.co.jp/articles/d36ba71ea0f71f4335a599f7e45fdc923a3afb30,1/6(“y) 19:25
sanspo,ƒTƒ“ƒPƒCƒXƒ|[ƒc,y‚·‚Î‚é‚rzƒGƒ“ƒyƒU[‰ƒ_[ƒg‚Å–ôi‚¾I@‚Ğ‚Æ’@‚«Œø‰Ê‚É‚àŠú‘Ò,https://news.yahoo.co.jp/articles/0f970b945bfb8de626f9738c7ee17ec9d1899b8f,1/6(“y) 19:25
sanspo,ƒTƒ“ƒPƒCƒXƒ|[ƒc,‘åŠÖ–¶“‡‚ª“ñŠƒmŠÖˆê–å‚Ì˜A‡ŒmŒÃ‚Åˆ«í‹ê“¬@•‘‚ÌŠC‚Íuj‚Æ‚èv‚É’´Œƒh•],https://news.yahoo.co.jp/articles/65144ecba2e5a204871bb3b23a2feb7933c2e859,1/6(“y) 19:22
sanspo,ƒTƒ“ƒPƒCƒXƒ|[ƒc,yƒ|ƒ‹ƒbƒNƒX‚rzƒLƒ^ƒmƒŠƒ…[ƒI[Ä‚Ñ‹‹r”­Šö‚µ‚Äˆê‹C‚Ì˜AŸ‚Ö,https://news.yahoo.co.jp/articles/5e256138fea3094d2566a1d032cd1c0123e4c22b,1/6(“y) 19:20
sanspo,ƒTƒ“ƒPƒCƒXƒ|[ƒc,y’†R‹à”tz‚UÎ–Ä”nƒNƒNƒi‚ª‚Q’…@ŒËèŒ\‘¾‹Rèu‚·‚²‚­æ‚è‚â‚·‚¢”n‚Å‚µ‚½v,https://news.yahoo.co.jp/articles/93953b3018e0a3040337c525e096b6b7f4a6c7ba,1/6(“y) 19:06
sanspo,ƒTƒ“ƒPƒCƒXƒ|[ƒc,y’†R‹à”tzdÜ‰’§í‚Ìƒ}ƒCƒlƒ‹ƒNƒŠƒ\[ƒ‰‚Í‚R’…@‚lƒfƒ€[ƒ‹Rèu‚à‚¤­‚µ—¬‚ê‚ª‘¬‚­‚È‚Á‚Ä‚Ù‚µ‚©‚Á‚½‚Å‚·v,https://news.yahoo.co.jp/articles/96c07dc8de66c07a6a8547bca907938954252739,1/6(“y) 19:05
sanspo,ƒTƒ“ƒPƒCƒXƒ|[ƒc,y’†R‹à”tz‚P”Ôl‹CƒGƒsƒtƒ@ƒj[‚Í‚P‚P’…‘å”s@ƒs[ƒqƒ…ƒŒƒN‹Rèu—Í‚İ‚È‚ª‚ç‘–‚Á‚Ä‘§‚ª‚à‚¿‚Ü‚¹‚ñ‚Å‚µ‚½v,https://news.yahoo.co.jp/articles/67f5552ee5272e8db7239456f13f0c0b18053ad5,1/6(“y) 19:04
sanspo,ƒTƒ“ƒPƒCƒXƒ|[ƒc,‚o‚kŠw‰€‚‚n‚a‰ï‚ª§e‰ïŠJÃ@ŒK“c^Ÿ‰ï’·‚Í–¿—FE´Œ´˜a”‚Éƒ‰ƒuƒR[ƒ‹@—DŸ‘_‚¤ƒ}ƒXƒ^[ƒYbq‰€‚Ö‚Ìoê‚Íu–{l‚ÌˆÓv‚ğ‘¸d‚µ‚½‚¢v,https://news.yahoo.co.jp/articles/2703d5380545c834bf819cfbc860bec4b885fc69,1/6(“y) 19:02
sanspo,ƒTƒ“ƒPƒCƒXƒ|[ƒc,ˆäã®–í‚ªuƒUEƒŠƒ“ƒOv‚Ì”NŠÔÅ—DG‘IèÜóÜ@“ú–{‘Iè‰‚Ì‰õ‹“‚Éu‘å•ÏŒõ‰hv@ƒ[ƒhƒ[ƒNÄŠJ,https://news.yahoo.co.jp/articles/f83ebc9c1362b134736b437c49142d4c817cc49d,1/6(“y) 18:41
sanspo,ƒTƒ“ƒPƒCƒXƒ|[ƒc,y‹“s‹à”tzƒZƒbƒVƒ‡ƒ“‚Í“à‚©‚ç·‚³‚ê‚Q’…@âˆä—Ú¯‹Rèu‚¤‚Ü‚­‚¢‚Á‚½‚Æv‚¢‚Ü‚µ‚½‚ªcv,https://news.yahoo.co.jp/articles/5df2fa6d259fd73237805964d888f71507695c1e,1/6(“y) 18:33
sanspo,ƒTƒ“ƒPƒCƒXƒ|[ƒc,y‹“s‹à”tz‚P”Ôl‹CƒgƒD[ƒhƒWƒ{ƒ“‚Í‚R’…@“¡‰ª—C‰î‹Rèu—Í‚Í¦‚µ‚Ä‚­‚ê‚Ü‚µ‚½v,https://news.yahoo.co.jp/articles/b41985eb6c2a48b915f15c53f078c6930d4e8b2d,1/6(“y) 18:33
sanspo,ƒTƒ“ƒPƒCƒXƒ|[ƒc,’†“‡Œ’lAŒüˆäN“ñ‚Æ‚Ìƒfƒ…ƒI‚Åƒfƒrƒ…[IH@u‹È‚ÍwlŠÔƒhƒbƒNx‚Å‚·v,https://news.yahoo.co.jp/articles/c661c2d34fb4cbd3c328e81f2a81d184d4d422a2,1/6(“y) 18:31
sanspo,ƒTƒ“ƒPƒCƒXƒ|[ƒc,‚c‚…‚m‚`ERèNW‚ÍuŒ´“_‰ñ‹Av‚ÅçŒì_’DŠÒ‚Ö@‡€‘æ‚R‚Ì‹…í‡ƒXƒ‰ƒCƒ_[–‚­,https://news.yahoo.co.jp/articles/07b78eab24a938eda0a2a184a2759e2072f400d9,1/6(“y) 17:15
sanspo,ƒTƒ“ƒPƒCƒXƒ|[ƒc,é‹Ê‚ªŒã”¼‚T˜A‘±ƒgƒ‰ƒC‚Å‚P‚X“_·‚ğ‚Ğ‚Á‚­‚è•Ô‚µ‚Äƒgƒˆƒ^‚É‹t“]Ÿ‚¿@ŠJ–‹‚S˜AŸ^ƒŠ[ƒOƒƒ“,https://news.yahoo.co.jp/articles/547e7ce23b4156339c1173410e708e77816c0685,1/6(“y) 17:06
sanspo,ƒTƒ“ƒPƒCƒXƒ|[ƒc,‹lEÔ¯—Du‚Ìƒ}ƒCƒu[ƒ€‚Í‘|œuÅ‰‚¾‚¯‚Í‚Æv‚Á‚Ä‚â‚Á‚Ä‚¢‚Ü‚·vVtƒg[ƒNƒVƒ‡[‚ÉQ‰Á,https://news.yahoo.co.jp/articles/f9f1d8723639e13802206d01758cbc7c5db87502,1/6(“y) 16:50
sanspo,ƒTƒ“ƒPƒCƒXƒ|[ƒc,‹lERèˆÉD‚ªƒg[ƒNƒVƒ‡[‚Å‡€”ü—e’jq‡‚Ìˆê–Ê‚ğ”â˜I@u‚¢‚¢‰»Ï•i‚Í‚¦‚¦“õ‚¢‚·‚é‚ñ‚Å‚·‚æv,https://news.yahoo.co.jp/articles/dcfcefc3740390efdcfc99fab37a1e77c31003f1,1/6(“y) 16:36
sanspo,ƒTƒ“ƒPƒCƒXƒ|[ƒc,y’†R‹à”tzƒŠƒJƒ“ƒJƒu[ƒ‹‚ªDˆÊ‚©‚ç”²‚¯o‚µdÜ‰‚uI@’Ã‘º–¾G‹Rèu‚±‚ê‚©‚ç‚à‚Á‚Æ—Ç‚­‚È‚é‚Æv‚¢‚Ü‚·v,https://news.yahoo.co.jp/articles/517f499a10d8021aec59e52e11c03d65c65fd5a1,1/6(“y) 16:30
sanspo,ƒTƒ“ƒPƒCƒXƒ|[ƒc,‚d‚w‚h‚k‚d@‚a@‚g‚`‚o‚o‚x‚ªV”N‰ƒXƒe[ƒW@‚s‚d‚s‚r‚t‚x‚`u‚g‚`‚o‚o‚x‚Ì—Ö‚ğL‚°‚Ä‚¢‚«‚½‚¢v,https://news.yahoo.co.jp/articles/3cc42200a6c8b0423fb11363cf10d765d06799fd,1/6(“y) 16:27
sanspo,ƒTƒ“ƒPƒCƒXƒ|[ƒc,ã_E–Ø˜Q¹–ç‚ªbq‰€º“à‚Å©åƒgƒŒ‚ğŒöŠJ@uƒŠ[ƒO—DŸ•“ú–{ˆê‚Å˜A”e‚ğƒ`[ƒ€‚Æ‚µ‚Ä¬‚µ‹‚°‚ç‚ê‚é‚æ‚¤‚É‚µ‚Á‚©‚èvŒ£‚µ‚Ä‚¢‚«‚½‚¢v,https://news.yahoo.co.jp/articles/24548a4da7f359ac7a7fd2a08fa26a01f7133285,1/6(“y) 16:12
sanspo,ƒTƒ“ƒPƒCƒXƒ|[ƒc,ƒhƒ‰ƒtƒg‚Ì–Ú‹ÊA–¾‘åE@R—Û‚ªn“®@¡”N‚Ì–Ú•W‚Íuƒ`[ƒ€‚ª‚SŠ¥vuOŠ¥‰¤vu‘Å—¦‚TŠ„A–{—Û‘Å‚T–{v@‹lA“ú–{ƒnƒ€‚È‚Ç‚V‹…’c‚P‚Ol‚ÌƒXƒJƒEƒgWŒ‹^“Œ‹˜Z‘åŠw,https://news.yahoo.co.jp/articles/6ba79f9d38fd080eb76f39062a9144539e7aa676,1/6(“y) 16:09
sanspo,ƒTƒ“ƒPƒCƒXƒ|[ƒc,¼•ˆç¬‚c‚UˆÊE‰œ‘ºŒõˆê‚ª“ü—¾@ƒXƒNƒƒbƒg‚Q‚S‚OƒLƒ‚ª“²‚ê‚é‘Ì‚Íu‚È‚©‚â‚Ü‚«‚ñ‚ÉŒNv,https://news.yahoo.co.jp/articles/b99de5a0ad82a2733f4504245a9fd3a0a26e9243,1/6(“y) 16:08
sanspo,ƒTƒ“ƒPƒCƒXƒ|[ƒc,y’†R‹à”tzƒŠƒJƒ“ƒJƒu[ƒ‹‚ªDˆÊ‚©‚ç”²‚¯o‚µdÜ‰§”eI@‚P”Ôl‹CƒGƒsƒtƒ@ƒj[‚Í’¼üL‚Ñ‚¸‚P‚P’…,https://news.yahoo.co.jp/articles/2dced35a6aafb38938ab1543161a18725ed49135,1/6(“y) 16:05
sanspo,ƒTƒ“ƒPƒCƒXƒ|[ƒc,y‹“s‹à”tz•š•ºƒRƒŒƒyƒeƒBƒg[ƒ‹‚ªÅ“à‚ğ“Ë‚¢‚Ä¡”NÅ‰‚Ì‚i‚q‚`dÜ‚ğ§‚·,https://news.yahoo.co.jp/articles/200accc8087daa163bf31ff61dc1a371f61c6c1f,1/6(“y) 15:58
sanspo,ƒTƒ“ƒPƒCƒXƒ|[ƒc,’jq‚Ì‘«—˜‘å•t‚Í‚W‹­“ü‚è‚È‚ç‚¸@‘å’ËŒcŒáå«uƒxƒXƒg‚P‚U‚Í‰÷‚¢‚ªc‚év,https://news.yahoo.co.jp/articles/89bf214c93045180b0b62b00e8ed50b89480b2e9,1/6(“y) 15:53
sanspo,ƒTƒ“ƒPƒCƒXƒ|[ƒc,L“‡EX‰º’¨m‚Æ‹ã—¢ˆŸ˜@‚ª©åƒgƒŒŒöŠJ@ŠJ–‹“Šè–Úw‚·,https://news.yahoo.co.jp/articles/cea45023c6ef085e22343cd9463a7db769922f34,1/6(“y) 15:51
sanspo,ƒTƒ“ƒPƒCƒXƒ|[ƒc,’jq‚Ì‘å‘ºH‚Íå«ƒG[ƒX‚Ì•‰‚ª‹¿‚­@‚Q‰ñí‚Ì‹à¯‚©‚çˆê“]ƒtƒ‹ƒZƒbƒg•‰‚¯,https://news.yahoo.co.jp/articles/6105a1a43e655407f051688c6c7568af5d64b3a6,1/6(“y) 15:50
sanspo,ƒTƒ“ƒPƒCƒXƒ|[ƒc,’jq‚Ì³’q[’J‚Í‚W‹­‚È‚ç‚¸@ƒG[ƒX‚Ì”’–ì‘å‹H‚Í[ÀŠ´u‚±‚Ì•‘‘ä‚Éo‚ê‚ÄŠy‚µ‚©‚Á‚½v,https://news.yahoo.co.jp/articles/42bad17ff9c02bc4f270f98741e8e40102c84ca0,1/6(“y) 15:46
sanspo,ƒTƒ“ƒPƒCƒXƒ|[ƒc,—q‚Ì•ŸˆäH‘å•Ÿˆä‚Í‚R‰ñí”s‘Ş@™–{“ìå«u‚ ‚Æˆê‚ÂŸ‚Á‚Ä¬“¿‚Æ‚à‚¤ˆê‰ñŸ•‰‚µ‚½‚©‚Á‚½v,https://news.yahoo.co.jp/articles/c43e0fbe3b9771e050f6f7e8221c72db6bed0348,1/6(“y) 15:39
sanspo,ƒTƒ“ƒPƒCƒXƒ|[ƒc,y–œ—t‚rzŠiã’§í‚ÌƒƒCƒVƒ‡ƒEƒuƒŒƒQ‚ª‘åŠOˆê‹C‚Ì‹£”n‚Å‚u@ğˆäŠw‹Rèu”n©gA‚¢‚¢ó‘Ô‚Å‚µ‚½v,https://news.yahoo.co.jp/articles/c68aae8ee14632f5c1489e60d17f46ea3ef4b45a,1/6(“y) 15:31
sanspo,ƒTƒ“ƒPƒCƒXƒ|[ƒc,yƒWƒ…ƒjƒA‚bzƒLƒƒƒvƒeƒ“ƒV[‚ªŒã‘±Šñ‚¹•t‚¯‚¸“¦‚°Ø‚è‚uI,https://news.yahoo.co.jp/articles/1ffde0df0e7e184bf0a0f225b3762a86f1f8bbda,1/6(“y) 15:25
sanspo,ƒTƒ“ƒPƒCƒXƒ|[ƒc,‚j‚jƒRƒ“ƒr‚Å‚o‚kŠw‰€‚–ì‹…•”•œ•”‚ğc@ŒK“c^Ÿ‚n‚a‰ï’·‚Í´Œ´˜a”‚Ì‚n‚aŠˆ“®‚Éu‚Å‚«‚é‚æ‚¤‚É‚È‚ê‚Î‚â‚Á‚Ä‚­‚ê‚½‚çv@§e‰ïŒã‚ÉŒê‚é,https://news.yahoo.co.jp/articles/7c48ca3f45b6a5ef20288a5cb7fa851a686fb84e,1/6(“y) 15:16
sanspo,ƒTƒ“ƒPƒCƒXƒ|[ƒc,‚h‚b‚d‚˜‚ª‰Ê^WƒCƒxƒ“ƒgŠJÃ@ŠØ‘‚ÅB‰e‚µAu‹»•±‚ª~‚Ü‚ç‚È‚¢ƒ{ƒŠƒ…[ƒ€–“_‚È“à—e‚É‚È‚Á‚½v,https://news.yahoo.co.jp/articles/0c0c4ac039159e66587bab7138c9808c088e8feb,1/6(“y) 15:09
sanspo,ƒTƒ“ƒPƒCƒXƒ|[ƒc,–{“‡ƒ­A‚T“ú‚É’a¶“ú‚ğŒ}‚¦u‘S—Í‚Å“Ë‚Á‘–‚è‚Ü‚·v,https://news.yahoo.co.jp/articles/a4010a2420e67fc4c44133b8ef159ec45d20afcd,1/6(“y) 15:03
sanspo,ƒTƒ“ƒPƒCƒXƒ|[ƒc,‘íK„‚ª•‘‘äuƒVƒ‰‚Ì—ö•¶v“Œ‹Œö‰‰ŠJ–‹‚Öu‰œ[‚¢–£—Í‚ğŠ´‚¶æ‚Á‚Äv,https://news.yahoo.co.jp/articles/a32d8101833c2bfba3db44750c132b4d840f573f,1/6(“y) 15:00
sanspo,ƒTƒ“ƒPƒCƒXƒ|[ƒc,ã_‚c‚RˆÊER“cãù–ç‚ª‰¶t‚Æ“ñl‚Å‚Â‚©‚ñ‚¾u‚‘²ƒvƒ“ü‚èv‚Ì–²,https://news.yahoo.co.jp/articles/16d55b251b2f750948617d04bd1c6b8da84ce640,1/6(“y) 15:00
sanspo,ƒTƒ“ƒPƒCƒXƒ|[ƒc,u‚¨‚©‚×‚ëv‚ª‚Q‚V“ú‚É¶•ú‘—‚QŠÔ‚r‚o@ŠÖƒWƒƒƒj‡‚Q‚Oü”NŠé‰æ‚à,https://news.yahoo.co.jp/articles/993ec51db1ebc660328b204bd7bcfd22ae0e505f,1/6(“y) 15:00
sanspo,ƒTƒ“ƒPƒCƒXƒ|[ƒc,”N’j‚Ì‘q“Ö‹Mu—´‚Ì‚æ‚¤‚É‚‚­”ò–ô‚Å‚«‚é”N‚Év,https://news.yahoo.co.jp/articles/789c6a2920c57c056ab052d47809fdf3cc360047,1/6(“y) 14:49
sanspo,ƒTƒ“ƒPƒCƒXƒ|[ƒc,¼•‚c‚VˆÊE…ì—º‘¾‚ª‚d‚m‚d‚n‚rE‘å‹v•ÛGºŠÄ“Â‚Ì’˜‘‚ğè‚É“ü—¾uŒ‹‰Ê‚ğo‚·‚±‚Æ‚ªˆê”Ô‚Ì‰¶•Ô‚µv,https://news.yahoo.co.jp/articles/f20b492c96b60f1a11c68d41132882986c1e2bdb,1/6(“y) 14:29
sanspo,ƒTƒ“ƒPƒCƒXƒ|[ƒc,ƒLƒ“ƒO‹Rè‚ª’ZŠú–Æ‹–‰“ú‚É‚u@ğ”N‚WŒˆÈ—ˆ‚Ì“ú–{‚QŸ–Ú,https://news.yahoo.co.jp/articles/49d0c8e4e1a1ec67ab2c2446277777c11e8f594f,1/6(“y) 14:25
sanspo,ƒTƒ“ƒPƒCƒXƒ|[ƒc,y“¿Rƒ{[ƒgz’†‰z”‹I‚ª’ÊZ‚P‚O‚O‚OŸ@u‚±‚ê‚©‚ç‚àƒ}ƒCƒy[ƒX‚Åv,https://news.yahoo.co.jp/articles/6f8dfc244bc1999fac342248a4f5baec881ac734,1/6(“y) 14:25
sanspo,ƒTƒ“ƒPƒCƒXƒ|[ƒc,t‚ƒoƒŒ[@‚R‚W”N‚Ô‚èƒAƒxƒbƒNoê‚ÌKu–ì‚Í’j—‚Æ‚à‚É‚R‰ñí‚ÅpÁ‚·@‡€”ü”š‰¹‡‚ğƒoƒbƒN‚É•±“¬,https://news.yahoo.co.jp/articles/2ecbda29a755f2c05c0e9923e230c6add21a8cf6,1/6(“y) 14:24
sanspo,ƒTƒ“ƒPƒCƒXƒ|[ƒc,ƒ‹ƒ[ƒgƒ‹‹Rè‚ª—ˆ“ú‰Ÿ—˜uŠæ’£‚Á‚Ä‚¢‚ép‚ğŒ©‚Ä‚à‚ç‚¦‚ê‚Îv,https://news.yahoo.co.jp/articles/cf82c70fa5c70cc64981a8ad51a5e6fcdf13a19d,1/6(“y) 14:04
sanspo,ƒTƒ“ƒPƒCƒXƒ|[ƒc,u‘Š–_vŒ³“ú‚r‚oÄ•ú‘—‚Ö’²®@”\“o”¼“‡’nk‚Å•ú‘—’†’f,https://news.yahoo.co.jp/articles/4632df802b5f4c41aec473519cfda9a512a1a880,1/6(“y) 13:58
sanspo,ƒTƒ“ƒPƒCƒXƒ|[ƒc,“ú–{ƒnƒ€E“Ş—ÇŠÔ‘åŒÈ‚ªˆê”Ê—«‚Æ“üĞu‚Ç‚ñ‚È‚à”w’†‚ğ‰Ÿ‚µ‚Ä‚­‚ê‚é‰Æ‘°‚ÉŠ´Óv,https://news.yahoo.co.jp/articles/f630b5d45a23df907c3fb1e702fd57f52f6116b7,1/6(“y) 13:40
sanspo,ƒTƒ“ƒPƒCƒXƒ|[ƒc,ƒ„[ƒŒƒ“ƒYA‚l|‚Pƒlƒ^uƒoƒiƒi‚Æ‚¢‚Á‚½‚ç`ŠÛ”ü‰®v@ƒvƒŒƒ[ƒ“ƒg“Í‚¢‚½,https://news.yahoo.co.jp/articles/8265645cc98d0c258f5ecd01d0a3b148fdabd505,1/6(“y) 13:17
sanspo,ƒTƒ“ƒPƒCƒXƒ|[ƒc,‹“s‹£”nê‚Å‘½‚­‚ÌƒWƒ‡ƒbƒL[A’²‹³t‚ª”\“o”¼“‡’nk‹]µÒ‚É–Ù‚Æ‚¤,https://news.yahoo.co.jp/articles/43f77dd6062062dacd5e459d91933637c6c98867,1/6(“y) 13:07
sanspo,ƒTƒ“ƒPƒCƒXƒ|[ƒc,‚Q˜A”e‘_‚Á‚½ŒÃìŠw‰€‚Í‹à—–‰ï‚ÉÉ”s@‚P”N¶å‘Ìƒ`[ƒ€‚Ìå«EÆˆäu‹ê‚µ‚©‚Á‚½‚ªt‚Šy‚µ‚ß‚½v^t‚ƒoƒŒ[,https://news.yahoo.co.jp/articles/6172603fc6d1e66dc722b1707fa767f3cd958768,1/6(“y) 13:04
sanspo,ƒTƒ“ƒPƒCƒXƒ|[ƒc,t‚ƒoƒŒ[@D–yR‚ÌèA‚Q”N‚Ô‚è’¸“_‘_‚¤AÀ‚ÉƒXƒgƒŒ[ƒg•‰‚¯@å«E•“c•S‰Ôuƒ~ƒX‚ğ‡‚ÌÅŒã‚Ü‚Åˆø‚«‚¸‚Á‚Ä‚µ‚Ü‚Á‚½v,https://news.yahoo.co.jp/articles/0426d1d7a0241256776a6d3ed6dd4a510c3fe67f,1/6(“y) 13:01
sanspo,ƒTƒ“ƒPƒCƒXƒ|[ƒc,‚o‚kŠw‰€–ì‹…•”•œŠˆ‚Öu‚¢‚ë‚¢‚ëŒv‰æ‚µ‚Ä‚¢‚Ü‚·vŒK“c^Ÿ‚n‚a‰ï’·‚ª‚T“ú‚É‹³’c‘¤‚ÆŒğÂ,https://news.yahoo.co.jp/articles/7797b4f9b68a1aa9b5daf0931ebd4035c615e7fa,1/6(“y) 12:58
sanspo,ƒTƒ“ƒPƒCƒXƒ|[ƒc,’†R‚Å‚i‚q‚`—–’·A‘SƒWƒ‡ƒbƒL[‚ª”\“o”¼“‡’nk‹]µÒ‚É–Ù‚Æ‚¤,https://news.yahoo.co.jp/articles/c2e9dc4d136878fbd806b9ad43111933ce1ef36d,1/6(“y) 12:48
sanspo,ƒTƒ“ƒPƒCƒXƒ|[ƒc,Œ³‚`‚j‚a‚S‚W‚Ì¬“ˆ^qA”o—D‚Ì–ØŒË—W–í‚ÆŒ‹¥,https://news.yahoo.co.jp/articles/ba86f76484b7fe53fc5a8d06fe7bb39df667d35f,1/6(“y) 12:42
sanspo,ƒTƒ“ƒPƒCƒXƒ|[ƒc,Å‚—î‚i‚q‚`dÜŸ‚¿”nƒTƒNƒ‰ƒGƒCƒRƒEƒI[€‚·@ğ”N‚P‚QŒ‚É‚R‚QÎ‚Åu“Võ‚ğ‘S‚¤v,https://news.yahoo.co.jp/articles/5dc06916b8d937d6cd5a3fcc1070b896d6feeaff,1/6(“y) 12:36
sanspo,ƒTƒ“ƒPƒCƒXƒ|[ƒc,¼•ˆç¬‚c‚SˆÊE‹àqŒ÷™‚ª“ü—¾@ƒƒbƒe‚©‚çŒ_–ñ‰ğœ‚³‚ê‚½´“cˆçG‚©‚çö‚©‚Á‚½‹àŒ¾‚Æ‚ÍH,https://news.yahoo.co.jp/articles/9bddd8d995d306e87507c466c931eb6424b7b9b2,1/6(“y) 12:04
sanspo,ƒTƒ“ƒPƒCƒXƒ|[ƒc,ƒ^ƒCƒgƒ‹ƒzƒ‹ƒ_[‚ªƒŒƒbƒNƒXƒXƒ^ƒbƒh‚É“’…@•ƒq‚R‘ãƒŠ[ƒfƒBƒ“ƒOƒTƒCƒA[‚É’§í,https://news.yahoo.co.jp/articles/3dfddf4ad65c0e00334ae26b58bba8dbc51a72ce,1/6(“y) 12:03
sanspo,ƒTƒ“ƒPƒCƒXƒ|[ƒc,y’†R‹à”t•‹“s‹à”tz‚Â‚Î‹ã˜Y‚Ìw‰Š‚Ì‚R”ÔŸ•‰xÅIíIu‚R‚ê‚ñ‚½‚ñ‚Ü‚é‚¿‚Å‚µ‚å‚¤‚Ôv,https://news.yahoo.co.jp/articles/4dcc4b57b87ca755f72f6fa0d336faba78c88fee,1/6(“y) 11:55
sanspo,ƒTƒ“ƒPƒCƒXƒ|[ƒc,ğ”N‚ÌƒtƒFƒuƒ‰ƒŠ[‚r•ƒ`ƒƒƒ“ƒsƒIƒ“ƒY‚bŸ‚¿”nƒŒƒ‚ƒ“ƒ|ƒbƒv‚ÍƒTƒEƒW‚b‚Ö,https://news.yahoo.co.jp/articles/52a6fb441e30db6b659e49cc833a3f2a7813ed40,1/6(“y) 11:49
sanspo,ƒTƒ“ƒPƒCƒXƒ|[ƒc,y‘å‘ºƒ{[ƒgEƒ~ƒbƒhƒiƒCƒgƒ{[ƒgƒŒ[ƒXzã”VWO‚Í€—Dioí‚R’…‚àu’†ŠÔ‘«A‰ñ‚è‘«‚ª‚¢‚¢v‚Æ‘Š–_‚Q‚X†‹@‚ğ‚•]‰¿,https://news.yahoo.co.jp/articles/f44e5f4e8722fadf8e4c83970a4570d56a41d989,1/6(“y) 11:29
sanspo,ƒTƒ“ƒPƒCƒXƒ|[ƒc,¬—Ñ”ü‹î‹Rè‚ª’†R‚Q‚q‚Å‚Q‚O‚Q‚S”NŠJ–‹‰“ú‚uul”n‚Æ‚à‚É‚¯‚ª‚È‚­Šæ’£‚è‚½‚¢‚Æv‚¢‚Ü‚·v,https://news.yahoo.co.jp/articles/0ae51d6cda07c08aadf362da6514557b0b79d53e,1/6(“y) 11:21
sanspo,ƒTƒ“ƒPƒCƒXƒ|[ƒc,ŠÖ“ŒŒ—‚Ì‚Q‚O‚Q‚S”Nˆê”Ô¯‚ÍƒTƒ“ƒfƒBƒuƒƒ“ƒh@ŒËèŒ\‘¾‹Rèu‚¢‚¢ƒXƒ^[ƒg‚ğØ‚ê‚½‚È‚Æv‚¢‚Ü‚·v,https://news.yahoo.co.jp/articles/4f3162ba5e7a4f1e092e20bc3b4064198a5afbd8,1/6(“y) 11:20
sanspo,ƒTƒ“ƒPƒCƒXƒ|[ƒc,t‚ƒoƒŒ[@i“¿—Aƒ}ƒbƒ`ƒ|ƒCƒ“ƒg‚©‚ç‚R˜A‘±ƒ|ƒCƒ“ƒg‚Å’Ç‚¢‚·‚ª‚é‚à‰º–k‘ò¬“¿‚ÉƒXƒgƒŒ[ƒg•‰‚¯,https://news.yahoo.co.jp/articles/3ad0d04fb5b14f9b4872e50bb697508538609d94,1/6(“y) 11:14
sanspo,ƒTƒ“ƒPƒCƒXƒ|[ƒc,ŒÕ‚Ìƒ\ƒiƒ^@–¾‚é‚¢˜b‘è‰^‚ñ‚Å‚­‚ê‚»‚¤‚Èu•ŸvƒQƒbƒg@•ÒW‹Ç‚É•Ÿ–º—ˆĞA‚¨‚İ‚­‚¶u‘å‹gvA•êZ‚ÍƒTƒbƒJ[ƒxƒXƒg‚S,https://news.yahoo.co.jp/articles/1e3228a0e621d784eaebbd4926d72f2d68d2687f,1/6(“y) 11:00
sanspo,ƒTƒ“ƒPƒCƒXƒ|[ƒc,ƒƒbƒeE‰¬–ì‹Mi‚ª©åƒgƒŒŒöŠJ@‰Œw‚Ì‚¨‚İ‚­‚¶‘å‹g‚Éu¡”N‚ÍŠy‚µ‚İ‚Å‚·v@ƒ`[ƒ€Å”N’·‚R‚WÎ‚ªKæ‚æ‚­ƒXƒ^[ƒg,https://news.yahoo.co.jp/articles/3a2a56969370d5d0d0e89f48ea897ebd3c0773cf,1/6(“y) 10:54
sanspo,ƒTƒ“ƒPƒCƒXƒ|[ƒc,‹“sƒI[ƒvƒjƒ“ƒOƒŒ[ƒX‚ÍƒZƒŒƒuƒŒƒCƒgƒG[ƒ‹‚ªŸ—˜@âˆä—Ú¯‹Rèu“–‚½‚è‘O‚É‹£”n‚ª‚Å‚«‚Ä‚¢‚é‚±‚Æ‚ÉŠ´Óv,https://news.yahoo.co.jp/articles/8b2400f3649a136297863c93df9476d627e5aca8,1/6(“y) 10:38
sanspo,ƒTƒ“ƒPƒCƒXƒ|[ƒc,‘íK„Al¶‰‚Ì–İ‚Â‚«’§íu‚Â‚¢‚½–İ‚Í‚¤‚Ü‚©‚Á‚½‚Ë`Iv,https://news.yahoo.co.jp/articles/4bd04978ce09b96db0aed2b1f6828f57d0e8cacf,1/6(“y) 9:42
sanspo,ƒTƒ“ƒPƒCƒXƒ|[ƒc,y‚SÎˆÈãŸ‘–•ñzƒEƒCƒ“ƒ}[ƒxƒ‹‚Íˆø‚«‘±‚«¼RO•½‹Rè‚Åã‹}”t‚Ö,https://news.yahoo.co.jp/articles/6c5f7f27770ae83404c64432b53a777cd1c0e029,1/6(“y) 9:36
sanspo,ƒTƒ“ƒPƒCƒXƒ|[ƒc,y‚RÎŸ‘–•ñzƒNƒC[ƒ“ƒYƒEƒH[ƒN‚ÍƒNƒC[ƒ“‚b‚Ö,https://news.yahoo.co.jp/articles/4a3691bbcd8aa31de0448b9c460c4b74670dfc8f,1/6(“y) 9:34
sanspo,ƒTƒ“ƒPƒCƒXƒ|[ƒc,y¡“ú‚Ì’–ÚV”nzƒ}ƒ“ƒ}ƒ~[ƒA‚Í”n‚È‚è‚ÅDŒv‚ğƒ}[ƒN@[Rtu”\—Í‚ğ‚Á‚Ä‚¢‚»‚¤v^’†R‚R‚q,https://news.yahoo.co.jp/articles/746c6c8cb7805ffbe00efc171b66eefb335952bd,1/6(“y) 8:50
sanspo,ƒTƒ“ƒPƒCƒXƒ|[ƒc,y¡“ú‚Ì’–ÚV”nz‘ÛF–L‚©‚ÈŒŒ“”n‚ÌƒGƒRƒƒuƒŒ[ƒh@ƒXƒs[ƒhŠ´‚ ‚Ó‚ê‚é‘–‚è‚Ì‚¿å^’†R‚S‚q,https://news.yahoo.co.jp/articles/971a0b2cbb0c53c164bf2385c8573a2ad525b2ef,1/6(“y) 8:45
sanspo,ƒTƒ“ƒPƒCƒXƒ|[ƒc,y¡“ú‚Ì’–ÚV”nzƒpƒJ[ƒ‰ƒ“‚ªæ‚è‚ñ‚ÅdØ‚è’¼‚µ‚Ìˆêí^‹“s‚S‚q,https://news.yahoo.co.jp/articles/64292ddf47d16283a94c34d0ba09963515e12ed6,1/6(“y) 8:40
sanspo,ƒTƒ“ƒPƒCƒXƒ|[ƒc,ã_‚c‚SˆÊE•Sè‘“¶‚ª©åƒgƒŒŒöŠJu‚»‚¤‚È‚ê‚ê‚Îˆê”Ô‚¢‚¢Œ`vŠâ’å—S‘¾A‘å’|k‘¾˜Y‚ç‚Æ‡€ƒ`[ƒ€ŒF–{‡‚ÌŒ‹¬‚ÉˆÓ—~,https://news.yahoo.co.jp/articles/c11f846f550811ef327c8789239347ec916d8a48,1/6(“y) 8:00
sanspo,ƒTƒ“ƒPƒCƒXƒ|[ƒc,ã_‚c‚TˆÊEÎ•—C–íAw‚¨‚¿‚å‚Ú‚³‚ñx‚É–³•a‘§Ğ‹FŠèu‚¯‚ª‚ª‚È‚¢‚æ‚¤‚Év,https://news.yahoo.co.jp/articles/9b8dccea63bbf22b96ada7c559312e5bea77e171,1/6(“y) 8:00
sanspo,ƒTƒ“ƒPƒCƒXƒ|[ƒc,ƒIƒŠƒbƒNƒXEˆÀ’B—¹ˆêŒ“”CƒR[ƒ`‚Íuü‚è‚ğŒ©‚ÄƒvƒŒ[‚·‚é‚±‚Æ‚Í©•ª‚Ì–ğŠ„B‚»‚¤‚¢‚¤‘Iè‚àˆç‚Ä‚Äcv,https://news.yahoo.co.jp/articles/dfa6ab9a42ddc53c8e9b99fe7d06a0405d5fee47,1/6(“y) 8:00
sanspo,ƒTƒ“ƒPƒCƒXƒ|[ƒc,ƒIƒŠƒbƒNƒXE“ŒW•½@‰Œw‚Ì‚¨‚İ‚­‚¶‚Íu–û’f‚µ‚È‚©‚Á‚½‚ç‘åä•vv,https://news.yahoo.co.jp/articles/b43352303ea1004465800103929a5d499d6bc1ef,1/6(“y) 8:00
sanspo,ƒTƒ“ƒPƒCƒXƒ|[ƒc,ã_EÎˆä‘å’q‚ÉË–Ø_l‚ªudã‚ª‚Á‚Ä‚Ü‚·‚Ë`vƒEƒG[ƒgƒgƒŒ‚ÌŒø‰Ê‘å,https://news.yahoo.co.jp/articles/9754ee3a097965de035d310ea3fad64fbc0d5095,1/6(“y) 8:00
sanspo,ƒTƒ“ƒPƒCƒXƒ|[ƒc,ã_E…Œ´Œ’“lu”C‚³‚ê‚½‚Æ‚±‚ë‚Åƒ`[ƒ€‚ÉvŒ£‚µ‚½‚¢vbq‰€º“à‚Å‰õŠ¾,https://news.yahoo.co.jp/articles/5183c460dbe312d826806f3ee81ec063dc13c87d,1/6(“y) 8:00
sanspo,ƒTƒ“ƒPƒCƒXƒ|[ƒc,”óŒû‰Â“ìqAÂR‹IM‚³‚ñ‚Íu‚¢‚¿‚Î‚ñ‚«‚ê‚¢‚ÉB‚Á‚Ä‚­‚¾‚³‚Á‚½v@‚X‚P”Nƒk[ƒhÊ^W”­”„,https://news.yahoo.co.jp/articles/d5097f52de54b6553fc0dac2a4ea4d5b4f0d910b,1/6(“y) 7:30
sanspo,ƒTƒ“ƒPƒCƒXƒ|[ƒc,‹{‘ò‚è‚¦AÂR‹IM‚³‚ñ€‹‚É”ß’Écƒc[ƒVƒ‡ƒbƒg“®‰æ“Še‚µ’Ç“‰@‚P‚WÎƒk[ƒhu‚r‚‚‚”‚@‚e‚…vĞ‰ïŒ»Û‚É,https://news.yahoo.co.jp/articles/a57fe98f6ff3b540772944ab2ddd0d35ec75b66d,1/6(“y) 7:30
sanspo,ƒTƒ“ƒPƒCƒXƒ|[ƒc,t‚ƒoƒŒ[@³’q[’JEƒG[ƒX”’–ì‘å‹HA’a¶“ú‚É‹t“]Ÿ—˜u‚QŸ–Ú‚ª‚Å‚«‚ÄÅ‚‚Å‚·v,https://news.yahoo.co.jp/articles/dec993b80623698e001c08222cfd18bdfb274e4e,1/6(“y) 7:30
sanspo,ƒTƒ“ƒPƒCƒXƒ|[ƒc,t‚ƒoƒŒ[@•ŸˆäH‘å•ŸˆäAˆ³“|”­iI@–Ú•W‚ÍŒ§¨‰‚ÌƒZƒ“ƒ^[ƒR[ƒg,https://news.yahoo.co.jp/articles/81daddae93e0d2487e3c3836f13c5130dc137d44,1/6(“y) 7:30
sanspo,ƒTƒ“ƒPƒCƒXƒ|[ƒc,ƒ„ƒNƒ‹ƒgAƒLƒƒƒ“ƒv‚ÉÄ‚Ñ‡€‰ŒR‡@ŒÃ“c•^’†‚ğµ‚Ö‚¢@‚’ÃŠÄ“Âuƒ`[ƒ€‚ğ‹­‚­‚µ‚Ä‚­‚ê‚é‚¨“ñlB—Í‚ğ‘İ‚µ‚Ä‚Ù‚µ‚¢v,https://news.yahoo.co.jp/articles/6526ab458d56da165a834eb204821668d384f74e,1/6(“y) 7:30
sanspo,ƒTƒ“ƒPƒCƒXƒ|[ƒc,ƒƒbƒeEˆÀ“c®Œ›A’P“ÆƒgƒŒ‚Åƒ`[ƒ€‚Ìå²‚É@uƒ|ƒWƒVƒ‡ƒ“‚Í’D‚Á‚Ä‚¢‚©‚È‚¢‚Æ‚¢‚¯‚È‚¢v@‘Å“_‰¤•O—Û€ç‚Ö,https://news.yahoo.co.jp/articles/648f504707ade45bbf56618a14de07f67672a9fe,1/6(“y) 7:30
sanspo,ƒTƒ“ƒPƒCƒXƒ|[ƒc,t‚ƒoƒŒ[@‹kEƒxƒkƒbƒ`”üˆÉ“ŞA‰í”s‘Ş‚Å—Üu‰÷‚µ‚¢‚Æ‚¢‚¤‚æ‚è‡€I‚í‚Á‚¿‚á‚Á‚½‚È‡‚Æ‚¢‚¤Š´‚¶v,https://news.yahoo.co.jp/articles/046770b62e6ba3ef0a31e5a811a972d932486f7b,1/6(“y) 7:30
sanspo,ƒTƒ“ƒPƒCƒXƒ|[ƒc,t‚ƒoƒŒ[@Ku–ìA”ü”š‰¹‚Éƒmƒb‚Ä’j—‚Æ‚à‰í“Ë”jI‚S”N‚Ô‚è§ŒÀ‚È‚µ‰‰‡Aº“à‚ÅˆĞ—Í‘‘å,https://news.yahoo.co.jp/articles/61d2e0c593e15c2f6e6a4a722774f9ed91b0a092,1/6(“y) 7:30
sanspo,ƒTƒ“ƒPƒCƒXƒ|[ƒc,sìš£\˜Yu—«‚Ìˆµ‚¢•û‚É‚½‚¯‚Ä‚¢‚½v@ÂR‹IM‚³‚ñ€‹‚É‰Ì•‘ŠêŠE‚©‚ç”ß‚µ‚İ‚Ìº,https://news.yahoo.co.jp/articles/604eb486bfe6a1734d09cb78607d39ae97861718,1/6(“y) 7:30
sanspo,ƒTƒ“ƒPƒCƒXƒ|[ƒc,ğ”N‚RŠ¥‚ÌÂŠw‘åE²X–Ø‘×å«A” ª‰w“`Š®‘S‚u‚Ì—¤ã•”‚ÉhŒƒu‰w“`•”‚É•‰‚¯‚Ä‚½‚Ü‚é‚©‘åìív,https://news.yahoo.co.jp/articles/ea3310b2533db69d538f7d92102d62a079bd8a32,1/6(“y) 7:30
sanspo,ƒTƒ“ƒPƒCƒXƒ|[ƒc,ã_EŠâè—DA´…ƒGƒXƒpƒ‹ƒX‚ÌV‘Ì§”­•\‰ïŒ©‚ÉƒTƒvƒ‰ƒCƒY“oêI@Š£‹MmŠ´ŒƒIu“ú–{ˆê‚ÌƒZ[ƒu‰¤B‘¸Œh‚·‚é‚Æ‚±‚ë‚µ‚©‚È‚¢‚Å‚·v,https://news.yahoo.co.jp/articles/013b9f2187722cf72ca19bef441ce55e102bfdd8,1/6(“y) 7:30
sanspo,ƒTƒ“ƒPƒCƒXƒ|[ƒc,˜A”e‚Öu‚Qv‚É‚±‚¾‚í‚é@ã_Eˆ¾ˆäˆê•v‹…’cĞ’·‚ª”N‰ê®‚Å‘å†—ß,https://news.yahoo.co.jp/articles/11f1ce0327b2571a57ba9b84df30a46837ccadaf,1/6(“y) 7:30
sanspo,ƒTƒ“ƒPƒCƒXƒ|[ƒc,‚c‚…‚m‚`ER–{—S‘åAu‚ä‚¤‚¾‚¢vH‚×‚Ä‘—Ê‚¾I@u‚¨‚¢‚µ‚­H‚×‚é©M‚ ‚év,https://news.yahoo.co.jp/articles/f9f6fbccb3e08a0278d20690b948f1b1a60ae4f2,1/6(“y) 7:30
sanspo,ƒTƒ“ƒPƒCƒXƒ|[ƒc,‚—ÇŒ’ŒáA‡€ƒgƒV‚¿‚á‚ñ‚Ì–º‡“cŒ´‰Â“ìq‚Æ”Mˆ¤@ŒğÛ–ñ‚P”NA‹¤’Ê‚Ì’mlĞ‰î‚Å,https://news.yahoo.co.jp/articles/73c21fd57615caf420d5c81620f77ef2a22eafef,1/6(“y) 5:00
sanspo,ƒTƒ“ƒPƒCƒXƒ|[ƒc,ÂR‹IM‚³‚ñ‚ğìã–ƒˆßq‚ª’Ç“‰@‚P‚O‘ã‚Æ‚R‚SÎ‚Ì‚ÉƒI[ƒ‹ƒk[ƒhÊ^W‚ğo”Å@uW’†—Í‚Ì‚·‚²‚¢•û‚Å‚µ‚½v,https://news.yahoo.co.jp/articles/bad16cf692461e4766e44cbbd89d515b171d0a8f,1/6(“y) 5:00
sanspo,ƒTƒ“ƒPƒCƒXƒ|[ƒc,—’EŸNˆäãÄ‚Ìl‹Cì‘±•Òƒhƒ‰ƒ}‚Ìƒ^ƒCƒgƒ‹‚ÍuV‹ó`è‹’v@‹¤‰‰‚Ì‚r‚‰‚˜‚s‚n‚m‚d‚rEƒWƒFƒV[‚ÍH–‚ÌÈ‚ÅuŸNˆä‚­‚ñ‚Í”’ƒƒCƒ“‚ğè‹’‚µ‚Ä‚¢‚½v‚Æƒjƒ„ƒŠ,https://news.yahoo.co.jp/articles/0557d2fa857364c3fb9e81946474a04c0f23d005,1/6(“y) 5:00
sanspo,ƒTƒ“ƒPƒCƒXƒ|[ƒc,y“òèƒ{[ƒgE‚f‡VƒI[ƒ‹ƒŒƒfƒB[ƒXzƒyƒ‰’²®‚Åè‰‚¦I“òèIÒEŠp‚Ğ‚Æ‚İ‚ª”’¯‰ÁZ‚Ö,https://news.yahoo.co.jp/articles/18d2eb890e00979329bf16123a580a1914460a6c,1/6(“y) 4:55
sanspo,ƒTƒ“ƒPƒCƒXƒ|[ƒc,L“‡E¼“cŒ³ƒI[ƒi[@ƒIƒŠƒbƒNƒXE“ú‚’gŒÈ‚Ìw–¼——R‚ÍuŸ‚Ì¢‘ã‚ğW‚ß‚½‚¢v,https://news.yahoo.co.jp/articles/4ea5c2be5e21c0fe7ddd9c99f88b4204f6ae1143,1/5(‹à) 23:39
sanspo,ƒTƒ“ƒPƒCƒXƒ|[ƒc,‹lE‘å¨A’n–‚ÌÎ’iƒgƒŒ@çŒì_•Ô‚èç‚«‚ÖSg’Ç‚¢‚Ş,https://news.yahoo.co.jp/articles/7c38bbe6659ed1d7d68911be947f698dd9dbcdb2,1/5(‹à) 23:38
sanspo,ƒTƒ“ƒPƒCƒXƒ|[ƒc,‘åã‹ËˆüA‰Ô‰€‚Å‚Q“x–Ú‚Ì—ë”s@ˆ»•”ŠÄ“ÂuƒuƒŒ[ƒNƒ_ƒEƒ“‚Ì•”•ª‚ÅŠ®”s‚¾‚Á‚½v,https://news.yahoo.co.jp/articles/62331358b72dd8d9eb1499327b0375ebf4b6c027,1/5(‹à) 23:23
sanspo,ƒTƒ“ƒPƒCƒXƒ|[ƒc,‘åã‹Ëˆü‚ªn“®@¼’J_ˆêŠÄ“Âu‚â‚Á‚Ä‚â‚é‚¼‚Æ‚¢‚¤‹C‚¿v‘I”²‘IoŠmÀ,https://news.yahoo.co.jp/articles/4a37025190879c2d20ed736997b0666e90c34f95,1/5(‹à) 23:23
sanspo,ƒTƒ“ƒPƒCƒXƒ|[ƒc,“Œ•Ÿ‰ªA˜A”e‚Ü‚Å‚ ‚Æ‚PŸ@‚m‚nE‚W‚”ä—Ç‹±‰îå«uƒ`ƒƒƒ“ƒX‚ğ—^‚¦‚Ä‚­‚ê‚½‹”N‚Ì‚R”N¶‚É‚Í–{“–‚ÉŠ´Óv,https://news.yahoo.co.jp/articles/1acef4f76ec72ea25a9ac3e11a0f03ffc41490df,1/5(‹à) 23:20
sanspo,ƒTƒ“ƒPƒCƒXƒ|[ƒc,‹ËˆüŠw‰€A‡€ƒg[ƒCƒ“‘ÎŒˆ‡‚É‰õŸ@‚m‚nE‚Wé‰›—Cå«uÅ‰‚©‚çƒoƒ`ƒoƒ`‘Ì‚ğ“–‚Ä‚½v,https://news.yahoo.co.jp/articles/e43f56bd0bd84b5ad90d6799908ad0364068c4ab,1/5(‹à) 23:16
sanspo,ƒTƒ“ƒPƒCƒXƒ|[ƒc,–î³“¹‚Ì’íA—ÍÎ­–@‚ª‚RŒ‚Q‚Q“ú‚ÉƒCƒ^ƒŠƒA‚Å‚v‚a‚b¢ŠE‚rƒtƒFƒU[‹‰’§íÒŒˆ’èí@uŸ‚Á‚Ä¢ŠE’§í‚ÌŒ —˜‚ğv,https://news.yahoo.co.jp/articles/595d331b76c657b7642e288053852fe374b230b6,1/5(‹à) 21:57
sanspo,ƒTƒ“ƒPƒCƒXƒ|[ƒc,ƒ‰ƒCƒo[Œ³‰ï’·E”Ñ“c—SŠîAƒqƒJƒ‹‚ç‚Æuƒ}[ƒ_[ƒ~ƒXƒeƒŠ[v–‹Æ—§‚¿ã‚°@u‚P’›‰~sê‚Æ•Ä‘ãêv–Úw‚·,https://news.yahoo.co.jp/articles/ff6ae7780dbe82d3c9aac69b3d7cf5ee5cd68529,1/5(‹à) 21:48
sanspo,ƒTƒ“ƒPƒCƒXƒ|[ƒc,u—ß˜a‚T”N—DG‘Ièv‚ª”­•\@Î–ì‹M”V‚ª‚l‚u‚oAÅ‘½Ü‹àA‹LÒ‘åÜ‚Ì‚RŠ¥Šl“¾,https://news.yahoo.co.jp/articles/2b067e235e48054dd8d4c2adfc30f9309d113834,1/5(‹à) 21:38
sanspo,ƒTƒ“ƒPƒCƒXƒ|[ƒc,•Ğ‰ªˆ¤”V•A”\“o”¼“‡’nkó‚¯”M‰‰¾‚¤u„‚½‚¿‚É‚Å‚«‚é‚±‚Æ‚Í‚¨Å‹v@å‰‰•‘‘äu¼—V‹Lv‰ïŒ©,https://news.yahoo.co.jp/articles/a8e2c728684c39a19b13ccb8de2bd2e9e65a7864,1/5(‹à) 21:12
sanspo,ƒTƒ“ƒPƒCƒXƒ|[ƒc,“VËƒsƒAƒjƒXƒg‚ªu‚q|‚PƒOƒ‰ƒ“ƒvƒŠv‚É“oêuƒRƒ“ƒr‚ÅŒˆŸ‚Év,https://news.yahoo.co.jp/articles/a191e2e3722309f1dafb2692cca3d1a32a348b3d,1/5(‹à) 20:36
sanspo,ƒTƒ“ƒPƒCƒXƒ|[ƒc,•ó’Ë‰ÌŒ€’c—–’·AƒXƒPƒWƒ…[ƒ‹•ÏX‚ğÓßuŒ»İA‰ü‘PE‰üŠv‚ÌˆêŠÂ‚Æ‚µ‚Äv,https://news.yahoo.co.jp/articles/3feaa53646da5be03162af81c46276abc8271075,1/5(‹à) 20:13
sanspo,ƒTƒ“ƒPƒCƒXƒ|[ƒc,t‚ƒoƒŒ[@‘å‘ºHA–¼–å‘ÎŒˆ§‚·@å«ƒG[ƒX“yˆäu‚Ç‚ñ‚Ç‚ñ¬’·‚Å‚«‚é‚æ‚¤‚Év,https://news.yahoo.co.jp/articles/ea8aa9405ee26d6a9cf9f585eb23b96878ac8944,1/5(‹à) 20:06
sanspo,ƒTƒ“ƒPƒCƒXƒ|[ƒc,t‚ƒoƒŒ[@ìè‹kA‚½‚¾ˆêl‚Ì‚P”N¶EŒü‚ª–ô“®uÓ”CŠ´‚ğ‚Á‚ÄƒvƒŒ[‚·‚év,https://news.yahoo.co.jp/articles/e389326b08757010a17d38a2d0e47071b7abf439,1/5(‹à) 19:56
sanspo,ƒTƒ“ƒPƒCƒXƒ|[ƒc,¡”N‰—ûK‚ÅÂŠw‘å‚Ìƒvƒ’–ÚƒgƒŠƒI‚ªŒˆˆÓ@²X–Ø‘×å«‚Íu‰w“`•”‚É•‰‚¯‚Ä‚½‚Ü‚é‚©‘åìív‚ğŒf‚°‚é^“Œ“s,https://news.yahoo.co.jp/articles/5a5a99153971f110840c36309a95b29a7d30aa1a,1/5(‹à) 19:50
sanspo,ƒTƒ“ƒPƒCƒXƒ|[ƒc,•ó’Ë‰ÌŒ€’c¯‘gƒgƒbƒvE—ç^‹Õ‚ª‚ ‚¢‚³‚Âu‰Ø‚â‚©‚ÉƒXƒs[ƒfƒB[‚ÉŠF‚³‚Ü‚Öƒpƒ[‚ğ‚¨“Í‚¯‚Å‚«‚éì•i‚Év,https://news.yahoo.co.jp/articles/f83cbf1b510982c574107766c75d72aef80a29b8,1/5(‹à) 19:50
sanspo,ƒTƒ“ƒPƒCƒXƒ|[ƒc,t‚ƒoƒŒ[@’Á¼A‹t“]Ÿ‚¿‚Å‚R‰ñí‚Ö@ŒÌá‚©‚ç•œ‹A‚ÌƒG[ƒXˆäâu‚¾‚¢‚Ô—Ç‚­‚È‚Á‚Ä‚¢‚év,https://news.yahoo.co.jp/articles/11f87a4212804d2c632d8ef4c5be070c73aae11f,1/5(‹à) 19:46
sanspo,ƒTƒ“ƒPƒCƒXƒ|[ƒc,t‚ƒoƒŒ[@×“cŠw‰€A—‰¤EŒÃìŠw‰€‚É‹ü‚·@ƒG[ƒX“y‹´u‰½–{‚©ƒVƒƒƒbƒg‚ào‚½v,https://news.yahoo.co.jp/articles/73b99fe20f7785a6cce5d292a1f91b04ac656d7a,1/5(‹à) 19:40
sanspo,ƒTƒ“ƒPƒCƒXƒ|[ƒc,t‚ƒoƒŒ[@‰¡•l”¹lA‡€‚R“x–Ú‚Ì³’¼‡‚Å‰Ÿ—˜I@å«E’·ˆäu‚·‚²‚¢‚±‚Æ‚ğ‚µ‚½‚Æv‚¤v,https://news.yahoo.co.jp/articles/19cb725956d1a5445a1315afe44346ecb4b8e5ef,1/5(‹à) 19:32
sanspo,ƒTƒ“ƒPƒCƒXƒ|[ƒc,t‚ƒoƒŒ[@ŒÃìŠw‰€A‘å‰ï‚Q˜A”e‚Ö‰í“Ë”j@–{“cu‰ïê‚ÉŠµ‚ê‚é‚æ‚¤‚Év,https://news.yahoo.co.jp/articles/13d43f913b0e80b785a921ff02716a3e69d9e40c,1/5(‹à) 19:25
sanspo,ƒTƒ“ƒPƒCƒXƒ|[ƒc,‚l‚k‚a@‚Q‚O‚Q‚T”NƒƒWƒƒ[“ú–{ŠJ–‹íÀŒ»‚Ö@“ñ“—¬•œŠˆ‚Ì‘å’J•R–{‚ÌƒhƒWƒƒ[ƒXíÅ—L—Í,https://news.yahoo.co.jp/articles/92d9a8908899631097662935243b8ca618bc38f5,1/5(‹à) 19:20
sanspo,ƒTƒ“ƒPƒCƒXƒ|[ƒc,t‚ƒoƒŒ[@ŒSR—‘å•tA‚QŠ¥—‰¤‚É”S‚è‚İ‚¹‚½@ƒG[ƒXó—˜u©•ª‚½‚¿‚ÌƒvƒŒ[‚Í‚µ‚Á‚©‚è‚Å‚«‚½v,https://news.yahoo.co.jp/articles/af515b01b6a92854de2dbfcf08b7271225eb8423,1/5(‹à) 19:19
sanspo,ƒTƒ“ƒPƒCƒXƒ|[ƒc,t‚ƒoƒŒ[@‰º–k‘ò¬“¿A‚Z‚RŠ¥‚Öƒqƒ„ƒŠ@ƒG[ƒX‚Ìƒ~ƒƒu‚à‚Á‚Æã‚Ìƒ`[ƒ€‚Æí‚Á‚½‚ç‚â‚ç‚ê‚Ä‚µ‚Ü‚¤v,https://news.yahoo.co.jp/articles/69b5b3c2a4e299bcbafa8d0a23eeae41d2ef39c8,1/5(‹à) 19:10
sanspo,ƒTƒ“ƒPƒCƒXƒ|[ƒc,y’†R‹à”tzƒƒ“ƒ^ƒ‹[Àƒ}ƒCƒlƒ‹ƒNƒŠƒ\[ƒ‰@’†–ìtuƒ`ƒƒƒ“ƒX‚Í‚ ‚év,https://news.yahoo.co.jp/articles/1179d78c4dad0ab4cbc0d0bf99b3a74fbd1300e0,1/5(‹à) 19:10
sanspo,ƒTƒ“ƒPƒCƒXƒ|[ƒc,â“Œ‹ÊO˜YAÂR‹IM‚³‚ñ‚µ‚Ì‚Ôu’¼ŠÏ—Í‚Ìlv,https://news.yahoo.co.jp/articles/9a7ddf4d336add0c8d052134cd7c76e19bc91c4c,1/5(‹à) 19:07
sanspo,ƒTƒ“ƒPƒCƒXƒ|[ƒc,t‚ƒoƒŒ[@‘åã‘Û‘êˆäE‘åã‘ÛAŸ‚Á‚Ä‚©‚Ô‚Æ‚Ì@ËèŠÄ“Âu‚Q\‚O‚ÅŸ‚½‚È‚¢‚Æ‚¢‚¯‚È‚¢v,https://news.yahoo.co.jp/articles/94fabfedeb9b5b04364826c150aceb5778d3de28,1/5(‹à) 19:00
sanspo,ƒTƒ“ƒPƒCƒXƒ|[ƒc,•ó’Ë‰ÌŒ€’c¯‘gƒgƒbƒv—ç^‹Õ‚SƒJŒ‚Ô‚è•œ‹A‚Åˆ³Šªƒ_ƒ“ƒX”â˜I,https://news.yahoo.co.jp/articles/99ef162d7849ec44f4f7c9aaaf33ed5fd0f2a1b2,1/5(‹à) 19:00
sanspo,ƒTƒ“ƒPƒCƒXƒ|[ƒc,t‚ƒoƒŒ[@D–yR‚ÌèA‘S‘‚RˆÊ‚ÌƒoƒXƒP•”’´‚¦‚Ö@¬¼“cu•‰‚¯‚Ä‚¢‚ç‚ê‚È‚¢v,https://news.yahoo.co.jp/articles/4d529a593ba06018db4878c1c16002dda6da7434,1/5(‹à) 18:52
sanspo,ƒTƒ“ƒPƒCƒXƒ|[ƒc,y‹“s‹à”tzƒAƒ‹ƒiƒV[ƒ€âD•‘‘ä‚Åƒ`ƒƒƒ“ƒX“—ˆ@‹´Œûtu‹“s‚Í‡‚Á‚Ä‚¢‚é‚æ‚¤‚Év‚¤v,https://news.yahoo.co.jp/articles/280c478750174e6465c0e99a54003bd335a2e81e,1/5(‹à) 18:50
sanspo,ƒTƒ“ƒPƒCƒXƒ|[ƒc,t‚ƒoƒŒ[@i“¿—A‚R‰ñí‚Í‚uŒó•âE‰º–k‘ò¬“¿@ƒZƒbƒ^[‚‘quâ‘Î‚ÉŸ‚Á‚ÄƒZƒ“ƒ^[ƒR[ƒg‚É—§‚¿‚½‚¢v,https://news.yahoo.co.jp/articles/fb2c896fe10353f45e79078859965b9c6d5017d9,1/5(‹à) 18:46
sanspo,ƒTƒ“ƒPƒCƒXƒ|[ƒc,”öã‹eŒÜ˜YAÂR‹IM‚³‚ñ‚ğuŠy‚µ‚¢•û‚¾‚Á‚½‚Ì‚Éc”Ov,https://news.yahoo.co.jp/articles/be4245775b9697ebe526ebc7e8eba9f6883dd607,1/5(‹à) 18:42
sanspo,ƒTƒ“ƒPƒCƒXƒ|[ƒc,t‚ƒoƒŒ[@AÀA‚Q”N‚Ô‚è’¸“_‚Ö‹ŠE—ÇD@‰ªèuç”õ‚©‚ç‚Â‚È‚®ˆÓ¯‚Å‚Å‚«‚½v,https://news.yahoo.co.jp/articles/fe3e84583d88c072ae47fd6aaf8a41212858f0c1,1/5(‹à) 18:37
sanspo,ƒTƒ“ƒPƒCƒXƒ|[ƒc,t‚ƒoƒŒ[@‘Šw‰@“È–ØA‚W”N‚Ô‚è‚R‰ñíio@ğ”N––‚É•ê‚ª‘¼ŠE‚µ‚½¬•½uŒˆŸ‚Ü‚Å‚¢‚«‚½‚¢v,https://news.yahoo.co.jp/articles/e7fae7c1f815ff5d11ce51da5e0c9e0e17389413,1/5(‹à) 18:32
sanspo,ƒTƒ“ƒPƒCƒXƒ|[ƒc,t‚ƒoƒŒ[@“Œ‹ŠwŠÙVŠƒA‚’m‚ğƒXƒgƒŒ[“|I@“n•ÓŠÄ“ÂuŸ‚¿‚½‚¢‹C‚¿‚ğo‚µ‚Ä‚­‚ê‚½v,https://news.yahoo.co.jp/articles/75db08547ac4c6b742b418c3ee184c965f6cb151,1/5(‹à) 18:26
sanspo,ƒTƒ“ƒPƒCƒXƒ|[ƒc,yƒWƒ…ƒjƒA‚bzƒ|ƒbƒhƒeƒIAÀÑãˆÊ‚ÅƒŠƒXƒeƒbƒhŠl‚è‚ğ‘_‚¤I,https://news.yahoo.co.jp/articles/09bc8f0b7f04beccd0f077800401a266a8c70cb2,1/5(‹à) 18:25
sanspo,ƒTƒ“ƒPƒCƒXƒ|[ƒc,t‚ƒoƒŒ[@‘«—˜‘å•tAUç‚Åˆ³“|@Ÿí‚Íìè‹k@ƒG[ƒX‘Š“cuƒRƒ“ƒrƒoƒŒ[‚ÅŸ‚Ä‚é‚æ‚¤‚Év,https://news.yahoo.co.jp/articles/d6cd844f95558b07a99855c1e8366005486d855c,1/5(‹à) 18:20
sanspo,ƒTƒ“ƒPƒCƒXƒ|[ƒc,t‚ƒoƒŒ[@•xR‘æˆêA‚X”N˜A‘±‚©‚ç‚Q‘å‰ï‚Ô‚èoê‚à‰í”s‘Ş@å«Eˆäã˜a‘tu‚à‚Á‚Æ—Í‚ğo‚¹‚½v,https://news.yahoo.co.jp/articles/bff27a31a3762ded9dd2bd195ca99fe2032d7470,1/5(‹à) 18:18
sanspo,ƒTƒ“ƒPƒCƒXƒ|[ƒc,t‚ƒoƒŒ[@‰ª’JHA‘‘Ì‰¤Ò‚ÉÉ”s@å«‚Ì‘å“ú•ûu©•ª‚½‚¿‚Ìƒ~ƒX‚Å‚â‚ç‚ê‚½v,https://news.yahoo.co.jp/articles/49e9ecf18bf09a6298e3ab72372c34967918b6d9,1/5(‹à) 18:15
sanspo,ƒTƒ“ƒPƒCƒXƒ|[ƒc,t‚ƒoƒŒ[@‚ìŠw‰€A”S‚Á‚Ä‚R‰ñíio@Ÿí‚Í‹­‹Ex‘äŠw‰€,https://news.yahoo.co.jp/articles/72dfc0cc0d90b9e314ad5774bbd60ab7d9f9098f,1/5(‹à) 18:09
sanspo,ƒTƒ“ƒPƒCƒXƒ|[ƒc,‚“c–œ—RqAÂR‹IM‚³‚ñ‚ğ’Ç“‰u‚½‚­‚³‚ñ‚Ì‘f“G‚ÈŠÔAì•i‚ğ‚ ‚è‚ª‚Æ‚¤‚²‚´‚¢‚Ü‚µ‚½v,https://news.yahoo.co.jp/articles/9d878d7c43dea00997f1a421b3fcb28bff25b672,1/5(‹à) 18:07
sanspo,ƒTƒ“ƒPƒCƒXƒ|[ƒc,t‚ƒoƒŒ[@x‘äŠw‰€A‘å‰ï‚Q˜A”e‚ÖD”­i@Ÿí‚Íh“GE‚ìŠw‰€@i—ß“ƒEO‘îuƒXƒpƒCƒJ[‚Æ—Í‚ğ‡‚í‚¹‚Ä‚¢‚«‚½‚¢v,https://news.yahoo.co.jp/articles/cfac05de2d4a3cf2202e6026b3d3abe91fc32133,1/5(‹à) 18:03
sanspo,ƒTƒ“ƒPƒCƒXƒ|[ƒc,ƒIƒŠƒbƒNƒXE¬•l—Tˆê‹…’c–{•”’·Al“I•â‚ÅL“‡ˆÚĞ‚Ì“ú‚’gŒÈ‚É‚Â‚¢‚Äu«—ˆ«–L‚©‚È“ŠèBŠæ’£‚Á‚Ä‚à‚ç‚¢‚½‚¢v,https://news.yahoo.co.jp/articles/545f6c25f01de9d96d87ffab8004e8e27c0a3be0,1/5(‹à) 17:23
sanspo,ƒTƒ“ƒPƒCƒXƒ|[ƒc,ã_‚c‚TˆÊEÎ•—C–í‚ª©åƒgƒŒŒöŠJ@ƒvƒ“ü‚è‚Ö‚ÌŒˆˆÓ\•ªuV‘N‚È‹C‚¿B‚Ü‚½ƒ`[ƒ€‚ª•Ï‚í‚é‚¾‚¯v,https://news.yahoo.co.jp/articles/1b91d883474364a689c537fbb06bc87698ea1078,1/5(‹à) 17:11
sanspo,ƒTƒ“ƒPƒCƒXƒ|[ƒc,‚P‚P“úŠJ–‹I‘å‘ºƒ{[ƒgu‚a‚a‚bƒg[ƒiƒƒ“ƒgv‚o‚q‚ÅŠÖŒWÒ‚ª—ˆĞ,https://news.yahoo.co.jp/articles/c04f94c05daf12a616d94c479a49c443a09530ea,1/5(‹à) 16:57
sanspo,ƒTƒ“ƒPƒCƒXƒ|[ƒc,ã_EŠâè—DA‚i‚Q´…‚ÌV‘Ì§”­•\‰ïŒ©‚ÉƒTƒvƒ‰ƒCƒY“oê@uã_ƒtƒ@ƒ“‚¶‚á‚È‚¢‚Á‚Ä•û‚ÍAŠâè‚¾‚¯‚Å‚à‰‰‡‚µ‚Ä’¸‚¯‚½‚çv,https://news.yahoo.co.jp/articles/4df33539d62fab09fc6aca992fa7cde82c748f27,1/5(‹à) 16:36
sanspo,ƒTƒ“ƒPƒCƒXƒ|[ƒc,“ú–{ƒnƒ€E‰Á“¡‹M”VAğ”N‚P‚OŒ‚É‘æ‚Pq‚Ì’·’j’a¶u‚æ‚èˆê‘wŠæ’£‚è‚Ü‚·v,https://news.yahoo.co.jp/articles/1aefcbb7cabbe995153d9391f46b62476dfd5d42,1/5(‹à) 16:35
sanspo,ƒTƒ“ƒPƒCƒXƒ|[ƒc,‘Š•û‹x—{’†‚Ì—ß˜aŠì‘½‚İ‚ÈÀE‰Í–ì—Ç—S@ƒ}ƒ“ƒVƒ‡ƒ“w“ü‚Å‚V‚QÎ‚Ü‚Åƒ[ƒ“u‚q\‚P‚Ì‚T‚O‚O–œ‰~‚ª—~‚µ‚¢v,https://news.yahoo.co.jp/articles/f5c6faa86bcc3e11dbc3212f3d5dc1164b218e65,1/5(‹à) 16:22
sanspo,ƒTƒ“ƒPƒCƒXƒ|[ƒc,š£\˜YAÂR‹IM‚³‚ñ‚ÍuŒ³‹C‚Ì‰ò‚¾‚Á‚½v,https://news.yahoo.co.jp/articles/c97efdbc532a88e9c63b4a779cde90b3a8aae3ad,1/5(‹à) 16:10
sanspo,ƒTƒ“ƒPƒCƒXƒ|[ƒc,¡‹G‰oê‚Ì‚a‚k“Œ‹‚v‚s‚a•l“c«ôAƒ`[ƒ€D’²‚Ì—vˆö‚Íu€”õ‚µ‚Ä‚«‚½‚±‚Æ‚ª‚Í‚Ü‚Á‚Ä‚¢‚év^ƒŠ[ƒOƒƒ“,https://news.yahoo.co.jp/articles/2e68ad250b1dc59981c608c59dc8a92fcd4efb94,1/5(‹à) 15:50
sanspo,ƒTƒ“ƒPƒCƒXƒ|[ƒc,t‚ƒoƒŒ[@’jq‚Ì‹k‚Í‰í“Ë”j@ƒCƒ“ƒ^[ƒnƒC‚Å”s‚ê‚½ŠJ’q‚ÉƒXƒgƒŒ[ƒgŸ‚¿,https://news.yahoo.co.jp/articles/684731d9e23169eca50cbf46db75e137c8a9926d,1/5(‹à) 15:46
sanspo,ƒTƒ“ƒPƒCƒXƒ|[ƒc,t‚ƒoƒŒ[@Ku–ìA‡€”ü”š‰¹‡—Í‚É’j—‚Æ‚à‚R‰ñíio@—qå«EŒIRuŸ‚Á‚Ä‰¶•Ô‚µ‚µ‚½‚¢v,https://news.yahoo.co.jp/articles/a268de6c8b469fe91121b1ced47b047117ac4658,1/5(‹à) 15:42
sanspo,ƒTƒ“ƒPƒCƒXƒ|[ƒc,ÎìŒ§‚É‚ä‚©‚è‚Ì“Œ‹ƒxƒC‚r‚g“¡Œ´”E@”\“o”¼“‡’nk”íĞÒ‚Öu—‚¿’…‚¢‚½‚çŒ©•‘‚¢‚ÉŒü‚©‚¢‚½‚¢v^ƒŠ[ƒOƒƒ“,https://news.yahoo.co.jp/articles/5eae27321a040c941efd5319c9b54c92d1f5f947,1/5(‹à) 15:38
sanspo,ƒTƒ“ƒPƒCƒXƒ|[ƒc,Œ³‹lE–ØŒË”ü–Ì‚³‚ñA‹•ŒŒ«S•s‘S‚Å€‹A‚W‚UÎ@ˆø‘ŞŒã‚Í—¾’·‚â‚PŒR“ŠèƒR[ƒ`‚È‚Ç–±‚ß‚é,https://news.yahoo.co.jp/articles/1ed194ad29c43e2023cdbc2e02976b8a6a16741c,1/5(‹à) 15:33
sanspo,ƒTƒ“ƒPƒCƒXƒ|[ƒc,–l‚ªŒ©‚½‚©‚Á‚½Â‹óAV¬lƒƒ“ƒo[‚ªÂ‹ó‚Ì‰º‚Å“ñ\Î‚Ì¾‚¢@¼XˆÇ–íu–lÂ‚Ì’†ŠÔŠÇ—Ev,https://news.yahoo.co.jp/articles/75c4220d683e62b1c27d3eafdcd032173e8f48bc,1/5(‹à) 15:25
sanspo,ƒTƒ“ƒPƒCƒXƒ|[ƒc,ã_‚c‚SˆÊE•Sí•‘“¶‚ª©åƒgƒŒŒöŠJ@u­‚µ‹C‚ª”²‚¯‚Ä‚év‚¨‚İ‚­‚¶‚Ì‡€w“E‡‚É‹êÎ‚¢,https://news.yahoo.co.jp/articles/206caa2620f54c11abb9a2406823af14dbde61e7,1/5(‹à) 15:15
sanspo,ƒTƒ“ƒPƒCƒXƒ|[ƒc,“ú–{ƒnƒ€E–œ”g’†³A©åƒgƒŒ‚ğŒöŠJ@À”ïw“ü‚Ìuƒgƒ‰ƒbƒNƒ}ƒ“v‚ğg‚Á‚Ä‘ÅŒ‚—ûKu‚S‚O–{‚ğ‰½‚Æ‚©’B¬‚Å‚«‚é‚æ‚¤‚Év,https://news.yahoo.co.jp/articles/fed8bb45fb99240e349974c292424b068f5a178c,1/5(‹à) 15:08
sanspo,ƒTƒ“ƒPƒCƒXƒ|[ƒc,‚c‚…‚m‚`E²–ìŒb‘¾AƒNƒ[ƒYƒhƒXƒ^ƒ“ƒX‚©‚ç’E‹p‚ÌŒˆˆÓ,https://news.yahoo.co.jp/articles/cbe31d911696a99bd4f42207fe17a36d88e28f68,1/5(‹à) 15:00
sanspo,ƒTƒ“ƒPƒCƒXƒ|[ƒc,“Œ‹ƒxƒCE—§ì—“¹å«A‚Q”N‚WƒJŒ‚Ô‚è”w”Ô†‚P‚Ou‚»‚±‚Ü‚Åˆá˜aŠ´‚Í‚È‚¢v^ƒŠ[ƒOƒƒ“,https://news.yahoo.co.jp/articles/07574f3dc474833f6343391c9084f76f80c7864c,1/5(‹à) 14:59
sanspo,ƒTƒ“ƒPƒCƒXƒ|[ƒc,yƒVƒ“ƒUƒ“‹L”OzƒtƒFƒŠ[ƒj‚Íâ˜H‚Å”n‚È‚è@‹´Œûtu‚µ‚Á‚©‚è“®‚¯‚Ä‚¢‚½v,https://news.yahoo.co.jp/articles/1a8d9cf0e73d36d114030f296733e13356b3ec33,1/5(‹à) 14:57
sanspo,ƒTƒ“ƒPƒCƒXƒ|[ƒc,‚T“ú‚Ì’†RA‹“s‹£”nê‚Ì”nêó‹µ,https://news.yahoo.co.jp/articles/b4abf9f2b6dd82b9b0c863b11f6668b4474eacb3,1/5(‹à) 14:29
sanspo,ƒTƒ“ƒPƒCƒXƒ|[ƒc,‚f‡T‚RŸƒ^ƒCƒgƒ‹ƒzƒ‹ƒ_[‚ª‘Ş‰X@ƒŒƒbƒNƒXƒXƒ^ƒbƒh‚Ö—·—§‚Â,https://news.yahoo.co.jp/articles/65aca1cb8e359ed45ed0829765e9dd4cf81dbee1,1/5(‹à) 14:12
sanspo,ƒTƒ“ƒPƒCƒXƒ|[ƒc,‹l‚ªd–n‚ß@¡‘º‹…’cĞ’·u‹lŒR‚Í‚X‚Oü”Nc’§í‚µAi‰»‚µ‚Ä‚¢‚«‚Ü‚µ‚å‚¤v,https://news.yahoo.co.jp/articles/ed0ce8959e3f2086ed27bd3728b6f8ff32e2f6fd,1/5(‹à) 14:06
sanspo,ƒTƒ“ƒPƒCƒXƒ|[ƒc,¼•E“n•Ó‚f‚lARì•ä‚‚Ì•â‚Íl“Iu‚È‚é‚×‚­‘‚¢‚¤‚¿‚ÉŒˆ‚ß‚ç‚ê‚½‚çv,https://news.yahoo.co.jp/articles/de825daa0ac2a3cf46cb0400f3bc0c782edee29d,1/5(‹à) 14:05
sanspo,ƒTƒ“ƒPƒCƒXƒ|[ƒc,‚m‚o‚a‚ªd–n‚ß@åŒ´’èªƒRƒ~ƒbƒVƒ‡ƒi[‚ªˆÀŠy–â‘è‚ÉÄŒ¾‹yuâ‘Î‚É‹N‚±‚µ‚Ä‚Í‚È‚ç‚È‚¢–â‘èv,https://news.yahoo.co.jp/articles/b43ca29c09c4a842be719eff2dd5565cd54b51c2,1/5(‹à) 14:01
sanspo,ƒTƒ“ƒPƒCƒXƒ|[ƒc,â“c—˜•v‚³‚ñ‚Ì‘’‹V‚ªI—¹@‚a‚r‚æ‚µ‚à‚Æ‚Å‚T“úŒßŒã‚U‚©‚ç’Ç“‰“Á•Ê”Ô‘g,https://news.yahoo.co.jp/articles/0861d7b5660d3c514e60ece41174508c2e4a1a7b,1/5(‹à) 13:19
sanspo,ƒTƒ“ƒPƒCƒXƒ|[ƒc,ƒƒbƒeEˆÀ“c®Œ›‚ª‡€“Æ‚è—§‚¿‡©åƒgƒŒŒöŠJ@V”N‚Ì¾‚¢uƒT[ƒh‚ÍˆÀ“c‚Æ‚¢‚Á‚Ä‚à‚ç‚¦‚é‚æ‚¤‚Év,https://news.yahoo.co.jp/articles/0fc9577dc4606c36d11ac1529a5c6e695cf35287,1/5(‹à) 13:05
sanspo,ƒTƒ“ƒPƒCƒXƒ|[ƒc,‚`Eƒ‹ƒ[ƒgƒ‹‹Rè‚ªŒI“Œ‚Å’²‹³‹Ræui—ˆ“ú‚Å‚«‚Äj‹»•±‚µ‚Ä‚¢‚Ü‚·v,https://news.yahoo.co.jp/articles/36c851cace564b537e942828d19b92363796d7fa,1/5(‹à) 12:57
sanspo,ƒTƒ“ƒPƒCƒXƒ|[ƒc,L“‡E¼“cƒI[ƒi[A“ú‚’gŒÈ‚ÉŠú‘Òu‚Ü‚¾‚Ü‚¾ƒXƒs[ƒhƒAƒbƒv‚·‚év,https://news.yahoo.co.jp/articles/a0532feb8854ecaaa5dc83e68984883091c5534f,1/5(‹à) 12:57
sanspo,ƒTƒ“ƒPƒCƒXƒ|[ƒc,yƒVƒ“ƒUƒ“‹L”O@’Ç‚Á‚ÄˆêŒ¾zƒ[ƒ‹ƒgƒU[ƒ€E–k‘º—F‹Rèu—Í‚İ‚ª‚¤‚Ü‚­”²‚¯‚ê‚ÎŠæ’£‚Á‚Ä‚­‚ê‚é‚Æv‚¢‚Ü‚·v,https://news.yahoo.co.jp/articles/1087ecafcf1aaca94236e82abaa5fd2e0d336d06,1/5(‹à) 12:52
sanspo,ƒTƒ“ƒPƒCƒXƒ|[ƒc,‚i[‚o‚k‚`‚b‚d‹à‘ò‚Å‚Ì”­”„A•¥‚¢–ß‚µ‚ğ“––Ê‹x~,https://news.yahoo.co.jp/articles/9e15d25ebbd5128c11cbd99e67821438b61a767e,1/5(‹à) 12:47
sanspo,ƒTƒ“ƒPƒCƒXƒ|[ƒc,yƒVƒ“ƒUƒ“‹L”OzƒiƒCƒgƒXƒ‰ƒbƒK[‚Í‚c‚oƒR[ƒX‚Å‚R“ª•¹‚¹‚ÌÅæ’…@ƒ‚ƒŠƒX‹Rèw’Ç‚¤‚Æ‚·‚²‚­L‚Ñ‚Ä‚­‚ê‚½BƒOƒbƒhƒz[ƒXx,https://news.yahoo.co.jp/articles/846e27a2a78e967137139696e761562f1222304a,1/5(‹à) 12:43
sanspo,ƒTƒ“ƒPƒCƒXƒ|[ƒc,‹{è”üquÂR‚³‚ñ‚Æ‚Ìo‰ï‚¢‚ª–³‚¯‚ê‚ÎEEEv@ƒfƒrƒ…[‚«‚Á‚©‚¯‚ÌG•\†‚ğB‰e‚µ‚½ÂR‹IM‚³‚ñ’Ç“‰,https://news.yahoo.co.jp/articles/0de2e1f7df68298a4d73e5de64f43b9b86265641,1/5(‹à) 12:41
sanspo,ƒTƒ“ƒPƒCƒXƒ|[ƒc,yƒVƒ“ƒUƒ“‹L”OzƒVƒ‡[ƒ}ƒ“ƒtƒŠ[ƒg‚vƒR[ƒX‚ÅŠyXƒ‰ƒXƒg‚P‚P•b‚R@”N’jEè’Ët‚ªŠJ–‹Ÿ—˜‚¾,https://news.yahoo.co.jp/articles/bc7ccee073c1dd3c1c0545819c244c980908bc44,1/5(‹à) 12:33
sanspo,ƒTƒ“ƒPƒCƒXƒ|[ƒc,ƒIƒŠƒbƒNƒXE“ú‚’gŒÈA¼ì—´”n‚Ìl“I•â‚ÅL“‡ˆÚĞu¡‚Í‚½‚¾‚Ñ‚Á‚­‚è‚µ‚Ä‚¢‚év,https://news.yahoo.co.jp/articles/7240a5bfaf80bbd5c5618e0877b2061b959e1dd9,1/5(‹à) 12:26
sanspo,ƒTƒ“ƒPƒCƒXƒ|[ƒc,y‹“s‹à”t@‰XÉ‚Ì˜bzƒAƒ“ƒhƒ”ƒ@ƒ‰ƒiƒEƒgE’r“Ytu‹“sƒ}ƒCƒ‹‚Í–â‘è‚È‚¢B•–L‹Rè‚É‚¤‚Ü‚­“±‚¢‚Ä‚à‚ç‚¦‚ê‚Îv,https://news.yahoo.co.jp/articles/af553ed3d09bb040b0819c087e074e2bd6d5ed34,1/5(‹à) 12:24
sanspo,ƒTƒ“ƒPƒCƒXƒ|[ƒc,y’†R‹à”t@‰XÉ‚Ì˜bzƒGƒsƒtƒ@ƒj[E‹{“ctu‚PT‘O‚É•‰‰×‚ğ‚©‚¯‚ÄA“à‘Ÿ–Ê‚ğŠÜ‚ß‚Ä‚»‚±‚©‚ç‰EŒ¨ã‚ª‚è‚É—Ç‚­‚È‚Á‚½v,https://news.yahoo.co.jp/articles/846f9e4d72c615ecee9a6062d6db441d57d11b1b,1/5(‹à) 12:15
sanspo,ƒTƒ“ƒPƒCƒXƒ|[ƒc,‹lE‘å¨A’´‰ß“ŠK’iƒgƒŒI‚S‚T‚U’i‚P‚O‰•œƒ_ƒbƒVƒ…‚àu‚P‚O–{–Ú‚Å—¼‹r‚ª‚Â‚Á‚Äcv,https://news.yahoo.co.jp/articles/e5d4185360d7b6fc1c2de9550b44671b3ad672a7,1/5(‹à) 12:07
sanspo,ƒTƒ“ƒPƒCƒXƒ|[ƒc,•–L‹Rè‚ªŒI“ŒƒgƒŒƒZƒ“‚ÅV”N‚Ì•ø•‰‚ğŒê‚éuƒtƒ‰ƒ“ƒX‚Ì‡€ƒAƒŒ‡‚à‚ ‚é‚©‚ç‚Ëv,https://news.yahoo.co.jp/articles/2abdf213d2a53ae07d8315321608eafafa9a4b72,1/5(‹à) 12:05
sanspo,ƒTƒ“ƒPƒCƒXƒ|[ƒc,y¡T‚Ì’–ÚV”nzƒXƒ}[ƒgƒƒCƒX‚Ì•ê‚ÍH‰ØÜ‚Q’…ƒXƒ}[ƒgƒŒƒCƒA[@â˜H‚ğ”n‚È‚è‚ÅŒy‰õ‚È“®‚«,https://news.yahoo.co.jp/articles/557196a2d45e9cdf2ecb02709d5ed2a2f00e8ca7,1/5(‹à) 11:55
sanspo,ƒTƒ“ƒPƒCƒXƒ|[ƒc,‹´‰ª—D‹PA¡‹G‚Ìƒe[ƒ}‚ÍuƒXƒvƒŠƒ“ƒ^[‚É‚È‚évu‚X•b‘ä‚ğcv^—¤ã,https://news.yahoo.co.jp/articles/5b2336c3a8b6bce6508fbfb8d8c4ac2a48d33966,1/5(‹à) 11:50
sanspo,ƒTƒ“ƒPƒCƒXƒ|[ƒc,y¡T‚Ì’–ÚV”nzƒAƒWƒƒƒXƒg‚Í’Z‹——£‚ÌŠˆ–ô”n‚ª‘½‚¢•êŒnog@ƒXƒgƒ‰ƒCƒh‘å‚«‚­‹C«‚Í‘OŒü‚«,https://news.yahoo.co.jp/articles/918f9d1fd90ce4c1c7c8916e06b9ff06b23a9b37,1/5(‹à) 11:35
sanspo,ƒTƒ“ƒPƒCƒXƒ|[ƒc,ã_Eˆ¾ˆä‹…’cĞ’·‚ªŠM•\–¾u–Úw‚µ‚Ä‚¢‚­‚×‚«‚à‚Ì‚Í˜A”ev,https://news.yahoo.co.jp/articles/5c66163c06047b6edf2efe0dcda4dc1b28f3a6eb,1/5(‹à) 11:31
sanspo,ƒTƒ“ƒPƒCƒXƒ|[ƒc,y‘å‘ºƒ{[ƒgEƒ~ƒbƒhƒiƒCƒgƒ{[ƒgƒŒ[ƒXzRŒû^Šìq‚ª—q‚½‚¾ˆêl‚Ì—\‘I“Ë”j@‹‰õƒ^[ƒ“‚Å’jq‘Šè‚É^‚ÁŒüŸ•‰,https://news.yahoo.co.jp/articles/9692cd5c58c8c1253e4b3bb9428897bb9467a8c4,1/5(‹à) 11:26
sanspo,ƒTƒ“ƒPƒCƒXƒ|[ƒc,ŒÕ‚Ìƒ\ƒiƒ^@uHvƒƒbƒZ[ƒW˜A”­ƒrƒ„’MƒLƒƒƒbƒv”[‚ß@S‚©‚çÎ‚¦‚é“ú‚ª‘‚­–K‚ê‚Ü‚·‚æ‚¤‚É,https://news.yahoo.co.jp/articles/ad000eacefc7159bd3e82138539d38cf1088259c,1/5(‹à) 11:00
sanspo,ƒTƒ“ƒPƒCƒXƒ|[ƒc,yƒVƒ“ƒUƒ“‹L”OzƒGƒRƒƒuƒ‹[ƒ€‚Í‚vƒR[ƒX•¹‚¹”n‚Å”¼”ngæ’…@‰Á“¡ªOtu\‚µ•ª‚Ì‚È‚¢“®‚«v,https://news.yahoo.co.jp/articles/633fa40d3d0620d09e803f90b7bc7737bc49f0f4,1/5(‹à) 10:53
sanspo,ƒTƒ“ƒPƒCƒXƒ|[ƒc,yƒVƒ“ƒUƒ“‹L”Ozƒm[ƒuƒ‹ƒƒWƒƒ[â˜H‚Å”n‚È‚è‚Åƒ‰ƒXƒg‚P‚Q•b‚R@ì“c‹Rè‚àDˆóÛw”ñí‚É‘€c«‚ª‚¢‚¢x,https://news.yahoo.co.jp/articles/c7dc8a4bef3b5b698e0db911bbe8fd9e6accb681,1/5(‹à) 10:21
sanspo,ƒTƒ“ƒPƒCƒXƒ|[ƒc,yƒtƒFƒAƒŠ[‚rzƒjƒVƒmƒeƒBƒAƒ‚‚Í‚vƒR[ƒX‚Å—]—Íc‚µ‚Ä‚R“ª•¹‚¹‚ÌÅæ’…@ãŒ´—C’²‹³tu‘Ìd‚Í­‚µ‘‚¦‚Ä‚¢‚é‚Æv‚¤‚ªAƒ|ƒeƒ“ƒVƒƒƒ‹‚Í‚‚¢v,https://news.yahoo.co.jp/articles/4570f388aebe7521bf00b13c26d964a4a695b9d3,1/5(‹à) 10:05
sanspo,ƒTƒ“ƒPƒCƒXƒ|[ƒc,y‹¬”tz‚PT‘O’Ç‚¢@ˆêí‚²‚Æ‚É—Ç‰»’†ƒŒƒCƒfƒ‰ƒ‹[ƒX@‚vƒR[ƒX‚Å”n‚È‚è‚Uƒnƒƒ“‚W‚U•b‚T@è’Ëtuˆêí‚²‚Æ‚ÉƒŒ[ƒX‚Ô‚è‚ª—Ç‚­‚È‚Á‚Ä‚¢‚év,https://news.yahoo.co.jp/articles/3500877666937126eec8c7014fa047584ae06915,1/5(‹à) 9:14
sanspo,ƒTƒ“ƒPƒCƒXƒ|[ƒc,y‹“s‹à”tz”N’jE•l’†r‹Rè‚ÍƒƒCƒVƒ‡ƒEƒVƒ“ƒ^ƒP‚ÅŠJ–‹‚u‚ğ‘_‚¤u‹C‚¿—Ç‚­ƒXƒ^[ƒg‚µ‚½‚¢v,https://news.yahoo.co.jp/articles/7e09d1f72388e7d9001def55e79fb12f00d9e696,1/5(‹à) 8:50
sanspo,ƒTƒ“ƒPƒCƒXƒ|[ƒc,y‹“s‹à”tz”N’j‚Ì’c–ì‘å¬‹Rè‚Íƒhƒ‹ƒ`ƒFƒ‚ƒA‚ÅQíuğŒ‚Í‚¢‚¢‚Æv‚¢‚Ü‚·v,https://news.yahoo.co.jp/articles/48363b24b191082f9189f125e53ef92bb4419c9d,1/5(‹à) 8:44
sanspo,ƒTƒ“ƒPƒCƒXƒ|[ƒc,‚c‚…‚m‚`E‘å˜aAu‘Ìd‘‚¦‚·‚¬v‚Ì–qGŒå‚ğ“O’êŠÇ—u–¡‚Ì‚Â‚¢‚½‚à‚Ì‚Íˆù‚Ü‚¹‚Ü‚¹‚ñv,https://news.yahoo.co.jp/articles/21c61f1208b6fe03e2dad02afade5cb8c7506749,1/5(‹à) 7:30
sanspo,ƒTƒ“ƒPƒCƒXƒ|[ƒc,u‚‚…‚—‚“‚¨‚©‚¦‚èvV‚¨“V‹CƒŠƒ|[ƒ^[AODä»‰›u‚X”N˜A‘±‚Å‘å‹gB‰^‚ğ–¡•û‚Év,https://news.yahoo.co.jp/articles/ae7b1f395ea9f678ca882d794d6d36776c86ce5c,1/5(‹à) 7:30
sanspo,ƒTƒ“ƒPƒCƒXƒ|[ƒc,ã_‚c‚QˆÊE’Å—t„A¡“x‚±‚»Iƒ~ƒLƒnƒEƒX‚©‚çƒGƒŠ[“ŠŠX“¹•à‚ŞuŒ‹‰Ê‚ğo‚µ‚Ä‰¶•Ô‚µ‚ğv,https://news.yahoo.co.jp/articles/81282ebabd49103c1cefd220c36048ce1ee35f28,1/5(‹à) 7:30
sanspo,ƒTƒ“ƒPƒCƒXƒ|[ƒc,ƒƒbƒeE²X–Ø˜NŠóAƒ|ƒXƒeƒBƒ“ƒO‚Å‚ÌƒƒWƒƒ[ˆÚĞ‚Ö”NŠÔ’Ê‚¶‚½Šˆ–ô‚ğ@‚â‹…’cĞ’·u‹…’c‚Æ‚µ‚ÄŒã‰Ÿ‚µv,https://news.yahoo.co.jp/articles/e876ffb5c6abd59a8b08e99b5ecb54c8346b295e,1/5(‹à) 7:30
sanspo,ƒTƒ“ƒPƒCƒXƒ|[ƒc,‹l‚c‚PˆÊE¼ŠÚ—E—zAV”N‚Ì¾‚¢@á‘‚Å’b‚¦‚½‡€ƒNƒƒJƒ““Š–@‡‚Å‚P”NŠÔ‚PŒRŠ®‘–@’nk”íĞ’n‚É‚àŠñ‚è“Y‚¤,https://news.yahoo.co.jp/articles/077e01d5e56714f9c85ed82bdcb7bfa963e2eae3,1/5(‹à) 7:30
sanspo,ƒTƒ“ƒPƒCƒXƒ|[ƒc,Œõ‚è‹P‚­bq‰€‚P‚O‚Oü”N@ã_“d“SA‘•ü‚È‚Ç‹L”O–‹Æ‚Ì“à—e”­•\,https://news.yahoo.co.jp/articles/0f802a19a31f1bbac34d40c1e51bdff3d2c9479f,1/5(‹à) 7:30
sanspo,ƒTƒ“ƒPƒCƒXƒ|[ƒc,ˆê–âˆê“š@ã_‚c‚QˆÊE’Å—t„A”N––”NnH‚×‰ß‚¬’ˆÓ‚µ‚Ä‘Ìd‚X‚TƒLƒƒL[ƒv@”N––‚É‚Í‚W”N‚Ô‚è’Ş‚èA‚S‚OƒZƒ“ƒ`‚®‚ç‚¢‚ÌƒtƒO,https://news.yahoo.co.jp/articles/8a5d80801be5c75107911a99c40a5a684cf9b1b7,1/5(‹à) 7:30
sanspo,ƒTƒ“ƒPƒCƒXƒ|[ƒc,ã_E’†–ì‘ñ–²ARŒ`Œ§ƒXƒ|[ƒc‰hŒõÜö—^®‚ÅRŒ`–ì‹…‰¤‘Œv‰æ,https://news.yahoo.co.jp/articles/cbd9488a22ece2ca9b07a78caca56338a61b5ea9,1/5(‹à) 7:30
sanspo,ƒTƒ“ƒPƒCƒXƒ|[ƒc,ƒ„ƒNƒ‹ƒg‚c‚PˆÊE¼ŠÚV‘¿A¡”N‚Ìˆêš‚ÍuŠµv@‡€‚¨“yYìí‡‚Åƒ`[ƒ€‚É‘Å‚¿‰ğ‚¯‚é,https://news.yahoo.co.jp/articles/2fea26c61d63bc5973578caad1c854dabed5f7a3,1/5(‹à) 7:30
sanspo,ƒTƒ“ƒPƒCƒXƒ|[ƒc,ƒIƒŠƒbƒNƒXEX—FÆ‚Éu‚S”ÔE•ßèvŠ®‘–w—ßIuƒvƒŒƒbƒVƒƒ[‚ÉŸ‚Ä‚é‚Ì‚Í|v’†“ˆ‘ŠÄ“Â‚ªŒµ–½,https://news.yahoo.co.jp/articles/3e138b01ce504a6f07bd4d600a70f16d6b822a86,1/5(‹à) 7:30
sanspo,ƒTƒ“ƒPƒCƒXƒ|[ƒc,â“c—˜•v‚³‚ñ’Ê–éAŠÔŠ°•½‚ç‚Q‚O‚OlQ—ñ,https://news.yahoo.co.jp/articles/60cee626cb9c8753cecf489fa9e9d180899a8e13,1/5(‹à) 5:00
sanspo,ƒTƒ“ƒPƒCƒXƒ|[ƒc,ƒtƒWV‹ŒƒG[ƒX—qƒAƒi‚ª‚V“úuƒ{ƒN‚ç‚Ì‘ãv‚Å‘Î’k@u‚ß‚´‚Ü‚µv‘’©‹Î–±”é˜b‚à,https://news.yahoo.co.jp/articles/fb0a2930822ee25e6f4cb238b5df67a9604a765e,1/5(‹à) 5:00
sanspo,ƒTƒ“ƒPƒCƒXƒ|[ƒc,g”’‹’®—¦A‰Ìè•Êƒgƒbƒv‚Í‚l‚h‚r‚h‚`‚Ì‚R‚SE‚W“,https://news.yahoo.co.jp/articles/1ee38b4865d8e1e291f6f346c98a431e0384696a,1/5(‹à) 5:00
sanspo,ƒTƒ“ƒPƒCƒXƒ|[ƒc,ˆïéƒS[ƒ‹ƒfƒ“ƒS[ƒ‹ƒY‚É—qƒ`[ƒ€’a¶@•Ğ‰ªˆÀ—S”üA’jq‚Æ‚Æ‚à‚ÉwŠö‚Ö@”‹–{‹Ôˆê‚©‚ç‡€‹ÔŒ¾‡u‹­‚¢‚æ‚è‚àŠy‚µ‚¢ƒ`[ƒ€‚ğv,https://news.yahoo.co.jp/articles/c2d4dc50d7d792525d8ebdf437914cf9b38e8ff2,1/5(‹à) 5:00
sanspo,ƒTƒ“ƒPƒCƒXƒ|[ƒc,y“òèƒ{[ƒgE‚f‡VƒI[ƒ‹ƒŒƒfƒB[ƒXz“òè˜A‘±—Do‚ÖAƒ[ƒXƒg‹@‚Ì•‘ò‚ß‚®‚İ‚ªD”­iI,https://news.yahoo.co.jp/articles/2624bfafa8619f9d44a3b11b0298e6ec49d98836,1/5(‹à) 4:54
sanspo,ƒTƒ“ƒPƒCƒXƒ|[ƒc,y…ã‚Ì—_`ƒŒ[ƒT[‚Ì‘fŠçi‚Q‚W‚Xjz‹›’JD,https://news.yahoo.co.jp/articles/b2eff346d7c28ff0d21c16c00f21c30166251838,1/5(‹à) 4:52
sanspo,ƒTƒ“ƒPƒCƒXƒ|[ƒc,‚s‚’‚‚–‚‰‚“@‚i‚‚‚‚‚ªV”N‚Ì¾‚¢@¼“cŒ³‘¾u‹–ì‚ğL‚­Šy‚µ‚¢ŒoŒ±‚ª‚Å‚«‚½‚çv,https://news.yahoo.co.jp/articles/3e0590800e55a0e0babf925260667de1b7073514,1/5(‹à) 4:00
sanspo,ƒTƒ“ƒPƒCƒXƒ|[ƒc,ì‰h—›“ŞA‚™^’ˆ‚Ì‡€‘z’èŠO‚Ì”é–§‡ƒvƒ`–\˜I@“úƒeƒŒŒnå‰‰ƒhƒ‰ƒ}u‚Æ‚È‚è‚Ìƒi[ƒXƒGƒCƒhv§ì”­•\,https://news.yahoo.co.jp/articles/92460b65d296e972546a4f71df625a0906645394,1/5(‹à) 4:00
sanspo,ƒTƒ“ƒPƒCƒXƒ|[ƒc,‚s‚’‚‚–‚‰‚“@‚i‚‚‚‚Aƒ[ƒ‹ƒhƒcƒA[‚Ì–ì–]@‘S‘ƒcƒA[‰¡•lƒAƒŠ[ƒi‚ÅŠJ–‹Iƒuƒ`ã‚°‚½V”N‚Ì¾‚¢@‹{‹ßŠC“lu¢ŠE’†‚ğŒ³‹C‚É‚µ‚½‚¢v,https://news.yahoo.co.jp/articles/b146e0c18abf890407fadf9ae216effb8854d440,1/5(‹à) 4:00
sanspo,ƒTƒ“ƒPƒCƒXƒ|[ƒc,‹–{­÷‚ª‚s‚‚“‚ˆ‚Œ‚ÆuŠÍ‚±‚êvƒCƒxƒ“ƒg‚Å‡€–²‚Ì‹£‰‰‡uƒGƒ“ƒ^ƒ‚Ì—Í‚ÅŠF‚³‚ñ‚ªÎŠç‚É‚È‚Á‚Ä‚­‚¾‚³‚ê‚Îv‚Æ”\“o‚Ì”íĞÒ‚É‚àv‚¢‚ğ’y‚¹c,https://news.yahoo.co.jp/articles/b9cdc643eb0df127657ef3858fdb8bf5c411287a,1/4(–Ø) 23:53
sanspo,ƒTƒ“ƒPƒCƒXƒ|[ƒc,ƒŒƒXƒŠƒ“ƒOE{è—Dˆßuˆ³“|•ˆ³Ÿ‚Å‚uv@‚Q˜A”e‚©‚©‚éƒpƒŠŒÜ—ÖƒCƒ„[‰í‚É¾‚¤,https://news.yahoo.co.jp/articles/b85a655831b48388e5375df22fac3025e9731f09,1/4(–Ø) 23:34
sanspo,ƒTƒ“ƒPƒCƒXƒ|[ƒc,t‚ƒoƒŒ[@‚R‚U”N‚Ô‚èoêE‹î‘å‚A‚Ü‚é‚ÅÂt–Ÿ‰æ‚È‚PŸ@‘S’†‚uím’†Sƒƒ“ƒo[•‚P‚W‚O‚Ol‚Ìºo‚µ‰‰‡,https://news.yahoo.co.jp/articles/d15f17c3e6bc07852964dc0de3ca2aefcd8d2783,1/4(–Ø) 23:07
sanspo,ƒTƒ“ƒPƒCƒXƒ|[ƒc,ƒ{ƒNƒVƒ“ƒO@“ß{ì“VSAƒXƒp[ƒŠƒ“ƒOƒp[ƒgƒi[‚ÌƒƒLƒVƒR‘Iè‚Ql‚Æ¡”N‰ƒXƒp[ƒŠƒ“ƒO@u—ûK‚Ì’†‚Åƒpƒ[‚ğ‚µ‚Á‚©‚è‚Æã‚°‚Ä‚«‚½©M‚ª‚ ‚év,https://news.yahoo.co.jp/articles/74b968e1a9ea04ccada0eab86d0074099fa8c9f7,1/4(–Ø) 22:56
sanspo,ƒTƒ“ƒPƒCƒXƒ|[ƒc,‚ZƒTƒbƒJ[@ÂXR“cA‚S“x–Ú‚u‚Ö‘Oi‚Ì‚S‹­“ü‚è@‚l‚eÅ“c—æu©•ª‚Ì‚Å‚«‚é¸‚¢‚Á‚Ï‚¢‚ªŸ—˜‚É‚Â‚È‚ª‚Á‚½v,https://news.yahoo.co.jp/articles/ca33b404fec8959594773da0c231bd36d0fde722,1/4(–Ø) 22:42
sanspo,ƒTƒ“ƒPƒCƒXƒ|[ƒc,‚ZƒTƒbƒJ[@–x‰zA‰‚Ì‚S‹­“ü‚è@å«‚l‚e’†‘ºŒ’‘¾u‚±‚±‚Å–‘«‚µ‚Ä‚¢‚Ä‚ÍA©•ª‚Ì‘¶İ‰¿’l‚Íã‚ª‚ç‚È‚¢v,https://news.yahoo.co.jp/articles/5979c31abaddf3777cc935066299c6d4c0b8b965,1/4(–Ø) 22:35
sanspo,ƒTƒ“ƒPƒCƒXƒ|[ƒc,’†“úE’†“cãÄA‹lEHL—Dl‚Æ‚Æ‚à‚ÉŠÛŠ ‚è“ª‚É,https://news.yahoo.co.jp/articles/335dfbab9bd2d2c3f3d5e9072543e2c77fae2a51,1/4(–Ø) 22:32
sanspo,ƒTƒ“ƒPƒCƒXƒ|[ƒc,t‚ƒoƒŒ[@‘‘Ì‰¤ÒE‚ìŠw‰€AŠÑ˜\‚Ì‰í“Ë”j@å«ƒG[ƒX–å“cu“ú–{ˆê‚ğ–Úw‚·v,https://news.yahoo.co.jp/articles/ceb9216f1c231601aca37d355948eca28e95ff42,1/4(–Ø) 22:30
sanspo,ƒTƒ“ƒPƒCƒXƒ|[ƒc,‚ZƒTƒbƒJ[@s‘D‹´‚Ì‚i‚Q´…“à’è‚e‚vŒSi——ˆA’P“ÆñˆÊ‚Ì‚T“_–Ú@‚P‚Q”N‚Ô‚è‚S‹­“ü‚è‚Éui‘—§‚Íj‚¸‚Á‚ÆƒeƒŒƒr‚ÅŒ©‚Ä‚¢‚½•‘‘äv,https://news.yahoo.co.jp/articles/8b5fe598bc67be600d7110a87207f9dc8aa464e9,1/4(–Ø) 22:28
sanspo,ƒTƒ“ƒPƒCƒXƒ|[ƒc,ÎìŒ§‘ã•\‚Ì¬¼‘å’JA¼Œ´‚É‚P|‚Q‚Å‹t“]•‰‚¯@‰z’†G’nu”íĞ‚³‚ê‚½•ûX‚ÉŒ³‹C‚ğ—^‚¦‚ÄŸ—˜‚ğ“Í‚¯‚½‚©‚Á‚½v,https://news.yahoo.co.jp/articles/0cc927eef2e9f8e1ed73fbc77f64ba605b7fa00c,1/4(–Ø) 21:47
sanspo,ƒTƒ“ƒPƒCƒXƒ|[ƒc,‘åã‹Ëˆü‚Ì‚P‚Q‚OƒLƒ‚o‚q–ì‘ºr‰îuƒZƒbƒgƒvƒŒ[‚ğ§ˆ³‚µAƒ`[ƒ€‚É¨‚¢‚ğv‚U“x–Ú‚Ì‡€ƒg[ƒCƒ“‘ÎŒˆ‡‚ÍƒXƒNƒ‰ƒ€Ÿ•‰I,https://news.yahoo.co.jp/articles/7656ea574b8caed88cd7a93bc76e42ae1d26b5b7,1/4(–Ø) 21:27
sanspo,ƒTƒ“ƒPƒCƒXƒ|[ƒc,t‚ƒoƒŒ[@’·‰ª¤A”S‚è‚Å‚Â‚©‚ñ‚¾”’¯@ŠORå«uÅŒã‚Ì•‘‘ä‚¾‚Æv‚Á‚Ä‚â‚Á‚Ä‚«‚½v,https://news.yahoo.co.jp/articles/aa760819728729dcc59a050578eb4727f2b24c64,1/4(–Ø) 21:22
sanspo,ƒTƒ“ƒPƒCƒXƒ|[ƒc,t‚ƒoƒŒ[@¬¼‘å’JA‘å‰ï‰Ÿ—˜‚Ü‚½‚à‚¨—a‚¯@ÎìEµ”ös‚ÌÀ‰Æ‚ª”íĞ‚µ‚½ŒjŠÄ“ÂuŸ‚½‚¹‚Ä‚â‚è‚½‚©‚Á‚½v,https://news.yahoo.co.jp/articles/f91ae529959b19afd32e8a377457d38dd5955055,1/4(–Ø) 21:17
sanspo,ƒTƒ“ƒPƒCƒXƒ|[ƒc,‹ß]A‰‚Ì‚S‹­@æ§•ŒˆŸ’e‚Ì‚l‚e‰LŒË‰lmu“_‚ªæ‚ê‚é‚Æ‚¸‚Á‚Æv‚Á‚Ä‚¢‚½v,https://news.yahoo.co.jp/articles/b8d5dddef1dbe99579d76d536714a3f3edb89e4b,1/4(–Ø) 21:15
sanspo,ƒTƒ“ƒPƒCƒXƒ|[ƒc,t‚ƒoƒŒ[@“ú–{q‹óA•Ô‚©‚İ‡‚¢‰í“Ë”j@Rèå«uƒvƒŒ[‚ÅŒ©‚¹‚é‚Æ‚¢‚¤‹C‚¿‚¾‚Á‚½v,https://news.yahoo.co.jp/articles/76a53bf5aab57546b535fb4d72add07342782ce5,1/4(–Ø) 21:11
sanspo,ƒTƒ“ƒPƒCƒXƒ|[ƒc,L“‡E¼“cŒ³ƒI[ƒi[A‚Q‚O‚Q‚S”N‚ÌƒL[ƒ}ƒ“‚Í‚c‚PˆÊEíL‰H–ç“lu‚Ç‚ê‚®‚ç‚¢‚â‚Á‚Ä‚­‚ê‚é‚©v,https://news.yahoo.co.jp/articles/af54ea2ceb2b9828274d7361073778806e0a7652,1/4(–Ø) 21:11
sanspo,ƒTƒ“ƒPƒCƒXƒ|[ƒc,y‘ò“cN•¶‚Ì‰¢B‹£”nƒŠƒ|[ƒgzƒMƒ…ƒCƒˆƒ“A‚Q”N˜A‘±•§ƒŠ[ƒfƒBƒ“ƒOƒWƒ‡ƒbƒL[,https://news.yahoo.co.jp/articles/01be81ed758764500db62d7a691c1cda8a86bf15,1/4(–Ø) 21:01
sanspo,ƒTƒ“ƒPƒCƒXƒ|[ƒc,t‚ƒoƒŒ[@ŒSR—‘å•tA‹t“]‚ÅÚí§‚·@Ÿí‚Í‰º–k‘ò¬“¿,https://news.yahoo.co.jp/articles/4b23d3121c8314cd932562265de505ebcbbb81ed,1/4(–Ø) 20:51
sanspo,ƒTƒ“ƒPƒCƒXƒ|[ƒc,t‚ƒoƒŒ[@ÎìŒ§‘ã•\‚Ì‹à‘ò¤A¡¡¸‰Ø‚ÉƒXƒgƒŒ[ƒg•‰‚¯‚à‰ïê‚©‚ç‚Í‘å‚«‚È”è@¬âŠÄ“Âu‚İ‚ñ‚È‚æ‚­‚ª‚ñ‚Î‚Á‚½v,https://news.yahoo.co.jp/articles/d96d92ffd1c8f5c363ad516d22f4537f7024f2c2,1/4(–Ø) 20:16
sanspo,ƒTƒ“ƒPƒCƒXƒ|[ƒc,y’†R‹à”t@ƒYƒoƒb‚ÆIŒ¾‚¢‚½‚¢•ú‘èzƒS[ƒ‹ƒfƒ“ƒnƒCƒ“ƒh‚Å‰Î‚¢‚¾I,https://news.yahoo.co.jp/articles/329b3c42990a25919fe4d7b4629e881197b045e1,1/4(–Ø) 20:10
sanspo,ƒTƒ“ƒPƒCƒXƒ|[ƒc,y‹“s‹à”t@ƒYƒoƒb‚ÆIŒ¾‚¢‚½‚¢•ú‘èzƒAƒ”ƒFƒ‰[ƒŒAƒ}ƒCƒ‹‚Å”½Œ‚‚Ö,https://news.yahoo.co.jp/articles/8c71381dad132b3b49b53f5b3f711e9929df887e,1/4(–Ø) 20:05
sanspo,ƒTƒ“ƒPƒCƒXƒ|[ƒc,‚X”N‚Ô‚è‚É’a¶‚µ‚½—§siA–Ø‘º¯”V•@‘I‚Ôu÷‚è’cîv‚Í“`“‚©A‚»‚ê‚Æ‚àŠó­‚©,https://news.yahoo.co.jp/articles/656299a389834169788f357a0bec5625c1edddb9,1/4(–Ø) 20:00
sanspo,ƒTƒ“ƒPƒCƒXƒ|[ƒc,‹{‘ò˜ajA¡”N‰¹Šy¶Šˆ‚R‚Tü”N‚ÅƒAƒ‹ƒoƒ€ƒŠƒŠ[ƒX‚Æƒ‰ƒCƒuŠJÃ‚ğ”­•\uS‚©‚ç‚ ‚è‚ª‚Æ‚¤v,https://news.yahoo.co.jp/articles/23eaf5e6804fcebd0df6e76f86146975bba00b1f,1/4(–Ø) 20:00
sanspo,ƒTƒ“ƒPƒCƒXƒ|[ƒc,“n•Ó–¾‹ã’iA‚Q‚O‚Q‚S”N‚ğŒ}‚¦‚Äu‚S‚OÎ‚É‚È‚éBV‚½‚ÈƒXƒ^[ƒg‚ÌˆÊ’u‚Ã‚¯‚Ì”Nv^«Šû,https://news.yahoo.co.jp/articles/c79b4cedd9fa53c6bfec40cc563bba664f1c8abc,1/4(–Ø) 19:55
sanspo,ƒTƒ“ƒPƒCƒXƒ|[ƒc,y‹“s‹à”t@ƒL[ƒ}ƒ“ƒYƒg[ƒNzƒh[ƒuƒlE•Kl˜YtuŠš‚İ‡‚Á‚Ä‚«‚½v,https://news.yahoo.co.jp/articles/4da167c1763494b972e15d6036f1064f5c65762d,1/4(–Ø) 19:50
sanspo,ƒTƒ“ƒPƒCƒXƒ|[ƒc,›ˆä—³–ç”ª’iA’C”N‚Ìn‚Ü‚è‚Éuƒtƒ@ƒ“‚Ìl‚Éˆê”Ô‚©‚Á‚±‚¢‚¢p‚ğŒ©‚¹‚½‚¢v@“¡ˆä‘‘¾‰¤«‚É’§‚Ş‰¤«íŠJ–‹–Ú‘O^«Šû,https://news.yahoo.co.jp/articles/46aa0461fff885d48dd33589a9456b92aa806257,1/4(–Ø) 19:41
sanspo,ƒTƒ“ƒPƒCƒXƒ|[ƒc,y’†R‹à”t@‰XÉ‚Ì˜bzƒGƒsƒtƒ@ƒj[E‹{“ctu‚PT‘O‚©‚ç‰EŒ¨ã‚ª‚è‚É—Ç‰»v,https://news.yahoo.co.jp/articles/061a5d9cbc486d9d1d19771ddcfa09c6edbcb063,1/4(–Ø) 19:40
sanspo,ƒTƒ“ƒPƒCƒXƒ|[ƒc,y‹“s‹à”t@‰XÉ‚Ì˜bzƒAƒ‹ƒiƒV[ƒ€E‹´Œûtu‘–‚èo‚·‚ÆŠˆ‹C‚ª‚ ‚éŠ´‚¶‚É‚È‚Á‚Ä‚«‚½v,https://news.yahoo.co.jp/articles/43fc75ace3eb597a927beca1aacf778622e13899,1/4(–Ø) 19:35
sanspo,ƒTƒ“ƒPƒCƒXƒ|[ƒc,‰i£‘ñ–î‹ã’iu•‰‚ÌàY‚Í¬Œ÷‚Å‚µ‚©ã‘‚«‚Å‚«‚È‚¢v@“¡ˆä‘‘¾”ªŠ¥ˆê‹­•ö‚µ‚ÉˆÓ—~^«Šû,https://news.yahoo.co.jp/articles/cad2df70d5e68ddb4b91000374a4b77ad5829d7a,1/4(–Ø) 19:22
sanspo,ƒTƒ“ƒPƒCƒXƒ|[ƒc,t‚ƒoƒŒ[@“Œ‹ãB—´’JA‚Ü‚³‚©‚ÌŠ®”s@‘ŠŒ´ŠÄ“Âuˆê‹…‚ÅŒˆ‚ß‚ç‚ê‚Â‚Ã‚¯‚Ä‚µ‚Ü‚Á‚½v,https://news.yahoo.co.jp/articles/30dbb76e8e6ad6943f2d635d511b0823b54d7238,1/4(–Ø) 19:19
sanspo,ƒTƒ“ƒPƒCƒXƒ|[ƒc,t‚ƒoƒŒ[@‹à—–‰ïA‚S“x–Ú’¸“_‚ÍD”­i@ƒG[ƒXã‘ºuŠy‚µ‚­ƒvƒŒ[‚Å‚«‚½v,https://news.yahoo.co.jp/articles/f3a7c76a8fda7957c6668f5afce1ae40041ead1f,1/4(–Ø) 19:14
sanspo,ƒTƒ“ƒPƒCƒXƒ|[ƒc,”N’j‚Ì—é­‰›mAV”N‚Ì•ø•‰‚Í‡€’§í‡uV‚µ‚¢ŒiF‚ğŒ©‚És‚«‚½‚¢v,https://news.yahoo.co.jp/articles/04fa6db4965d931d07185bc5262a8bfbb0b7946a,1/4(–Ø) 19:13
sanspo,ƒTƒ“ƒPƒCƒXƒ|[ƒc,t‚ƒoƒŒ[@‚‰ª‘æˆêAÚí‚Å’nk”íĞ’n‚É—E‹C@ƒG[ƒXX“cuŒ³‹C‚ğ—^‚¦‚é‚æ‚¤‚ÈƒvƒŒ[‚ª‚µ‚½‚©‚Á‚½v,https://news.yahoo.co.jp/articles/d04100f3fc826f9cf28929784cf3fab498c25160,1/4(–Ø) 19:07
sanspo,ƒTƒ“ƒPƒCƒXƒ|[ƒc,t‚ƒoƒŒ[@‚’mA‚g’·•Ší‚É‰õŸ@•lŒûŠÄ“Âuƒ~ƒX‚ğo‚³‚È‚¢ƒoƒŒ[‚ğ‚µ‚æ‚¤‚Æv,https://news.yahoo.co.jp/articles/8e824146f537ac57bab6c2796fe120aedb29bee0,1/4(–Ø) 19:00
sanspo,ƒTƒ“ƒPƒCƒXƒ|[ƒc,t‚ƒoƒŒ[@‘å‘ºHA‚t‚P‚W‘ã•\E“yˆä‚ÌUç‚Å‰õŸuâ‘Î‚ÉŸ‚Â‚Æ‚¢‚¤‹C‚¿‚Åv,https://news.yahoo.co.jp/articles/ff306241eca06ccf55c095cb4ef033eae38d7241,1/4(–Ø) 18:58
sanspo,ƒTƒ“ƒPƒCƒXƒ|[ƒc,t‚ƒoƒŒ[@‰ª’JHA‘å“ú•ûeq‚ÅŒÃ‹•œŠˆ‚Ö@å«‚Ì—D«uˆÀS‚µ‚½‚µA‚¤‚ê‚µ‚¢v,https://news.yahoo.co.jp/articles/2687a655f05dc3700b55f291c12494c2413829a6,1/4(–Ø) 18:50
sanspo,ƒTƒ“ƒPƒCƒXƒ|[ƒc,t‚ƒoƒŒ[@RŒ`’†‰›A–{—ˆ‚Ì—Í”­Šö‚Å‚«‚¸@•“cŠÄ“Âu—ûK‚ÌŠÃ‚³‚ğ’ÉŠ´‚µ‚Ä‚¢‚Ü‚·v,https://news.yahoo.co.jp/articles/a72addf4ebe1105077e1df0aee6f2f7d12550843,1/4(–Ø) 18:44
sanspo,ƒTƒ“ƒPƒCƒXƒ|[ƒc,t‚ƒoƒŒ[@¸—zA‚¤‚ê‚µ‚¢‘å‰ï‰Ÿ—˜@ƒG[ƒX¬Ru‡€‰‡‚Æ‚¢‚¤‚Ì‚ÍA‚±‚ñ‚È‚ÉŠy‚µ‚¢‚à‚ñ‚©‚Æv,https://news.yahoo.co.jp/articles/7b95a36ab7452505f2826f562f39a050044dc408,1/4(–Ø) 18:38
sanspo,ƒTƒ“ƒPƒCƒXƒ|[ƒc,t‚ƒoƒŒ[@“Œ–kAğ”N‚ÌƒŠƒxƒ“ƒW‰Ê‚½‚·@â–{å«u‚µ‚Á‚©‚èŸ‚¿Ø‚ê‚½‚Ì‚Í©M‚É‚È‚è‚Ü‚·v,https://news.yahoo.co.jp/articles/808b97ae9ea5cfbefadc86a4955ce04a9ab4d1d1,1/4(–Ø) 18:32
sanspo,ƒTƒ“ƒPƒCƒXƒ|[ƒc,“¡ˆä‘‘¾”ªŠ¥A7“ú‚©‚ç‰¤«í@U‚è”òÔ–¼è‚Ì›ˆä—³–ç”ª’i‚Æ‚ÌÄí‚Éu‚µ‚Á‚©‚è“Ç‚İ‚ğ[‚ß‚Äí‚Á‚Ä‚¢‚¯‚½‚çv^«Šû,https://news.yahoo.co.jp/articles/6d4e9495929f283c78c123e1ff936d81a6771c3b,1/4(–Ø) 18:29
sanspo,ƒTƒ“ƒPƒCƒXƒ|[ƒc,“¡ˆä‘‘¾”ªŠ¥A‚QŒ‚É‹à‘ò‚Åƒ^ƒCƒgƒ‹í@”\“o”¼“‡’nk‚Éu„©g‚à‚È‚¶‚İ‚Ì‚ ‚é‚Æ‚±‚ëBS‚ª’É‚Şv^«Šû,https://news.yahoo.co.jp/articles/35acc9c5edcd841f81bd02cf1ebd1e441a261bab,1/4(–Ø) 18:28
sanspo,ƒTƒ“ƒPƒCƒXƒ|[ƒc,“¡ˆä‘‘¾”ªŠ¥AƒI[ƒ‹ƒXƒ^[í‚Å‚ÌU‚è”òÔ”â˜I‚Íu‚³‚Î‚¯‚È‚¢‚±‚Æ‚ğØ–¾‚µ‚Ä‚µ‚Ü‚Á‚½v^«Šû,https://news.yahoo.co.jp/articles/51c0808df1cf0426a6d0dfcc0609d0528f39d86c,1/4(–Ø) 18:28
sanspo,ƒTƒ“ƒPƒCƒXƒ|[ƒc,t‚ƒoƒŒ[@AÀA–¼–å‘ÎŒˆ§‚·@i—ß“ƒE‰Í–{u‚P“_‚ğæ‚Á‚½‚çŠì‚Ñ‚ğ‘Sˆõ‚Å•\Œ»‚µ‚æ‚¤‚Æcv@ğ”N‚ÍƒRƒƒi‰Ğ‚ÅŒ‡ê,https://news.yahoo.co.jp/articles/1644a41396d26db9c71ec2d49c164394bc7da467,1/4(–Ø) 18:26
sanspo,ƒTƒ“ƒPƒCƒXƒ|[ƒc,t‚ƒoƒŒ[@H“c—ß˜aAVZ–¼‚S”N–Ú‚Å‰Ÿ—˜@—é–Øå«u¡‚Ü‚Å‚â‚Á‚Ä‚«‚½‚±‚Æ‚ªÀ‚É‚È‚Á‚½v,https://news.yahoo.co.jp/articles/c46a12ca56c60b4d46ed84dd19df78b7227ec950,1/4(–Ø) 18:17
sanspo,ƒTƒ“ƒPƒCƒXƒ|[ƒc,ƒOƒŒƒiƒfƒBƒAƒK[ƒY‚Ìí•t‚¯—¿‚Í‚P‚T‚O–œ‰~,https://news.yahoo.co.jp/articles/6ff0ab0dae00b1f4c780defff0f98697b6de50c4,1/4(–Ø) 18:17
sanspo,ƒTƒ“ƒPƒCƒXƒ|[ƒc,t‚ƒoƒŒ[@•Ä‘ò’†‰›A‚Q”N‚Ô‚è‰í“Ë”j@ƒG[ƒX‹Tˆäu‚P“_‚P“_‚ğ‘å–‚Év,https://news.yahoo.co.jp/articles/237df5c4ea575c080cdb71009b6fdf029de1bd8a,1/4(–Ø) 18:08
sanspo,ƒTƒ“ƒPƒCƒXƒ|[ƒc,y‹“s‹à”tz’²‹³Œã”n‘Ìd@‚R˜AŸ‘_‚¤ƒh[ƒuƒl‚Í‚P‚QƒLƒ‘,https://news.yahoo.co.jp/articles/474c87cd2f5279a3ba4b43dfa334a41ecffc6c3d,1/4(–Ø) 18:00
sanspo,ƒTƒ“ƒPƒCƒXƒ|[ƒc,y’†R‹à”tz’²‹³Œã”n‘Ìd@ƒGƒsƒtƒ@ƒj[‚Í‘O‘–‚©‚ç‚QƒLƒŒ¸‚Ì‚T‚P‚OƒLƒ,https://news.yahoo.co.jp/articles/966e7b1ec5363b9b3c8b38d9c65d8b31a0b47265,1/4(–Ø) 17:58
sanspo,ƒTƒ“ƒPƒCƒXƒ|[ƒc,‚i‚q‚`‚ªƒ‹ƒ[ƒgƒ‹‹Rè‚çŠO‘l‹Rè‚Tl‚É’ZŠú–Æ‹–‚ğŒğ•t,https://news.yahoo.co.jp/articles/abe0c0fce476d4a7da082557104d770d872dcae0,1/4(–Ø) 17:49
sanspo,ƒTƒ“ƒPƒCƒXƒ|[ƒc,y‚RÎŸ‘–•ñzƒtƒ@[ƒ”ƒFƒ“ƒg‚Í‚«‚³‚ç‚¬Ü‚Åì“c«‰ë‹Rè‚Æ‰ƒRƒ“ƒr,https://news.yahoo.co.jp/articles/71114207fe3e878c772e97681df7b5274ee5fffa,1/4(–Ø) 17:37
sanspo,ƒTƒ“ƒPƒCƒXƒ|[ƒc,‚Q‚O‚Q‚R”N“x‚i‚q‚`Ü‚Ì’²‹³tE‹Rè•”–å‚ÌóÜÒ‚ªŒˆ’è,https://news.yahoo.co.jp/articles/d50bc685ef48aba0aaa20fc369418416afab0f1f,1/4(–Ø) 17:07
sanspo,ƒTƒ“ƒPƒCƒXƒ|[ƒc,‚P‚O\‚e‚d‚d‚sA‡€o‹ÖŠoŒå‡‚Ìg”’ƒXƒe[ƒW‚É^«‚Ìº^Œ|”\ƒVƒ‡ƒiƒC‹Æ–±˜b,https://news.yahoo.co.jp/articles/acec66485d07365f691b937de5b0b403263fd761,1/4(–Ø) 17:00
sanspo,ƒTƒ“ƒPƒCƒXƒ|[ƒc,ã_E’†–ì‘ñ–²ARŒ`Œ§ƒXƒ|[ƒc‰hŒõÜ‚Éu’nŒ³‚©‚ç‚¢‚½‚¾‚¯‚é‚Ì‚ªˆê”ÔŠğ‚µ‚¢vŒ§’¡‚Åö—^®,https://news.yahoo.co.jp/articles/148a6cfb5f3f06c29de54a31ea3d4605a91644f9,1/4(–Ø) 16:57
sanspo,ƒTƒ“ƒPƒCƒXƒ|[ƒc,ƒI[ƒXƒgƒ‰ƒŠƒA‚Ì—«ƒWƒ‡ƒbƒL[A‚qEƒLƒ“ƒO‹Rè‚ªÄ—ˆ“úuƒ}ƒbƒNƒXŸ‚Ä‚é‚æ‚¤‚Év,https://news.yahoo.co.jp/articles/886bc7fa83f7c5e626731c801974b2ccf736857e,1/4(–Ø) 16:10
sanspo,ƒTƒ“ƒPƒCƒXƒ|[ƒc,ã_‚c‚QˆÊE’Å—t„‚ªOdEˆÉ‰ês‚Ìƒ~ƒLƒnƒEƒX{İ‚Å©åƒgƒŒŒöŠJ@ƒLƒƒƒbƒ`ƒ{[ƒ‹‚Å‚ÍŒÕƒJƒ‰[ƒOƒ‰ƒug—p,https://news.yahoo.co.jp/articles/2c00d9399ced12298f6b995e5d3fa9855ab08930,1/4(–Ø) 16:00
sanspo,ƒTƒ“ƒPƒCƒXƒ|[ƒc,y‚SÎˆÈãŸ‘–•ñzƒVƒ‡ƒEƒiƒ“ƒ}ƒOƒ}‚Íƒjƒ…[ƒCƒ„[‚r‚ÖŒü‚©‚¤,https://news.yahoo.co.jp/articles/76ad4bec7cab1798f0287d07e8e85e5d33beafdf,1/4(–Ø) 15:59
sanspo,ƒTƒ“ƒPƒCƒXƒ|[ƒc,ƒƒbƒeE‚âr‰î‹…’cĞ’·@²X–Ø˜N‚çáè‚Ìƒ|ƒXƒeƒBƒ“ƒOƒVƒXƒeƒ€‚É‚æ‚é•Ä‘åƒŠ[ƒO’§í‚ÉuŠˆ–ô‚µ‚½‘Iè‚ª’§í‚·‚é‚±‚Æ‚ÍŒã‰Ÿ‚µ‚µ‚½‚¢v,https://news.yahoo.co.jp/articles/cb3d877ecdf9f672d27530029c7ba9f2c94611bc,1/4(–Ø) 15:29
sanspo,ƒTƒ“ƒPƒCƒXƒ|[ƒc,t‚ƒoƒŒ[@¸—zE¬RŠCcAt‚‰Ÿ—˜‚ÉuƒmƒŠƒmƒŠ‚Á‚·‚Ëv,https://news.yahoo.co.jp/articles/587db7de51ce042d72ac4352e08848607f2eff57,1/4(–Ø) 15:06
sanspo,ƒTƒ“ƒPƒCƒXƒ|[ƒc,‹lE–å˜e½‚ª‚Q”N–Ú‚ğí‚¤‡€ƒoƒƒ[ƒ^[‡‚Æ‚È‚éŠ¿š‚Íw‹¿x‚ÉŒˆ’èui‹C‚¿‚ÌjƒŠƒZƒbƒg‚¢‚¤ˆÓ–¡‚Å‚â‚Á‚Ä‚¢‚év,https://news.yahoo.co.jp/articles/fc3aa11237b8e1fd314c63b37e7cb8f1b05d38dc,1/4(–Ø) 15:00
sanspo,ƒTƒ“ƒPƒCƒXƒ|[ƒc,y“úŒoVt”tz‚PT‘O’Ç‚¢@ƒTƒgƒmƒOƒ‰ƒ“ƒc‚Íì“c«‰ë‹Rè‚ğ”w‚É‚R“ª•¹‚¹@—F“¹tu”æ‚ê‚àæ‚ê‚Ä‚¢‚¢Š´‚¶v,https://news.yahoo.co.jp/articles/2680f5353c9361aa4b84d939093f6011e99d3ed3,1/4(–Ø) 14:34
sanspo,ƒTƒ“ƒPƒCƒXƒ|[ƒc,‚P‚X”N‚Ì’†‹‹L”O‚ğ§‚µ‚½ƒOƒ‹[ƒ”ƒBƒbƒg‚ª“o˜^–•Á@¡Œã‚Íæ”n‚É,https://news.yahoo.co.jp/articles/f5ed2c9d26536d0858b85fb392da71f94e2b8da9,1/4(–Ø) 14:20
sanspo,ƒTƒ“ƒPƒCƒXƒ|[ƒc,‚i‚q‚`‚ª‚Q‚O‚Q‚R”N“x‰XÉŠÖŒWÒ•\²óÜÒ‚ğ”­•\,https://news.yahoo.co.jp/articles/bd7c6f132733a71cba20ca16014b4bf4c4e67cec,1/4(–Ø) 14:19
sanspo,ƒTƒ“ƒPƒCƒXƒ|[ƒc,AÀ‚ª“Œ‹ãB—´’J‚Æ‚Ì–¼–å‘ÎŒˆ‚ÅƒXƒgƒŒ[ƒgŸ‚¿@ğ”NƒRƒƒi‚Å–³”O‚ÌŒ‡ê‚É¼”¨ŠÄ“Âu‚±‚ÌƒR[ƒg‚ÅƒoƒŒ[‚ğ‚â‚ç‚¹‚Ä‚à‚ç‚¦‚é‚±‚Æ‚ÉŠ´Óv,https://news.yahoo.co.jp/articles/e628fe1844ab98a430079b3c0c0f3e131f16db57,1/4(–Ø) 13:45
sanspo,ƒTƒ“ƒPƒCƒXƒ|[ƒc,t‚ƒoƒŒ[@‹¤‰hŠw‰€EH–{u©•ª‚ÌÓ”Cv‰í‚ÅU‚é,https://news.yahoo.co.jp/articles/dbc4cfc6ee7a758ea3e1928269afaa8798265e91,1/4(–Ø) 13:38
sanspo,ƒTƒ“ƒPƒCƒXƒ|[ƒc,‹l‚c‚PˆÊE¼ŠÚ—E—z‚ª©åƒgƒŒŒöŠJ@’nŒ³‚Ìq‚Ç‚à‚½‚¿‚Æ‚ÌŒğ—¬‚ÅÎŠçu©•ª‚à¬‚³‚¢ ‚Í‚ ‚ñ‚ÈŠ´‚¶‚¾‚Á‚½v,https://news.yahoo.co.jp/articles/4c112d2303c81dba1a23cf9b112bb16455498296,1/4(–Ø) 13:32
sanspo,ƒTƒ“ƒPƒCƒXƒ|[ƒc,“Œ‹ŠwŠÙVŠƒ‚ª‹t“]Ÿ‚¿‚Å‰í“Ë”j@‚‹´å«u‚¤‚Ü‚­—§‚Ä’¼‚¹‚½v,https://news.yahoo.co.jp/articles/a4706871d72f129e98909d8ae92f4b5251214d55,1/4(–Ø) 13:23
sanspo,ƒTƒ“ƒPƒCƒXƒ|[ƒc,t‚ƒoƒŒ[@“y‰Y“ú‘å‚ª¸—z‚ÉƒXƒgƒŒ[ƒg•‰‚¯Aƒ[ƒ[ƒ“uâ‘Î‚É©•ª‚ªŒˆ‚ß‚é‚Æ‚¢‚¤ŠoŒå‚Å‘S•”‘Å‚Á‚½v,https://news.yahoo.co.jp/articles/b7cf4b472f13b97f3d70264e620f80f21927c817,1/4(–Ø) 13:09
sanspo,ƒTƒ“ƒPƒCƒXƒ|[ƒc,y‹“s‹à”t@’Ç‚Á‚ÄˆêŒ¾zƒAƒ“ƒhƒ”ƒ@ƒ‰ƒiƒEƒgE’r“YtuƒTƒb‚ÆL‚Î‚·Š´‚¶‚Å‚â‚è‚Ü‚µ‚½B“®‚«‚Í—Ç‚©‚Á‚½‚Å‚·Bó‘Ô‚Í—Ç‚³‚»‚¤‚Å‚·v,https://news.yahoo.co.jp/articles/d76ce8def76ba322036a805b2a1b698b3119ff65,1/4(–Ø) 12:44
sanspo,ƒTƒ“ƒPƒCƒXƒ|[ƒc,y’†R‹à”t@’Ç‚Á‚ÄˆêŒ¾zƒŠƒJƒ“ƒJƒu[ƒ‹E“c’†tuâ˜H‚Ì•¹‚¹”n‚Å‚»‚ê‚È‚è‚É‚µ‚Á‚©‚è‚â‚è‚Ü‚µ‚½B‡’²‚É‚«‚Ä‚¢‚é‚µAó‘Ô‚Í—Ç‚³‚»‚¤v,https://news.yahoo.co.jp/articles/38fd092958cf8b4fc124c826c9a15a957f32d2aa,1/4(–Ø) 12:33
sanspo,ƒTƒ“ƒPƒCƒXƒ|[ƒc,y‹“s‹à”tzƒAƒ‹ƒiƒV[ƒ€‚ÍŒy‚â‚©‚É‚Sƒnƒƒ“‚T‚R•b‚U@‹´ŒûtuŠˆ‹C‚ª‚ ‚éŠ´‚¶‚É‚È‚Á‚Ä‚«‚½v,https://news.yahoo.co.jp/articles/6d81dfb2728ca9806742c5d7c4e2ae0758a2d644,1/4(–Ø) 12:24
sanspo,ƒTƒ“ƒPƒCƒXƒ|[ƒc,y’†R‹à”tzƒS[ƒ‹ƒfƒ“ƒnƒCƒ“ƒh‚Í—]—Í‚½‚Á‚Õ‚è@›Œ´–¾—Ç‹RèuæT‚æ‚è“®‚«‚Í—Ç‚©‚Á‚½v,https://news.yahoo.co.jp/articles/ffbf85c426c1c33fe5137348987ec6fa19a1bd8d,1/4(–Ø) 12:15
sanspo,ƒTƒ“ƒPƒCƒXƒ|[ƒc,y‹“s‹à”tzƒh[ƒuƒl‚Í”½‰‚æ‚­ƒ‰ƒXƒg‚Pƒnƒƒ“‚P‚Q•b‚R@•Ktu‚¢‚¢ó‘Ô‚Åo‚ç‚ê‚év,https://news.yahoo.co.jp/articles/7929a25c90ae82bc9fa686c5561d1738c1174c45,1/4(–Ø) 12:05
sanspo,ƒTƒ“ƒPƒCƒXƒ|[ƒc,‚x‚n‚r‚g‚h‚j‚hA”\“o”¼“‡’nk”íĞ’n‚Ö‚P‚O‚O‚O–œ‰~Šñ•t,https://news.yahoo.co.jp/articles/8e33f2224d30f44cd02cd45be01cd76a0b74567e,1/4(–Ø) 11:58
sanspo,ƒTƒ“ƒPƒCƒXƒ|[ƒc,y’†R‹à”tz‚¢‚Æ‚±‚ÌƒuƒŒƒCƒfƒBƒ”ƒF[ƒO‚É‘±‚¯I@ƒGƒsƒtƒ@ƒj[‚ªdÜ‰§”e‚Öƒ‰ƒXƒg‚Pƒnƒƒ“‚P‚P•b‚T,https://news.yahoo.co.jp/articles/5358d719984e8dcbdf40361e80843b2dd613070b,1/4(–Ø) 11:55
sanspo,ƒTƒ“ƒPƒCƒXƒ|[ƒc,‹ŒƒWƒƒƒj[ƒY‚Ì‚r‚l‚h‚k‚d|‚t‚oDAƒRƒ“ƒT[ƒg‰ïê‚È‚Ç‚É”\“o”¼“‡’nk”íĞÒx‰‡‚Ì•å‹à” İ’u,https://news.yahoo.co.jp/articles/f979cf9a88db6d24db1092e34346c2a4cdde38e9,1/4(–Ø) 11:40
sanspo,ƒTƒ“ƒPƒCƒXƒ|[ƒc,y’†R‹à”tzƒ}ƒeƒ“ƒƒEƒŒƒI‚ªD’²ƒAƒs[ƒ‹@–{”Ô‚Åƒ`[ƒNƒs[ƒVƒY’…—p‚Ö,https://news.yahoo.co.jp/articles/dab88f999ce6a83aee22b0ea4228467a67e11194,1/4(–Ø) 11:40
sanspo,ƒTƒ“ƒPƒCƒXƒ|[ƒc,” ª‰w“`AuŠÔÅ‚‚Í‚R‚SE‚R“@ÂŠw‘å‚ª‘‡—DŸ‚Ìê–Ê,https://news.yahoo.co.jp/articles/9c0d0ab25568f1d022f2a80cedd0b851292f82bb,1/4(–Ø) 11:27
sanspo,ƒTƒ“ƒPƒCƒXƒ|[ƒc,y’†R‹à”tzdÜ‰’§í‚Ìƒ}ƒCƒlƒ‹ƒNƒŠƒ\[ƒ‰‚ªŒy‰õ‘–@’†–ìtu‚â‚ê‚é—Í‚Í‚ ‚év,https://news.yahoo.co.jp/articles/321ac3ec9435b44a46ce0af7ffc14bf12c848c5c,1/4(–Ø) 11:20
sanspo,ƒTƒ“ƒPƒCƒXƒ|[ƒc,ŒÕ‚Ìƒ\ƒiƒ^@ŒÕ”Ôƒ‹[ƒL[‚ª‡€•”’·’´‚¦‡‘Ì“–‚½‚èæŞ@V‹ŒŒÕ”Ô‚½‚¿‚ª’Ê‚Á‚Ä‚«‚½—ûK”ò‚Ñ“ü‚èQ‰Á,https://news.yahoo.co.jp/articles/ca9e90623583c4b9e019dab7ef50b669b0afbfea,1/4(–Ø) 11:00
sanspo,ƒTƒ“ƒPƒCƒXƒ|[ƒc,VtƒCƒ“ƒ^ƒrƒ…[@‚c‚…‚m‚`‘åŒ^VlE“x‰ï—²‹PA‚a‚h‚f‚È–²‚©‚çŒ‹¥ŠÏ‚Ü‚ÅŒê‚Á‚½@–{l‚ÉéŒ¾IƒCƒ`ƒ[‚³‚ñ’´‚¦‚ç‚ê‚é‚æ‚¤‚È‘Iè‚É,https://news.yahoo.co.jp/articles/33a776b5540c894b350ad1a04d91e5cf3a33d508,1/4(–Ø) 11:00
sanspo,ƒTƒ“ƒPƒCƒXƒ|[ƒc,y‹“s‹à”tzƒgƒD[ƒhƒWƒ{ƒ“‚Í‚µ‚Ü‚¢‰s‚­L‚Ñ‚é@lˆÊtu•¶‹å‚È‚¢“à—e‚¾‚Ëv,https://news.yahoo.co.jp/articles/af2185a9c3a1f31c05a5a99967e473ecd33ef0ce,1/4(–Ø) 10:22
sanspo,ƒTƒ“ƒPƒCƒXƒ|[ƒc,y‹¬”t@‚PT‘O’Ç‚¢Ø‚èzƒA[ƒoƒ“ƒVƒbƒNA”N’·”n‚Q“ª‚Æ•¹“ü@•ˆätuŠú‘Ò‚Í‘å‚«‚¢v,https://news.yahoo.co.jp/articles/b69833c87aaf2b1d4844b3d798d4935f519bb7de,1/4(–Ø) 10:01
sanspo,ƒTƒ“ƒPƒCƒXƒ|[ƒc,y‘å‘ºƒ{[ƒgEƒ~ƒbƒhƒiƒCƒgƒ{[ƒgƒŒ[ƒXzˆêŒ‚d—l‚Ìƒyƒ‰‚Æo‰ï‚Á‚½d•xL–ç‚ª’–Ú‚Ì‘¶İ‚É@u_—l‚Ì‚¨“±‚«‚©‚àv,https://news.yahoo.co.jp/articles/0eafe4f48fc6de298a611bc1bb6c146f42a46391,1/4(–Ø) 10:00
sanspo,ƒTƒ“ƒPƒCƒXƒ|[ƒc,’JŒû_”ü‚ªŸ•‰‚Ì•ªŠò“_‚ğ‰ğà@ÂŠw‘å‚Í‚R‹æ‘¾“c‚ÌI‚İ‚È‹ì‚¯ˆø‚«A‹î‘å‚Í‰˜H‚R–{’Œ‡€•s”­‡‚Å•‰‚Ì˜A½,https://news.yahoo.co.jp/articles/46ba3121be102b1fe7c1755cf14597879f52419c,1/4(–Ø) 10:00
sanspo,ƒTƒ“ƒPƒCƒXƒ|[ƒc,t‚ƒoƒŒ[‚ªŠJ–‹@½‰p‚EŠ‹¼å«‚ªé¾u‘å‚«‚È‘å‚«‚ÈŠ´“®‚Ì‰Ô‚ğç‚©‚¹‚é‚±‚Æ‚ğ¾‚¢‚Ü‚·v,https://news.yahoo.co.jp/articles/cdf827299e1bd2793f0e9ac6b586e780e85e394e,1/4(–Ø) 9:01
sanspo,ƒTƒ“ƒPƒCƒXƒ|[ƒc,‚¢‚«‚à‚Ì‚ª‚©‚èAƒeƒŒ’©uƒX[ƒp[‚iƒ`ƒƒƒ“ƒlƒ‹v‚ÌVƒe[ƒ}ƒ\ƒ“ƒO’S“–@‚S“ú‚Ì”Ô‘g‚Å‰ğ‹Ö,https://news.yahoo.co.jp/articles/e2e6066b9388bea8db19e3ee7a82c1138dcb35e1,1/4(–Ø) 9:00
sanspo,ƒTƒ“ƒPƒCƒXƒ|[ƒc,y‹“s‹à”tzƒAƒ”ƒFƒ‰[ƒŒ‚Í‚±‚Ì“úÅ‘¬ƒ^ƒC‚Æ‚È‚éƒ‰ƒXƒg‚Pƒnƒƒ“‚P‚P•b‚X@‘¾“c•èuƒXƒ€[ƒY‚É‘–‚ê‚ê‚Îv,https://news.yahoo.co.jp/articles/c421fee9558a1a85a4d60569367882803288adc1,1/4(–Ø) 8:50
sanspo,ƒTƒ“ƒPƒCƒXƒ|[ƒc,yƒtƒFƒAƒŠ[‚rzƒXƒeƒB[ƒ‹ƒuƒ‹[A”n‚È‚è‚Å”N’·ƒI[ƒvƒ“”n‚Æ•¹“ü@@‘œtu—]—Í\•ªv,https://news.yahoo.co.jp/articles/da4a344e6cd4a3204cec1212e6536c6c914464bd,1/4(–Ø) 8:32
sanspo,ƒTƒ“ƒPƒCƒXƒ|[ƒc,yƒtƒFƒAƒŠ[‚r@’Ç‚Á‚ÄˆêŒ¾zƒLƒƒƒbƒgƒtƒ@ƒCƒgEãŒ´”tu‘O‘–‚Í—A‘—‚ÅƒCƒŒ‚ñ‚¾B¡‚Í—‚¿’…‚¢‚Ä•µˆÍ‹C‚Í‚¢‚¢v,https://news.yahoo.co.jp/articles/53e036eaf99f1c1dbaf2592720de08294b239703,1/4(–Ø) 8:31
sanspo,ƒTƒ“ƒPƒCƒXƒ|[ƒc,yƒVƒ“ƒUƒ“‹L”O@’Ç‚Á‚ÄˆêŒ¾zƒVƒgƒ‰[ƒ‹E”‹Œ´tu’†ŠÔ‚Í•Ï‚í‚è‚È‚­—ˆ‚Ä‚¢‚é‚µAƒŒ[ƒXŠÔŠu‚ª‚ ‚¢‚½“_‚à‹C‚É‚È‚ç‚È‚¢v,https://news.yahoo.co.jp/articles/81c41cac8e7b6bcaf3e494a60b32eff5d06dbd67,1/4(–Ø) 8:30
sanspo,ƒTƒ“ƒPƒCƒXƒ|[ƒc,‹lE–å˜e½‚ª•êZE‘n‰¿‘å‚Å‚Q”N–Ú‚ÌŒˆˆÓ@â–{—El‚ğ‹³‰È‘‚Éu‘S‡oêv‚Æu‚f‚fÜv,https://news.yahoo.co.jp/articles/2a58b1df52936300b37825a13685ec5066fe026a,1/4(–Ø) 8:00
sanspo,ƒTƒ“ƒPƒCƒXƒ|[ƒc,ƒ„ƒNƒ‹ƒgE¬ì‘×O‚ª‚S”N˜A‘±‚ÌŠJ–‹“Šè‚ÉÆ€@•êZ‚Ån“®u‚µ‚Á‚©‚è‘Ì‚Æ‹C‚¿‚ğ‚Â‚­‚Á‚Ä‚¢‚­v,https://news.yahoo.co.jp/articles/0d2ce4db65859a3fd671ee95ba10db3edce27e86,1/4(–Ø) 8:00
sanspo,ƒTƒ“ƒPƒCƒXƒ|[ƒc,‘åãŒ|‘å‚Rl–º‚ª‘åã‘Û—qƒ}ƒ‰ƒ\ƒ“‚ÌƒlƒNƒXƒgƒqƒƒCƒ“˜g‚Å‰ƒtƒ‹ƒ}ƒ‰ƒ\ƒ“@–kì¯—Ú•—é–ØˆÇ“Ş•ŒÃŒ´‰Ä‰¹,https://news.yahoo.co.jp/articles/825ceb3cd0440e4e84a24b4377984dec427d2dc6,1/4(–Ø) 7:30
sanspo,ƒTƒ“ƒPƒCƒXƒ|[ƒc,¼“c¶u‹­‚¢pŒ©‚¹‚Ä—DŸ‚µ‚½‚¢v@‘åã‘Û—qƒ}ƒ‰ƒ\ƒ“‚Í‘åã°‚ÅƒpƒŠŒÜ—ÖÅŒã‚Ì‚P˜g–Úw‚·,https://news.yahoo.co.jp/articles/a83274f2fffcbeadea79c6595ee3abdecb083f97,1/4(–Ø) 7:30
sanspo,ƒTƒ“ƒPƒCƒXƒ|[ƒc,ã_E²“¡‹PA¡”N‚Íuã‚Ì‘Å‡‘Å‚¿‚½‚¢B‚P”ÔA‚Q”ÔA‚R”ÔA‚S”Ô|v‘ÅÈ”‘‚â‚µ‚Ä–{—Û‘Å‚à‘‚â‚·,https://news.yahoo.co.jp/articles/14dc0b57183624c2d3c7741f24a050b13209fcda,1/4(–Ø) 7:30
sanspo,ƒTƒ“ƒPƒCƒXƒ|[ƒc,ã_E•½“cƒwƒbƒhƒR[ƒ`A¯–ì‚³‚ñÃ‚Ô@“ú–{ˆê‚Åu‰‚ß‚Ä‚¢‚¢•ñ‚ª‚Å‚«‚év@‚PŒ‚S“ú‚ª‚U“x–Ú–½“ú,https://news.yahoo.co.jp/articles/91975a1bf33db02198f4dabf0804abacbd4a6214,1/4(–Ø) 7:30
sanspo,ƒTƒ“ƒPƒCƒXƒ|[ƒc,‘O“c•ä“ìu‚`D‚qD‚dD‚ğ–Úw‚·‚½‚ß‚ÌƒŒ[ƒXv@‘åã‘Û—qƒ}ƒ‰ƒ\ƒ“‚Í–ÒŒÕ°‚Å‚Q‘å‰ï˜A‘±ŒÜ—Öoê‚Ö,https://news.yahoo.co.jp/articles/4dba8444d3cdfded63855a708fc505df9a57b0ff,1/4(–Ø) 7:30
sanspo,ƒTƒ“ƒPƒCƒXƒ|[ƒc,“¡‰ª^ˆĞl‚ª‡€ƒnƒ^ƒ`‡‚Ì¾‚¢@–ä•t‚«‚Í‚©‚Üp‚Éo‚Ì“VãÄˆ¤A–…‚Ì“VãÄ“V‰¹‚Íu‚©‚Á‚±‚¢‚¢Iv@•ƒ‚Ì“¡‰ªOA‚Íuc‚Ì‚ ‚é“ú–{’j™‚É‚È‚êIv,https://news.yahoo.co.jp/articles/93727b58ea28f9e64ce7f9e7ce0d5477990c0d6d,1/4(–Ø) 7:30
sanspo,ƒTƒ“ƒPƒCƒXƒ|[ƒc,‚Zƒ‰ƒOƒr[@‘åã‹ËˆüA‚T‘å‰ï‚Ô‚è‚S‹­@—Í‚Å‹t“]I‚±‚¾‚í‚è‚Ìƒ‚[ƒ‹‚Å‚R‚s,https://news.yahoo.co.jp/articles/ba103e4f4330786f9e4e7d7133d8e6c4c8e7bc76,1/4(–Ø) 7:30
sanspo,ƒTƒ“ƒPƒCƒXƒ|[ƒc,” ª‰w“`@¢‹I‚Ì‰õ‹L˜^¶‚ñ‚¾ÂŠw‘åAãJ‚ÌæFƒŠƒŒ[@ƒRƒƒi‰Ğ‚Å“üŠw‚Ìu‹Må«‚ç‚S”N¶‚ªƒ`[ƒ€‚Ü‚Æ‚ßã‚°,https://news.yahoo.co.jp/articles/cddf2513368665b8f28f77345c9b933d20415415,1/4(–Ø) 7:30
sanspo,ƒTƒ“ƒPƒCƒXƒ|[ƒc,‚Zƒ‰ƒOƒr[@²‰êHA‚Q‚R‘å‰ï‚Ô‚è‚S‹­@“`“‚Ìd—Ê‚e‚v‚Æ‚a‚jw‚Ì‚Â‚È‚¬–ğA‚r‚gEˆäãæ§ƒgƒ‰ƒC,https://news.yahoo.co.jp/articles/169005066f48df3e626c72b0621851447ad5c630,1/4(–Ø) 7:30
sanspo,ƒTƒ“ƒPƒCƒXƒ|[ƒc,é¼‘åA‰ß‹Å‚‚RˆÊ@‚T‹æ‚Å‹æŠÔV‡€R‚Ì—d¸‡R–{—BãÄ‚ª‚l‚u‚o,https://news.yahoo.co.jp/articles/42fadd9fd9f9ca4bb6b5494a5e6dda0d00063eb3,1/4(–Ø) 7:30
sanspo,ƒTƒ“ƒPƒCƒXƒ|[ƒc,” ª‰w“`@ÂŠw‘å‚ªŠ®‘S‚uI”š‘¬V‹L˜^‚P‚OŠÔ‚S‚P•ª‚Q‚T•b@Œ´ƒ}ƒWƒbƒNŠ®‹u„ˆÈã‚ÉŠw¶‚Ì•û‚ª—DŸ‚µ‚½‚¢‚Æ‚¢‚¤v‚¢‚ª‹­‚¢ƒŒ[ƒXv,https://news.yahoo.co.jp/articles/59d2dba6966212f2e2f3b772c608a1db0a9c3fff,1/4(–Ø) 7:30
sanspo,ƒTƒ“ƒPƒCƒXƒ|[ƒc,Œ³bq‰€‹…™‚ÌƒTƒ“ƒXƒ|ŒÕ”ÔE’†‰®—F“ß‚ªŒ©‚½I@‚c‚RˆÊER“cãù–ç‚ÍŒ¨—Í‚ª‚à‚Ì‚·‚²‚¢I,https://news.yahoo.co.jp/articles/93e07f6088e1d7548c56edb61fee97635a93ca23,1/4(–Ø) 7:30
sanspo,ƒTƒ“ƒPƒCƒXƒ|[ƒc,‹î‘åA‰º”n•]‚P‹­‚ª•sŠoc‚RŠ¥“¦‚µ—Ü‚Ì‚QˆÊ@“¡“cŠÄ“Âu” ª‚Í•Ê•¨B–¢n‚³‚ªo‚½v,https://news.yahoo.co.jp/articles/b53afce27eb065c48ff14fe40d296380e758be26,1/4(–Ø) 7:30
sanspo,ƒTƒ“ƒPƒCƒXƒ|[ƒc,ã_‚c‚RˆÊER“cãù–ç‚ÍŠ|•z‰ë”VˆÈ—ˆ‚Æ‚È‚é‹…’c‚‘²Vl”NƒA[ƒ`‚ğ–Úw‚·uƒ_ƒCƒ„ƒ‚ƒ“ƒh‚ğ‰ñ‚è‚È‚ª‚çŠ´‚¶‚½‚¢vé‹Ê‚Å‚Ì©åƒgƒŒ‚ğŒöŠJ,https://news.yahoo.co.jp/articles/0d1a186b3a718ba6871a8a6c8c41b88d7d06517e,1/4(–Ø) 7:30
sanspo,ƒTƒ“ƒPƒCƒXƒ|[ƒc,ƒIƒŠƒbƒNƒX‚ÌçŒì_‚Í•½–ì‰ÀõI’†“ˆ‘ŠÄ“Â‚ªŠî–{•ûj‚ğ–¾‚©‚·,https://news.yahoo.co.jp/articles/7458f81d88dc5a1507736040d034e0a1126ff3ca,1/4(–Ø) 7:30
sanspo,ƒTƒ“ƒPƒCƒXƒ|[ƒc,“ŒŠC‘å‚Í‘‡‚P‚PˆÊ‚Å‚R”N‚Ô‚è‚ÌƒV[ƒh‚È‚ç‚¸@‚P•ª‚P‚O•b·cÅI‚P‚O‹æ‚Å‘å“Œ‘å‚É‹t“]•‰‚¯,https://news.yahoo.co.jp/articles/ce776405216a91d4d1dc4d9cd7df32edf1097227,1/4(–Ø) 7:30
sanspo,ƒTƒ“ƒPƒCƒXƒ|[ƒc,‚Zƒ‰ƒOƒr[@“ŒŠC‘å‘åã‹Â¯AŒã”¼’Ç‚¢ã‚°‚à•Ç’ÉŠ´,https://news.yahoo.co.jp/articles/912983e5065a8fcef2b12ed92da49ecdefe821ed,1/4(–Ø) 7:30
sanspo,ƒTƒ“ƒPƒCƒXƒ|[ƒc,‘å“Œ‘å‚ªÅI‚P‚O‹æ‚Å“ŒŠC‘å‚ğ‹t“]@‚X”N‚Ô‚èƒV[ƒhŒ ‚É^–¼qŠÄ“Â‚Í‚¤‚ê‚µ‹ƒ‚«,https://news.yahoo.co.jp/articles/d03f132d670bf16dcb97111594e8973fb69df6a8,1/4(–Ø) 7:30
sanspo,ƒTƒ“ƒPƒCƒXƒ|[ƒc,” ª‚Ì‰ˆ“¹‚É‘åŠ½º‚ª‹A‚Á‚Ä‚«‚½@ƒRƒƒi‰ĞŒãÅ‘½‚X‚W–œl,https://news.yahoo.co.jp/articles/0a211928141b89b9309a04909c17019ade103620,1/4(–Ø) 7:30
sanspo,ƒTƒ“ƒPƒCƒXƒ|[ƒc,y“òèƒ{[ƒgE‚f‡VƒI[ƒ‹ƒŒƒfƒB[ƒXzğ”N‚P‚PŒ‚Éƒfƒrƒ…[‰‚u‚ğü‚Á‚½ÀX”ü—S‚ª‚Q‚O‚Q‚S”N‚à“Ë‚Á‘–‚é,https://news.yahoo.co.jp/articles/b0823c31f5f1d56b97bfe23a778a518dd527d85f,1/4(–Ø) 5:32
sanspo,ƒTƒ“ƒPƒCƒXƒ|[ƒc,y“òèƒ{[ƒgE‚f‡VƒI[ƒ‹ƒŒƒfƒB[ƒXz‹ß‹µD’²ƒGƒ“ƒWƒ“‚ğˆø‚¢‚½ŠÖ–ì•¶‚ªŠJ–‹ƒ_ƒbƒVƒ…‚ğ‘_‚¤,https://news.yahoo.co.jp/articles/6874a71b0ff2ee0c26e00ed4d6d9c625a3e7fff8,1/4(–Ø) 5:31
sanspo,ƒTƒ“ƒPƒCƒXƒ|[ƒc,¼•E¼ˆä‰Ò“ª‰›ŠÄ“Â‚ª“Šèw‚Ìƒ^ƒCƒgƒ‹Šl“¾‚ğ”M–]@‰‘ÕŠ¥‚ğ‘_‚¤‚‹´‚Ì‘ŠæŒø‰Ê‚ÉŠú‘Ò,https://news.yahoo.co.jp/articles/b5a24428719a3810c0773a27599cede3a68fe996,1/4(–Ø) 5:00
sanspo,ƒTƒ“ƒPƒCƒXƒ|[ƒc,‚c‚…‚m‚`EŒKŒ´«u‚ªuV¶ƒ`[ƒ€ŒKŒ´v‚ğŠø—g‚°@áè‚Æ‡“¯ƒgƒŒuˆÓŒ©‚ğo‚µ‡‚Á‚Ä‚‚ß‚Ä‚¢‚¯‚év,https://news.yahoo.co.jp/articles/703d57530aae4e26b6de5eddc41a5c12b73abaa0,1/4(–Ø) 5:00
sanspo,ƒTƒ“ƒPƒCƒXƒ|[ƒc,ƒƒbƒe‚n‚a“à—³–ç‚ªV‰Á“üƒ\ƒg‚Æ‚Ì‘Îí‚ğ”M–]@n‹…®‚Åƒ_ƒWƒƒƒŒ‚Ì‚æ‚¤‚È‡€ƒEƒ`ƒ\ƒg‘ÎŒˆ‡,https://news.yahoo.co.jp/articles/516a3d29ac9450306b04136c23531af3ed8fce8a,1/4(–Ø) 5:00
sanspo,ƒTƒ“ƒPƒCƒXƒ|[ƒc,“ú–{ƒnƒ€Œö®ƒ`ƒA‚n‚fE‘ê’J”ü–²‚³‚ñ‚ªƒGƒXƒRƒ“‚ÌƒiƒrƒQ[ƒ^[‚É@‹…êƒOƒ‹ƒ‚È‚Ç‚ğĞ‰î,https://news.yahoo.co.jp/articles/d84473eba58ec74c0078a8cb4fa382c34583e2b3,1/4(–Ø) 5:00
sanspo,ƒTƒ“ƒPƒCƒXƒ|[ƒc,‘æ‚U‚U‰ñƒuƒ‹[ƒŠƒ{ƒ“Ü‚ÌŠe•”–åŒó•â‚ªŒˆ’è@‹{‘ò‚è‚¦å‰‰‚ÌuŒv@_–Ø—²”V‰îå‰‰‚ÌuƒSƒWƒ‰|‚PD‚Ov‚È‚Ç˜b‘èìƒYƒ‰ƒŠ,https://news.yahoo.co.jp/articles/0aa25236fced8c91cc15041b6b29b8f759e1d7e7,1/4(–Ø) 5:00
sanspo,ƒTƒ“ƒPƒCƒXƒ|[ƒc,Œ‹éƒ‚ƒGu‚Q‚O‘ã‚Ü‚Å‚É”|‚Á‚Ä‚«‚½ŒoŒ±‚ğ¶‚©‚µ‚ÄŠæ’£‚è‚½‚¢v@ƒXƒy[ƒXƒNƒ‰ƒtƒg‚Ì——D‚Xl‚ª°‚ê’…B‰e,https://news.yahoo.co.jp/articles/fb5b207307b78b220e8651af461140cdeaa29ce9,1/4(–Ø) 5:00
sanspo,ƒTƒ“ƒPƒCƒXƒ|[ƒc,ŠÖ¼ƒWƒ…ƒjƒAu‚ ‚¯‚¨‚ßƒ‰ƒCƒuvŠJ–‹@‚k‚‰‚Œ@‚©‚ñ‚³‚¢E“ˆí•“lˆŸuŠ´Ó‚ğ–Y‚ê‚¸‚ª‚ñ‚Î‚è‚Ü‚·v,https://news.yahoo.co.jp/articles/7fdeaf9459eb42d6404db254bfdaf447d545793e,1/4(–Ø) 4:00
sanspo,ƒTƒ“ƒPƒCƒXƒ|[ƒc,’†‘å‚ª‚Ü‚³‚©‚ÌƒV[ƒh‘r¸@’¼‘O‡h‚Å‘Ì’²•s—ÇÒ‚ª‘±o@‰˜H‚P‚RˆÊ‚©‚çŠª‚«•Ô‚¹‚¸,https://news.yahoo.co.jp/articles/49153333645e2e280c3a4e90aa6f5bab57f4fd95,1/3(…) 23:59
sanspo,ƒTƒ“ƒPƒCƒXƒ|[ƒc,‘n‰¿‘å‚Í‰˜H‚VˆÊ‚©‚ç—‚Æ‚µ‚Ä‚WˆÊ@‘‡‚RˆÊˆÈ“à‚ğ–Úw‚µ‚½‰|–ØŠÄ“Âu”g‚ª‚ ‚è‰ß‚¬‚½v,https://news.yahoo.co.jp/articles/8c1f948c8451353161a0d391df14fa429349995a,1/3(…) 23:58
sanspo,ƒTƒ“ƒPƒCƒXƒ|[ƒc,“Œ”_‘å‚Í‘‡‚Q‚QˆÊ@ƒX[ƒp[ƒ‹[ƒL[‘O“c˜a–€‚ª‚V‹æ‚Å” ªƒfƒrƒ…[‚àÁ‰»•s—Ç,https://news.yahoo.co.jp/articles/16e2b2d00cc2b36c41beb344b7b0ebe778ab7227,1/3(…) 23:56
sanspo,ƒTƒ“ƒPƒCƒXƒ|[ƒc,_“Şì‘å‚Í‘‡‚Q‚PˆÊ@‘åŒãŠÄ“Â‚ª—E‘Şu‘S•”–Ú‚ÉÄ‚«•t‚¯‚æ‚¤‚Æv‚Á‚Ä‚¢‚½v,https://news.yahoo.co.jp/articles/0083af59c5a0de3b4ab80a7cc6f04891012b2502,1/3(…) 23:54
sanspo,ƒTƒ“ƒPƒCƒXƒ|[ƒc,—§‘å‚ÍƒV[ƒh‚È‚ç‚¸‚àŠª‚«•Ô‚µ‚Ä‘‡‚P‚SˆÊ@ŠÄ“Â‰ğ”C‘›“®‚ğˆø‚«‚¸‚é’†‚Å•±“¬,https://news.yahoo.co.jp/articles/da78305d284a5549d022b39d2538b0d92040912f,1/3(…) 23:53
sanspo,ƒTƒ“ƒPƒCƒXƒ|[ƒc,“ú‘å‚Í‚S”N‚Ô‚è‚Ì” ª˜H‚à‘‡‚P‚TˆÊ‚ÅƒV[ƒh‚È‚ç‚¸@V‰ëOŠÄ“ÂuŒoŒ±‚ª—ˆ”N‚É‚Â‚È‚ª‚év,https://news.yahoo.co.jp/articles/e8c3a32556d10714d9ce1381277623bef50f28b3,1/3(…) 23:49
sanspo,ƒTƒ“ƒPƒCƒXƒ|[ƒc,“Œ—m‘å‚Í‘O•]”»‚ğ•¢‚µ‚Ä‘‡‚SˆÊ‚ÆŒ’“¬@‚P‚O‹æ‚ÌŠİ–{—É‘¾˜Y‚Í‹æŠÔÜ‚ğŠl“¾,https://news.yahoo.co.jp/articles/0b29f16e842cb9259d206c073b19daa095600019,1/3(…) 23:47
sanspo,ƒTƒ“ƒPƒCƒXƒ|[ƒc,‡‘å‚Í‘‡‚P‚VˆÊ‚Å‚S”N‚Ô‚è‚ÌƒV[ƒh—‚¿@’·–åŠÄ“Âu‚±‚Ì‚æ‚¤‚ÈŒ‹‰Ê‚É‚È‚è\‚µ–ó‚È‚¢v,https://news.yahoo.co.jp/articles/578b6c4f001d0cd935b2a121a243cf3271598abe,1/3(…) 23:45
sanspo,ƒTƒ“ƒPƒCƒXƒ|[ƒc,–¾‘å‚Í•œ˜H‚ÉŒÀ‚ê‚Î‚WˆÊ‚à‘‡‚Q‚OˆÊ@R–{ŠÄ“ÂuŠî–{“I‚È€”õ•s‘«‚ªŒ´ˆö‚¾‚Æv‚¤v,https://news.yahoo.co.jp/articles/081f8714dd5f40463796f8aaed2769bdd4c076ac,1/3(…) 23:42
sanspo,ƒTƒ“ƒPƒCƒXƒ|[ƒc,‘Šw‰@‘å‚Í‘‡‚TˆÊ@ƒPƒcƒƒCƒVE‘å‘ ‚ğ•ƒ‚É‚Â‹g“c‘ ”V‰îuÀ—Í•s‘«‚ğŠ´‚¶‚½v,https://news.yahoo.co.jp/articles/3823a4e0b6f3376dbd31a3e02d767aafe5bd56c5,1/3(…) 23:42
sanspo,ƒTƒ“ƒPƒCƒXƒ|[ƒc,’é‹‘å‚ª‰˜H‚P‚QˆÊ‚©‚çŠª‚«•Ô‚µ‚Ä‚XˆÊ@‚Q”N‚Ô‚èƒV[ƒh‚É’†–ìŠÄ“Âu‚Ü‚½¸i‚µ‚½‚¢v,https://news.yahoo.co.jp/articles/5294bdc4d0487d253c4ff715e49bc84509e4b11b,1/3(…) 23:38
sanspo,ƒTƒ“ƒPƒCƒXƒ|[ƒc,–@‘å‚Í•“c˜a”n‚ª‘åŠw‚V‚V”N‚Ô‚è‚Ì‚U‹æ‹æŠÔÜ@–S‚«’‡ŠÔ‚É‘rÍ‚ğ‚Â‚¯‘‡‚UˆÊ,https://news.yahoo.co.jp/articles/ac82f30591ff5bb32f1ed136e547cd90b746992d,1/3(…) 23:38
sanspo,ƒTƒ“ƒPƒCƒXƒ|[ƒc,‘‘å‚Í‡ˆÊ‚ğ—‚Æ‚µ‚Ä‘‡‚VˆÊ‚à‘OŒü‚«@‰Ô“cŠÄ“Âu‚Ù‚Ú‚P‚O‚O“‚ğo‚¹‚½‚Æv‚¤v,https://news.yahoo.co.jp/articles/0385be23af9c22bba6d9976121f4b02e32848103,1/3(…) 23:17
sanspo,ƒTƒ“ƒPƒCƒXƒ|[ƒc,‹ËˆüŠw‰€‚ª‚S‹­“ü‚è@ƒ^ƒŒƒ“ƒgŒR’c‚ª“ï“G‚ğŒ‚”j@‚R‘å‰ï‚Ô‚è‚u‚Ö€ŒˆŸ‚Íu‹Ëˆü‘ÎŒˆv,https://news.yahoo.co.jp/articles/b848fba480ffcc19c093b80fa477d06f8369b90f,1/3(…) 23:07
sanspo,ƒTƒ“ƒPƒCƒXƒ|[ƒc,‹î‘åEˆÀŒ´‘¾—z‚Í’íEŠC°‚ÆŒZ’í‹‹…u‚½‚·‚«ƒŠƒŒ[‚ğ‚µ‚½‚©‚Á‚½‚ªA” ª‰w“`‚ğˆê‚É‘–‚ê‚Ä–{“–‚É—Ç‚©‚Á‚½v,https://news.yahoo.co.jp/articles/1b322686973486b1966ed77f28428f0c65288129,1/3(…) 22:11
sanspo,ƒTƒ“ƒPƒCƒXƒ|[ƒc,‹¤‰hŠw‰€EH–{”ü‹ó‚ª‰º–k‘ò¬“¿‚Ì‚RŠ¥‘j~‚Ö@¡“x‚±‚»u‚Ç‚ñ‚ÈŒ`‚Å‚àŸ‚¿‚½‚¢v,https://news.yahoo.co.jp/articles/37c93c1d7f0e314b2e9abb956a6c9b1ffe50378b,1/3(…) 21:36
sanspo,ƒTƒ“ƒPƒCƒXƒ|[ƒc,‹î‘åE‰Ô”ö‹±•ã‚Í‚X‹æ‹æŠÔ‚TˆÊu‹î‘ò‚Å‚S”NŠÔ—¤ã‚ğ‚â‚è‘±‚¯‚ç‚ê‚ÄAK‚¹‚È‚S”NŠÔ‚¾‚Á‚½v,https://news.yahoo.co.jp/articles/fdf45ec18ba4817364248d264458526f0fd9498a,1/3(…) 21:35
sanspo,ƒTƒ“ƒPƒCƒXƒ|[ƒc,yìèƒ}ƒCƒ‰[ƒYzƒfƒ…[ƒhƒ”ƒ@ƒ“‚ª’¼ü‰sL‚µdÜ‰§”eI@Œä_–{ŒPj‹Rèu• ‚ğ‚­‚­‚Á‚Ä‚±‚Ì”n‚Ìƒy[ƒX‚Åi‚ñ‚¾‚±‚Æ‚ªÅŒã‚ÌØ‚ê–¡‚É‚Â‚È‚ª‚Á‚½v,https://news.yahoo.co.jp/articles/59081e7ef3ad3535fd89fcaf78fb568367ed1c50,1/3(…) 20:18
sanspo,ƒTƒ“ƒPƒCƒXƒ|[ƒc,Œj‚´‚±‚ÎA˜]œœÜ‚µ‚Ä‚¢‚½u‰Æ‚Å“]‚ñ‚Åƒe[ƒuƒ‹‚É“–‚½‚Á‚Äv@—Œê‰‰‚¶‚¸’íq‚Æƒg[ƒN,https://news.yahoo.co.jp/articles/77ed5a2f0928ef4964865ebfa97500b410404df4,1/3(…) 18:40
sanspo,ƒTƒ“ƒPƒCƒXƒ|[ƒc,â“Œ‹ÊO˜YA”íĞÒ‚ğ‹CŒ­‚¢‚Â‚Â‚àƒT[ƒrƒX¸_‰ ·‚Èu‚¨”N‹ÊŒö‰‰vŠJ–‹,https://news.yahoo.co.jp/articles/e2d6b82197232f2b4c442b445d7d4ddc8386fcf9,1/3(…) 18:33
sanspo,ƒTƒ“ƒPƒCƒXƒ|[ƒc,‰i“‡‚Ü‚È‚İ‹Rè‚ªƒVƒ‹ƒNƒ[ƒh‚r‚Å‚f‡T‚R’…”nƒgƒDƒ‰ƒ”ƒFƒX[ƒ‰‚Æ‰ƒRƒ“ƒr,https://news.yahoo.co.jp/articles/fd1239b6ea9ddc0da8d09f0728e55225fb443fcd,1/3(…) 18:14
sanspo,ƒTƒ“ƒPƒCƒXƒ|[ƒc,ƒz[ƒvƒtƒ‹‚ro‘–æÁ‚ÌƒSƒ“ƒoƒfƒJ[ƒu[ƒX‚ªA‚Ìèp‚Ö,https://news.yahoo.co.jp/articles/95a7c9807d0cc80d85e0661d94b20e9e54da53b5,1/3(…) 17:07
sanspo,ƒTƒ“ƒPƒCƒXƒ|[ƒc,yƒtƒFƒAƒŠ[‚rzƒLƒƒƒvƒeƒ“ƒlƒL‚Íâ˜H‚Åƒpƒƒtƒ‹‚È‹r‚³‚Î‚«@™R°’²‹³tu‚Ü‚½‘å‚«‚­‚È‚è‚Ü‚µ‚½‚ªA—A‘—‚à‚ ‚é‚Ì‚Åv,https://news.yahoo.co.jp/articles/e53da8aebd1c890419a2225c496a7560c2748be9,1/3(…) 16:41
sanspo,ƒTƒ“ƒPƒCƒXƒ|[ƒc,y‹“s‹à”tzƒ_ƒmƒ“ƒ^ƒbƒ`ƒ_ƒEƒ“‚Íâ˜H‚Å‚Sƒnƒƒ“‚T‚R•b‚P@–k‘º—Fˆê‹Rèu‘fŒy‚­‚È‚Á‚Ä‚¢‚Ü‚·v,https://news.yahoo.co.jp/articles/3b5837fe42cdc7ce853143791a41325b09b16d06,1/3(…) 16:38
sanspo,ƒTƒ“ƒPƒCƒXƒ|[ƒc,yƒVƒ“ƒUƒ“‹L”OzƒoƒŒƒ‹ƒ^[ƒ“‚Íâ˜H‚ÅŒy‰õ‚È‹r‚³‚Î‚«@’ƒ–Ø’²‹³tu‚¢‚¢’²‹³‚ª‚Å‚«‚½‚Æv‚¢‚Ü‚·v,https://news.yahoo.co.jp/articles/6af75d22c94c1e8e59097cebd295775e3a0732b1,1/3(…) 16:17
sanspo,ƒTƒ“ƒPƒCƒXƒ|[ƒc,ƒ„ƒNƒ‹ƒgE¬ì‘×O‚ª•êZ‚Ì‘n‰¿‘å‚Ån“®@‚S”N˜A‘±‚W“x–Ú‚ÌŠJ–‹“Šè‚Öu“–‘R‚â‚ç‚È‚¢‚Æ‚¢‚¯‚È‚¢v,https://news.yahoo.co.jp/articles/855b93850656fdd1731d2430228c2776f749d6ca,1/3(…) 16:12
sanspo,ƒTƒ“ƒPƒCƒXƒ|[ƒc,y“úŒoVt”tz‚PT‘O’Ç‚¢@ƒTƒ”ƒH[ƒi‚Íâ˜H‚Å’P‘–‚T‚Q•b‚O@’†’|’²‹³tu‹——£‚ğˆÓ¯‚µ‚½’²®‚ğv,https://news.yahoo.co.jp/articles/be2f05544184554a598c11eb1f5e5eb69d0b3111,1/3(…) 16:02
sanspo,ƒTƒ“ƒPƒCƒXƒ|[ƒc,‹lE–å˜e½ul‚ÌS‚É‹¿‚­‚æ‚¤‚ÈƒvƒŒ[‚ğv—VŒ‚‚Å‘S‡oê•‚f‚fÜ‚ÖŒˆˆÓ,https://news.yahoo.co.jp/articles/5f6f585e2469c16cf8a213f5887443a53d61af6c,1/3(…) 16:00
sanspo,ƒTƒ“ƒPƒCƒXƒ|[ƒc,y‚SÎˆÈãŸ‘–•ñzƒAƒOƒŠ‚Íâˆä—Ú¯‹Rè‚Æ‚ÌƒRƒ“ƒr‚ÅƒVƒ‹ƒNƒ[ƒh‚r‚Ö,https://news.yahoo.co.jp/articles/b385427ff8e8c8c0cb6a31a57a34f9a6cbeedd08,1/3(…) 15:38
sanspo,ƒTƒ“ƒPƒCƒXƒ|[ƒc,y‚RÎŸ‘–•ñzã_‚i‚e‚T’…ƒVƒJƒSƒXƒeƒBƒ“ƒO‚ÍƒtƒBƒŠ[ƒY‚q‚Ö,https://news.yahoo.co.jp/articles/6b72b16b23a115b27a29f26eded109a79addb2ee,1/3(…) 15:25
sanspo,ƒTƒ“ƒPƒCƒXƒ|[ƒc,ã_‚c‚RˆÊER“cãù–ç‚ª©åƒgƒŒŒöŠJuƒvƒ‚ÌŠÂ‹«‚ÉŠµ‚ê‚Ä‘‚­‚PŒR‚ÅŠˆ–ô‚Å‚«‚é‚æ‚¤‚Év@¼•ƒ‰ƒCƒIƒ“ƒYƒWƒ…ƒjƒA‚Ì­—‚ÆƒLƒƒƒbƒ`ƒ{[ƒ‹‚à,https://news.yahoo.co.jp/articles/405a08948ffd81d166bd76b58ffe8142db95caaf,1/3(…) 15:02
sanspo,ƒTƒ“ƒPƒCƒXƒ|[ƒc,ƒ‰ƒOƒr[ƒRƒ‰ƒ€@‘åŠwƒ‰ƒOƒr[ÅIŒˆí@’é‹‘å|–¾‘å‚ÌŸ”s‚Ì‚ä‚­‚¦‚ÍHI,https://news.yahoo.co.jp/articles/02957c8bf0d11a00f9adb5fd93c01862cacfc476,1/3(…) 15:00
sanspo,ƒTƒ“ƒPƒCƒXƒ|[ƒc,‚Q‚O‚Q‚S”N‚c‚…‚m‚`VÍ–‹ŠJ‚¯@²–ìŒb‘¾‚©‚ç–qGŒå‚Ö‚ÆŒp³‚³‚ê‚éå«‚ÌuSv,https://news.yahoo.co.jp/articles/b4a4183a1b4224547def2340d87b52302938c957,1/3(…) 15:00
sanspo,ƒTƒ“ƒPƒCƒXƒ|[ƒc,ƒVƒ“ƒGƒ“ƒyƒ‰[‚Í–í¶ÜƒfƒB[ƒvƒCƒ“ƒpƒNƒg‹L”O‚Ån“®‚©HŒÜ’¼s‚©‚ÅŒŸ“¢,https://news.yahoo.co.jp/articles/e55863418b903deb0406da41ae57961e6c89ddc6,1/3(…) 14:14
sanspo,ƒTƒ“ƒPƒCƒXƒ|[ƒc,ƒLƒ“ƒOƒXƒR[ƒg‹Rè‚ª”ü‰Y‚Å’²‹³‚É‹Ræu{İ‚ÍƒxƒŠ[ƒOƒbƒhv,https://news.yahoo.co.jp/articles/66ec5649eb4dff9031d8851b91b83327db187e88,1/3(…) 14:09
sanspo,ƒTƒ“ƒPƒCƒXƒ|[ƒc,•½–ìˆ»A’JŒûŒ«u‚ÆŒ‹¥”­•\u‚¨Œİ‚¢•\Œ»Ò‚Æ‚µ‚Ä‚æ‚èˆê‘w¸i‚µ‚ÄQ‚è‚Ü‚·v,https://news.yahoo.co.jp/articles/e8e6fa88851fd22fe76025ff617bc6bb85e3bb55,1/3(…) 13:03
sanspo,ƒTƒ“ƒPƒCƒXƒ|[ƒc,y‹“s‹à”tzƒJƒVƒIƒyƒA‚rŸ‚¿‚ÌƒAƒ‹ƒiƒV[ƒ€@‹´Œût‚à‹¹’£‚é[À‚Ô‚è,https://news.yahoo.co.jp/articles/6b0e32ef755025b2eae0d5f93699fc4cb4e7b3ea,1/3(…) 12:25
sanspo,ƒTƒ“ƒPƒCƒXƒ|[ƒc,y’†R‹à”tzƒS[ƒ‹ƒfƒ“ƒnƒCƒ“ƒh‚Í‚VƒJŒ”¼‚Ô‚è‚Å‚à“®‚«ƒLƒrƒLƒr@•stuƒƒ“ƒ^ƒ‹‚â‘Ì—Í–Ê‚Å¬’·v,https://news.yahoo.co.jp/articles/a837d08a6033a15d668c2af9680cb1ac73680744,1/3(…) 12:10
sanspo,ƒTƒ“ƒPƒCƒXƒ|[ƒc,VtƒXƒyƒVƒƒƒ‹‘Î’k@ã_E‹ß–{Œõi•´…Šó—eu³Œ‚Í–İ‚ğH‚¢‚Ü‚·v^ƒvƒ‰ƒCƒx[ƒgE•ø•‰•Ò,https://news.yahoo.co.jp/articles/2fbf50ba8e569404bafd0b13d8bd58d14ed5e7b9,1/3(…) 12:02
sanspo,ƒTƒ“ƒPƒCƒXƒ|[ƒc,VtƒXƒyƒVƒƒƒ‹‘Î’k@ã_E‹ß–{Œõi•´…Šó—euŒÂlƒXƒ|[ƒc‚Í“ï‚µ‚¢v^ƒvƒƒtƒFƒbƒVƒ‡ƒiƒ‹•Ò,https://news.yahoo.co.jp/articles/d5a407dc59f54f82b5ae64ce7ed710cf52355750,1/3(…) 12:01
sanspo,ƒTƒ“ƒPƒCƒXƒ|[ƒc,VtƒXƒyƒVƒƒƒ‹‘Î’k@ã_E‹ß–{Œõi•´…Šó—eu“ú–{ƒVƒŠ[ƒY‚l‚u‚o‚ğæ‚è‚Ü‚µ‚½‚æ‚Ëv^‘Î–Ê•Ò,https://news.yahoo.co.jp/articles/140970e02d456d0a454082c0fc9be2db05480747,1/3(…) 12:00
sanspo,ƒTƒ“ƒPƒCƒXƒ|[ƒc,y’†R‹à”tzƒ}ƒCƒlƒ‹ƒNƒŠƒ\[ƒ‰‚ªdÜ‰‚u‚Ö@‚QŒ‚¢‚Á‚Ï‚¢‚Å’è”N‚Ì’†–ìtuƒ`ƒƒƒ“ƒX‚Í\•ª‚ ‚év,https://news.yahoo.co.jp/articles/c82f5e2178baf78447466ea210fccecb0e3f9b0b,1/3(…) 11:55
sanspo,ƒTƒ“ƒPƒCƒXƒ|[ƒc,ŒÕ‚Ìƒ\ƒiƒ^@‰º‘º‚Éó‚¯Œp‚¢‚Å‚Ù‚µ‚¢u–ÒŒÕ‰Íì•~“`àv@‘ºRAŠ|•z‚»‚µ‚ÄV¯‚àŠ¾—¬‚µ‚½,https://news.yahoo.co.jp/articles/9db5e9b42a9671eb04dba3916a04b5c062e45a7f,1/3(…) 11:00
sanspo,ƒTƒ“ƒPƒCƒXƒ|[ƒc,‚·‚Á‚¿[u¡‚Ìl‚É–O‚«‚ç‚ê‚È‚¢‚æ‚¤‚É‘ã‚É‡‚Á‚½’è”Ô‚ğv‹g–{VŠìŒ€À’·ƒŠƒŒ[ƒRƒ‰ƒ€u‚s‚g‚d‚¿‚å`ZZ‚È˜bv‚·‚ñ‚Ì‚©‚¢,https://news.yahoo.co.jp/articles/ae96a0c7b4b62a797248acd67b0cbb4ca2290d35,1/3(…) 11:00
sanspo,ƒTƒ“ƒPƒCƒXƒ|[ƒc,y‘å‘ºƒ{[ƒgEƒ~ƒbƒhƒiƒCƒgƒ{[ƒgƒŒ[ƒXzV”N‚R‘––Ú‚Å‰”’¯‚ÌáÁ’¹N‘¾u‰S‚É‹A‚Á‚ÄƒXƒs[ƒh‚à‚Á‚Ä‰ñ‚év@‘Š–_‚Q‚W†‹@‚É‚Í‚•]‰¿,https://news.yahoo.co.jp/articles/d3da95859bfd0337408509de68bc22d7ff6779e7,1/3(…) 10:25
sanspo,ƒTƒ“ƒPƒCƒXƒ|[ƒc,y‚o‚n‚f’²¸‘àz’´—ÇŒŒƒo[ƒhƒEƒHƒbƒ`ƒƒ[‚Í‹¬”t‚Ö‡’²@—é–Ø•èuˆíŞ‚¾‚Æv‚Á‚Ä‚¢‚Ü‚·v,https://news.yahoo.co.jp/articles/ec613e72628fb28e2d63246674e84f0d5eb96b2f,1/3(…) 7:45
sanspo,ƒTƒ“ƒPƒCƒXƒ|[ƒc,” ª‰w“`@‰˜H‚u‚ÌÂŠw‘å‚ÍR“àŒ’“o‚Æ‰–oãÄ‘¾‚ğ“Š“ü@‹t“]‘_‚¤‹î‘å‚Í‚V‹æ‚ÉˆÀŒ´‘¾—zA‚P‚O‹æ‚É’ë£r‹P@‘O‰ñ‚U‹æ‹æŠÔÜ‚ÌˆÉ“¡‘“—B‚Í•âˆõ‚Ì‚Ü‚Ü,https://news.yahoo.co.jp/articles/6f5bceb93aae5433161ce788014617b0e7d55b69,1/3(…) 7:35
sanspo,ƒTƒ“ƒPƒCƒXƒ|[ƒc,y‚o‚n‚f’²¸‘àzƒLƒ^ƒTƒ“ƒuƒ‰ƒbƒNY‹î‚ÌƒL[ƒpƒtƒH[ƒ}[‚ªg”~‚r‚Å˜AŸ‚Ö,https://news.yahoo.co.jp/articles/f74fda6e0fc29113fe737d41222d8754a4f0d426,1/3(…) 7:32
sanspo,ƒTƒ“ƒPƒCƒXƒ|[ƒc,‹Y‘åA‚P‚O“x–Ú’§í‚à—Ü@díÔŒR’c‚ÉŠ®”sc‚Ü‚½‚à’µ‚Ë•Ô‚³‚ê‚½ŒˆŸ‚Ö‚Ìu‘—§‚Ì•Çv^‘åŠw‘IèŒ ,https://news.yahoo.co.jp/articles/6198a1e5f4beac2108f4bf93d61f8971650f2c1e,1/3(…) 7:30
sanspo,ƒTƒ“ƒPƒCƒXƒ|[ƒc,ã_‚c‚PˆÊE‰º‘ºŠCãÄA‚Q‚O‚Q‚S”N‚Ì–Ú•W‚ÍuŸv@ÂŠw‘å—¤ã•”‚ª” ª‰˜H‚ucƒIƒŒ‚à•‰‚¯‚Ä‚½‚Ü‚é‚©‘åìíI@u“Š‚°‚é‡‚Í‘S•”Ÿ‚¿‚½‚¢v,https://news.yahoo.co.jp/articles/00770cdd28ae8a1a25cecf1057d2075ef2501130,1/3(…) 7:30
sanspo,ƒTƒ“ƒPƒCƒXƒ|[ƒc,ƒ„ƒNƒ‹ƒgE“cŒû—í“lA“ŠèƒLƒƒƒvƒeƒ“‚ğ‚‹´šõ“ñ‚É‘T÷‚ÖuÓ”CŠ´‚Ì‚ ‚éƒ|ƒWƒVƒ‡ƒ“‚ğ—^‚¦‚½‚¢v,https://news.yahoo.co.jp/articles/b1facef2a6f84e0cbc6088f65674edeaa7d29748,1/3(…) 7:30
sanspo,ƒTƒ“ƒPƒCƒXƒ|[ƒc,” ª‰w“`@’JŒû_”ü‚ªŒê‚Á‚½‚U‹æER‰º‚è‚Ì‹ÉˆÓ@Å‰‚Ì‚TƒLƒ‚Íã‚èc‚±‚±‚Å‚¢‚©‚É“Ë‚Á‚ñ‚Å‰Ò‚®‚©‚ª‘å–,https://news.yahoo.co.jp/articles/b42c72f825c3e74b501509f404ca616a110d3c57,1/3(…) 7:30
sanspo,ƒTƒ“ƒPƒCƒXƒ|[ƒc,“V—‘å‚à”s‘Ş@‰ä–‚Ìç”õ‚Å‚uŒó•â‚É•±“¬^‘åŠw‘IèŒ ,https://news.yahoo.co.jp/articles/f7cbe6888a48eda8517965e2fc0bcec8132a0356,1/3(…) 7:30
sanspo,ƒTƒ“ƒPƒCƒXƒ|[ƒc,ƒeƒŒƒr’©“úŒnuTŠ§ƒjƒ…[ƒXƒŠ[ƒ_[v‚ªI—¹A‚RŒ‚¢‚Á‚Ï‚¢‚Å@‚s‚n‚j‚h‚né“‡–Î‚ÆÎŒ´—Çƒ‚ªƒƒCƒ“ƒp[ƒ\ƒiƒŠƒeƒB[,https://news.yahoo.co.jp/articles/09408302e175f66e85bfde4b6afe5be6fa1b7ca0,1/3(…) 5:00
sanspo,ƒTƒ“ƒPƒCƒXƒ|[ƒc,¼–{”’ê_Aušæ@‰t‘å‰Ì•‘Šêvo‰‰@‚Q”N˜A‘±‚Ì‚—í‰®O‘ã‚»‚ë‚¢“¥‚İuŒãX‚Ó‚½‚è‚ªv‚¢o‚µ‚Ä‚­‚ê‚ê‚Îv,https://news.yahoo.co.jp/articles/f4f41ea1009f768f922cbcd5fdfd26cad2a24d07,1/3(…) 5:00
sanspo,ƒTƒ“ƒPƒCƒXƒ|[ƒc,ƒ„ƒNƒ‹ƒgER“c“Nl‚ª‰Œw‚ÅV”N‚Ì¾‚¢@Z‹g‘åĞ‚ÌŠG”n‚É—Í‹­‚­u‹­S@‹­g@‹­Uv,https://news.yahoo.co.jp/articles/5588bb20f361b375b1adadc88d9dab662ebf9c88,1/3(…) 5:00
sanspo,ƒTƒ“ƒPƒCƒXƒ|[ƒc,‚c‚…‚m‚`E“Œ÷‚ªuœ”Õ‹¸³v‚ÅVƒG[ƒX‚Ì©Šo@“úí¶Šˆ‚ÌuŒÄ‹zv‚©‚ç‰ü‘P,https://news.yahoo.co.jp/articles/8f0086076a9d452c2b8841b0be6ef2c112c7cd43,1/3(…) 5:00
sanspo,ƒTƒ“ƒPƒCƒXƒ|[ƒc,‹lE›–ì’q”V‚ª‘SŠJƒLƒƒƒ“ƒv‚ğ—\@‚QŒ‚P“ú‚Íƒuƒ‹ƒyƒ“‚É‚à@u‚µ‚Á‚©‚è€”õ‚µ‚Ü‚·v‚ÆƒnƒƒC‚Å©åƒgƒŒ’†,https://news.yahoo.co.jp/articles/d496b4491d20df82394b4f51dd7d674be6fa3bfd,1/3(…) 5:00
sanspo,ƒTƒ“ƒPƒCƒXƒ|[ƒc,¼•E¼ˆä‰Ò“ª‰›ŠÄ“ÂA‚Q‚R”N–Ú‚Ì’†‘º„•ŒIR‚Éuá‚¢‘Iè‚Ö¸_“I‚È‚Æ‚±‚ë‚àŠÜ‚ß‚ÄŠú‘Ò‚µ‚Ä‚¢‚év,https://news.yahoo.co.jp/articles/97fdcd6038a982c9c9dafb60c9b11edcbd7aa3ae,1/3(…) 5:00
sanspo,ƒTƒ“ƒPƒCƒXƒ|[ƒc,ƒƒbƒeERŒûq‹P‚ª”N’j‚Ì¾‚¢u—´‚Ì‚æ‚¤‚É“V‚‚­cv@F†‚É‚ÍŠ¿š‚R•¶š‚ÅŒˆˆÓ•\–¾,https://news.yahoo.co.jp/articles/26bf5d7d52b9ee3deed920747fbfac3721197993,1/3(…) 5:00
sanspo,ƒTƒ“ƒPƒCƒXƒ|[ƒc,‚g‚‰‚g‚‰@‚i‚…‚”‚“‚Ì‚‹´—D“lA”\“o”¼“‡’nk‚Ì”íĞ’n‚ÉƒƒbƒZ[ƒWuÎŠçA–¾‚é‚¢˜b‘è‚ğ“Í‚¯‚½‚¢v@‚r‚l‚h‚k‚d|‚t‚oD•‘‘äu‚`‚ƒ‚”@‚n‚m‚dv‚Å‚SƒOƒ‹[ƒv‹£‰‰,https://news.yahoo.co.jp/articles/54f7e023cd697c5a3e3548e1bcb6b6d80453657b,1/3(…) 4:00
sanspo,ƒTƒ“ƒPƒCƒXƒ|[ƒc,¼•——ç‚ªŠ‘®––±ŠƒXƒEƒB[ƒgƒpƒ[‚Æ‚Ìê‘®Œ_–ñ‚ğI—¹@uV‚½‚Èl¶‚ÌƒXƒ^[ƒg‚ğŒ©ç‚Á‚Äv,https://news.yahoo.co.jp/articles/09814f3ab605e971a7c920e049cd4824ac9810a3,1/2(‰Î) 23:18
sanspo,ƒTƒ“ƒPƒCƒXƒ|[ƒc,‹î‘å‚Íjã‰‚Ì‚Q”N˜A‘±‚RŠ¥‚É‰©FM†@“¡“cŠÄ“Âu‚à‚¤ˆê“xí‚¤p¨‚ğŒ©‚¹‚½‚¢v,https://news.yahoo.co.jp/articles/cf9f54a30376c3f7a2d9729daa7c7a9895921801,1/2(‰Î) 23:09
sanspo,ƒTƒ“ƒPƒCƒXƒ|[ƒc,ÂŠw‘å‚ª‹î‘å~‚ß‚½‰˜HV@‚Ô‚Á‚¿‚¬‚è‚Q•ª‚R‚W•b·@Œ´ŠÄ“Âu•œ˜H‚àV‹L˜^‘_‚¦‚év,https://news.yahoo.co.jp/articles/3a67ed8db3d53cdc2df38bcfdaf7eb53ed93ff83,1/2(‰Î) 23:05
sanspo,ƒTƒ“ƒPƒCƒXƒ|[ƒc,’†‘å‚Í‘Ì’²•s—ÇÒ‘±o‚Å‚P‚RˆÊ@—DŸŒó•â‚ÌˆêŠp‚ªc“¡Œ´³˜aŠÄ“Âu‚æ‚­‚Â‚È‚¢‚¾‚Æv‚¤v,https://news.yahoo.co.jp/articles/1d044eeb4e92f2ae4b62f85b4f0724853b020605,1/2(‰Î) 22:52
sanspo,ƒTƒ“ƒPƒCƒXƒ|[ƒc,‘Šw‰@‘å‚ª‚UˆÊ@’nk”íĞ‚Ì•ŸˆäogE•½—Ñ´Ÿ‚ª‚Wl”²‚«u‹C‚¿‚ğì‚é‚Ì‚ª‘å•Ï‚¾‚Á‚½v,https://news.yahoo.co.jp/articles/efa7a8852e0cfa94ad473202ddee99f158c1c1ff,1/2(‰Î) 22:41
sanspo,ƒTƒ“ƒPƒCƒXƒ|[ƒc,–@‘å‚Í–S‚«ƒ`[ƒ€ƒ[ƒg‚É‚³‚³‚°‚é‚XˆÊ@‚Q‹æ‚Ì¼‰i—àu’‡ŠÔ‚Ì•ª‚Ü‚ÅŠæ’£‚è‚Ü‚µ‚½v,https://news.yahoo.co.jp/articles/24adede37260e78d273b511aadc41fb6f3bbc37f,1/2(‰Î) 22:33
sanspo,ƒTƒ“ƒPƒCƒXƒ|[ƒc,’é‹‘åA‚R‘å‰ï˜A‘±‚P‚Q“x–Ú‚Ì‘åŠw“ú–{ˆê‚Ö@]—Çå«u¡‚Ü‚Å‚â‚Á‚Ä‚«‚½‚à‚Ì‚ğ‘S‚Äo‚·‚¾‚¯v^‘åŠw‘IèŒ ,https://news.yahoo.co.jp/articles/b7be1a8c13bfd4552a74b66fa339317b0f6e3625,1/2(‰Î) 22:29
sanspo,ƒTƒ“ƒPƒCƒXƒ|[ƒc,‘‘å‚Í‚TˆÊ‚Å•œ˜H‚Ö@‘O‰ñƒV[ƒh—‚¿‚©‚çƒŠƒxƒ“ƒW@‚Q‹æ‚ÅRŒû’q‹K‚ª‚Wl”²‚«,https://news.yahoo.co.jp/articles/6a123562c84c913b1320deca2c3ae7e74387b33c,1/2(‰Î) 22:24
sanspo,ƒTƒ“ƒPƒCƒXƒ|[ƒc,“Œ—m‘å‚Í”~è˜@‚ª‚Xl”²‚«‚ÌD‘–‚Å‚SˆÊ@–Ú•W‚Ìu‘‡‚RˆÊˆÈ“àv‚ğË’öŒ—“à‚É,https://news.yahoo.co.jp/articles/682f2c0dd60927c7ee510b8bacf60711a4331f41,1/2(‰Î) 22:16
sanspo,ƒTƒ“ƒPƒCƒXƒ|[ƒc,é¼‘åER–{—BãÄ‚ª‚Q”N˜A‘±‚Ì‹æŠÔV@uR‚Ì—d¸v‚Ì—Í‘–‚Å‰ß‹Å‚‚Ì‚RˆÊ‚Å•œ˜H‚Ö,https://news.yahoo.co.jp/articles/d02f21e99dca61bd3b4a898a71536738c8b9623e,1/2(‰Î) 22:05
sanspo,ƒTƒ“ƒPƒCƒXƒ|[ƒc,“ú–{‘ã•\‚g‚b‚ÌƒGƒfƒB[EƒWƒ‡[ƒ“ƒY‚ª•ø•‰@‚m‚g‚j‚Ì‘åŠw‘IèŒ ’†Œp‚ÉƒQƒXƒgo‰‰,https://news.yahoo.co.jp/articles/262d64e06b04f09da7b43fbec9c84932a5bb0af2,1/2(‰Î) 21:08
sanspo,ƒTƒ“ƒPƒCƒXƒ|[ƒc,–¾‘å‚ª‚Wƒgƒ‰ƒC‚Å‚Q‘å‰ï‚Ô‚è‚ÌŒˆŸio@’é‹‘å‚Ö‚ÌƒŠƒxƒ“ƒW‚Ì•‘‘ä‚Í®‚Á‚½I^‘åŠw‘IèŒ ,https://news.yahoo.co.jp/articles/edf6a5882cef3b68348eb9853b73d299626a725b,1/2(‰Î) 20:58
sanspo,ƒTƒ“ƒPƒCƒXƒ|[ƒc,’C”N¶‚Ü‚ê‚Ì‡€”N’j‡‚É’–ÚI@ƒWƒ‡ƒbƒL[‚Í‚P‚QlAƒgƒŒ[ƒi[‚Í‚P‚Ol,https://news.yahoo.co.jp/articles/2add5903f19b73d0702026c8fa2e20a1b9820a84,1/2(‰Î) 20:54
sanspo,ƒTƒ“ƒPƒCƒXƒ|[ƒc,yƒtƒFƒAƒŠ[‚r•ƒVƒ“ƒUƒ“‹L”Oz‚PŒ‚V“úA‚W“ú‚Í‚Q“ú˜A‘±‚Å‚RÎdÜ‚ğÀ{@ƒNƒ‰ƒVƒbƒNíü‚É–¼æ‚è‚ğ‚ ‚°‚é‚Ì‚ÍH,https://news.yahoo.co.jp/articles/bdb29aa3f943008dcf342897487f56c64b5fa00e,1/2(‰Î) 20:24
sanspo,ƒTƒ“ƒPƒCƒXƒ|[ƒc,‹à‘ò‹£”nê‚Í‚T“ú‚Ü‚ÅêŠO”­”„’†~,https://news.yahoo.co.jp/articles/0507a71dc7f212b59b9fbfc43581f3bd8b74771d,1/2(‰Î) 20:17
sanspo,ƒTƒ“ƒPƒCƒXƒ|[ƒc,y’†R‹à”t•‹“s‹à”tz‚Q‚O‚Q‚S”N‚Ì’†‰›‹£”n‚Í‚PŒ‚U“ú‚ÉƒXƒ^[ƒg@V”NÅ‰‚ÌdÜ‚ğ§‚·‚Ì‚ÍH,https://news.yahoo.co.jp/articles/fa4eb68f3f8fa546854f96cdcaf7969d4dbccd91,1/2(‰Î) 19:58
sanspo,ƒTƒ“ƒPƒCƒXƒ|[ƒc,¼’|VŠìŒ€‚Ì‘]‰ä”U‰Æ‚¢‚ë‚Í‚ªŒ‹¥@‹v–{‰ë”ü‚ª‚ ‚¢‚³‚Â‚Åƒ|ƒƒŠu‚³‚İ‚µ‚­‚È‚è‚Ü‚µ‚½v,https://news.yahoo.co.jp/articles/65958979ad83f1276b96897e42ae814996af1a90,1/2(‰Î) 19:26
sanspo,ƒTƒ“ƒPƒCƒXƒ|[ƒc,”N’jEŒ´—D‰î‹Rè‚ª‚³‚ç‚È‚é”ò–ô‚ğ¾‚¤@uŠæ’£‚ê‚ÎŒ»À“I‚È”šv‚ÆŒê‚é–Ú•W‚Í\,https://news.yahoo.co.jp/articles/93b8aa0b6287ec1d520e63b03dae71284eb9d100,1/2(‰Î) 19:14
sanspo,ƒTƒ“ƒPƒCƒXƒ|[ƒc,‹lƒiƒCƒ“AĞŠQ—p“`Œ¾ƒ_ƒCƒ„ƒ‹g—p–@‚ğ‹¤—L@”\“o”¼“‡’nkó‚¯,https://news.yahoo.co.jp/articles/3412e5ae8e555e7ab06bd4d47c68f71f4d5fbb8a,1/2(‰Î) 18:28
sanspo,ƒTƒ“ƒPƒCƒXƒ|[ƒc,y‚SÎˆÈãŸ‘–•ñzƒEƒVƒ…ƒoƒeƒ\[ƒ‚ÍƒhƒoƒCƒ[ƒ‹ƒh‚b‚ªt‚Ì‘å–Ú•W,https://news.yahoo.co.jp/articles/a5c4215aa09d6f802eb0677c5093800006c3e634,1/2(‰Î) 18:05
sanspo,ƒTƒ“ƒPƒCƒXƒ|[ƒc,y‚RÎŸ‘–•ñzƒgƒƒ”ƒ@ƒg[ƒŒ‚Í–í¶ÜƒfƒB[ƒvƒCƒ“ƒpƒNƒg‹L”O‚Ån“®,https://news.yahoo.co.jp/articles/756a63431acdb516cdba360aafc1b9e048c92448,1/2(‰Î) 18:04
sanspo,ƒTƒ“ƒPƒCƒXƒ|[ƒc,ƒ{[ƒgƒŒ[ƒX‚Ì”NŠÔ”„‚èã‚°‚Í–ñ‚Q’›‚S‚O‚O‚O‰­‰~,https://news.yahoo.co.jp/articles/86bc5135a82496e4571b2df48ffcf3c2ad9e014e,1/2(‰Î) 17:39
sanspo,ƒTƒ“ƒPƒCƒXƒ|[ƒc,‘æ‚P‚R‚VŠúƒ{[ƒgƒŒ[ƒT[‚Ì•åW‚ğŠJn,https://news.yahoo.co.jp/articles/94945f1683ba86d6fb6d4a91b8dd1bbaa1451bb9,1/2(‰Î) 17:24
sanspo,ƒTƒ“ƒPƒCƒXƒ|[ƒc,Œ³‚i‚q‚`’²‹³t‚ÌŠp‹Ÿ•F‚ªŠJ‹Æ‚µ‚½ìFƒz[ƒXƒp[ƒN‚ÍƒXƒ^ƒbƒtA”n‚Æ‚à–³–,https://news.yahoo.co.jp/articles/fcbe0ebc72cf645ad94c2fd3bbc735212062e2a4,1/2(‰Î) 17:21
sanspo,ƒTƒ“ƒPƒCƒXƒ|[ƒc,ŠìŠyŠÙƒAƒ“ƒoƒTƒ_[‚É‚`‚a‚bˆ°‘ò½AŒjÑˆ»—¼ƒAƒi@ˆÉ“¡jîÍx”zluˆ°‘ò‚³‚ñ‚É‚à“ñ“—¬‚Év,https://news.yahoo.co.jp/articles/a20ee22a0c049a04148ac015a001246ff0a5b8f1,1/2(‰Î) 17:00
sanspo,ƒTƒ“ƒPƒCƒXƒ|[ƒc,yƒYƒoƒb‚ÆIŒ¾‚¢‚½‚¢•ú‘èz‚Q‚S”N‚ÌƒNƒ‰ƒVƒbƒN‚ğè‚¤I@‰²”n‚Í–³”s”n‚ªt‚àÈŠªA–Ä”n‚Í‘å¬í,https://news.yahoo.co.jp/articles/20621a239722e231fcb75f018827a2ce6322cbac,1/2(‰Î) 17:00
sanspo,ƒTƒ“ƒPƒCƒXƒ|[ƒc,’é‹‘å‚Í“V—‘å‚É‚Q‚Q|‚P‚Q‚ÅŸ—˜@‚R‘å‰ï˜A‘±‚P‚Q“x–Ú‚Ì‘åŠw“ú–{ˆê‚Ö‰¤è^‘åŠw‘IèŒ ,https://news.yahoo.co.jp/articles/44a90e6eabe0e65d8d97ee3a9059547c47c4fe06,1/2(‰Î) 16:48
sanspo,ƒTƒ“ƒPƒCƒXƒ|[ƒc,ƒTƒbƒJ[ƒRƒ‰ƒ€@ÎìŒ§”\“o’n•û‚Ì‘å’nkA–{“cŒ\—C‚ª‰pŒê‚Å’ˆÓŠ«‹N‚µ‚½ˆÓ‹`,https://news.yahoo.co.jp/articles/41e674d2baf9dbb65e18ad762567c092ae97ec61,1/2(‰Î) 15:00
sanspo,ƒTƒ“ƒPƒCƒXƒ|[ƒc,‹lE—§‰ª@ˆê˜Y‚ª“²‚ê‚éu¢‚Á‚½‚Æ‚«‚Ì‹T‚¿‚á‚ñv@‹¹‚É‚ñ‚¾‚Q”N‘O‚ÌŒ¾—tu‚R‚O‘ãA‚»‚±‚ğ–Úw‚»‚¤‚âv,https://news.yahoo.co.jp/articles/320e15865653a4f2234c5021c90be4f28eefea30,1/2(‰Î) 15:00
sanspo,ƒTƒ“ƒPƒCƒXƒ|[ƒc,ã_ƒhƒ‰ƒtƒg‚PˆÊE‰º‘ºŠCãÄ‚ª©åƒgƒŒŒöŠJ@u‚¢‚æ‚¢‚æ‚¾‚È‚Á‚Ä‚¢‚¤‹C‚¿‚ªˆê”Ôv,https://news.yahoo.co.jp/articles/286a53ef82771ffb4fe18e4d5c409f4b0514605e,1/2(‰Î) 15:00
sanspo,ƒTƒ“ƒPƒCƒXƒ|[ƒc,‘n•”‚P‚O‚Oü”N‚Ì–¾‘å‚ª‚Wƒgƒ‰ƒC‚Å‹Y‘å‘Ş‚¯‚Q‘å‰ï‚Ô‚èŒˆŸio@L£—Y–çå«u•K‚¸—DŸ‚µ‚ÄI‚í‚ê‚é‚æ‚¤‚Év^‘åŠw‘IèŒ ,https://news.yahoo.co.jp/articles/4d01d6c40c40073e99800d307255803f2f324635,1/2(‰Î) 14:21
sanspo,ƒTƒ“ƒPƒCƒXƒ|[ƒc,R“c—mŸŠÄ“ÂA‰tV”hŒö‰‰‚ğuFX‚È‚±‚Æ‚ğl‚¦‚é‚±‚Æ‚ª‚Å‚«‚éì•i‚É‚È‚ê‚Îv@—\’è‚µ‚Ä‚¢‚½‹¾ŠJ‚«‚Í’†~,https://news.yahoo.co.jp/articles/9df030298ac9fa5c3f21d7f08017c87c3251e7de,1/2(‰Î) 13:27
sanspo,ƒTƒ“ƒPƒCƒXƒ|[ƒc,”öã¼–çAÅŒã‚ÌuVtó‘‰Ì•‘Šêv‚ğu’nŒ³‚ÌŠF‚³‚ñA‚¨‹q‚³‚Ü‚Éx‚¦‚ç‚ê‚½v@’nk‚ğŠÓ‚İ‹¾ŠJ‚«©l,https://news.yahoo.co.jp/articles/1ac0bd4448d788229247dad4e30b5131d31df09b,1/2(‰Î) 13:25
sanspo,ƒTƒ“ƒPƒCƒXƒ|[ƒc,y‹“s‹à”tzƒGƒAƒtƒ@ƒ“ƒfƒBƒ^‚ª‰ñ”ğ@’r“Ytu‰Eƒgƒ‚iŒãˆj‚ğæês‚µ‚Ä‚µ‚Ü‚Á‚½‚Ì‚Åv,https://news.yahoo.co.jp/articles/6e7ea5d73f33c8c0e0b8efa0fb3403d2f2a1e2b6,1/2(‰Î) 13:11
sanspo,ƒTƒ“ƒPƒCƒXƒ|[ƒc,“¡Rî¡˜YA”\“o”¼“‡’nk‚Ìu•œ‹»‚Æ“V’nˆÀ‰¸‚ğ‹FŠèv‚µ‚ÄA‚µ‚±‚ë‘¾ŒÛ‚ğ”â˜I,https://news.yahoo.co.jp/articles/00a089c9dfd62f0a24ee43cdd8f76240cdd07725,1/2(‰Î) 12:54
sanspo,ƒTƒ“ƒPƒCƒXƒ|[ƒc,Î•Ÿ’à‹â•ru¶‚«‚Ä‚é‚Æ‚¢‚¤‚Ì‚Í“–‚½‚è‘O‚Ì‚æ‚¤‚Å“–‚½‚è‘O‚¶‚á‚È‚¢‚ñ‚¾‚Èc‚ÆŠ´‚¶‚½v‚PŒ‚W“ú‚©‚ç_ŒËVŠJ’nŠìŠyŠÙ‚ÅkĞ•œ‹»ƒEƒC[ƒN‰ŠJÃ,https://news.yahoo.co.jp/articles/fe83525fe899a439dc862d8cdc38d3f9875e0464,1/2(‰Î) 12:00
sanspo,ƒTƒ“ƒPƒCƒXƒ|[ƒc,y‘å‘ºƒ{[ƒgEƒ~ƒbƒhƒiƒCƒgƒ{[ƒgƒŒ[ƒXz‰º‰Í—_j‚ªğ”N––‚©‚ç‚R˜AŸu‘S‘Ì‚Éˆ«‚­‚È‚¢v,https://news.yahoo.co.jp/articles/6e86dfd6859f747693dee39c6ae4207af5509bfb,1/2(‰Î) 11:31
sanspo,ƒTƒ“ƒPƒCƒXƒ|[ƒc,ã_•S‰İ“X‚Åuã_ƒ^ƒCƒK[ƒX•Ÿ‘Üvó‚¯“n‚µŠJn@”Ì”„”‚Ì–ñ‚P‚O”{‚Æ‚È‚é‚T‚O‚O‚OŒˆÈã‚Ì‰•å,https://news.yahoo.co.jp/articles/0b62fff052f0a3e55f3c3a89aa838293a16ed220,1/2(‰Î) 9:58
sanspo,ƒTƒ“ƒPƒCƒXƒ|[ƒc,” ª‰w“`@‹î‘å‚Í‚P‹æÂŒ´Œô‘¾˜N‚É•ÏX@‚RƒG[ƒX•À‚×‚Ä‚Q”N˜A‘±‚RŠ¥‚Öæè•KŸ‚¾I@“–“úƒGƒ“ƒgƒŠ[•ÏX,https://news.yahoo.co.jp/articles/b6a663a3f665f9d859147c9cabedacfee7a6979b,1/2(‰Î) 7:34
sanspo,ƒTƒ“ƒPƒCƒXƒ|[ƒc,u•¨–‚ª¬A‚·‚é”Nv‚Q‚O‚Q‚S”NAb’C‚ÌƒXƒ|[ƒcŠE,https://news.yahoo.co.jp/articles/f220ec045db5639dd1d5d4eeb751f87bbca8de73,1/1(Œ) 20:00
sanspo,ƒTƒ“ƒPƒCƒXƒ|[ƒc,ƒAƒWƒA”tƒƒ“ƒo[”­•\@í˜A‘g‚Å‚Í‚l‚e“c’†•ÉA‚l‚eŠ™“c‘å’nA‚e‚vŒÃ‹´‹œŒæ‚ª—‘I,https://news.yahoo.co.jp/articles/1d562a4415556d86ba5b33ec1a3b587030e50c15,1/1(Œ) 19:29
sanspo,ƒTƒ“ƒPƒCƒXƒ|[ƒc,“ú–{‘ã•\X•ÛŠÄ“ÂAƒAƒWƒA”tƒƒ“ƒo[‚ÉµW‚µ‚½Oâ˜‚Íu‘å‰ïŠúŠÔ’†‚Ì‘‚¢’iŠK‚Å‹N—p‚Å‚«‚év,https://news.yahoo.co.jp/articles/8ad36bb8991639ea2519d793724bd1d3e98b8de1,1/1(Œ) 19:24
sanspo,ƒTƒ“ƒPƒCƒXƒ|[ƒc,ˆä‰ªˆêãÄ‚Ì‘å‚İ‚»‚©‰–h‰qí‚ğ¶”zM‚µ‚½‚`‚a‚d‚l‚`”Ô‘g‚Ì—İŒv‹’®”‚Q‚Q‚W–œ@‚Q‚O‚Q‚R”NŠi“¬‹Zƒgƒbƒv‚Ì‹’®”‹L˜^,https://news.yahoo.co.jp/articles/55696cbc3f353ff06eee9d3ca197bb4740d5dfbd,1/1(Œ) 18:54
sanspo,ƒTƒ“ƒPƒCƒXƒ|[ƒc,“ú–{‘ã•\‚ªƒAƒWƒA”t‚É’§‚Şƒƒ“ƒo[‚Q‚Ul‚ğ”­•\@•‰‚É‚æ‚èQ‰Á‚ª•s“§–¾‚ÈOâ˜‚àƒƒ“ƒo[“ü‚è,https://news.yahoo.co.jp/articles/51cf5b3e35865af9c9c19d1bdc6225b384825f08,1/1(Œ) 18:49
sanspo,ƒTƒ“ƒPƒCƒXƒ|[ƒc,“ú–{‘ã•\‚l‚e’†‘º‚ª•œ‹Aí‚ÅƒS[ƒ‹@uv‚Á‚½‚Æ‚±‚ë‚É‚±‚Ú‚ê‚Ä‚«‚½B‚Æ‚è‚ ‚¦‚¸‚Â‚ß‚Ä‚¢‚Ä‚æ‚©‚Á‚½v,https://news.yahoo.co.jp/articles/470ce2f8b49b06c5053d57f5773903c9dbe3de64,1/1(Œ) 18:26
sanspo,ƒTƒ“ƒPƒCƒXƒ|[ƒc,‘ã•\ƒfƒrƒ…[‚Ì‚l‚eˆÉ“¡—ÁA‚l‚e‰œ”²‚Í‚Æ‚à‚É–³“¾“_@‰œ”²uƒ`[ƒ€‚ÅŒ‹‰Ê‚ğc‚µ‚ÄA‚±‚±‚É–ß‚Á‚Ä—ˆ‚ê‚é‚æ‚¤‚ÉŠæ’£‚è‚½‚¢v,https://news.yahoo.co.jp/articles/5d8b0a85b7ee887d410e7cf0293c726fbe3287b9,1/1(Œ) 18:22
sanspo,ƒTƒ“ƒPƒCƒXƒ|[ƒc,ˆä‰ªˆêãÄ‚–‚“ƒGƒXƒgƒ‰ƒ_“ˆêí‚Ì‘ÎíŒğÂ‚Í¡Œ’†‚ÉÄŠJ@“ˆêí‚ğ‚·‚éê‡u‚T`‚VŒ‚®‚ç‚¢v‚Æˆä‰ªw‰c@“G’nŠJÃ‚Å‚à‚n‚j,https://news.yahoo.co.jp/articles/a4a00f226a09492a4c94704c5cfd87ce7f837327,1/1(Œ) 17:59
sanspo,ƒTƒ“ƒPƒCƒXƒ|[ƒc,“ú–{‘ã•\‚l‚e“ì–ì‘ñÀ‚ª‘ã•\•œ‹AŒã‰ƒS[ƒ‹,https://news.yahoo.co.jp/articles/7ec98f3b072b1693c269569f0dd2077edeca32ed,1/1(Œ) 17:54
sanspo,ƒTƒ“ƒPƒCƒXƒ|[ƒc,“ú–{‘ã•\‚l‚e“c’†‚ª‚Q‚O‚Q‚S”N‚Ì‘ã•\‰ƒS[ƒ‹@u‚U–œl’´‚¦‚é‚¨‹q‚³‚ñ‚Ì‘O‚Å‚T“_æ‚Á‚ÄŸ‚Ä‚½‚Ì‚ÍA‚æ‚©‚Á‚½v,https://news.yahoo.co.jp/articles/9facdddbdc4e675a61b774c9a81c213ccf1dadc2,1/1(Œ) 17:50
sanspo,ƒTƒ“ƒPƒCƒXƒ|[ƒc,ƒtƒWuƒhƒŠƒt‘å”šÎv‚ÅƒxƒXƒgƒRƒ“ƒg‚ğ‘I‚Ô‡€‘–¯“Š•[‡À{@‚QE‚P‚Q‚ÉƒUEƒhƒŠƒtƒ^[ƒYŒ‹¬‚U‚Oü”N“Á”Ô,https://news.yahoo.co.jp/articles/efae70f1a8634a1aed66e1be1e8e80d5cbdc02b9,1/1(Œ) 17:30
sanspo,ƒTƒ“ƒPƒCƒXƒ|[ƒc,‚RŠ¥–Ä”nƒŠƒoƒeƒBƒAƒCƒ‰ƒ“ƒh‚Í‚³‚ç‚È‚é“`à‚ğ’z‚¢‚Ä‚¢‚­,https://news.yahoo.co.jp/articles/c028f86fb09407e7bd7b6324b8ff3c610815c01a,1/1(Œ) 17:22
sanspo,ƒTƒ“ƒPƒCƒXƒ|[ƒc,ˆä‰ªˆêãÄ‚ª¡”N‚Ì–Ú•W‚ğ‚QŠK‹‰–Ú‚Ì‚Q’c‘Ì“ˆê‰¤Ò‚Éİ’è@ƒGƒXƒgƒ‰ƒ_‚Æuˆê”Ô“¬‚¢‚½‚¢v,https://news.yahoo.co.jp/articles/d58da7df69bf5996f964de39e6730c19784e9b76,1/1(Œ) 17:05
sanspo,ƒTƒ“ƒPƒCƒXƒ|[ƒc,š àV”ğ‚Í—¬s‚É‚¨‚à‚Ë‚ç‚È‚¢A‚í‚ª“¹‚ğs‚­ƒuƒ‹ƒƒŠ[‚¾‚Á‚½i‰ºj,https://news.yahoo.co.jp/articles/7ffaea6900209784ec13d934cb12e2af365d57fe,1/1(Œ) 17:00
sanspo,ƒTƒ“ƒPƒCƒXƒ|[ƒc,—L”n‹L”O‚ÅŒ€“I•œŠˆIƒhƒEƒfƒ…[ƒX‚Í•–L‹Rè‚Æ‚ÌƒRƒ“ƒr‚ÅŠCŠO‚ğ‹–ì,https://news.yahoo.co.jp/articles/e5719e0bbf91efc2e3d73edf8823a87f4d459cc0,1/1(Œ) 16:21
sanspo,ƒTƒ“ƒPƒCƒXƒ|[ƒc,ƒTƒbƒJ[“ú–{‘ã•\‚ªƒ^ƒC‚É‚T„Ÿ‚O‚Å‰õŸ@ƒAƒWƒA”t‚ÉŒü‚¯‚Ä‚Q‚O‚Q‚S”N‚ğ”’¯ƒXƒ^[ƒg,https://news.yahoo.co.jp/articles/c7578f0308ce4bd72302d9dcf0a9cc37e56c2be3,1/1(Œ) 16:06
sanspo,ƒTƒ“ƒPƒCƒXƒ|[ƒc,‚v‚a‚`‚ªÅV¢ŠEƒ‰ƒ“ƒN”­•\@‚S’c‘Ì“ˆê‚µ‚½ˆäã®–í‚Í‚rƒoƒ“ƒ^ƒ€‹‰ƒX[ƒp[‰¤Ò@”s‚ê‚½ƒ^ƒpƒŒƒX‚Í‚TˆÊ‚É,https://news.yahoo.co.jp/articles/92d771d300098298ff5be4269ac465de9ceb414d,1/1(Œ) 15:55
sanspo,ƒTƒ“ƒPƒCƒXƒ|[ƒc,y‚Q‚O‚Q‚SƒNƒ‰ƒVƒbƒNŒó•âE–Ä”nzƒz[ƒvƒtƒ‹‚r‚ğ§‚µ‚½ƒŒƒKƒŒƒCƒ‰’†S@÷‰ÔÜ˜Hü‚Íƒ`ƒFƒ‹ƒ”ƒBƒjƒA’–Ú,https://news.yahoo.co.jp/articles/bb3a5b718f1a267768f4956618fe17a794c8a296,1/1(Œ) 15:46
sanspo,ƒTƒ“ƒPƒCƒXƒ|[ƒc,y‚Q‚O‚Q‚SƒNƒ‰ƒVƒbƒNŒó•âE‰²”nzV”n¨—t‰²’OÜ˜AŸ‚Ìƒgƒƒ”ƒ@ƒg[ƒŒ@•ƒƒŒƒCƒfƒIƒ÷‚è‚ÌŒˆ‚ßè,https://news.yahoo.co.jp/articles/8bb48780407a58df00ecc91043fe5a9e6a899f09,1/1(Œ) 15:30
sanspo,ƒTƒ“ƒPƒCƒXƒ|[ƒc,L“‡E’†‘º§¬‚É‰¶t‚ª”M‚¢ƒG[ƒ‹@‡€”Y‚ß‚éáŒï‡‚Ì‚V”N–Ú‚ÌŠoÁ‚ğM‚¶‚Ä,https://news.yahoo.co.jp/articles/5c84e1cbb87c6e22a31cdc5eaab7176a5a2fe3b9,1/1(Œ) 15:00
sanspo,ƒTƒ“ƒPƒCƒXƒ|[ƒc,ˆä‰ªˆêãÄAˆÓ¯‚ª–ß‚Á‚Ä‚¢‚È‚¢ŒŠŒûˆê‹P‚ÉƒG[ƒ‹@u‘‚­‰ñ•œ‚µ‚ÄˆÓ¯‚ğæ‚è–ß‚³‚ê‚é‚±‚Æ‚ğŠè‚Á‚Ä‚¢‚Ü‚·v,https://news.yahoo.co.jp/articles/06993bbfaced00ed01c8756decc4977952f158b9,1/1(Œ) 13:32
sanspo,ƒTƒ“ƒPƒCƒXƒ|[ƒc,ƒTƒbƒJ[“ú–{‘ã•\@Œ³“ú‚Ìƒ^ƒCí‚É’§‚Şæ”­ƒƒ“ƒo[‚ğ”­•\@‰œ”²AˆÉ“¡—ÁA“¡ˆä‚ª‚`‘ã•\ƒfƒrƒ…[,https://news.yahoo.co.jp/articles/03c699943490558656b66d7cbb6cabb9ccd4bdea,1/1(Œ) 13:10
sanspo,ƒTƒ“ƒPƒCƒXƒ|[ƒc,‚`‚j‚aŠCŠOVo–…ƒOƒ‹[ƒvu‚j‚k‚o‚S‚Wv‚ª”­‘«@ƒ}ƒŒ[ƒVƒAEƒNƒAƒ‰ƒ‹ƒ“ƒv[ƒ‹‹’“_,https://news.yahoo.co.jp/articles/8bb5bae13709bcc55ef93a5409be32f67e3d914e,1/1(Œ) 13:00
sanspo,ƒTƒ“ƒPƒCƒXƒ|[ƒc,Œ³‚`‚j‚a‚S‚W‚Ì“‡“c°‚³‚ñA‘æ‚Pq‚ğ”DPuV‚µ‚¢–½‚ğŒ}‚¦‚ç‚ê‚é‚±‚Æ‚ğ‰Æ‘°‚İ‚ñ‚È‚ÅŠy‚µ‚İ‚Év,https://news.yahoo.co.jp/articles/c4d664531d42d6db89157682828138d8913d4f0a,1/1(Œ) 12:41
sanspo,ƒTƒ“ƒPƒCƒXƒ|[ƒc,«Šû‚Ì—¢Œ©“Ş——¬lŠ¥‚ªğ”NŒ‹¥@¡”N‚©‚ç•ŸŠÔ“Ş‚ÅŠˆ“®,https://news.yahoo.co.jp/articles/555db08c7ebe66dad6ae7611fc7010860561ffcf,1/1(Œ) 12:32
sanspo,ƒTƒ“ƒPƒCƒXƒ|[ƒc,yVt‚Ì¾‚¢z‰i“‡‚Ü‚È‚İ‹Rè‚ª‚S”N–Ú‚ÌŒ³’U‚É‚³‚ç‚È‚é”ò–ô‚ğ¾‚¤,https://news.yahoo.co.jp/articles/84d37045aecd241d96c37c2384436847140dd479,1/1(Œ) 12:10
sanspo,ƒTƒ“ƒPƒCƒXƒ|[ƒc,yVt‚Ì¾‚¢z‚³‚ç‚È‚é”ò–ô‚ğ¾‚¤‚R”N–Ú‚Ì²X–Ø‘å•ã‹RèudÜ‚ğ‚P‚ÂŸ‚Ä‚½‚çv,https://news.yahoo.co.jp/articles/04a1520c76e9a808adbccd2606abe325cd57ef85,1/1(Œ) 12:08
sanspo,ƒTƒ“ƒPƒCƒXƒ|[ƒc,ã_E‰ª“c²•zŠÄ“Â•¼‘º—DØAVtƒXƒyƒVƒƒƒ‹‘Î’k@u˜A”evu•ÄƒcƒA[‰‚uvƒ_ƒuƒ‹¾‚¢‰‚ß,https://news.yahoo.co.jp/articles/e9133434d512dbf94fdcd38238b31ea0573f78ea,1/1(Œ) 12:00
sanspo,ƒTƒ“ƒPƒCƒXƒ|[ƒc,Œ³‚g‚j‚s‚S‚W‚Ì’©’·”ü÷‚ªƒcƒCƒ“ƒvƒ‰ƒlƒbƒg‚ÉŠ‘®uV‚½‚Èˆê–Ê‚ğ‚¨Œ©‚¹‚Å‚«‚é‚æ‚¤‚ÉŠˆ“®‚µ‚½‚¢v,https://news.yahoo.co.jp/articles/31a5385aa2269a6a1bc9ed81b51255facbccf892,1/1(Œ) 12:00
sanspo,ƒTƒ“ƒPƒCƒXƒ|[ƒc,’r]—‰ÔqAƒpƒŠ‚Ö‚Ìv‚¢‚ğŒƒ”’@‚P‚O‚Oƒoƒ^ƒtƒ‰ƒC‚Å‡€‚P‚UÎ‚Ì©•ª‰z‚¦‡‚ğ,https://news.yahoo.co.jp/articles/f33664ed29fae45f9877f721bddb8a9b502186c7,1/1(Œ) 12:00
sanspo,ƒTƒ“ƒPƒCƒXƒ|[ƒc,“¡ˆä‘‘¾”ªŠ¥u”Õ‚ğ‹²‚ß‚Î—§ê‚Ìˆá‚¢‚ÍŠÖŒW‚È‚­‘Î“™‚ÈŸ•‰‚É‚È‚év^«Šû,https://news.yahoo.co.jp/articles/21a63071d618b9dadcc290e19c99ee5dc5f6cc6a,1/1(Œ) 12:00
sanspo,ƒTƒ“ƒPƒCƒXƒ|[ƒc,ˆê–âˆê“š@“¡ˆä‘‘¾”ªŠ¥A’–Ú‚ÌŠûm‚Íu“¡–{l’i‚Æã–ì—Tõl’iv^«Šû,https://news.yahoo.co.jp/articles/fe3807638ec0cbc21caed34769b32acd399ec6c6,1/1(Œ) 12:00
sanspo,ƒTƒ“ƒPƒCƒXƒ|[ƒc,y‘å‘ºƒ{[ƒgEƒ~ƒbƒhƒiƒCƒgƒ{[ƒgƒŒ[ƒXz’nŒ³Šú‘Ò‚ÌáèE–{‘º‘å•–k‘º”JX‚ªŒ³“ú‚Ì[–é‚ğ”M‚­‚·‚é,https://news.yahoo.co.jp/articles/fe8221c14ed289535deec65006e83b655a8e0800,1/1(Œ) 12:00
sanspo,ƒTƒ“ƒPƒCƒXƒ|[ƒc,y’†R‹à”tzƒGƒsƒtƒ@ƒj[‚Í‚vƒR[ƒX‚Å“ú—j’Ç‚¢@‘åŠO‚ğ‰ñ‚Á‚Äƒ‰ƒXƒg‚P‚P•b‚V,https://news.yahoo.co.jp/articles/5fca608d532c88df56ff9130c813a9b2113da11b,1/1(Œ) 11:34
sanspo,ƒTƒ“ƒPƒCƒXƒ|[ƒc,y’†R‹à”tzŒÃ‹ƒAƒ‰ƒ^‚Í‚vƒR[ƒX‚Å—¬‚·@¬“‡—Ç•èu‹ê‚µ‚¢‚Æ‚±‚ë‚ª‚È‚¢v,https://news.yahoo.co.jp/articles/43bd12044f9e9aa004b520f8341e6443242498a3,1/1(Œ) 11:26
sanspo,ƒTƒ“ƒPƒCƒXƒ|[ƒc,y’†R‹à”tzƒ}ƒCƒlƒ‹ƒNƒŠƒ\[ƒ‰‚Íâ˜H‚Å•¹“ü@‚QŒ––‚Ì‰XÉ‰ğU‚ğ‘O‚ÉdÜƒQƒbƒg‚¾,https://news.yahoo.co.jp/articles/2adbc84ff1fccf8e9576526d3644285a81ca5d8a,1/1(Œ) 11:15
sanspo,ƒTƒ“ƒPƒCƒXƒ|[ƒc,y’†R‹à”tzƒNƒNƒi‚Íâ˜H‚Å‚µ‚Ü‚¢d“_‚Ì“ú—j’Ç‚¢@ŒI“ctu–Ñ‚Ã‚â‚ª”ñí‚É‚¢‚¢v,https://news.yahoo.co.jp/articles/3bb6bacae69f947dcef249bfee76b4b8fa884956,1/1(Œ) 11:06
sanspo,ƒTƒ“ƒPƒCƒXƒ|[ƒc,ŒÕ‚Ìƒ\ƒiƒ^@¡”N‚±‚»‡€„‚ğ‚u—·s‚É˜A‚ê‚Ä‚Á‚Ä‡@‹…’cĞ’·A‹”N‚Í‹ƒ‚­‹ƒ‚­—¯ç”Ô,https://news.yahoo.co.jp/articles/9d1f87bfa7d2e96bf61b8dafa9ac3d4693a355d0,1/1(Œ) 11:00
sanspo,ƒTƒ“ƒPƒCƒXƒ|[ƒc,y—_‚Ì‹x‘§zX“c—œŒÎ@ˆ¤Œ¢‚Éud–‚Ì‹ğ’s‚à•·‚¢‚Ä‚à‚ç‚Á‚Ä‚Ü‚·v@ƒgƒCƒv[ƒhƒ‹u‚ç‚Á‚­ŒNv‚Éƒƒƒƒ,https://news.yahoo.co.jp/articles/fbe1dbe948422ac97c8fcffff943c7cd9ddbea32,1/1(Œ) 11:00
sanspo,ƒTƒ“ƒPƒCƒXƒ|[ƒc,Xç’q”ü‚ª¼•E•½ÀãÄ‘¾‚Æğ”NŒ‹¥@”DP‚à”­•\,https://news.yahoo.co.jp/articles/5071bd16c3b3881fc1565f43d4c4cd89a3cac9be,1/1(Œ) 10:08
sanspo,ƒTƒ“ƒPƒCƒXƒ|[ƒc,ƒ`ƒoƒ†ƒEƒXƒP‚³‚ñ‚Ö‚ÌuŒ£‰Ô‚Ì‰ïv‚ª‚P‚X“ú‚ÉŠJÃ,https://news.yahoo.co.jp/articles/b153d1d378bfe835c24c73b16eeb88e14e11332b,1/1(Œ) 9:45
sanspo,ƒTƒ“ƒPƒCƒXƒ|[ƒc,uƒrƒYƒŠ[ƒ`v‚b‚lo‰‰‚Ì‹g’JÊqA”o—D‚ÌHŒ³—´‘¾˜N‚ÆŒ‹¥,https://news.yahoo.co.jp/articles/467464ec60c7af9ee03871fe76c26ee69f1b5cab,1/1(Œ) 7:55
sanspo,ƒTƒ“ƒPƒCƒXƒ|[ƒc,‚c‚…‚m‚`E–qGŒåAu“±v‚ÌŠ¿šˆê•¶š‚Év‚¢uæ“ª‚É—§‚Á‚Ä‚â‚év,https://news.yahoo.co.jp/articles/467517769428deb5d2225b6d9b8c90a03f10446b,1/1(Œ) 7:30
sanspo,ƒTƒ“ƒPƒCƒXƒ|[ƒc,Šy“VEó‘º‰h“lAO—ÛƒRƒ“ƒo[ƒg‚ğŒŸ“¢@å–C‚Æ‚µ‚Ä‘ÅŒ‚‚É‚æ‚èW’†‚³‚¹‚é‘_‚¢,https://news.yahoo.co.jp/articles/7b50aca025d5631a820cb1d0793f0503c503c30e,1/1(Œ) 7:30
sanspo,ƒTƒ“ƒPƒCƒXƒ|[ƒc,ƒƒbƒeE‹gˆäŠÄ“ÂAŒÂlƒXƒ[ƒKƒ“‚Íu“¥‚İØ‚Á‚ÄƒWƒƒƒ“ƒvIIv,https://news.yahoo.co.jp/articles/8c457baabfe3340a0c1affe25cc06479af5b0f78,1/1(Œ) 7:30
sanspo,ƒTƒ“ƒPƒCƒXƒ|[ƒc,¼•E¼ˆäŠÄ“ÂAŠJ–‹“ŠèŒó•â‚Í‚‹´Œõ¬••½—ÇŠC”n•¡ˆä’B–ç,https://news.yahoo.co.jp/articles/3ea7db73b67db33c2aca7cba466873709a8c0b1e,1/1(Œ) 7:30
sanspo,ƒTƒ“ƒPƒCƒXƒ|[ƒc,ƒIƒŠƒbƒNƒXE’†“ˆ‘ŠÄ“ÂA‘å¬ƒp§‚µ‚S˜A”e‚¾@ã“cã‹}ˆÈ—ˆ‹…’c‚Q“x–Ú‚Ì‰õ‹“‚Ö,https://news.yahoo.co.jp/articles/70dfeea965ba9d98b24735fd61291a58e4f23c71,1/1(Œ) 7:30
sanspo,ƒTƒ“ƒPƒCƒXƒ|[ƒc,ƒ„ƒNƒ‹ƒgE‘ºã@—²A‹…’cİ—§‚T‚Tü”N‚É‚u’D‰ñ•“ú–{ˆê’DŠÒ‚ğéŒ¾,https://news.yahoo.co.jp/articles/0796e6ec4ab8529920065deb6245896398d39600,1/1(Œ) 7:30
sanspo,ƒTƒ“ƒPƒCƒXƒ|[ƒc,‘å’JãÄ•½A¼ˆäGŠì‚Ì“ú–{‘IèÅ‘½–{—Û‘Å‚Ö‚ ‚Æu‚Sv,https://news.yahoo.co.jp/articles/2d614e8379f3e0fcf9c0b549b3a8d2e6b7ddb424,1/1(Œ) 7:30
sanspo,ƒTƒ“ƒPƒCƒXƒ|[ƒc,‘å’JãÄ•½•R–{—RL‰Á“ü‚ÌÅ‹­ƒhƒWƒƒ[ƒXAƒiEƒŠ[ƒO¼’n‹æ‚ªŒƒƒAƒc,https://news.yahoo.co.jp/articles/06fac1786b79fafb75c3b41c1c625b9dcd0c6b07,1/1(Œ) 7:30
sanspo,ƒTƒ“ƒPƒCƒXƒ|[ƒc,VtƒCƒ“ƒ^ƒrƒ…[@˜ƒWƒƒƒpƒ“Eˆä’[ŠÄ“ÂAƒvƒŒƒ~ƒA‚P‚Q˜A”e‚ÌƒL[ƒ}ƒ“‚Í‘ºã@—²•‰ª–{˜a^,https://news.yahoo.co.jp/articles/1adb982b20db2c1a1ea241bacf0ecb6cf21c7cb9,1/1(Œ) 7:30
sanspo,ƒTƒ“ƒPƒCƒXƒ|[ƒc,“ú–{ƒnƒ€Aƒhƒ‰ƒtƒg‚PˆÊŒó•â‚É–¾‘åE@R—Û@‹…’cŠ²•”uŒ»“_‚Å‚Í’Š‘Iv,https://news.yahoo.co.jp/articles/ea5badb9e2331b775524e907c8ac08c038d9fad2,1/1(Œ) 7:30
sanspo,ƒTƒ“ƒPƒCƒXƒ|[ƒc,“ú–{‘ã•\EX•ÛˆêŠÄ“ÂA³ŒƒCƒ“ƒ^ƒrƒ…[@uŒ‹‰Ê‚ğo‚¹‚é‚P”N‚É‚µ‚½‚¢v,https://news.yahoo.co.jp/articles/483f3955694774f90a3e7a09e9b3f5bae14385e4,1/1(Œ) 7:30
sanspo,ƒTƒ“ƒPƒCƒXƒ|[ƒc,ƒ„ƒNƒ‹ƒgE‚’ÃŠÄ“ÂAŠJ–‹“Šè‚Íu³’¼A‚¢‚Ü‰½‚àŒˆ‚Ü‚Á‚Ä‚¢‚È‚¢v,https://news.yahoo.co.jp/articles/b49f15e5b00d2f50f0d786b0328d5f62630f7c89,1/1(Œ) 7:30
sanspo,ƒTƒ“ƒPƒCƒXƒ|[ƒc,‹lA‚Q‚S”NƒXƒ[ƒKƒ“‚ÍuV•—`‚f‚h‚`‚m‚s‚r@‚b‚g‚`‚k‚k‚d‚m‚f‚d`v,https://news.yahoo.co.jp/articles/35854bbe562721be9640945f48b6508fdc4a04f6,1/1(Œ) 7:30
sanspo,ƒTƒ“ƒPƒCƒXƒ|[ƒc,¼ˆä—æ“ŞAƒVƒ“ƒK[Eƒ\ƒ“ƒOƒ‰ƒCƒ^[‚Ì‹ß“¡W‰›‚ÆŒ‹¥,https://news.yahoo.co.jp/articles/40f88ba82a38b5837c2e795d612138c8177336a5,1/1(Œ) 7:29
sanspo,ƒTƒ“ƒPƒCƒXƒ|[ƒc,y“Œ‹‚QÎ—Dx–Ä”nzƒ[ƒŠƒGƒtƒŒƒCƒo[‚ª‚S˜AŸ‚ÅdÜ‰§”e,https://news.yahoo.co.jp/articles/95c41f0905c00fe0c883e85290c23c89b81694f0,1/1(Œ) 6:47
sanspo,ƒTƒ“ƒPƒCƒXƒ|[ƒc,‘å’JãÄ•½A‚Q‚O‚Q‚T”N“ú–{‚Å“ñ“—¬•œŠˆI@ƒhƒWƒƒ[ƒX‚Q”N˜A‘±ƒAƒWƒAŠJ–‹‚Ö“Œ‹‚c•–kŠC“¹ƒGƒXƒRƒ“‚ª—L—ÍŒó•â,https://news.yahoo.co.jp/articles/8cbfe76c24ce39336c35a8c11266f4767a3ddfd2,1/1(Œ) 6:00
sanspo,ƒTƒ“ƒPƒCƒXƒ|[ƒc,g”’‰Ì‡í@ƒ|ƒPƒr•ƒuƒ‰ƒr‚Q‚T”N‚Ô‚èg”’Iˆê–éŒÀ‚è‚ÌÄŒ‹¬‚ÅƒmƒŠƒmƒŠ‰Ì¥,https://news.yahoo.co.jp/articles/75ea733fa398e92fb7bd132481af5cafca3a89a6,1/1(Œ) 5:00
sanspo,ƒTƒ“ƒPƒCƒXƒ|[ƒc,‹r–{‰ÆA‘åÎÃ‚³‚ñc‚V“úƒXƒ^[ƒg‚Ì‚m‚g‚j‘å‰ÍuŒõ‚éŒN‚Öv‚Éu”G‚êê‚Í‚È‚¢‚¯‚Çcv,https://news.yahoo.co.jp/articles/6ea6cedc7254d0403a92e91193adfd627e2ab6ac,1/1(Œ) 5:00
sanspo,ƒTƒ“ƒPƒCƒXƒ|[ƒc,‚m‚•‚‚‚‚…‚’Q‚‰‚ªŒ³“úƒfƒrƒ…[Iu–l‚½‚¿‚©‚ç‚Ì‡€‚¨”N‹Ê‡v”zMƒVƒ“ƒOƒ‹w‚f‚n‚`‚sx,https://news.yahoo.co.jp/articles/abbeab29360a4f5528ba3879feea922102578f1e,1/1(Œ) 4:00
sanspo,ƒTƒ“ƒPƒCƒXƒ|[ƒc,’†R”ü•äA©g‚Ìƒoƒ“ƒhƒƒ“ƒo[‚Å‚XÎ‰º‚Ìƒx[ƒVƒXƒgE‰i“c—Y÷‚Æ”Mˆ¤,https://news.yahoo.co.jp/articles/8e465f6a3a8f93f7e3600bbe5a6c9a09e53296cb,1/1(Œ) 4:00
sanspo,ƒTƒ“ƒPƒCƒXƒ|[ƒc,‹T—œ˜a–ç‚Æ“c’†‚İ‚ÈÀ‚ª^Œ•ŒğÛ@Gu‚l‚`‚p‚t‚h‚`v‚Ì‡€ƒrƒ…[ƒeƒB[‘Î’k‡‚ÅˆÓ‹C“Š‡A‚SŒŠúƒhƒ‰ƒ}u‚c‚…‚“‚”‚‰‚‚™v‚Å‹¤‰‰‚à,https://news.yahoo.co.jp/articles/108e2fa069702b180d91ede4e09c504b3d257df3,1/1(Œ) 4:00
sanspo,ƒTƒ“ƒPƒCƒXƒ|[ƒc,‘ºã‰ÀØqA”N‰º‚Ì’·gƒCƒPƒƒ“À‹Æ‰Æ‚Æ¡ŒŒ‹¥@“ñ\‘ãÅŒã‚Ì”N‚É—ö‚Ì‡€’…•X‡Œˆ‚Ü‚Á‚½,https://news.yahoo.co.jp/articles/599ec0f37aaa8a1cf4a3b5de4f304ac2ff71eec5,1/1(Œ) 3:00
sanspo,ƒTƒ“ƒPƒCƒXƒ|[ƒc,–¾GŠw‰€“ú—§A‡€‰Ä“~˜A”e‡‚ÖiŒ‚@“ŒŠC‘å‘åã‹Â¯‚Æ‚Ì‚o‚jí§‚·,https://news.yahoo.co.jp/articles/a722aede3240016ea17985f4d88b8a5f13347399,1/1(Œ) 0:11
sanspo,ƒTƒ“ƒPƒCƒXƒ|[ƒc,X•ÛŠÄ“ÂA×’J^‘å‚Ìæ”­‹N—p‚ğ–¾Œ¾@‚`‘ã•\‚Æ‚Ì‡€“ñ“—¬‡‚ğ‘_‚¤,https://news.yahoo.co.jp/articles/2e87d63ba7601b08f83fcc3d2a78ae3dc0cfe685,1/1(Œ) 0:04
sanspo,ƒTƒ“ƒPƒCƒXƒ|[ƒc,‚m‚•‚‚‚‚…‚’Q‚‰‚ª”zMƒVƒ“ƒOƒ‹u‚f‚n‚`‚sv‚ÅŒ³“úƒfƒrƒ…[@•½–ì‡—su¡‚Ì–l‚½‚¿‚ª‹l‚Ü‚Á‚Ä‚Ü‚·v,https://news.yahoo.co.jp/articles/7601bed7cb7a5d5fdf48a439fdf7731c5a117464,1/1(Œ) 0:00
sanspo,ƒTƒ“ƒPƒCƒXƒ|[ƒc,ˆä‰ªˆêãÄA¢ŠEí’ÊZŸ—˜”‚Åˆäã®–íã‰ñ‚é‚àu–l‚Ì•û‚ªæ‚Éˆø‘Ş‚·‚éB”Ş‚ª‹L˜^‚ğ”²‚­v,https://news.yahoo.co.jp/articles/389968a3a4e0321e0b78f4646fe5047cee758d3e,2023/12/31(“ú) 23:15
sanspo,ƒTƒ“ƒPƒCƒXƒ|[ƒc,g”’‰Ì‡í@ƒŒƒR‘åóÜ‚Ì‚l‚’‚“D‚f‚q‚d‚d‚m@‚`‚o‚o‚k‚dAuƒ_ƒ“ƒXƒz[ƒ‹v‚ğ”M¥,https://news.yahoo.co.jp/articles/f2f14d36cf86d55b6b61e37da638630c14f83d13,2023/12/31(“ú) 23:01
sanspo,ƒTƒ“ƒPƒCƒXƒ|[ƒc,ˆä‰ªˆêãÄ‚Æ‚Ì“ˆêíAƒGƒXƒgƒ‰ƒ_‚Ìƒ}ƒlƒWƒƒ[‚ª‹­’²uŠó–]‚·‚é‹àŠz‚Ì‡ˆÓ‚ª‚È‚¢‚Æ‚Å‚«‚È‚¢v,https://news.yahoo.co.jp/articles/b664d4c147002afd4b9b8f67d86cc42c673b4da8,2023/12/31(“ú) 21:55
sanspo,ƒTƒ“ƒPƒCƒXƒ|[ƒc,–¾‘å–hŒä‚Ì‡€ˆê”Ô‚â‚è‡‚e‚k•Ÿ“c‘åîA‹Y‘å‚Ì‰ö•¨‚m‚nE‚Wƒ|ƒ‹ƒeƒŒ••‚¶‚É©M^‘åŠw‘IèŒ ,https://news.yahoo.co.jp/articles/0c87b66d471ce5040593e03c77c942e80a040286,2023/12/31(“ú) 21:44
sanspo,ƒTƒ“ƒPƒCƒXƒ|[ƒc,g”’‰Ì‡í@‚l‚h‚r‚`‚l‚nA”ü‹rÛ—§‚Âˆß‘•‚Å‰Â—÷‚ÉƒpƒtƒH[ƒ}ƒ“ƒX,https://news.yahoo.co.jp/articles/161bbff8dc88e035c75472d57136ac7e7e08f909,2023/12/31(“ú) 21:43
sanspo,ƒTƒ“ƒPƒCƒXƒ|[ƒc,ˆä‰ªˆêãÄ‚ªƒyƒŒƒX‚É‚V‰ñ‚j‚nŸ‚¿@Ä‚Ñ“ú–{‘Iè’P“Æƒgƒbƒv‚Ì¢ŠEí’ÊZ‚Q‚QŸ–Ú,https://news.yahoo.co.jp/articles/f2ea87f453a0ae20a9de69c9815a2ec3da6cda21,2023/12/31(“ú) 21:38
sanspo,ƒTƒ“ƒPƒCƒXƒ|[ƒc,‹ß]A‚o‚jí§‚µ‰‚ÌƒxƒXƒg‚P‚U@‚l‚eR–åuƒtƒƒb‚Æv“¯“_’e,https://news.yahoo.co.jp/articles/98a3129c8832bba177499abbf9f387d67550c830,2023/12/31(“ú) 20:36
sanspo,ƒTƒ“ƒPƒCƒXƒ|[ƒc,Œ³‚r‚j‚d‚S‚W‚Ì¼ˆäì—“ŞAŒ_–ñ–—¹‚ÅŠ‘®––±Š‚ÌƒA[ƒrƒ“ƒO‚ğ‘ŞŠ,https://news.yahoo.co.jp/articles/838b588a93a4ace86c7ecd3050ee9eef426bc6f2,2023/12/31(“ú) 20:32
sanspo,ƒTƒ“ƒPƒCƒXƒ|[ƒc,’çx“lAƒvƒ‚Sí–Ú‚Å‰‚j‚nŸ—˜@—ˆ”N‘å‚İ‚»‚©‚Ì¢ŠE‰’§í–Úw‚·,https://news.yahoo.co.jp/articles/374f3c390d0c3babc6a4ef35a9c583393c909121,2023/12/31(“ú) 20:07
sanspo,ƒTƒ“ƒPƒCƒXƒ|[ƒc,‹Y‘å‚o‚qìŒûV‘¾uƒXƒNƒ‰ƒ€‚ğ‰Ÿ‚µ‘±‚¯‚évƒ^ƒ‚ƒGƒtƒHƒ‰ƒE‚Ì‘ã–ğoê^‘åŠw‘IèŒ ,https://news.yahoo.co.jp/articles/53da067793e3cb436bc26c2c9ca79ef85d246644,2023/12/31(“ú) 20:05
sanspo,ƒTƒ“ƒPƒCƒXƒ|[ƒc,y‘½–€ìƒ{[ƒgE‚o‚f‡TƒNƒC[ƒ“ƒYƒNƒ‰ƒCƒ}ƒbƒNƒXz•l“cˆŸ—¹‚ª‘S‘¬“¦‚°‚Å‰õŸ@‚f‡T‰—Do‚u,https://news.yahoo.co.jp/articles/3725c848a970b77c86f0ec55b1a49e7b5470263b,2023/12/31(“ú) 19:12
sanspo,ƒTƒ“ƒPƒCƒXƒ|[ƒc,ŠÔŠ°•½‚ªƒRƒƒ“ƒg”­•\@â“c—˜•v‚³‚ñÃ‚Ôu¡‚Ì‘ã‚ÉƒAƒz‚Ì“¹‚ğ‹É‚ß‚é‚±‚Æ‚ª‚Å‚«‚é‚æ‚¤‚ÈŒ|l‚Í‚¢‚È‚¢v,https://news.yahoo.co.jp/articles/280b080ee8d2d51e4df8e18fef126bb956df7771,2023/12/31(“ú) 18:26
sanspo,ƒTƒ“ƒPƒCƒXƒ|[ƒc,¼ì‚«‚æ‚µAâ“c—˜•v‚³‚ñ‚µ‚Ì‚ÔuƒwƒŒƒ“‚Æˆê‚É‰Æ‘°‚Ì‚æ‚¤‚ÉŠy‚µ‚­‰ß‚²‚µ‚½v,https://news.yahoo.co.jp/articles/eecdfcd23f181dc25ae1c9f6165c0ec53a67c2c1,2023/12/31(“ú) 18:15
sanspo,ƒTƒ“ƒPƒCƒXƒ|[ƒc,yìŒûƒI[ƒgEƒX[ƒp[ƒXƒ^[ƒVƒŠ[ƒYíz’nŒ³‚Ì²“¡—ã‚ª¡”N‚U“x–Ú‚Ì—DŸ,https://news.yahoo.co.jp/articles/d60c8809878b101f6c251bebc526d7af446711da,2023/12/31(“ú) 18:10
sanspo,ƒTƒ“ƒPƒCƒXƒ|[ƒc,y‘½–€ìƒ{[ƒgE‚f‡VƒNƒC[ƒ“ƒYƒNƒ‰ƒCƒ}ƒbƒNƒXƒVƒŠ[ƒYz‚P†’øE¼‹´“Ş–¢‚ª“¦‚°‚Ä‚u@’ÊZ‚T“x–Ú‚Ì—DŸü‚é,https://news.yahoo.co.jp/articles/48c0b5f9b26d5cf25c7f2b8762fde02d0fb0616a,2023/12/31(“ú) 18:01
sanspo,ƒTƒ“ƒPƒCƒXƒ|[ƒc,yìŒûƒI[ƒgE‚r‚fƒX[ƒp[ƒXƒ^[‰¤ÀŒˆ’èízÂRü•½‚ª‚Q”N‚Ô‚è‚T“x–Ú‚Ì‘å‰ï§”e,https://news.yahoo.co.jp/articles/03e04a1be6ad9d24978fd7850822595ba9a5ed6f,2023/12/31(“ú) 17:36
sanspo,ƒTƒ“ƒPƒCƒXƒ|[ƒc,“V—‘å‚r‚g–kŠ‘ñ˜Yå«A‰¤Ò’é‹‘å‚ÌuS‚ğÜ‚év^‘åŠw‘IèŒ ,https://news.yahoo.co.jp/articles/ea77bb62cd3a77159f3642a7030d1f2304d86df2,2023/12/31(“ú) 16:46
sanspo,ƒTƒ“ƒPƒCƒXƒ|[ƒc,ƒvƒƒ{ƒNƒVƒ“ƒO”zM‘ã–{Ši“—ˆ@‚`‚a‚d‚l‚`ƒvƒƒfƒ…[ƒT[u”NŠÔ‚É‚P‰ñ‚©‚Q‰ñ‚®‚ç‚¢‚o‚o‚u‚ğv,https://news.yahoo.co.jp/articles/50cfd44db8cabf6011d742260ec88ddf874402a6,2023/12/31(“ú) 15:59
sanspo,ƒTƒ“ƒPƒCƒXƒ|[ƒc,g‚É‚µ‚İ‚½R–{—RL‚ÌŒ¾—t@‚í‚¸‚©‚P”N‚È‚ª‚çƒIƒŠƒbƒNƒX’S“–‚Æ‚µ‚Ä‹C‚Ã‚¢‚½‚±‚Æ,https://news.yahoo.co.jp/articles/2223ceeb42e3e41cc2593469379e094e61995854,2023/12/31(“ú) 15:00
sanspo,ƒTƒ“ƒPƒCƒXƒ|[ƒc,ƒƒbƒeEƒ|ƒ‰ƒ“ƒRAƒ\ƒg‰Á“ü‚Ì‹­—Í‘Åü‚ğS‘Ò‚¿@u‚Ql‚ÅƒnƒCƒŒƒxƒ‹‚È–{—Û‘Å‰¤‘ˆ‚¢‚ª‚Å‚«‚½‚çv,https://news.yahoo.co.jp/articles/440a1b8b2adf2b7ef5b98473ca6ed8654abe4661,2023/12/31(“ú) 14:14
sanspo,ƒTƒ“ƒPƒCƒXƒ|[ƒc,‚ZƒTƒbƒJ[@‘S‘‚Z‘‘Ì‰¤Ò‚Ì–¾G“ú—§A“ŒŠC‘å‘åã‹Â¯‚Æ‚Ì‚o‚jí‚ğ§‚µ‚Q‰ñí“Ë”j,https://news.yahoo.co.jp/articles/a567b6e7699b9d76ed650469ffffddcf1e8290fd,2023/12/31(“ú) 14:13
sanspo,ƒTƒ“ƒPƒCƒXƒ|[ƒc,ƒZƒbƒgƒAƒbƒv‚ÍƒTƒEƒWƒ_[ƒr[‚ğ–Ú•W‚É’²®,https://news.yahoo.co.jp/articles/4c45f1524484e691d36c3b326b28b9f597da530f,2023/12/31(“ú) 14:08
sanspo,ƒTƒ“ƒPƒCƒXƒ|[ƒc,ŠÏ‚æIIVªºƒvƒƒŒƒX‚Ì¶‚«—l‚ğAŠó­‚ª‚ñ‚ÅÀ‚Á‚½‘nİÒEƒTƒ€ƒ\ƒ“‹{–{‚³‚ñ‚ÌˆâuŒp‚¬c’‡ŠÔ‚½‚¿ŒˆˆÓV‚½,https://news.yahoo.co.jp/articles/55628f485e82852a66ff4f6135df22064f2ec164,2023/12/31(“ú) 12:34
sanspo,ƒTƒ“ƒPƒCƒXƒ|[ƒc,y‚i‚q‚`ƒŠ[ƒfƒBƒ“ƒOzƒŠ[ƒfƒBƒ“ƒOƒTƒCƒA[‚ÍƒhƒDƒ‰ƒƒ“ƒe@ƒfƒB[ƒvƒCƒ“ƒpƒNƒg‚Í‚RˆÊ‚É,https://news.yahoo.co.jp/articles/5a6ab888979f2554d11c193770e97a21793eba45,2023/12/31(“ú) 12:25
sanspo,ƒTƒ“ƒPƒCƒXƒ|[ƒc,y‚i‚q‚`ƒŠ[ƒfƒBƒ“ƒOz‚l‚u‚i‚Í¼R‚ª‰óÜ@‰¡R•‚Æ‚Pƒ|ƒCƒ“ƒg·‚ÌÚí,https://news.yahoo.co.jp/articles/6902787077364062fbb6debb5b7ae33047e1f848,2023/12/31(“ú) 12:15
sanspo,ƒTƒ“ƒPƒCƒXƒ|[ƒc,y‚i‚q‚`ƒŠ[ƒfƒBƒ“ƒOzÅ‚Ÿ—¦‹Rè‚Í‚T”N˜A‘±‚Åì“c@jã‰‚Ì‚RŠ„’´‚¦‚ğ‹L˜^,https://news.yahoo.co.jp/articles/92876f5bd24b14951528911c90e8f7def4f04281,2023/12/31(“ú) 12:05
sanspo,ƒTƒ“ƒPƒCƒXƒ|[ƒc,y‚i‚q‚`ƒŠ[ƒfƒBƒ“ƒOzÅ‘½ŸƒWƒ‡ƒbƒL[‚Í‚P‚U‚TŸ‚Ìƒ‹ƒ[ƒ‹‚ª‚Q”N‚Ô‚è‚U‰ñ–Ú‚Ìƒgƒbƒv,https://news.yahoo.co.jp/articles/e821fcaad660681ddadc4a0e6e92ff22c3841b2d,2023/12/31(“ú) 11:55
sanspo,ƒTƒ“ƒPƒCƒXƒ|[ƒc,Œ³“úƒ^ƒCí‚Ö@X•ÛŠÄ“ÂuŸ‚Á‚ÄƒAƒWƒA”tA‚»‚Ìæ‚Ì‚v”t‚É‚Â‚È‚ª‚éí‚¢‚ğ‚Å‚«‚ê‚Îv@‚l‚e‰œ”²A‚l‚eˆÉ“¡—Á‚ç‚Ì‘ã•\ƒfƒrƒ…[‚ª”ZŒú‚É,https://news.yahoo.co.jp/articles/77b3092a0130ba5312132f8d0804a4cedda6eb4e,2023/12/31(“ú) 11:19
sanspo,ƒTƒ“ƒPƒCƒXƒ|[ƒc,ŒÕ‚Ìƒ\ƒiƒ^@—RL‚Åƒgƒ‰”Ôd–”[‚ß@‚Ç‚¤‚¼A—Ç‚¢”N‚ğ‚¨Œ}‚¦‚­‚¾‚³‚¢,https://news.yahoo.co.jp/articles/683ae39569137136cc5805b9c7c9e12020e50b5e,2023/12/31(“ú) 11:00
sanspo,ƒTƒ“ƒPƒCƒXƒ|[ƒc,y‚i‚q‚`ƒŠ[ƒfƒBƒ“ƒOzƒgƒŒ[ƒi[•”–å‚Í‚T‚UŸ‚Ì™R°’²‹³t‚ª‰‚Ì’¸“_’Dæ,https://news.yahoo.co.jp/articles/3b9a63159e660b0686449e1a3f0a3bcba1c0c203,2023/12/31(“ú) 7:50
sanspo,ƒTƒ“ƒPƒCƒXƒ|[ƒc,ã_Eã–{”‹I‚QŒR–ìèƒR[ƒ`ŠM•\–¾ƒCƒ“ƒ^ƒrƒ…[@‰ª“cŠÄ“Â‚ç‚Éu‚ ‚Â‚©‚Ü‚µ‚¢‚®‚ç‚¢•·‚­v,https://news.yahoo.co.jp/articles/0640329313e9e4cd2bedb6581fdf138cb46383ff,2023/12/31(“ú) 7:30
sanspo,ƒTƒ“ƒPƒCƒXƒ|[ƒc,“Á•ÊƒCƒ“ƒ^ƒrƒ…[@¼R‰p÷A•ÄƒcƒA[Qí‚P‚O”N‚Å‚WŸ‚àu‘S‘R‚Å‚«‚Ä‚È‚¢‚È‚Á‚Ä‚¢‚¤v‚¢vc—ˆ‹G‚ÍuƒƒWƒƒ[‚ÅŸ‚¿‚½‚¢v,https://news.yahoo.co.jp/articles/3945aa2dc1bd38ce5494719800e7b4a93fedc9a6,2023/12/31(“ú) 7:30
sanspo,ƒTƒ“ƒPƒCƒXƒ|[ƒc,‚c‚…‚m‚`E²–ìŒb‘¾uƒNƒ[ƒYƒhƒXƒ^ƒ“ƒX‚ğ‚â‚ß‚év@”²–{“IƒtƒH[ƒ€•ÏX‚Å¡‹G‚Ì‹üJ°‚ç‚·I,https://news.yahoo.co.jp/articles/8fd7a8dc893f8c54925372c214b3e37f77397b71,2023/12/31(“ú) 7:30
sanspo,ƒTƒ“ƒPƒCƒXƒ|[ƒc,‹lEˆ¢•”ŠÄ“ÂA‘å¨‚ÌçŒì_•Ô‚èç‚«‚ÉŠú‘Òu‚»‚ê‚É‰z‚µ‚½‚±‚Æ‚Í‚È‚¢v,https://news.yahoo.co.jp/articles/5d717821617c20f793db4ea1a6315f7611dbcab7,2023/12/31(“ú) 7:30
sanspo,ƒTƒ“ƒPƒCƒXƒ|[ƒc,“ú–{ƒnƒ€E´‹{K‘¾˜YA—ˆ‹G‚Ìƒe[ƒ}‚Í‡€K‡uK‘¾˜Y‚Ì”N‚É‚µ‚½‚¢v,https://news.yahoo.co.jp/articles/9321c6d16fe889887b11c83c8293c92680c18e9d,2023/12/31(“ú) 7:30
sanspo,ƒTƒ“ƒPƒCƒXƒ|[ƒc,ƒIƒŠƒbƒNƒXE’†“ˆŠÄ“ÂA¼ì‚Ì‘ÅŒ‚‚ÉŠú‘Ò,https://news.yahoo.co.jp/articles/6c234f93900cddba7b5079444e695420b5f962ed,2023/12/31(“ú) 7:30
sanspo,ƒTƒ“ƒPƒCƒXƒ|[ƒc,y‚i‚q‚`ƒŠ[ƒfƒBƒ“ƒOz¶YÒ‚Í¡”N‚àƒm[ƒUƒ“ƒtƒ@[ƒ€@—ğ‘ãÅ‚‚Ì‚P‚W‚O‰­‰~’´‚ğ‹L˜^,https://news.yahoo.co.jp/articles/636b9a5abc5016e4c49d56615ace8ae8f6b9f3bc,2023/12/31(“ú) 7:30
sanspo,ƒTƒ“ƒPƒCƒXƒ|[ƒc,ã_EX‰ºãÄ‘¾‚ª” ª‰w“`ŠÏí‚Å‚QŒ…“—ÛéŒ¾IHu‚PŒÂ‚¶‚á‘S‘R‘«‚è‚È‚¢v,https://news.yahoo.co.jp/articles/37315eb6b8d64394f479f8f35243ad4bf5a89647,2023/12/31(“ú) 7:30
sanspo,ƒTƒ“ƒPƒCƒXƒ|[ƒc,Šy“VE¡]ŠÄ“ÂAVçŒì_E‘¥–{‹N—p‚Ì——Ru‚à‚Á‚Æv‚¢Ø‚Á‚Ä˜r‚ğU‚ê‚é‚µA”Ş‚Ì—Ç‚³‚ªo‚év,https://news.yahoo.co.jp/articles/fb17c768f53210f5ff37b4f34e17f9bb31691ca7,2023/12/31(“ú) 7:30
sanspo,ƒTƒ“ƒPƒCƒXƒ|[ƒc,ƒ„ƒNƒ‹ƒgE‚’ÃŠÄ“Âu’N‚ªŠ„‚Á‚Ä“ü‚é‚©Šy‚µ‚İv@—ˆ‹G‚ÌŠO–ì‚Íc‚è‚P˜g‘ˆ‚¤‡€‚¢‚·æ‚èƒQ[ƒ€‡,https://news.yahoo.co.jp/articles/8f1340cd71d81f37c1c82a37d1fae90e847b0822,2023/12/31(“ú) 7:30
sanspo,ƒTƒ“ƒPƒCƒXƒ|[ƒc,¼•E¼ˆäŠÄ“Â‡€ƒxƒXƒgƒiƒCƒ“óÜw—ß‡@¡‹G‚Q‚V”N‚Ô‚è‚Ì‘Io‚È‚µuæ‚ê‚Îæ‚è‘g‚İ‚âˆÓ¯‚à•Ï‚í‚Á‚Ä‚­‚év,https://news.yahoo.co.jp/articles/6871269cea375a0f14c1b8ea426b8e91e5a0c432,2023/12/31(“ú) 7:30
sanspo,ƒTƒ“ƒPƒCƒXƒ|[ƒc,ã_E’†–ì‘ñ–²‚ªˆê“ú‘‚¢V”N‚Ì¾‚¢uƒgƒbƒvƒXƒsƒ“‚ÅA‚³‚³‚ê‚Ä‚µ‚Ü‚¤v¶‘ÅÒ‚Ì‘Å‹…‘Îô‚É•K€,https://news.yahoo.co.jp/articles/42bf88098a1a6798d178e58f32be64b6b8d57061,2023/12/31(“ú) 7:30
sanspo,ƒTƒ“ƒPƒCƒXƒ|[ƒc,y‚i‚q‚`ƒŠ[ƒfƒBƒ“ƒOz”nåƒŠ[ƒfƒBƒ“ƒO‚Í‚V”N˜A‘±‚ÅƒTƒ“ƒf[ƒŒ[ƒVƒ“ƒO@‚f‡T‚TŸ‚ğƒ}[ƒN,https://news.yahoo.co.jp/articles/93257329d708e5d36c97e469079d0140f9c2da2d,2023/12/31(“ú) 7:10
sanspo,ƒTƒ“ƒPƒCƒXƒ|[ƒc,uƒAƒz‚Ìâ“cvâ“c—˜•v‚³‚ñ“V‘‚Ö@”X‚ÌÎ‚¢u‚ `‚è‚ª`‚Æ‚³`‚ñv@¶ŠU“ÆgcƒAƒzŠÑ‚¢‚½Œ|ll¶,https://news.yahoo.co.jp/articles/e46028e78058e56d393470ac6c463f923625be15,2023/12/31(“ú) 5:00
sanspo,ƒTƒ“ƒPƒCƒXƒ|[ƒc,‚l‚’‚“D‚f‚q‚d‚d‚m@‚`‚o‚o‚k‚dAŒ‹¬‚P‚Oü”N‚Å”ßŠè‚Ì“ú–{ƒŒƒR[ƒh‘åÜIuƒPƒZƒ‰ƒZƒ‰vƒXƒgƒŠ[ƒ~ƒ“ƒO‘Ä¶”‚R‰­‰ñ@‚R‚P“úg”’‚à‰oê,https://news.yahoo.co.jp/articles/b755a387df25fd74bd31b980710bfef81571b7ef,2023/12/31(“ú) 5:00
sanspo,ƒTƒ“ƒPƒCƒXƒ|[ƒc,‚`‚¥I‚‡‚’‚‚•‚•Ÿ–{‘å°AƒRƒ“ƒvƒ‰ˆá”½‚ÅŒ_–ñ‰ğœ@‚r‚l‚h‚k‚d\‚t‚oD”­•\,https://news.yahoo.co.jp/articles/c6ada45d8b935869b4c62f7930d30bb99d2a5ad5,2023/12/31(“ú) 5:00
sanspo,ƒTƒ“ƒPƒCƒXƒ|[ƒc,g”’‰Ì‡í@‰i‰ï‚Ì—L‹gOsA‘z‘œˆÈã‚Éƒhƒ^ƒoƒ^ƒŠƒnu‰½‚à³Šm‚É‚Í‚Å‚«‚Ä‚¢‚È‚¢v@‚R‚P“ú–é‚V‚Q‚O•ªƒXƒ^[ƒg,https://news.yahoo.co.jp/articles/7f3cf529dfe199f4930b0ebd46cdfd865c00b485,2023/12/31(“ú) 5:00
sanspo,ƒTƒ“ƒPƒCƒXƒ|[ƒc,y‘½–€ìƒ{[ƒgE‚o‚f‡TƒNƒC[ƒ“ƒYƒNƒ‰ƒCƒ}ƒbƒNƒXzç‰®”ü•ä@‘å‰ï‰‚u‚Ö‹@‚Ín‚µ‚½,https://news.yahoo.co.jp/articles/6f4aa1a073cfdd485d2c76d16d66c1e4a39ee0e5,2023/12/31(“ú) 4:57
sanspo,ƒTƒ“ƒPƒCƒXƒ|[ƒc,y‘½–€ìƒ{[ƒgE‚f‡VƒNƒC[ƒ“ƒYƒNƒ‰ƒCƒ}ƒbƒNƒXƒVƒŠ[ƒYz’†‘º‚©‚È‚¦@’nŒ³‚Åƒfƒrƒ…[‰‚u–Úw‚·,https://news.yahoo.co.jp/articles/fd74e7e697dd752ce2c8b3911b245777e24e765d,2023/12/31(“ú) 4:54
sanspo,ƒTƒ“ƒPƒCƒXƒ|[ƒc,â“c—˜•v‚³‚ñ‚ª€‹@‚W‚QÎ@uƒAƒz‚Ìâ“cv‚Ìˆ¤Ì‚Åe‚µ‚Ü‚ê‚½‚¨Î‚¢Œ|l,https://news.yahoo.co.jp/articles/61b9446beed8fe654ce47bc701c3c35222f0f758,2023/12/31(“ú) 0:13
sanspo,ƒTƒ“ƒPƒCƒXƒ|[ƒc,‚Zƒ‰ƒOƒr[@ŠÖ‘å–k—zA‰Ô‰€‰¯‚¨—a‚¯,https://news.yahoo.co.jp/articles/07e81b62a7fb4c26834ccce7a8d8d75e4cfb24e4,2023/12/30(“y) 23:47
sanspo,ƒTƒ“ƒPƒCƒXƒ|[ƒc,ƒhƒWƒƒ[ƒXER–{—RLAƒ_ƒ‹ƒrƒbƒVƒ…‚Æ‚Ì“Š‚°‡‚¢uƒƒNƒƒNvŠ´Ó‚Ì‹A‘‰ïŒ©,https://news.yahoo.co.jp/articles/de7c0235be87b627bbd4f0960b1d7304daac650c,2023/12/30(“y) 23:33
sanspo,ƒTƒ“ƒPƒCƒXƒ|[ƒc,–Ø‘º‹gŒõAŒ¸—Ê¸”s‚Å‹~‹}”À‘—@âW“T‚Æ‚ÌÄí‚Í’†~,https://news.yahoo.co.jp/articles/983a603fe6ac28395966cb28026c18f46c363ec6,2023/12/30(“y) 23:31
sanspo,ƒTƒ“ƒPƒCƒXƒ|[ƒc,Ã‰ª¹ŒõŠw‰@A‰÷‚µ‘å”sc‡€¬–ì‘òJr.‡Œª^u~‚ß‚ç‚ê‚Ä—¬‚ê‚ğˆ«‚­‚µ‚Ä‚µ‚Ü‚Á‚½v,https://news.yahoo.co.jp/articles/f0a39afbe4bc08eab0bdb1c36432a38cfd7d0e01,2023/12/30(“y) 23:17
sanspo,ƒTƒ“ƒPƒCƒXƒ|[ƒc,ì‰z“Œ‡€”N‰z‚µ‡‚È‚ç‚¸‚Q‰ñí”s‘Ş‚àc–]ŒŠÄ“Â‰‚Ì‘S‘‚PŸ‚Éu¬’·‚µ‚½B‚·‚Î‚ç‚µ‚¢v,https://news.yahoo.co.jp/articles/aa32630b024f48771c186b56a826be2b3643ca39,2023/12/30(“y) 23:11
sanspo,ƒTƒ“ƒPƒCƒXƒ|[ƒc,Œ›„•ƒEƒbƒ`[‚ªƒsƒbƒ`‚Å‡€ƒTƒ€ƒ‰ƒCƒuƒ‹[°‡’“üI‚`‘ã•\‰‘Ñ“¯‚Ìƒ[ƒ‹ƒ‚ƒfƒ‹ƒR[ƒ`‚Ql‚ªŒ»–ğ‘Iè‚ÆŠ¾,https://news.yahoo.co.jp/articles/8d72627a230887e2b45c851201a5753bad30df76,2023/12/30(“y) 22:55
sanspo,ƒTƒ“ƒPƒCƒXƒ|[ƒc,u“¬‚¤ƒ‚ƒ“ƒSƒŠƒAƒ“vƒLƒ‰[EƒJ[ƒ“‚³‚ñ‹}€@ˆùH“X‚ÅÚ‹q’†‚ÉˆÓ¯¸‚¤@‘å‹lƒAƒ“ƒhƒŒ‚Ì‘«‚ğœÜ‚³‚¹‚½‚Æ‚µ‚Äƒgƒbƒvƒq[ƒ‹‚É,https://news.yahoo.co.jp/articles/9828e056ebaeb378f7bebbab350fa3aef6119420,2023/12/30(“y) 22:54
sanspo,ƒTƒ“ƒPƒCƒXƒ|[ƒc,”ä‰Ã‘åŒáAƒoƒ“ƒ^ƒ€‹‰‚Å‚Ì¢ŠE‰¤À•Ô‚èç‚«¾‚¤uƒ`ƒƒƒ“ƒX‚ª‚ ‚ê‚Î’§ív,https://news.yahoo.co.jp/articles/17e6abc253e90fa159ceee5f5678f999fa9ca8a1,2023/12/30(“y) 22:50
sanspo,ƒTƒ“ƒPƒCƒXƒ|[ƒc,‘Šw‰@“È–ØA”ßŠè‚u‚Ö‚R‰ñíioI•Ÿ“cŒZ’í‚ª‚Æ‚à‚É‚Qƒgƒ‰ƒC,https://news.yahoo.co.jp/articles/a7d3a089c04457f1fd0dfe9512530db5daa55922,2023/12/30(“y) 22:44
sanspo,ƒTƒ“ƒPƒCƒXƒ|[ƒc,‹ËˆüŠw‰€‚P‚Rƒgƒ‰ƒCA‚X‚Q“_I‚R”N‚Ô‚è“ú–{ˆê‚Ö‡€“Œ‚Ì‰¡j‡‘åŸ”­i,https://news.yahoo.co.jp/articles/0e59855717a0aeddfa4e2b439bc56406b0da0b6c,2023/12/30(“y) 22:38
sanspo,ƒTƒ“ƒPƒCƒXƒ|[ƒc,~’JŒšu‚Æ‚l‚d‚f‚t‚l‚h‚ª—£¥,https://news.yahoo.co.jp/articles/12bd3b1140f202cd13b915ef0875c6a33a2f3e17,2023/12/30(“y) 22:22
sanspo,ƒTƒ“ƒPƒCƒXƒ|[ƒc,ƒAƒ}‚P‚RŠ¥‚Ì’çx“l‚ªƒvƒ‚Sí–Ú‚Å‚İ‚»‚¬‚Ì‰‚j‚nŸ—˜‚ğ¾‚¤@‚P‚OŒ‚ÍƒCƒ“ƒtƒ‹ƒGƒ“ƒUŠ´õ‚Å‡’†~,https://news.yahoo.co.jp/articles/1a570b933e7fa3df6b73005f4ed0ba5067359666,2023/12/30(“y) 22:17
sanspo,ƒTƒ“ƒPƒCƒXƒ|[ƒc,O’r’jŠÄ“ÂA’©‘q–¢—ˆ‚ğ‘èŞ‚É‚µ‚½‰f‰æ‚ğ»ì@o‰‰Ò‚Íˆê”Ê•åW,https://news.yahoo.co.jp/articles/8f75b5fdc546d505e50e079dc6bdee5c176f7d3e,2023/12/30(“y) 22:09
sanspo,ƒTƒ“ƒPƒCƒXƒ|[ƒc,y“Œ‹ƒVƒ“ƒfƒŒƒ‰ƒ}ƒCƒ‹z‚P”Ôl‹CƒXƒs[ƒfƒBƒLƒbƒN‚ª˜A”e‚ÅdÜ‚XŸ–Ú,https://news.yahoo.co.jp/articles/05906779ee1b06c04857e498d07772c6a581909a,2023/12/30(“y) 22:03
sanspo,ƒTƒ“ƒPƒCƒXƒ|[ƒc,‚l‚’‚“D‚f‚q‚d‚d‚m@‚`‚o‚o‚k‚dA@uƒPƒZƒ‰ƒZƒ‰v‚Å“ú–{ƒŒƒR[ƒh‘åÜ,https://news.yahoo.co.jp/articles/74ec48d659ba41cb941724ae4577a751801caf56,2023/12/30(“y) 21:53
sanspo,ƒTƒ“ƒPƒCƒXƒ|[ƒc,‚Zƒ‰ƒOƒr[@•ñ“¿Šw‰€‰‚u‚ÖD”­iI‚d‚w‚h‚k‚dE‚`‚j‚h‚q‚`‚Ì‚¨‚¢•‘ò‚ª–ô“®,https://news.yahoo.co.jp/articles/ce0b5aa21bfbce9afc230858defcc37377e283a0,2023/12/30(“y) 21:52
sanspo,ƒTƒ“ƒPƒCƒXƒ|[ƒc,‚Zƒ‰ƒOƒr[@“ŒŠC‘å‘åã‹Â¯”šŸIƒTƒbƒJ[•”‚ÆƒAƒxƒbƒN‚`D‚qD‚dD‚Ö,https://news.yahoo.co.jp/articles/b7c0fb38f05cb13936aca453228af82524096efa,2023/12/30(“y) 21:23
sanspo,ƒTƒ“ƒPƒCƒXƒ|[ƒc,ƒ{ƒNƒVƒ“ƒO@ˆäã®–í‚ÍuƒUEƒŠƒ“ƒOv‚Ì‚o‚e‚o‚à‚PˆÊ•Ô‚èç‚«‚È‚ç‚¸‚QˆÊ‚Ì‚Ü‚Ü@ƒNƒƒtƒH[ƒh‚ª‚PˆÊƒL[ƒv,https://news.yahoo.co.jp/articles/4192b6483cd316c3d75f2b89ae2048bc7fbaae5c,2023/12/30(“y) 18:46
sanspo,ƒTƒ“ƒPƒCƒXƒ|[ƒc,ƒTƒ“ƒPƒCƒXƒ|[ƒcê‘®•]˜_‰Æ‚Ì•“c³G‚ªŠÖ‘å‚Åu‰‰@ƒŠƒXƒN‚ğ‹°‚ê‚È‚¢‡€“’ó‚Ì‚P‹…‡‚ğâ^,https://news.yahoo.co.jp/articles/fd8e972a901d64725ecd7d7999993d917d8b40d0,2023/12/30(“y) 18:44
sanspo,ƒTƒ“ƒPƒCƒXƒ|[ƒc,‚e‚q‚t‚h‚s‚r@‚y‚h‚o‚o‚d‚qA“ú–{ƒŒƒR[ƒh‘åÜÅ—DGVlÜ,https://news.yahoo.co.jp/articles/d291bd9165bca38d25b8ed01691e1478cbc5940a,2023/12/30(“y) 18:35
sanspo,ƒTƒ“ƒPƒCƒXƒ|[ƒc,‚R‹æ‚Å‰–K˜a–ç‚u‚rˆÉ“¡’B•F‚u‚r“c‘ò—õ‚u‚r‘Š‘òW@‚l‚f‚b—DŸ‚Ì¬R’¼é‚Í‚U‹æ^ƒjƒ…[ƒCƒ„[‰w“`,https://news.yahoo.co.jp/articles/5ac80b3e1138b50c7a03589c71574bc099002a2e,2023/12/30(“y) 18:25
sanspo,ƒTƒ“ƒPƒCƒXƒ|[ƒc,g”’‰Ì‡í@—L‹gOsuŒ»ó‚Í‘å‘Ìv‚Æ‹Ù’£‚Ô‚è–¾‚©‚·‚à‹´–{ŠÂ“ŞuˆÀ’èŠ´‚µ‚©‚È‚¢v,https://news.yahoo.co.jp/articles/80d768ac759bf71b39c2d5be4141632b31160551,2023/12/30(“y) 17:43
sanspo,ƒTƒ“ƒPƒCƒXƒ|[ƒc,y‹“s‹à”tz‚«‚³‚ç‚¬ÜŸ‚¿‚ÌƒtƒŠ[ƒ€ƒtƒ@ƒNƒV‚ªƒ}ƒCƒ‹‚Å•Ïg‚ğ–Úw‚·,https://news.yahoo.co.jp/articles/857d24f7750ed5eb362ce40dc20d4aa372cc89ba,2023/12/30(“y) 17:25
sanspo,ƒTƒ“ƒPƒCƒXƒ|[ƒc,g”’‰Ì‡í@‚x‚n‚r‚g‚h‚j‚hA‰‰‘t‹È‚Íu‚d‚m‚c‚k‚d‚r‚r@‚q‚`‚h‚mvu‚q‚•‚“‚”‚™@‚m‚‚‰‚Œv,https://news.yahoo.co.jp/articles/7b2b45b2b777a7c25ed17a81f309e77e647bee0b,2023/12/30(“y) 17:15
sanspo,ƒTƒ“ƒPƒCƒXƒ|[ƒc,y‹“s‹à”tzƒJƒVƒIƒyƒA‚r‚ÅƒI[ƒvƒ“‰Ÿ—˜‚ğ‹“‚°‚½ƒAƒ‹ƒiƒV[ƒ€‚Í‹——£’Zk‚àŠ½Œ}‚¾,https://news.yahoo.co.jp/articles/87b3698f914d1899f6eac61136e50ae4af6099d9,2023/12/30(“y) 17:15
sanspo,ƒTƒ“ƒPƒCƒXƒ|[ƒc,y‹“s‹à”tz˜AŸ’†‚Ìƒh[ƒuƒl‚Íƒgƒbƒvƒnƒ“ƒf‚T‚WE‚TƒLƒ‚ªŒ®,https://news.yahoo.co.jp/articles/7d04c450d85ed5d924367bc3d3a522a88620d976,2023/12/30(“y) 17:05
sanspo,ƒTƒ“ƒPƒCƒXƒ|[ƒc,²–ìŠCMA‚Q‚RÎ‚Ì’a¶“úu’Ü­‚ğc‚µ‚Ä‚¢‚«‚½‚¢v,https://news.yahoo.co.jp/articles/00c734f6be5e99a46490cb2449f309686f8c3073,2023/12/30(“y) 17:01
sanspo,ƒTƒ“ƒPƒCƒXƒ|[ƒc,y’†R‹à”tzƒgƒbƒvƒnƒ“ƒfƒ^ƒC‚Ì‚T‚WE‚TƒLƒ‚ğ”w•‰‚¤ƒ}ƒeƒ“ƒƒEƒŒƒI‚Íğ”N‚T’…‚ÌáJ‚ğ–Úw‚·,https://news.yahoo.co.jp/articles/93d1a5232807d2a8c901279691b77c022d81cac4,2023/12/30(“y) 16:55
sanspo,ƒTƒ“ƒPƒCƒXƒ|[ƒc,ˆäã®–í‚ª‰Ed–Œ‰ºŒŒî‚ÌŒŠŒûˆê‹P‚ğS”z@u‰ñ•œ‚ğS‚æ‚è‚¨‹F‚è\‚µã‚°‚Ü‚·vc‚Q‚U“ú‚Ì‡Œã‚É‹Ù‹}èpAŒ»İ‚àˆÓ¯–ß‚ç‚¸,https://news.yahoo.co.jp/articles/a8ffa6e6d67af993c3bbeafc7bc9c9fafa87bdbd,2023/12/30(“y) 16:51
sanspo,ƒTƒ“ƒPƒCƒXƒ|[ƒc,y‚j‚d‚h‚q‚h‚mƒOƒ‰ƒ“ƒvƒŠz‚T”N˜A‘±Qí‚Ì¼‰Y—Im‚ª‘Ò–]‚Ì‚f‚o‰§”e,https://news.yahoo.co.jp/articles/d39632ced107ff4d4bf61974edb19051e4d80b01,2023/12/30(“y) 16:45
sanspo,ƒTƒ“ƒPƒCƒXƒ|[ƒc,g”’‰Ì‡í@…X‚©‚¨‚èA•Xì‚«‚æ‚µ‚©‚ç‚ÌƒG[ƒ‹‚ÉŠ´Óu‚¸‚Á‚Æ‚»‚Î‚É‚¢‚Ä—ã‚Ü‚µ‡‚Á‚Ä‚«‚½‘¶İv,https://news.yahoo.co.jp/articles/1dc0484c29174d07dc663bcc7b5a9bfa1f64f9b6,2023/12/30(“y) 16:27
sanspo,ƒTƒ“ƒPƒCƒXƒ|[ƒc,ƒ{ƒNƒVƒ“ƒO@ˆä‰ªˆêãÄ‚ª‚P‚Q“x–Ú‚Ì‘å‚İ‚»‚©Œˆí‚Öu¡”NÅŒã‚Ì“ú‚ğ·‚èã‚°‚½‚¢v@“ú–{‘IèÅ‘½‚Ì¢ŠEí’ÊZ‚Q‚QŸ–Ú‹“‚°AƒGƒXƒgƒ‰ƒ_ˆø‚«‚¸‚èo‚·,https://news.yahoo.co.jp/articles/ba7720c747d44e65022abf0e68b0ac94a3d41ae1,2023/12/30(“y) 16:24
sanspo,ƒTƒ“ƒPƒCƒXƒ|[ƒc,g”’‰Ì‡í@R“àœ¨‰îA¡”N‚Í‡€’E‚¬‚Ü‚·‡éŒ¾,https://news.yahoo.co.jp/articles/6635004d8ce591afb4cd25634ab31e77a14c9ef1,2023/12/30(“y) 15:15
sanspo,ƒTƒ“ƒPƒCƒXƒ|[ƒc,ã_E’†–ì‘ñ–²Auog–Y‚ê‚év•\²ƒ‰ƒbƒVƒ…@“V“¶A‰ªèA•ºŒÉc‚±‚Ìj•Ÿ‚ğ—ˆ‹G‚à,https://news.yahoo.co.jp/articles/5f502979a2c217f6093743ff4a4f391412834991,2023/12/30(“y) 15:00
sanspo,ƒTƒ“ƒPƒCƒXƒ|[ƒc,y‚QÎŸ‘–•ñz–œ—¼Ü‚P’…‚Ìƒƒ[ƒtƒŒƒA‚Íg”~‚r‚Ö,https://news.yahoo.co.jp/articles/fb7d84ed214c5648da9c98dd119071f6787a1336,2023/12/30(“y) 14:10
sanspo,ƒTƒ“ƒPƒCƒXƒ|[ƒc,y‚RÎˆÈãŸ‘–•ñzƒƒCƒVƒ‡ƒEƒtƒ“ƒWƒ“‚Í“ŒŠC‚r‚©²‰ê‹L”O‚Ì—¼‚É‚ç‚İ,https://news.yahoo.co.jp/articles/13a65d9768dc0378a13c9301e93d3f9fddcd1601,2023/12/30(“y) 14:09
sanspo,ƒTƒ“ƒPƒCƒXƒ|[ƒc,ƒhƒWƒƒ[ƒXER–{—RL‚ªƒIƒŠƒbƒNƒX‚V”NŠÔ‚ğŠ´ÓuŸ‚Íƒ[ƒ‹ƒhƒ`ƒƒƒ“ƒsƒIƒ“‚É‚È‚è‚½‚¢v,https://news.yahoo.co.jp/articles/90f853e5b521446d69fe00d835cf14397377af39,2023/12/30(“y) 14:06
sanspo,ƒTƒ“ƒPƒCƒXƒ|[ƒc,–¼é‘å‚ª‚U˜A”eA‚U”N˜A‘±‚Å‘S“ú–{‚Æ‚Ì‚QŠ¥’B¬^•xmR—q‰w“`,https://news.yahoo.co.jp/articles/f4305d9a98a7de6d1500378ee9c31c1b3ea37675,2023/12/30(“y) 12:43
sanspo,ƒTƒ“ƒPƒCƒXƒ|[ƒc,ŒŠŒûˆê‹P‚ª‰Ed–Œ‰ºŒŒî‚É‚æ‚è‹Ù‹}èp‚ğó‚¯AŒo‰ßŠÏ@’†‚Æ‚i‚a‚b”­•\@‚Q‚U“ú‚É“ú–{ƒ^ƒCƒgƒ‹ƒ}ƒbƒ`‚Å”»’è•‰‚¯,https://news.yahoo.co.jp/articles/bdb34750cbd2f1766771955a647690858064d94c,2023/12/30(“y) 12:31
sanspo,ƒTƒ“ƒPƒCƒXƒ|[ƒc,y“Œ‹‘åÜ“Tzƒ~ƒbƒNƒtƒ@ƒCƒA‰•¯@’†‰›ˆêü‹‰‚Ì•Ç‚ÍŒú‚­‚W’…,https://news.yahoo.co.jp/articles/a4e62003cd25fffafe1743e570117b785a77f639,2023/12/30(“y) 12:25
sanspo,ƒTƒ“ƒPƒCƒXƒ|[ƒc,y“Œ‹‘åÜ“TzƒŒ[ƒX‚ğI‚¦‚ÄcŠÖŒWÒ’k˜b,https://news.yahoo.co.jp/articles/063a3238b3e2768d16c9fe71c8ed7b07efd7deff,2023/12/30(“y) 12:10
sanspo,ƒTƒ“ƒPƒCƒXƒ|[ƒc,–²‚Ì”à@f‚Q‚S’–Úƒ‹[ƒL[@Œõ‚éŒN‚Ö@ƒ„ƒNƒ‹ƒg‚c‚PˆÊE¼ŠÚV‘¿‚Ìƒ‹[ƒc@u‚Ù‚ß‚ÄL‚Î‚·v•êE—SOq‚³‚ñ‚Ìqˆç‚Äp,https://news.yahoo.co.jp/articles/adf4a3509d5c5cc56252103bd6c4d56ef584e88b,2023/12/30(“y) 12:00
sanspo,ƒTƒ“ƒPƒCƒXƒ|[ƒc,y“Œ‹‘åÜ“TzƒEƒVƒ…ƒoƒeƒ\[ƒ‰¤Ò‚Ì––‹r@jã‚T“ª–Ú‚Ì˜A”e’B¬,https://news.yahoo.co.jp/articles/fc8ca631338199d6b2c2d02130f29d9078ebe8b0,2023/12/30(“y) 11:55
sanspo,ƒTƒ“ƒPƒCƒXƒ|[ƒc,ŒÕ‚Ìƒ\ƒiƒ^@u“ú–{ƒVƒŠ[ƒY‚Å‰ï‚¦‚½‚ç‚¢‚¢‚Ëv@ƒgƒ‰”Ô‡€‘²‹Æ‡ƒIƒŠ”Ô‚Öcã_L•ñ‚©‚ç‚¨Œ¾—t,https://news.yahoo.co.jp/articles/89953db938a67af54cff1112113d92c322f9b38a,2023/12/30(“y) 11:00
sanspo,ƒTƒ“ƒPƒCƒXƒ|[ƒc,“Œ‹‘åÜ“T˜A”e‚ÌƒEƒVƒ…ƒoƒeƒ\[ƒ‚ÍƒhƒoƒC‚v‚b˜A”e‚Ö’¼sƒvƒ‰ƒ“‚à@‚–Øtu“Á‚É”æ‚ê‚à‚È‚¢‚Å‚·‚µA‹rŒ³‚à‘åä•v‚Å‚·v,https://news.yahoo.co.jp/articles/a7683f7d156d1dda630b01e89a3c0ea0ffe90823,2023/12/30(“y) 10:31
sanspo,ƒTƒ“ƒPƒCƒXƒ|[ƒc,“Œ‹‘åÜ“T‚Q’…‚ÌƒEƒBƒ‹ƒ\ƒ“ƒeƒ\[ƒ‚ÍƒTƒEƒW‚b’§í‚ğ‹–ì@¬èìtuµ‘Ò‚³‚ê‚ê‚Î‚º‚Ğ’§í‚µ‚½‚¢v,https://news.yahoo.co.jp/articles/669ddc2a1505bdc95f1a8db6501ea123be40849b,2023/12/30(“y) 10:31
sanspo,ƒTƒ“ƒPƒCƒXƒ|[ƒc,‹lE¬—Ñ½i‚Éˆ¤‚ÌƒnƒbƒpA’†ˆäŠÄ“Âu‚Ç‚ê‚¾‚¯ˆÓ’n‚ğ‚İ‚¹‚ç‚ê‚é‚©v,https://news.yahoo.co.jp/articles/b28f7fc689a437835fa9e76e28642f2556d36cbb,2023/12/30(“y) 10:28
sanspo,ƒTƒ“ƒPƒCƒXƒ|[ƒc,ˆäã®–í‚ª‚Ü‚¸‚Í‡€‚PŠ¥‡Šl“¾@‚d‚r‚o‚m‚ª’jq”NŠÔÅ—DG‘IèÜ‚É‘Io@’jq”NŠÔÅ‚‚j‚nÜ‚Í’†’Jl,https://news.yahoo.co.jp/articles/0af25566c0d6b734a05268f6e34d27469abaee72,2023/12/30(“y) 10:05
sanspo,ƒTƒ“ƒPƒCƒXƒ|[ƒc,y“Œ‹‘åÜ“TzƒEƒBƒ‹ƒ\ƒ“ƒeƒ\[ƒ“¦‚°”S‚é‚à‚Q’…‚Ü‚Å@Œ´—D‰î‹RèuŸ‚¿”n‚ª‹­‚©‚Á‚½v,https://news.yahoo.co.jp/articles/77a42345ef6996f79e69bc5599d5c742851c9fad,2023/12/30(“y) 7:47
sanspo,ƒTƒ“ƒPƒCƒXƒ|[ƒc,y“Œ‹‘åÜ“TzƒhƒDƒ‰ƒGƒŒ[ƒfH‚¢‰º‚ª‚é‚àcƒ`ƒƒƒ“ƒsƒIƒ“ƒY‚b‚Æ“¯‚¶‚R’…‚Ü‚Å,https://news.yahoo.co.jp/articles/e21b0bd9d394b195d3db5101d5697d414fdc8bc6,2023/12/30(“y) 7:47
sanspo,ƒTƒ“ƒPƒCƒXƒ|[ƒc,yá‹îƒsƒJƒCƒ`z‚T”ng·‚ÅV”nŸ‚¿‚µ‚½ƒjƒ…[ƒW[ƒY‚ÍŒŒ“‚©‚ç‚àƒNƒ‰ƒVƒbƒN‚ğ‘_‚¦‚»‚¤,https://news.yahoo.co.jp/articles/0e7ed025abffb0fc131c3be8da757a49941d11bd,2023/12/30(“y) 7:46
sanspo,ƒTƒ“ƒPƒCƒXƒ|[ƒc,‘Šw‰@‘å‚ÌƒG[ƒXE•½—Ñ´Ÿ‚ª‚Q‹æA‘O‰ñ‚SˆÊ‚©‚ç‰‚u‚¾,https://news.yahoo.co.jp/articles/e0d75f59a0d5c41b7ad5d00651f31e249442b6bf,2023/12/30(“y) 7:30
sanspo,ƒTƒ“ƒPƒCƒXƒ|[ƒc,” ª‰w“`@‰ä‚±‚»‡€VER‚Ì_‡‚È‚è@‚Q‚Rƒ`[ƒ€‹æŠÔƒGƒ“ƒgƒŠ[”­•\@Šô‘½‚Ì‘å‹t“]Aƒhƒ‰ƒ}‚ª¶‚Ü‚ê‚½‚T‹æc‘æ‚P‚O‚O‰ñ‘å‰ï‚à‘åŒƒí‚É,https://news.yahoo.co.jp/articles/0d6c0f4d8f90c5e01a52a8f4da046c7f9ebe3dfd,2023/12/30(“y) 7:30
sanspo,ƒTƒ“ƒPƒCƒXƒ|[ƒc,‚l‚k‚a@ƒ_ƒ‹ƒrƒbƒVƒ…u‚·‚²‚­”ß‚µ‚¢v@‘å’J‚ªc—RL‚ªc“¯’n‹æƒhƒWƒƒ[ƒXˆÚĞ‚É‹¹’†”’@V‰Á“üu¼ˆäŒN‚ÆŠæ’£‚è‚Ü‚·v@ƒ\ƒEƒ‹ŠJ–‹í‚Å‚¢‚«‚È‚èŒƒ“Ë,https://news.yahoo.co.jp/articles/aa2316cdd00d24b128a6dea24be76283da90dffe,2023/12/30(“y) 7:30
sanspo,ƒTƒ“ƒPƒCƒXƒ|[ƒc,g”’‰Ì‡í@ŠØ‘¨•‰oê‘g‚ªg”’ƒŠƒn‡€ÈŠª‡@‚r‚d‚u‚d‚m‚s‚d‚d‚m‚ªƒLƒŒƒLƒŒƒ_ƒ“ƒX‚Å”M¥,https://news.yahoo.co.jp/articles/6acc65a4eb61b8f9e4a07b34f52d022fbc32e69b,2023/12/30(“y) 7:30
sanspo,ƒTƒ“ƒPƒCƒXƒ|[ƒc,’†‘åA‚Q‚W”N‚Ô‚è—DŸ‚ÖI‹æŠÔÜƒRƒ“ƒrÄ‚Ñ,https://news.yahoo.co.jp/articles/ba017b4f656411d1fb6d2b61357598d742bdc4bb,2023/12/30(“y) 7:30
sanspo,ƒTƒ“ƒPƒCƒXƒ|[ƒc,ƒIƒŠƒbƒNƒXE’†“ˆ‘ŠÄ“ÂAæ”­‚S“Šè‚É•±‹N‹‚ß‚éuƒ[ƒe[ƒVƒ‡ƒ“‚ğç‚éŠoŒå‚Åv,https://news.yahoo.co.jp/articles/8684bfbb425dc8879b8358e0b395019331933af0,2023/12/30(“y) 7:30
sanspo,ƒTƒ“ƒPƒCƒXƒ|[ƒc,ã_EŠâè—DA¿–âU‚ß‚ÉƒjƒbƒRƒŠ@uƒ_ƒŒHv‚©‚çƒAƒŒ‚Å’m–¼“x‚t‚o,https://news.yahoo.co.jp/articles/d7fac3a6276929e950585542df6253b779ef4dc1,2023/12/30(“y) 7:30
sanspo,ƒTƒ“ƒPƒCƒXƒ|[ƒc,ã_E‚‹´—ylA‡€‚Q‚X‡æ‚è•Ô‚·@c‚µ‚Ä‚­‚ê‚½”w”Ô†u‹…’c‚ÉŠ´Óv,https://news.yahoo.co.jp/articles/83df3a55b2623ed8c66f2516a9146fc99711f1c0,2023/12/30(“y) 7:30
sanspo,ƒTƒ“ƒPƒCƒXƒ|[ƒc,ƒ„ƒNƒ‹ƒg‚ÌçŒì_‚Í‚Q‚O‚Q‚S”N‚à“cŒû—í“l‚ª•M“ªŒó•â@‚’ÃbŒáŠÄ“Â‚ª–¾Œ¾u‰½‚à‚È‚¯‚ê‚Î“cŒû‚É‚È‚év,https://news.yahoo.co.jp/articles/a178ef3e6cebcef67b6095591b150dd01cffb5fe,2023/12/30(“y) 7:30
sanspo,ƒTƒ“ƒPƒCƒXƒ|[ƒc,ã_E²“¡˜@Aq‹Ÿ‚½‚¿‚Ì‘O‚ÅŒˆˆÓu—ˆ”N‚ªŸ•‰v,https://news.yahoo.co.jp/articles/c840f35a00d1dc6db6ee3127fdc882ac99e543aa,2023/12/30(“y) 7:30
sanspo,ƒTƒ“ƒPƒCƒXƒ|[ƒc,ã_EX‰ºãÄ‘¾A‚fˆ¢•”æ”yŒ‚‚Â@’†‘åƒŒƒWƒFƒ“ƒh—¦‚¢‚éV¶‹l‚É’§íó,https://news.yahoo.co.jp/articles/21c2c574adf9a08d17e88dab376778b28dc9a4b0,2023/12/30(“y) 7:30
sanspo,ƒTƒ“ƒPƒCƒXƒ|[ƒc,“ú–{ƒnƒ€‚Íˆç¬‚©‚çx”z‰º‚Ö‚Ì‘Šú¸Ši‚ğŒŸ“¢@‹…’cŠ²•”‚ªˆç¬‘Iè‚Ì‚PŒRƒLƒƒƒ“ƒvQ‰Á‚ğ¦´,https://news.yahoo.co.jp/articles/2182e953a743e88517e8ab3c4d410cf7da175fa4,2023/12/30(“y) 6:00
sanspo,ƒTƒ“ƒPƒCƒXƒ|[ƒc,y‘½–€ìƒ{[ƒgE‚f‡VƒNƒC[ƒ“ƒYƒNƒ‰ƒCƒ}ƒbƒNƒXƒVƒŠ[ƒYzğ”N‚ÌáJ‚Ö‹à“cKq‚ªr•q‚É‚³‚Î‚­,https://news.yahoo.co.jp/articles/544e29cba50a502e1860fd19d6ff966bbe587cbb,2023/12/30(“y) 5:33
sanspo,ƒTƒ“ƒPƒCƒXƒ|[ƒc,y‘½–€ìƒ{[ƒgE‚o‚f‚hƒNƒC[ƒ“ƒYƒNƒ‰ƒCƒ}ƒbƒNƒXz‡€ŠF‹ÎÜ‡›“cçŒb‚S”N‚Ô‚è—Do‚Ö‹C‡‚ÌU‚ß,https://news.yahoo.co.jp/articles/02b9507d74229d4dc229ebeb19d77087a096847a,2023/12/30(“y) 5:32
sanspo,ƒTƒ“ƒPƒCƒXƒ|[ƒc,y‘½–€ìƒ{[ƒgE‚o‚f‚hƒNƒC[ƒ“ƒYƒNƒ‰ƒCƒ}ƒbƒNƒXz–Á•¿‹@‹ì‚éì–ì‰è—B‚U‹­“ü‚è‚É‘S—Í’‚®,https://news.yahoo.co.jp/articles/817ba4ae18a0fd2cbfb9c97576a08a64047ace52,2023/12/30(“y) 5:31
sanspo,ƒTƒ“ƒPƒCƒXƒ|[ƒc,¼•E¼ˆäŠÄ“Â‚Íl‹…”‚Ì‹…’c¸’èŒ©’¼‚µ‚É^“¯@u‚Â‚È‚®ˆÓ–¡‚Å‚Íl‹…‚ÍŒ‡‚©‚¹‚È‚¢v,https://news.yahoo.co.jp/articles/dd7f1709d875cc37c81efb290dfe5a77b12f4042,2023/12/30(“y) 5:00
sanspo,ƒTƒ“ƒPƒCƒXƒ|[ƒc,‚c‚…‚m‚`EO‰Y‘å•ãŠÄ“Â‚ª—ˆ‹G‚ÌƒNƒ[ƒU[—§Œó•â‚ğŠ½Œ}@u‘Ò‚Á‚Ä‚¢‚é‚Ì‚Å‚Í‚È‚­‚Â‚©‚İ‚É‚¢‚©‚È‚¢‚Æv,https://news.yahoo.co.jp/articles/aea7a5c91350b07a4dbde51fe0ae9bf3c6ca4de7,2023/12/30(“y) 5:00
sanspo,ƒTƒ“ƒPƒCƒXƒ|[ƒc,ƒƒbƒeEˆÀ“c®Œ›‚ª—ˆ‹G‚V”N–Ú‚Ì¾‚¢@‰ƒ^ƒCƒgƒ‹‚ÖˆÓ—~uæ‚é‚±‚Æ‚Å©•ª‚Ì©M‚É‚à‚È‚év,https://news.yahoo.co.jp/articles/89b837783f8cc19e7414727452693116b1d3181f,2023/12/30(“y) 5:00
sanspo,ƒTƒ“ƒPƒCƒXƒ|[ƒc,‹lE‹TˆäƒR[ƒ`‚ªŠO–ìè‚Ì•âE”ƒAƒbƒv‚ğŒf‚°‚é@u“ñ—Û‚©‚çƒz[ƒ€‚É‚ÍŠÈ’P‚É‚¢‚©‚¹‚ç‚ê‚È‚¢v,https://news.yahoo.co.jp/articles/163e60a8e247ab678f0a380926192f60a7488f2a,2023/12/30(“y) 5:00
sanspo,ƒTƒ“ƒPƒCƒXƒ|[ƒc,‚c‚…‚m‚`EO‰YŠÄ“Â‚ª‚c‚PˆÊE“x‰ï‚Ì‘ÅŒ‚“Šè‚É–¼æ‚è@ƒhƒŠ[ƒ€ƒ}ƒbƒ`‚Å‚Ì—^l‹…‚Ì‚¨˜l‚ÑH,https://news.yahoo.co.jp/articles/72f5573cbbdb021c8e4c7652d0282c30b50f5203,2023/12/30(“y) 5:00
sanspo,ƒTƒ“ƒPƒCƒXƒ|[ƒc,‚g‚…‚™I‚r‚‚™I‚i‚t‚l‚oA“Œ‹ƒh[ƒ€‚S“úŠÔŒö‰‰‰“ú@‚T–œ‚T‚O‚O‚Ol”M‹¶@R“c—Á‰îƒVƒƒƒEƒguºo‚¹A‚±‚ç[‚ÁIˆê‚É—x‚ë‚¤‚ºv,https://news.yahoo.co.jp/articles/32b14c98a3a823d22950be4e8fba9fe77034ac19,2023/12/30(“y) 4:00
sanspo,ƒTƒ“ƒPƒCƒXƒ|[ƒc,‚g‚j‚s‚S‚W“c’†”ü‹v‚ª‘²‹ÆŒö‰‰ulŠÔ‚Æ‚µ‚Ä¬’·‚µ‚Ä‚¢‚¯‚é‚æ‚¤‚Év,https://news.yahoo.co.jp/articles/0a493710853c452abb176db6a073747bc6826fff,2023/12/30(“y) 0:42
sanspo,ƒTƒ“ƒPƒCƒXƒ|[ƒc,ƒjƒ…[ƒCƒ„[ƒƒbƒNƒtƒFƒXŠJÃ’¼‘O‚É‚g‚h‚qA‚y‚…‚…‚‚‚’‚‚ço‰‰Ò‚ªa’J‚ÌŠX—û‚è•à‚­,https://news.yahoo.co.jp/articles/7fcf0988ad04ce4a2a6e807d34a1a28df76cae22,2023/12/30(“y) 0:00
sanspo,ƒTƒ“ƒPƒCƒXƒ|[ƒc,ME:IAƒfƒrƒ…[“ú‚Í4Œ17“ú‚ÉŒˆ’è@Š}Œ´““Şu¬’·‚µ‚½p‚Å‚¨‰ï‚¢‚Å‚«‚é‚æ‚¤‚ÉIv,https://news.yahoo.co.jp/articles/0c6aba113983e4ea6544c36ff6c4762b527122b7,2023/12/29(‹à) 23:15
sanspo,ƒTƒ“ƒPƒCƒXƒ|[ƒc,‚c‚e›Œ´—R¨‚Í“à“c“Äl‚Ì–å‰º“ü‚è@u‹Zp“I‚È‚Æ‚±‚ë‚Í‰“ú‚à‹³‚¦‚Ä‚à‚ç‚¢‚Ü‚µ‚½v,https://news.yahoo.co.jp/articles/d1137273675b47eb97846ffd8118038fcd8f8b80,2023/12/29(‹à) 23:15
sanspo,ƒTƒ“ƒPƒCƒXƒ|[ƒc,‚l‚e‰œ”²Š¤uAŒ³“ú‚Ìƒ^ƒCíŒo—RƒAƒWƒA”tƒƒ“ƒo[“ü‚è‚Â‚©‚Şuoê‚Å‚«‚½‚çl¶‚ª•Ï‚í‚Á‚Ä‚­‚év,https://news.yahoo.co.jp/articles/d0ed4409cb82f80e20c561ec358d01bd73aa5bb9,2023/12/29(‹à) 22:57
sanspo,ƒTƒ“ƒPƒCƒXƒ|[ƒc,‚a‚t‚b‚j\‚s‚h‚b‚j‚ªŸNˆä“Öi‚³‚ñ€‹Œã‰ƒ‰ƒCƒu@ƒoƒ“ƒh‚ÌŒp‘±‚ğéŒ¾@‚Q‚O‚Q‚S”N‚Ì•“¹ŠÙŒö‰‰‚à”­•\,https://news.yahoo.co.jp/articles/1a385d3446e9014d41cb74417a7be00b9fed9828,2023/12/29(‹à) 22:00
sanspo,ƒTƒ“ƒPƒCƒXƒ|[ƒc,‘ñ‘å‚Í•s”j¹ˆß—ˆ‚ğƒƒ“ƒo[ŠO‚É@ŒÜ\—’ŠÄ“Âu¡‚Ìƒ`[ƒ€‚Ì‚V”Ôè‚É“ü‚ç‚È‚©‚Á‚½v^•xmR—q‰w“`,https://news.yahoo.co.jp/articles/4d7c5ca886b5f2a641516b8127ccdd6067dcec79,2023/12/29(‹à) 21:55
sanspo,ƒTƒ“ƒPƒCƒXƒ|[ƒc,–¼é‘å‚ª‘å‰ï‚U˜A”e‚Ö@•Ä“cŠÄ“Â‚Í©MuÅ‚‚Ìó‘Ô‚ÅƒXƒ^[ƒgƒ‰ƒCƒ“‚Év^•xmR—q‰w“`,https://news.yahoo.co.jp/articles/2d0142fde4550ca96fd85bc1063a8bdf6c63f343,2023/12/29(‹à) 21:49
sanspo,ƒTƒ“ƒPƒCƒXƒ|[ƒc,–x‰z‚ª‰í“Ë”j@æ§ƒS[ƒ‹‚ÌX‘tu‚Ü‚¾‚PŸB–x‰zjãÅ‚‚Ì¬Ñ‚ğo‚µ‚½‚¢v,https://news.yahoo.co.jp/articles/af3115d759faf2fce40eb49f5fa982430c958eba,2023/12/29(‹à) 21:39
sanspo,ƒTƒ“ƒPƒCƒXƒ|[ƒc,ƒŒƒKƒŒƒCƒ‰‚Íƒz[ƒvƒtƒ‹‚r§”e‚©‚çˆê–é–¾‚¯‰XÉ‚ÅÃ—{@“í•èuƒJƒCƒo‚ÌH‚¢‚à•’i‚Æ•Ï‚í‚è‚È‚¢v,https://news.yahoo.co.jp/articles/184429f680fa11c5d6471997b4ca101b6b58e4d6,2023/12/29(‹à) 21:08
sanspo,ƒTƒ“ƒPƒCƒXƒ|[ƒc,g”’‰Ì‡í@—é–Ø‰ë”VA‚i‚n‚P‰Í–ìƒŠì‚Æ‚Ì‚k‚h‚m‚dŒğ—V‚ğ”’uˆê‚É·‚èã‚°‚æ‚¤‚È‚Æv,https://news.yahoo.co.jp/articles/3cb2252d79887214f7fd4af1b8518b8fce21d7df,2023/12/29(‹à) 21:07
sanspo,ƒTƒ“ƒPƒCƒXƒ|[ƒc,g”’‰Ì‡í@‚a‚dF‚e‚h‚q‚r‚sAƒRƒ‰ƒ{‚·‚éâ–{“~”ü‚Ì¶‰Ì‚ÉŠ´“®@‚l‚`‚m‚`‚s‚nuU‚è‚ª”ò‚Ñ‚Ü‚µ‚½v,https://news.yahoo.co.jp/articles/fd905caab2dba17ab30a0da716b75322f1fd8a7d,2023/12/29(‹à) 21:03
sanspo,ƒTƒ“ƒPƒCƒXƒ|[ƒc,“V—‘åE‚o‚q¼–ì‚ª€ŒˆŸ‚Ö“¬u@‚T‹G‘O‚É’é‹‘å‚e‚v‚ğ•²Óu‚ ‚Ì‚Æ‚«‚ÌƒXƒNƒ‰ƒ€‚ğv^‘åŠw‘IèŒ ,https://news.yahoo.co.jp/articles/42f67490c2106e862d76e19dbfa2e2c9b7b4fc33,2023/12/29(‹à) 20:47
sanspo,ƒTƒ“ƒPƒCƒXƒ|[ƒc,g”’‰Ì‡í@‚‚‰‚Œ‚…‚”Aƒ‰ƒCƒu‚Ìºo‚µ‰ğ‹Ö‚ÉŠ´Œƒu‘ÌŠ´‚ª‘S‚­ˆá‚Á‚Ä•Ê¢ŠE‚É‚È‚Á‚½v,https://news.yahoo.co.jp/articles/0f9b46db104349a3769fce9a7617f84b7c51bd07,2023/12/29(‹à) 20:46
sanspo,ƒTƒ“ƒPƒCƒXƒ|[ƒc,g”’‰Ì‡í@Îì‚³‚ä‚èA‘åò—m‚Ìéí•z‚É^‚ÁŒüŸ•‰u‚ ‚è‚ª‚Ä‚¥‚±‚Æ‚Å‚²‚´‚¢‚Ü‚·v,https://news.yahoo.co.jp/articles/4e64d9a821ea52cb99142bdba34b69919104c99c,2023/12/29(‹à) 20:40
sanspo,ƒTƒ“ƒPƒCƒXƒ|[ƒc,L“‡E’†‘º§¬A”w…‚Ì‚V”N–Ú‚ÖŠoŒå‚ÌŒì–€s’§íu‚à‚¤“¦‚°‚½‚­‚È‚¢v,https://news.yahoo.co.jp/articles/0e72986ac9c45ac9abb73c8f92fe1a787aa1c00b,2023/12/29(‹à) 20:40
sanspo,ƒTƒ“ƒPƒCƒXƒ|[ƒc,Œ»–ğÅ”N’·ƒTƒbƒJ[ƒ‰ƒCƒ^[A‰êì_‚³‚ñ‚ª‚X‚XÎ@’ml‚çu”’õj‚¤‰ïvŠJÃ,https://news.yahoo.co.jp/articles/79869b1ca9d6c58e3a852f529b2285b6b74adc20,2023/12/29(‹à) 20:35
sanspo,ƒTƒ“ƒPƒCƒXƒ|[ƒc,ƒgƒ‰•¿ƒ†ƒj‚Ì“ŒŠC‘å‘åã‹Â¯A‰ƒAƒŒ‚ÖD”­i@ƒG[ƒX‚Åå«E‚e‚v…‰i‚ªŒˆŸƒS[ƒ‹,https://news.yahoo.co.jp/articles/c004890fb90ef860c40a0b83ee41c66c94db7d60,2023/12/29(‹à) 20:28
sanspo,ƒTƒ“ƒPƒCƒXƒ|[ƒc,g”’‰Ì‡í@“¡ˆäƒtƒ~ƒ„Au”’‚¢‰_‚Ì‚æ‚¤‚Év‚Åi‰ïE—L‹gOs‚ÆƒRƒ‰ƒ{u‚È‚ñ‚©‘å‚«‚È‰_‚É‚È‚Á‚½‚È‚Á‚Äcv,https://news.yahoo.co.jp/articles/ae198e8a6d666084b9e97d432e283d9a556e0209,2023/12/29(‹à) 20:00
sanspo,ƒTƒ“ƒPƒCƒXƒ|[ƒc,ƒ^ƒCƒ\ƒ“”sí‚©‚ç‚R‚S”Ncˆäã®–í‚ª“Œ‹ƒh[ƒ€‚Åƒ^ƒCƒgƒ‹ƒ}ƒbƒ`\‘z,https://news.yahoo.co.jp/articles/157a6f8aba19da8c224bd09eec53f8eaabce8828,2023/12/29(‹à) 20:00
sanspo,ƒTƒ“ƒPƒCƒXƒ|[ƒc,g”’‰Ì‡í@OR‚Ğ‚ë‚µAV‚½‚È‚¯‚ñ‹Ê¢ŠE‹L˜^‚Öu‚P‚Q‚Wl–Ú‚Ì©•ª‚ÅŒˆ‚ß‚éc—ˆ”N‚Ì–Ú•W‚ÍŒÜ’iv,https://news.yahoo.co.jp/articles/656c70106e729f467fb57b78df07a241a74a8afa,2023/12/29(‹à) 19:53
sanspo,ƒTƒ“ƒPƒCƒXƒ|[ƒc,g”’‰Ì‡í@‚m‚‰‚š‚‰‚tAŠØ‘ƒfƒrƒ…[‚È‚Ç”ò–ô‚Ì‚P”N‚ÉÎŠçu¢ŠE‚É‹–ì‚ğŒü‚¯‚é‚æ‚¤‚É‚È‚Á‚½v,https://news.yahoo.co.jp/articles/ff8e088a426e384506235eccfec51e905d059aff,2023/12/29(‹à) 18:16
sanspo,ƒTƒ“ƒPƒCƒXƒ|[ƒc,g”’‰Ì‡í@‚l‚’‚“D‚f‚q‚d‚d‚m@‚`‚o‚o‚k‚d@”OŠè‚Ì‰oê‚ÉŠ´ŠSu‰÷‚µ‚¢v‚¢‚ğ‚µ‚½”N––‚à‚ ‚Á‚½v,https://news.yahoo.co.jp/articles/1dbd9b62cf1e82f20b0e160e9fa18cae1498a817,2023/12/29(‹à) 18:04
sanspo,ƒTƒ“ƒPƒCƒXƒ|[ƒc,”ò‚×@t‚ƒoƒŒ[—L–]‘IèĞ‰î@‘åã’jq‚Ì¸—zE¬RŠCcA‰‚u•«—ˆ‚Ì“ú–{‘ã•\“ü‚è‚ğ–Úw‚·,https://news.yahoo.co.jp/articles/c4bca40383cb75a32b26615e4334b74e9bca8a0a,2023/12/29(‹à) 18:00
sanspo,ƒTƒ“ƒPƒCƒXƒ|[ƒc,g”’‰Ì‡í@‚o‚…‚’‚†‚•‚‚…A––±Š‚Ì‘åæ”yE•ŸR‰ë¡‚Æ‚Æ‚à‚É‚P‚U“x–Úoêu‚Ü‚µ‚á‚Æ“¯‚¶‰ñ”B‚ ‚ñ‚È‘å•¨‚Ì•û‚Æv,https://news.yahoo.co.jp/articles/d1e7b62a49d0ce9eae451cd8078916afdd2cffd9,2023/12/29(‹à) 17:57
sanspo,ƒTƒ“ƒPƒCƒXƒ|[ƒc,ˆäã®–í‚Í‚d‚r‚o‚m‚Ì‚o‚e‚o‚Å‚Í‚QˆÊ‚Ì‚Ü‚Ü@ƒNƒƒtƒH[ƒh‚ª‚PˆÊƒL[ƒv,https://news.yahoo.co.jp/articles/85382ea4f0d7b007bbd08d0069cad67540e9dd3a,2023/12/29(‹à) 17:52
sanspo,ƒTƒ“ƒPƒCƒXƒ|[ƒc,ã_EŠâè—D‚ç‚ªuƒvƒ–ì‹…Ã‰ªŒ§l‰ïv–ì‹…‹³º‚ÉQ‰Á@‘å’JãÄ•½ƒRƒƒ“ƒg”qØ‚µq‹Ÿ‚½‚¿‚ÉƒG[ƒ‹,https://news.yahoo.co.jp/articles/c0fda534fe25fc02ceee2253b4dc8556f26e5ee8,2023/12/29(‹à) 17:35
sanspo,ƒTƒ“ƒPƒCƒXƒ|[ƒc,g”’‰Ì‡í@ƒqƒbƒg‹ÈuÂ‚Ì‚·‚İ‚©v‚Å‰oê‚ÌƒLƒ^ƒjƒ^ƒcƒ„uˆİ‚ª‚«‚è‚«‚èv,https://news.yahoo.co.jp/articles/905e166dd838292ef3cc679bda2bf58b5a7018ed,2023/12/29(‹à) 17:11
sanspo,ƒTƒ“ƒPƒCƒXƒ|[ƒc,•Ÿ‰ª‘æˆê‚ª“¯Œ§‘ÎŒˆ‚ğ§‚µ‚Ä‚S‘å‰ï‚Ô‚è‚T“x–Ú‚u@ƒƒ“ƒo[Šì‚Ñ‚Ìº^‚ZƒoƒXƒP,https://news.yahoo.co.jp/articles/a00bcc4f3a1c8c850c25b83de45b91de117f3d82,2023/12/29(‹à) 16:51
sanspo,ƒTƒ“ƒPƒCƒXƒ|[ƒc,“Œ—m‘å‚Í‚P‚X”N˜A‘±ƒV[ƒh‚Ö‚Q‹æ‚É”~è˜@A¼R˜aŠó‚Í•âˆõ@“ŒŠC‘å‚ÍƒV[ƒh•œ‹A‚Ö‚V‹æ‚ÉÎŒ´ãÄ‘¾˜Y,https://news.yahoo.co.jp/articles/c8d94a8b4602a86edd40d8249c62bb9257bff1c3,2023/12/29(‹à) 16:46
sanspo,ƒTƒ“ƒPƒCƒXƒ|[ƒc,y“Œ‹‘åÜ“Tz“ìŠÖ“Œ‚RŠ¥”nƒ~ƒbƒNƒtƒ@ƒCƒA‚Í‚W’…‚É”s‚ê˜AŸ‚V‚ÅƒXƒgƒbƒv,https://news.yahoo.co.jp/articles/8521230ff6cef6a4c7460fd8b8742304cbe447b4,2023/12/29(‹à) 16:44
sanspo,ƒTƒ“ƒPƒCƒXƒ|[ƒc,ˆä‰ªˆêãÄ‚É’§í‚·‚éƒyƒŒƒX‚Íƒn[ƒhƒpƒ“ƒ`ƒƒ[Œü‚¯‚ÌƒƒLƒVƒR»ƒOƒ[ƒug—p@u‚±‚Ì‘å‚«‚Èƒ`ƒƒƒ“ƒX‚ğ•K‚¸‚à‚Ì‚É‚·‚év,https://news.yahoo.co.jp/articles/6dca36ec1e80bdbde043495b5ec1a8840f112c9b,2023/12/29(‹à) 16:39
sanspo,ƒTƒ“ƒPƒCƒXƒ|[ƒc,g”’‰Ì‡í@â–{“~”üA‚i‚n‚PA‚a‚dF‚e‚h‚q‚r‚s‚Æ‚Ì‹¤‰‰‚Éu‚R”N‚Íõ–½‚ª‰„‚Ñ‚½‚©‚Èv,https://news.yahoo.co.jp/articles/b733e1fe96b471695cca37f315fabeeaba728802,2023/12/29(‹à) 16:36
sanspo,ƒTƒ“ƒPƒCƒXƒ|[ƒc,‘Šw‰@‘å‚Í‚Q‹æ•½—Ñ´ŸA‡‘åEO‰Y—´i‚Í‚P‹æ@‚T‹æ‚Í‡€R‚Ì_‡Œó•â‚Æ‡€R‚Ì—d¸‡‚ªŒƒ“ËI@‹æŠÔƒGƒ“ƒgƒŠ[”­•\,https://news.yahoo.co.jp/articles/240516835db98d01e8cab0d94dab26a81171a5b3,2023/12/29(‹à) 16:35
sanspo,ƒTƒ“ƒPƒCƒXƒ|[ƒc,L“‡E’†‘º§¬A•êZ‚ÅŒˆˆÓu‚P”N‚Å‚à–ì‹…‚ğ‘±‚¯‚½‚¢v,https://news.yahoo.co.jp/articles/3b5774e2da478f9c530ce8d5d252aaba812efb98,2023/12/29(‹à) 16:29
sanspo,ƒTƒ“ƒPƒCƒXƒ|[ƒc,ÂŠw‘å‚Í‚S‹æ²“¡ˆê¢A‚T‹æá—ÑG÷@‘¾“c‘“¶‚Æ•“c’©“ú‚Í•âˆõ@‹æŠÔƒGƒ“ƒgƒŠ[”­•\,https://news.yahoo.co.jp/articles/88f05b27a7dce8853b494222ca05085b72b15ac4,2023/12/29(‹à) 16:19
sanspo,ƒTƒ“ƒPƒCƒXƒ|[ƒc,y“Œ‹‘åÜ“TzƒEƒVƒ…ƒoƒeƒ\[ƒ‚ª’¼ü‘åŠO‚©‚ç‹‰õ‚É·‚µØ‚è‚uIjã‚T“ª–Ú‚Ì˜A”e‚ÅŒƒ“®‚Ìˆê”N’÷‚ß‚­‚­‚é,https://news.yahoo.co.jp/articles/e89d303f46c4050f8d47e6f18df08e851fb2c299,2023/12/29(‹à) 16:15
sanspo,ƒTƒ“ƒPƒCƒXƒ|[ƒc,’†‘å‚Í‚Q‹æ‚É‹g‹‘å˜aI@ˆ¢•”—z÷‚Í‚W‹æA‹g‹x‹±‚Í•âˆõ@‹æŠÔƒGƒ“ƒgƒŠ[”­•\,https://news.yahoo.co.jp/articles/6f8b205a788285a6caeac8e1627bedbf2016218f,2023/12/29(‹à) 16:10
sanspo,ƒTƒ“ƒPƒCƒXƒ|[ƒc,‰¤ÒE‹î‘å‚Í‚Q‹æ—é–Ø‰èA‚R‹æ²“¡Œ\‘¿I@ÂŒ´Œô‘¾˜NARì‘ñ”n‚Í•âˆõ@‹æŠÔƒGƒ“ƒgƒŠ[”­•\,https://news.yahoo.co.jp/articles/6e2b1cdd2910482fb12a1cf57d2f99e4af72cea4,2023/12/29(‹à) 16:01
sanspo,ƒTƒ“ƒPƒCƒXƒ|[ƒc,g”’‰Ì‡í@‰oê‚Ì‘åò—mui‰ï‚Ì•û‚ªŠyv@•ŸR‰ë¡AÎì‚³‚ä‚è‚©‚çƒvƒŒƒbƒVƒƒ[‚©‚¯‚ç‚ê‚é,https://news.yahoo.co.jp/articles/b9b6242f3affbee18bad2d258610c0544b4426d7,2023/12/29(‹à) 15:54
sanspo,ƒTƒ“ƒPƒCƒXƒ|[ƒc,—ˆ‹G‚i‚R‘å‹{‚Ì‚l‚eOKG–«‚ªŠØ‘‚Q•”E’‰–k´B‚e‚b‚ÉˆÚĞ@ƒ†ƒbƒL[ƒi‚ÆŒğÛ,https://news.yahoo.co.jp/articles/22373e2b83dda98576e0b46738450f158b86d25a,2023/12/29(‹à) 15:43
sanspo,ƒTƒ“ƒPƒCƒXƒ|[ƒc,•Ÿ‰ª‘æˆêA•Ÿ‰ªŒ§¨‘ÎŒˆ‚ğ§‚µ‚S‘å‰ï‚Ô‚è‚T“x–Ú‚Ì‚u^‚ZƒoƒXƒP,https://news.yahoo.co.jp/articles/d7703343a01460dce75c06221a55926850b5e6ae,2023/12/29(‹à) 15:17
sanspo,ƒTƒ“ƒPƒCƒXƒ|[ƒc,ˆä‰ªˆêãÄ‚ª‚QŠK‹‰‚S’c‘Ì“ˆê‚ğ’B¬‚µ‚½ˆäã®–í‚ğÌ^@u‡‚ÍŒ©‚Ä‚¢‚È‚¢‚ªA‚·‚Î‚ç‚µ‚¢‚±‚Æv,https://news.yahoo.co.jp/articles/3f6f7e15f1db2bf28190105322eb49900438ea36,2023/12/29(‹à) 15:17
sanspo,ƒTƒ“ƒPƒCƒXƒ|[ƒc,g”’‰Ì‡í@‚k‚d@‚r‚r‚d‚q‚`‚e‚h‚lA“ú–{ƒfƒrƒ…[Œã‰‚Ìg”’uƒtƒ@ƒ“‚ÌŠF‚³‚ñ‚Éˆ¤‚ğ‚¢‚½‚¾‚¢‚½‚P”Nv,https://news.yahoo.co.jp/articles/c0780692fe26eef0d943544c65c4db5b78a1c62a,2023/12/29(‹à) 15:07
sanspo,ƒTƒ“ƒPƒCƒXƒ|[ƒc,g”’‰Ì‡í@A‚Ì•s’²æ‚è‰z‚¦‚½‚r‚•‚‚…‚’‚†‚Œ‚™uƒ‰ƒCƒuŠ´‚ğ‘åØ‚Év,https://news.yahoo.co.jp/articles/3cada9cd1485a79fc251ea60f8b8c8fe2069bb64,2023/12/29(‹à) 15:04
sanspo,ƒTƒ“ƒPƒCƒXƒ|[ƒc,‘S‘‚Z‘‘Ì‰¤Ò‚Ì–¾G“ú—§‚ª‡€‰Ä“~˜A”e‡‚Ö‚P‰ñí“Ë”j,https://news.yahoo.co.jp/articles/3582af2e457ecea4001b49692d07ad0b4dcc0f2b,2023/12/29(‹à) 15:00
sanspo,ƒTƒ“ƒPƒCƒXƒ|[ƒc,ƒvƒ’–Ú‚ÌÅ‘¬‚P‚T‚VƒLƒ‰E˜rA–@‘åEÂ–ØŒ’‘¾˜Y‚Íƒvƒ‚ğŒ©˜‚¦‚½‹tZ’²®‚Å‘åŠwƒ‰ƒXƒgƒCƒ„[‚Ö,https://news.yahoo.co.jp/articles/3877d144e00d02c548f1bcad0a251c54c0b937a3,2023/12/29(‹à) 15:00
sanspo,ƒTƒ“ƒPƒCƒXƒ|[ƒc,g”’‰Ì‡í@“V“¶‚æ‚µ‚İA‘åã‚©‚çƒƒPo‰‰‚Éu‚í‚­‚í‚­‚µ‚Ä‚¢‚év@ƒgƒ‰ƒbƒL[‚ç‚Æ‹¤‰‰,https://news.yahoo.co.jp/articles/e8710a168102876617e110c8a46b7d1c2c6caae7,2023/12/29(‹à) 14:35
sanspo,ƒTƒ“ƒPƒCƒXƒ|[ƒc,‚i‚P‚b‘åã‚ª‚l‚e´•‚Æ‚Ì—ˆ‹GŒ_–ñXV‚ğ”­•\,https://news.yahoo.co.jp/articles/db47bdb0a14ef4b389f84dc0105aadfafc245ec0,2023/12/29(‹à) 13:55
sanspo,ƒTƒ“ƒPƒCƒXƒ|[ƒc,“y“c^ãÄ‹Rè‚ªƒtƒŠ[‚ÉŠ‘®•ÏX,https://news.yahoo.co.jp/articles/45d7aa2f6c6994c886b0e624079c0bed17d0bc0e,2023/12/29(‹à) 13:38
sanspo,ƒTƒ“ƒPƒCƒXƒ|[ƒc,g”’‰Ì‡í@‚U‚WÎ‚Ì‹½‚Ğ‚ë‚İAƒuƒŒƒCƒLƒ“’§í‚Éu•K€‚Å‚·‚æv,https://news.yahoo.co.jp/articles/db9dad40d5e08162b1a99feca6bdadb9fdcd6d14,2023/12/29(‹à) 13:04
sanspo,ƒTƒ“ƒPƒCƒXƒ|[ƒc,g”’‰Ì‡í@‚ ‚Ì‚¿‚á‚ñ‚±‚Æ‚‚‚A‰‚Ì‘å•‘‘ä‚É‚àu•’i’Ê‚èv@¡”N‚ğ•\‚·Š¿š‚Íu“fv,https://news.yahoo.co.jp/articles/4f38905dd206815800d79434473b378e57508526,2023/12/29(‹à) 12:31
sanspo,ƒTƒ“ƒPƒCƒXƒ|[ƒc,ƒXƒ}ƒCƒ‹‚Ì‚¿†‹ƒc“c’†Ÿt‹Rèˆø‘Ş®@’†R‚É–ñ‚Q‚T‚O‚Ol‚Ìƒtƒ@ƒ“WŒ‹@ƒWƒ‡ƒbƒL[’‡ŠÔ‚Í‡€Ÿt‚sƒVƒƒƒc‡,https://news.yahoo.co.jp/articles/07caa12b42d69e4698eb4e0cfe43257f3ca364b4,2023/12/29(‹à) 12:05
sanspo,ƒTƒ“ƒPƒCƒXƒ|[ƒc,g”’‰Ì‡í@ƒ—ó@ğ”NV‰Á“ü‚ÌŠâ‰i—mº‚Í‰g”’‚Éu‚Ü‚¾ÀŠ´‚ª‚í‚¢‚Ä‚È‚­‚Äv,https://news.yahoo.co.jp/articles/c3eb0e2711ac4a7d085ead3ce7d9c4b44ec402ad,2023/12/29(‹à) 11:59
sanspo,ƒTƒ“ƒPƒCƒXƒ|[ƒc,yƒz[ƒvƒtƒ‹‚rzƒŒƒKƒŒƒCƒ‰‚ª‰²”n‚ğˆêR@uƒ`[ƒ€ƒCƒNƒCƒmƒbƒNƒXv‚ÉVƒG[ƒX’a¶,https://news.yahoo.co.jp/articles/04ed66360d6b20e65e5f3be105ae06d585a5b737,2023/12/29(‹à) 11:55
sanspo,ƒTƒ“ƒPƒCƒXƒ|[ƒc,g”’‰Ì‡í@”’‘gƒgƒbƒvƒoƒbƒ^[‚Ì‚i‚n‚PA‰‰o‚Íu—×‚É‚·‚²‚¢•û‚ªEEEv,https://news.yahoo.co.jp/articles/6b319e7e48e1607948ced1664c0c60730294040d,2023/12/29(‹à) 11:38
sanspo,ƒTƒ“ƒPƒCƒXƒ|[ƒc,g”’‰Ì‡í@”T–Øâ‚S‚UƒLƒƒƒvƒeƒ“E”~àV”ü”gA¡”N‚ÌŠ¿š‚ÍuVv@uV‘Ì§‚Å’§‚ñ‚¾B’…À‚É©M‚Æ—Í‚ğ‚Â‚¯‚½v,https://news.yahoo.co.jp/articles/d809cec93849a427907590ec80ef56cbec2bccd1,2023/12/29(‹à) 11:19
sanspo,ƒTƒ“ƒPƒCƒXƒ|[ƒc,g”’‰Ì‡í@‰oê‚ÌV‚µ‚¢ŠwZ‚ÌƒŠ[ƒ_[ƒYA¡”N‚ğ•\‚·Š¿š‚Íuñv,https://news.yahoo.co.jp/articles/14c27d69744bafbc43f931c699933705866dcdf5,2023/12/29(‹à) 11:06
sanspo,ƒTƒ“ƒPƒCƒXƒ|[ƒc,ŒÕ‚Ìƒ\ƒiƒ^@“n“N–çA“n£P•FAˆ¢‹v—IAãÀŒb”üq‚»‚µ‚Äc@’W˜H“‡‚ÌƒŒƒWƒFƒ“ƒhƒXƒ^[‚É–¼‚ğ˜A‚Ë‚½‡€“²‚êƒRƒ“ƒr‡,https://news.yahoo.co.jp/articles/46d6eed2ac85515bce4b488b4a54584066df2358,2023/12/29(‹à) 11:00
sanspo,ƒTƒ“ƒPƒCƒXƒ|[ƒc,g”’‰Ì‡í@Œ³”T–Øâ‚S‚U‚Ì¶“cŠG—œ‰ÔA‚Q”N‚Ô‚èg”’‚ÉƒJƒ€ƒoƒbƒN@‘åŠˆ–ô‚Ì‚P”N‚Éug”’‚ÍƒGƒxƒŒƒXƒg‹‰‚ÌRv,https://news.yahoo.co.jp/articles/970273af20c926235e74bac5f0061394443d05ba,2023/12/29(‹à) 10:55
sanspo,ƒTƒ“ƒPƒCƒXƒ|[ƒc,g”’‰Ì‡í@—Î‰©FĞ‰ï‚ªƒŠƒn[ƒTƒ‹ƒgƒbƒvƒoƒbƒ^[@’·‰®°qu‹”N‚ÌŒoŒ±‚ğ‚¢‚©‚µ‚ÄŠy‚µ‚İ‚½‚¢v,https://news.yahoo.co.jp/articles/41a50dbe87f601d539d7dc9484e03b3211513f2f,2023/12/29(‹à) 10:31
sanspo,ƒTƒ“ƒPƒCƒXƒ|[ƒc,u‘¸~‚ªV”N‚©‚çŒÂl––±Š‚ÅÄo”­‚ÌŒˆˆÓ•\–¾u‚±‚ê‚Ü‚ÅˆÈã‚ÉÓ”C‚ğ‚¿A‚¢‚ë‚ñ‚È‚±‚Æ‚É’§í‚µ‚½‚¢v,https://news.yahoo.co.jp/articles/46bc44d33c54c209fe4794ff8d2bb813a4bff55c,2023/12/29(‹à) 10:19
sanspo,ƒTƒ“ƒPƒCƒXƒ|[ƒc,‰i“‡‚Ü‚È‚İ‹Rè‚ª¡”N‚Ìƒ‰ƒXƒg‹Ræ‚ğŸ‚Á‚Ä’÷‚ß‚­‚­‚é@ß–Ú‚Ì‚i‚q‚`”NŠÔ‚T‚OŸ,https://news.yahoo.co.jp/articles/02b06e7f492e2a6ebf9b9a84696bc17208fea30c,2023/12/29(‹à) 10:15
sanspo,ƒTƒ“ƒPƒCƒXƒ|[ƒc,yƒz[ƒvƒtƒ‹‚rzƒŒƒKƒŒƒCƒ‰EƒTƒ“ƒf[ƒŒ[ƒVƒ“ƒO‹g“cr‰î‘ã•\u—ˆ”N‚ÍHŒÜ‚Ì‘I‘ğˆ‚ğv,https://news.yahoo.co.jp/articles/6b524c3ff75b95ca5e00ad875d23ce6dae753814,2023/12/29(‹à) 9:52
sanspo,ƒTƒ“ƒPƒCƒXƒ|[ƒc,™R°‹I’²‹³t‚ª‰‚ÌƒŠ[ƒfƒBƒ“ƒO@ƒWƒƒƒXƒeƒBƒ“ƒpƒŒƒX‚Å“VcÜEt‚ğ§‚·‚È‚Ç‚T‚TŸ,https://news.yahoo.co.jp/articles/79258da1f5c922028c9505bd62a3dcdbb16f26d7,2023/12/29(‹à) 9:26
sanspo,ƒTƒ“ƒPƒCƒXƒ|[ƒc,ƒ‹ƒ[ƒ‹‹Rè‚ª‚P‚U‚TŸ‚Å‚Q”N‚Ô‚è‚ÌƒŠ[ƒfƒBƒ“ƒO@‚f‡T‚à‚VŸ‚Æ‘åŠˆ–ô,https://news.yahoo.co.jp/articles/d33b1a94caa310f648c915dce01fc2aa8601691d,2023/12/29(‹à) 9:07
sanspo,ƒTƒ“ƒPƒCƒXƒ|[ƒc,u‘¸~‚ª‰~–“Æ—§@Œ³“ú‚©‚çŠ‘®––±Š‚Æ‹¤“¯o‘‚ÌŒÂl––±Š‚ÅÄo”­,https://news.yahoo.co.jp/articles/46fc86d9ff55862e5eedfb386b52deadfbc67de6,2023/12/29(‹à) 9:00
sanspo,ƒTƒ“ƒPƒCƒXƒ|[ƒc,ƒCƒNƒCƒmƒbƒNƒXŠÖŒWÒ‚É“Œ‹‹£”n‹LÒƒNƒ‰ƒuÜ@ˆ³“|“IƒpƒtƒH[ƒ}ƒ“ƒX‚ğŒ©‚¹‚½d–‚Ô‚è‚ª•]‰¿,https://news.yahoo.co.jp/articles/0acf65d8cef7a9920e0de8565c9524571c608d22,2023/12/29(‹à) 8:45
sanspo,ƒTƒ“ƒPƒCƒXƒ|[ƒc,–¯•ú‹£”n‹LÒƒNƒ‰ƒuÜ‚É¬—ÑŸ‘¾‹Rè@¡”N‚ÌŠÖ“Œ‚ÌVl‹RèÅ‘½‚P‚QŸ,https://news.yahoo.co.jp/articles/50cd450718bf133a2146cd6b18f9216e220e7555,2023/12/29(‹à) 8:45
sanspo,ƒTƒ“ƒPƒCƒXƒ|[ƒc,‚r‚…‚˜‚™@‚y‚‚‚…AŠ‘®ƒŒ[ƒxƒ‹‚ª–¼Ì•ÏX@‚PŒ‚©‚çu‚n‚–‚…‚’@‚s‚ˆ‚…@‚s‚‚v‚É,https://news.yahoo.co.jp/articles/49834773c3e1c361abf6dc898f7ca0739c5ddf08,2023/12/29(‹à) 7:30
sanspo,ƒTƒ“ƒPƒCƒXƒ|[ƒc,‚x‚n‚r‚g‚h‚j‚hA¬ŠwŠÙ‚ğ‘i×@–¼—_šÊ‘¹c‚w@‚i‚`‚o‚`‚m‚Ì‹L–„‚è,https://news.yahoo.co.jp/articles/439023202baee63a59e1610fdafc486ba242baf1,2023/12/29(‹à) 7:30
sanspo,ƒTƒ“ƒPƒCƒXƒ|[ƒc,“¡‘º•x”ü’j‚ªuƒvƒƒXƒs‚`v‚É‰“oê@”\—Í’l‰æ‘œ‚ğ“Æèæs“üèI,https://news.yahoo.co.jp/articles/99d6c98c8c29229acd1cc9d395c06d4b5c6358b4,2023/12/29(‹à) 7:30
sanspo,ƒTƒ“ƒPƒCƒXƒ|[ƒc,ã_E‹ß–{ŒõiA“ñ“—¬E‹{–{•‘ ƒgƒŒ@‡€ƒoƒbƒg~‚ß‚Ä‘Å‚Â‡‹ÉˆÓK“¾‚Ö,https://news.yahoo.co.jp/articles/817120fe6c64c7aa1a9d34fe2898ad29956bba48,2023/12/29(‹à) 7:30
sanspo,ƒTƒ“ƒPƒCƒXƒ|[ƒc,ã_EA“cŠCA—ˆ‹Gƒmƒ‹ƒ}‚Íu‚QŒ…“—Ûv,https://news.yahoo.co.jp/articles/f4aa6a28d7b5de53645c57efc2a79a0836449ade,2023/12/29(‹à) 7:30
sanspo,ƒTƒ“ƒPƒCƒXƒ|[ƒc,ã_E‘ºãèñ÷Aˆê”­‰®‚ÅI‚í‚Á‚Ä‚½‚Ü‚é‚©I@—ˆ”N‚¢‚È‚©‚Á‚½‚çu–Y‚ê‚ç‚ê‚év,https://news.yahoo.co.jp/articles/816e3d4c4c8d99d3eeb30b1131956507bad24298,2023/12/29(‹à) 7:30
sanspo,ƒTƒ“ƒPƒCƒXƒ|[ƒc,R–{—RL‚ğuƒsƒbƒ`ƒ“ƒOƒjƒ“ƒWƒƒv‚ª‘¾ŒÛ”»@‚Q‚OŸ•ƒTƒCEƒ„ƒ“ƒOÜ‚à‹–ì,https://news.yahoo.co.jp/articles/e49fda0045e895afabd1ef2f61b8e0aabd5d716c,2023/12/29(‹à) 7:30
sanspo,ƒTƒ“ƒPƒCƒXƒ|[ƒc,ã_E“¡“cŒ’“lA–Úw‚·‚Í‡€ƒ}ƒbƒ`’´‚¦‡,https://news.yahoo.co.jp/articles/e974a1c5fc747e395e894310ebbcff220d6e2cf3,2023/12/29(‹à) 7:30
sanspo,ƒTƒ“ƒPƒCƒXƒ|[ƒc,y‘½–€ìƒ{[ƒgE‚o‚f‚hƒNƒC[ƒ“ƒYƒNƒ‰ƒCƒ}ƒbƒNƒXz’·“ˆ–œ‹L@—û‚ÌŠO˜g‚à‹‰õƒ^[ƒ“‚ÅŒˆ‚ß‚é,https://news.yahoo.co.jp/articles/9f38e5af16a6063c2a4b983e2e2a13577c1b9ca1,2023/12/29(‹à) 7:03
sanspo,ƒTƒ“ƒPƒCƒXƒ|[ƒc,ƒEƒCƒ“ƒ}ƒŠƒŠƒ“‚Íƒ^ƒCƒgƒ‹ƒzƒ‹ƒ_[‚ÆŒğ”z‚Ö@‚Æ‚à‚É—L”n‹L”O‚Åƒ‰ƒXƒgƒ‰ƒ“,https://news.yahoo.co.jp/articles/80db3d7bfd3131184d03a62faac1eab74adf9472,2023/12/29(‹à) 7:00
sanspo,ƒTƒ“ƒPƒCƒXƒ|[ƒc,“ú–{ƒnƒ€‚ÍŠO‘l•â‹­‚Ìè‚ğŠÉ‚ß‚È‚¢•ûj@‚³‚ç‚Éu“ŠèA–ìè‚Pl‚¸‚Â‚ÍŒŸ“¢‚µ‚Ä‚¢‚Ü‚·v,https://news.yahoo.co.jp/articles/e008a2a53f65efba432a4ebf5c464d1e45aea1e0,2023/12/29(‹à) 6:00
sanspo,ƒTƒ“ƒPƒCƒXƒ|[ƒc,ƒƒbƒeE•–ØƒR[ƒ`‚Ìˆ¤–º‚ª‹…’cƒ`ƒA‘±“Š@‚l‚d‚hu‚İ‚ñ‚È‚Å—DŸ‚µ‚½‚¢v,https://news.yahoo.co.jp/articles/4cfb0b221af980469869dcc52a08da7c66a88841,2023/12/29(‹à) 5:00
sanspo,ƒTƒ“ƒPƒCƒXƒ|[ƒc,‹lEˆ¢•”T”V•ŠÄ“Â‚Í‡€Œ´’C“¿—¬‡‚ğ“¥P@©‚çƒ}ƒEƒ“ƒh‚Ö‡€’Z‡Œp“Š,https://news.yahoo.co.jp/articles/07834e9c4fb9dbedbcc831eeab8d0424f806e957,2023/12/29(‹à) 5:00
sanspo,ƒTƒ“ƒPƒCƒXƒ|[ƒc,“ú–{ƒnƒ€ER–{‘ñÀ‚ª‡€ŠØ‘Cs‡‚Å‹…‘¬ƒAƒbƒvI@•½‹Ï‹…‘¬‚ğu‚P‚T‚O‚Éæ‚¹‚½‚¢v,https://news.yahoo.co.jp/articles/7c1f827f34575445d32fd502ead19b2c395f4743,2023/12/29(‹à) 5:00
sanspo,ƒTƒ“ƒPƒCƒXƒ|[ƒc,¼•‚Í‚Q‚O‚Q‚S”N‚àŒ¹“c‘s—º‚ªå«@¼ˆä‰Ò“ª‰›ŠÄ“Âuƒtƒ‹ƒV[ƒYƒ“Aˆø‚Á’£‚Á‚Ä‚Ù‚µ‚¢v,https://news.yahoo.co.jp/articles/16adee6a96af270b9cea62c1b7cd9e61f9703db7,2023/12/29(‹à) 5:00
sanspo,ƒTƒ“ƒPƒCƒXƒ|[ƒc,‚c‚…‚m‚`E¼”ö¬‰¶‚ªæ”y•ßè‚Æ‚Ì©åƒgƒŒ‚ğuŠè@‰õ‘ø‚µ‚½ŒË’Œuˆê‚ÉƒŒƒxƒ‹ƒAƒbƒv‚Å‚«‚ê‚Îv,https://news.yahoo.co.jp/articles/66ede2d989bc1561a3c20cf086c32f00f30cdf8b,2023/12/29(‹à) 5:00
sanspo,ƒTƒ“ƒPƒCƒXƒ|[ƒc,ƒ„ƒNƒ‹ƒg‚u’D‰ñ‚Ö‚P”Ô‘ÅÒ‚Í‰–Œ©‘×—²‚ª•M“ªŒó•â@‚’ÃŠÄ“Âu‚·‚²‚­‘å‚«‚Èƒ|ƒCƒ“ƒg‚Ì‘Iè‚É‚È‚év,https://news.yahoo.co.jp/articles/a17dd526253d958a39501dcdb6292e848813e280,2023/12/29(‹à) 5:00
sanspo,ƒTƒ“ƒPƒCƒXƒ|[ƒc,‚m‚…‚—‚i‚…‚‚‚“AˆÙ—áI“ú–{ƒfƒrƒ…[–¢’è‚Å‚Ì‰g”’Œˆ’è@”X‚Ì‰¹ŠyÜóÜ‚ÌŠØ‘‚Tl‘gAû˜^‚ÅIHŒã”¼“oê,https://news.yahoo.co.jp/articles/3dde1a1674d1ba49f6420d290ca035b94a801868,2023/12/29(‹à) 4:00
sanspo,ƒTƒ“ƒPƒCƒXƒ|[ƒc,_’J–¾‚©‚ç‹{–ì^ç‚ÉƒLƒ““÷ƒ}ƒ“–ğƒoƒgƒ“ƒ^ƒbƒ`I@‚Q‚O‚Q‚S”N‚É‚R‚Q”N‚Ô‚èƒAƒjƒ•œŠˆAuwƒLƒ““÷ƒ}ƒ“xŠ®àø’´ln‘c•Òv‚Å_’J‚ÍƒLƒ““÷^‹|•ƒvƒŠƒ“ƒXEƒJƒƒnƒ–ğ‚É,https://news.yahoo.co.jp/articles/59189386b3e34fe9a44c4832ffee1a11a74fa2d0,2023/12/29(‹à) 0:00
sanspo,ƒTƒ“ƒPƒCƒXƒ|[ƒc,‚c‚…‚m‚`ƒWƒ…ƒjƒA‚ª‚V”N‚Ô‚è‚Q“x–Ú‚Ì—DŸ@˜ƒWƒƒƒpƒ“Eˆä’[O˜aŠÄ“Â‚Ì’·’j‚ª‚¯‚ñˆø,https://news.yahoo.co.jp/articles/4a8f9640a692ab5bae00dfdbf23f1a8a9779cbf6,2023/12/28(–Ø) 23:56
sanspo,ƒTƒ“ƒPƒCƒXƒ|[ƒc,R–{—RL‚ÌŠˆ–ô‚ğ’nŒ³‹LÒ‚àŠú‘Ò@ƒIƒŒƒ“ƒWƒJƒEƒ“ƒeƒBEƒŒƒWƒXƒ^[‚Ìƒvƒ‰ƒ“ƒPƒbƒg‹LÒuƒhƒWƒƒ[ƒX‚Í‚`ƒvƒ‰ƒX‚¾v,https://news.yahoo.co.jp/articles/df0db95af3fa38da419b41e8d9421f5870e207bc,2023/12/28(–Ø) 23:16
sanspo,ƒTƒ“ƒPƒCƒXƒ|[ƒc,R–{—RL‚ÌŠˆ–ô‚ğ’nŒ³‹LÒ‚àŠú‘Ò@ƒWEƒAƒXƒŒƒ`ƒbƒN‚ÌƒAƒ‹ƒ_ƒ„‹LÒu•â‹­‚ÌŒŠ‚ğ‚Ó‚³‚°‚é‚¾‚¯‚Ó‚³‚¢‚¾v,https://news.yahoo.co.jp/articles/c44d725cd06319b4b780d1285d0807866372d412,2023/12/28(–Ø) 23:14
sanspo,ƒTƒ“ƒPƒCƒXƒ|[ƒc,‘å’JãÄ•½•R–{—RL‚ª“ü’c‚µ‚½ƒhŒR‚ÌƒhƒWƒƒ[ƒuƒ‹[‚Á‚Ä‚Ç‚ñ‚ÈFH,https://news.yahoo.co.jp/articles/ef287db0c955a4151f65fcf0d36deeccd5354674,2023/12/28(–Ø) 23:02
sanspo,ƒTƒ“ƒPƒCƒXƒ|[ƒc,L“‡‘ÛŠw‰@‚ªŠJ–‹í‚É‰õŸ@ƒwƒfƒBƒ“ƒO’e‚Q”­‚Å‰oê“¯m‚Ì‘ÎŒˆ‚ğ§‚·,https://news.yahoo.co.jp/articles/8eb3b0455237a4f89125e21022f5a5f4f37a8241,2023/12/28(–Ø) 22:37
sanspo,ƒTƒ“ƒPƒCƒXƒ|[ƒc,‘À‚Í‰oê‚Å‘S‘‚PŸ‚È‚ç‚¸@–ì‹…•”‚n‚a‚Ì“ú–{ƒnƒ€E´‹{K‘¾˜Y‚Ì‰‰‡‚àc,https://news.yahoo.co.jp/articles/766b208990ea56c2b89bcc1a5eab13d03cb3b07e,2023/12/28(–Ø) 22:29
sanspo,ƒTƒ“ƒPƒCƒXƒ|[ƒc,‚c‚e”Â‘qŸä‚ªŠ®‘S•œŠˆ‚ğƒAƒs[ƒ‹@¶‘«ñ‚Ìèp–¾‚¯u‚·‚Á‚«‚è‚µ‚ÄƒTƒbƒJ[‚ÉW’†‚Å‚«‚Ä‚¢‚év,https://news.yahoo.co.jp/articles/bf56fa67cb66271c7404ceb55147ff26b09f405c,2023/12/28(–Ø) 22:06
sanspo,ƒTƒ“ƒPƒCƒXƒ|[ƒc,­™“‡À‚ª‹t“]Ÿ‚¿@ƒtƒ‰ƒ“ƒX‚v”t“ú–{‘ã•\‚Ì’†‘º—º“y‚Ìw“±‚É‰¶•Ô‚µ,https://news.yahoo.co.jp/articles/35eae6fc59a9d3095e0c408bed1a77127ea19256,2023/12/28(–Ø) 22:04
sanspo,ƒTƒ“ƒPƒCƒXƒ|[ƒc,‚c‚eO‰YéD‘¾‚ªƒAƒWƒA”toê‚É‚àˆÓ—~@‚i‚Qb•{‚©‚çµWu©•ª‚Ì“Á’·‚ğo‚µ‚Ä‚¢‚«‚½‚¢v,https://news.yahoo.co.jp/articles/190a94a607233bfb25136c5f5ae4cac6766887f3,2023/12/28(–Ø) 21:59
sanspo,ƒTƒ“ƒPƒCƒXƒ|[ƒc,ì‰z“Œ‚ª‰Ô‰€‰Ÿ—˜@‚o‚q›RŒö‘¾u‘å‚«‚È—ğj‚ğ“h‚è‘Ö‚¦‚½v@é‹ÊŒ§“à‹üw‚ÌiŠwZ,https://news.yahoo.co.jp/articles/bfb8871088914e523953c3f22a2bc083dff851f3,2023/12/28(–Ø) 21:54
sanspo,ƒTƒ“ƒPƒCƒXƒ|[ƒc,‚l‚e’†‘ºŒh“lAOâ˜•sİ‚Å‚à¶ƒTƒCƒh‚Í”C‚¹‚ëI@“ú–{‘ã•\•œ‹A‚ÌŒ³“ú‚Ìƒ^ƒCíuŠy‚µ‚İ‚É‚µ‚Ä‚¢‚Ü‚·v,https://news.yahoo.co.jp/articles/9634f3942f000a5a22d46766e18a82ef8bee64db,2023/12/28(–Ø) 21:48
sanspo,ƒTƒ“ƒPƒCƒXƒ|[ƒc,å‚–¼³’²‹³t‚ªˆø‘Ş‚Ì“c’†Ÿ‹Rè‚ÉƒG[ƒ‹@uˆê‚É·‚èã‚°‚Ä‚¢‚¯‚½‚çv,https://news.yahoo.co.jp/articles/12fa09c62e474d502227b0d71d698439721c048e,2023/12/28(–Ø) 21:35
sanspo,ƒTƒ“ƒPƒCƒXƒ|[ƒc,ƒzƒXƒxƒ‹EƒyƒŒƒX‚ª‘Å“|Eˆä‰ªˆêãÄ‚É©M@uŠ®àø‚È—ûK‚ğd‚Ë‚Ä‚«‚½v,https://news.yahoo.co.jp/articles/6668a8a05fc900c94ca6336d9dc16aee32be795f,2023/12/28(–Ø) 21:13
sanspo,ƒTƒ“ƒPƒCƒXƒ|[ƒc,•Ÿ‰ªˆê‚ª‚Q”N˜A‘±‚ÅŒˆŸio@ŒˆŸ‚Í‚Q‚O‚P‚X”NˆÈ—ˆ‚Ì•Ÿ‰ª‘ÎŒˆ^‚ZƒoƒXƒP,https://news.yahoo.co.jp/articles/68ccdd211c527899482677012198466431c15a66,2023/12/28(–Ø) 20:30
sanspo,ƒTƒ“ƒPƒCƒXƒ|[ƒc,ƒIƒŠƒbƒNƒXE–©’Ê•v‹…’cĞ’·‚ªˆê”N‘Š‡u‚R˜A”e–{“–‚É‚·‚²‚¢v,https://news.yahoo.co.jp/articles/5c0380d6ace13d59b573ff068589ac40a3032177,2023/12/28(–Ø) 20:13
sanspo,ƒTƒ“ƒPƒCƒXƒ|[ƒc,ƒIƒŠƒbƒNƒXAƒ|ƒXƒ^[‚ÅR–{—RL‚ÉƒG[ƒ‹u¢ŠEÅ‹­‚¾‚ÆØ–¾‚ğv,https://news.yahoo.co.jp/articles/918dbb577a737a9f6e427f5691d7c13d9758c1b4,2023/12/28(–Ø) 20:02
sanspo,ƒTƒ“ƒPƒCƒXƒ|[ƒc,¬—Ñ_”ü‰ï’·‚ÉƒcƒbƒRƒ~A‘æ‚QA‘æ‚R‚ÌuŠy“Vv‚ªo‚Ä‚­‚é,https://news.yahoo.co.jp/articles/9689a4780943d956e22ffab2f2abd3ce5c8579ad,2023/12/28(–Ø) 20:00
sanspo,ƒTƒ“ƒPƒCƒXƒ|[ƒc,ƒƒbƒeE²X–Ø˜NŠóAŒ_–ñX‰ü‚Ì‰z”N‚ªŒˆ’è@ƒvƒ‚S”N–Ú‚Å‰,https://news.yahoo.co.jp/articles/02203e08255a992a1a565ac08410d9a96eb3c82b,2023/12/28(–Ø) 19:40
sanspo,ƒTƒ“ƒPƒCƒXƒ|[ƒc,•Ÿ‰ª‘å‘åŠ‚ªŒˆŸio@‚t‚P‚X“ú–{‘ã•\E“n•Ó—à‰¹‚ª‚Q‚Q“¾“_^‚ZƒoƒXƒP,https://news.yahoo.co.jp/articles/c19a276d7737c460e21051ca84f1aed28a6303b8,2023/12/28(–Ø) 19:30
sanspo,ƒTƒ“ƒPƒCƒXƒ|[ƒc,y‚RÎˆÈãŸ‘–•ñzƒWƒIƒOƒŠƒt‚Í’†R‹L”O‚Ån“®‚Ö,https://news.yahoo.co.jp/articles/17d994e99668503429b082cec02d0495dd3f1edb,2023/12/28(–Ø) 19:06
sanspo,ƒTƒ“ƒPƒCƒXƒ|[ƒc,‚l\‚P‰¤ÒE—ß˜aƒƒ}ƒ“‚ªuƒI[ƒ‹ƒiƒCƒgƒjƒbƒ|ƒ“v‚É~—ÕIu‘æ‚P‚X‘ã‰¤Ò‚ç‚µ‚¢ƒ‰ƒWƒI‚É‚È‚ê‚Îv,https://news.yahoo.co.jp/articles/54e1555011d4d11b8bc2a65225c73ce8f4c0e6c3,2023/12/28(–Ø) 19:00
sanspo,ƒTƒ“ƒPƒCƒXƒ|[ƒc,yƒz[ƒvƒtƒ‹‚rzƒŒ[ƒX‚ğI‚¦‚ÄcŠÖŒWÒ’k˜b,https://news.yahoo.co.jp/articles/42064f6e826498374a86cfe3467189ad5de7e476,2023/12/28(–Ø) 18:51
sanspo,ƒTƒ“ƒPƒCƒXƒ|[ƒc,Œö®ƒTƒCƒgAR–{—RL‚ªuV‚½‚É‰Á‚í‚èA‘S‚Ä‚Ì’–Ú‚ÍƒhƒWƒƒ[ƒX‚Év,https://news.yahoo.co.jp/articles/5fc5230f959736c399fb9689dc1d5d6ecae9fa5a,2023/12/28(–Ø) 18:41
sanspo,ƒTƒ“ƒPƒCƒXƒ|[ƒc,yƒz[ƒvƒtƒ‹‚rz‚Q”Ôl‹CƒVƒ“ƒGƒ“ƒyƒ‰[‚Í‚Q’…É”s@ƒ€ƒ‹ƒUƒoƒGƒt‹Rèuˆê“ª‚É‚È‚é‚Ì‚ª­‚µ‘‚©‚Á‚½v,https://news.yahoo.co.jp/articles/e3c12f1477ec1b12ef70d57947c8d74b241e4b38,2023/12/28(–Ø) 18:10
sanspo,ƒTƒ“ƒPƒCƒXƒ|[ƒc,yƒz[ƒvƒtƒ‹‚rzƒTƒ“ƒ‰ƒCƒYƒWƒpƒ“ƒO‚ª’á•]‰¿‚ğ•¢‚·‚R’…@›Œ´–¾—Ç‹RèuÅ‚ÌƒŒ[ƒX‚Å‚à‚æ‚­Šæ’£‚Á‚Ä‚­‚ê‚Ü‚µ‚½v,https://news.yahoo.co.jp/articles/fc846e8454c5d37c7589157d81c4c4db8c95b6df,2023/12/28(–Ø) 18:09
sanspo,ƒTƒ“ƒPƒCƒXƒ|[ƒc,yƒz[ƒvƒtƒ‹‚rzƒZƒ“ƒ`ƒ…ƒŠƒ{ƒ“ƒh‚Í‚P‚S’…c•–L‹Rè‚f‚hŠ®‘S§”e‚È‚ç‚¸u—c‚¢‚Æ‚±‚ë‚ªo‚Ä‚µ‚Ü‚¢‚Ü‚µ‚½v,https://news.yahoo.co.jp/articles/a9806d045c72ef77075b81aef9e9a5caf7a38a63,2023/12/28(–Ø) 18:08
sanspo,ƒTƒ“ƒPƒCƒXƒ|[ƒc,“cŒûŠÑ‘¾‹Rè‚É‚Q‚O‚Q‚R”N“x’†‰›‹£”nŠÖ¼•ú‘—‹LÒƒNƒ‰ƒuÜ,https://news.yahoo.co.jp/articles/4a7c09f81c028287b7b222792ddf16c0c9da9b11,2023/12/28(–Ø) 18:04
sanspo,ƒTƒ“ƒPƒCƒXƒ|[ƒc,­”N‘à‚Ì‹ÑDˆê´‚ª•‘‘äu‚ T“¯Šú‚Ì÷v‚Å‰‰o‚ğ’S“–@o‰‰‚à,https://news.yahoo.co.jp/articles/80c09691cba381e209fc8113b2b6f56f55e0f4d3,2023/12/28(–Ø) 18:04
