media_en,title_articles,link_articles,date_original
fujitv,‚‹´•¶Æ TGCƒ‰ƒ“ƒEƒFƒC‚É“oêI‘ålƒN[ƒ‹‚È–Úü‚ÅŠÏ‹q‚ğ–£—¹,https://news.yahoo.co.jp/articles/03b67e223cb11d223dd2ac5ea1e9d2dd311eebeb,9/2(“y) 19:14
fujitv,”ü ­”N‚ªTGC‚É‰QíI—’uTrouble Makerv‚ğƒJƒo[‚µ‰ïê‚Ìƒ{ƒ‹ƒe[ƒW‚ÍÅ‚’ª,https://news.yahoo.co.jp/articles/962177eaa0245f8427ee61e923fad43988e085e1,9/2(“y) 17:27
fujitv,Snow ManEƒ‰ƒE[ƒ‹g20Î‰h‚ÌTGCƒ‰ƒ“ƒEƒFƒC‚ÅA‰ïê‚ğ‹»•±‚Ì‰Q‚ÉŠª‚«‚Ş,https://news.yahoo.co.jp/articles/2029515d6c44a671b9fa38619c64395ff099c200,9/2(“y) 16:10
fujitv,ê“¡HŠÄ“Â ‰f‰æuƒXƒC[ƒgEƒ}ƒCƒz[ƒ€vyama‚Ìå‘è‰Ì‚ğâ^u•¨Œê‚ğƒLƒŒƒC‚É•Â‚¶‚Ä‚­‚¾‚³‚Á‚½v,https://news.yahoo.co.jp/articles/adbd262962293373e27f195767b122c28bd27b67,9/2(“y) 8:02
fujitv,ƒw”]ƒxƒ‹SHOWxƒNƒCƒY„‚·‚×‚Ä‰¹“Ç‚İ‚³‚ê‚Ä‚¢‚é—L–¼l‚Ì–¼‘O‚ÍH,https://news.yahoo.co.jp/articles/bfae43ff609601a7318336434af5c3b9cad8ad0f,9/2(“y) 6:00
fujitv,–÷G‘¾uô‚¤‚½‚Ñ‚É‚¨•—˜Cê‚ª^‚Á•‚ÉvŒmŒÃ—p‚ÉV’²‚µ‚½—ˆß‚Åƒnƒvƒjƒ“ƒO,https://news.yahoo.co.jp/articles/7b3ebaaa42646165cd377197827863a9618a5ed1,9/2(“y) 4:01
fujitv,–÷G‘¾u–{“–‚É“ª‚ªã‚ª‚è‚Ü‚¹‚ñIvÀ’·E‘å’|‚µ‚Ì‚Ô‚©‚ç‚ÌƒAƒhƒoƒCƒX‚ÉŠ´Ó,https://news.yahoo.co.jp/articles/41ed9b78df31b60375a52ae3d80f4b5ecad04a3c,9/2(“y) 4:00
fujitv,DAIGOuƒoƒ‰ƒGƒeƒB‚Ö‚ÌˆÓ‹C‚İ‚ª–ˆ‰ñƒnƒ“ƒp‚È‚¢vÈE–kìŒiq‚Ìg‰÷‚µ‹ƒ‚«hƒGƒsƒ\[ƒh”â˜I,https://news.yahoo.co.jp/articles/2b91c56087cd1715205bd72812ff9160e7ae359c,9/2(“y) 1:20
fujitv,‰Íˆä‚ä‚¸‚é ‰¶l‚ÌgSM‚Ì—‰¤—lh‚ª“oêu‚¨‘O‚Ì’²‹³‚Í‚Ü‚¾I‚í‚Á‚Ä‚È‚¢v,https://news.yahoo.co.jp/articles/4d220ac3890729eeee6ffd7d513fab0566fd7b0d,9/2(“y) 0:47
fujitv,÷’ë‚È‚È‚İ ˆê”Ê’j«‚Æ‚ÌŒ‹¥‚ğ•ñuV‚µ‚¢‰Æ’ë‚ğ’z‚¢‚Ä‚¢‚¯‚é‚±‚Æ‚ÉK‚¹‚ğŠ´‚¶‚Ä‚¢‚Ü‚·v,https://news.yahoo.co.jp/articles/ce9c44b890201ed5ad4ccd97b19891c5c194ef15,9/1(‹à) 22:18
fujitv,ƒSƒfƒBƒo‚Ìƒ}[ƒN‚Ìƒ‚ƒfƒ‹‚Ì—«‚Í‚Ç‚ñ‚ÈlHwƒlƒvƒŠ[ƒOx‚Å•ú‘—‚Ìƒ“¤’m¯„,https://news.yahoo.co.jp/articles/6325a7b97bd77dbcb91264938509807a025e058d,9/1(‹à) 21:26
fujitv,¼‰ºŸ©•½ Œy•”^ˆêƒAƒi‚Ì’É¦‚Ìƒ~ƒX‚Éu‚³‚·‚ª‚Éw‚Ç‚¤‚à`x‚Á‚Ä‚¢‚¯‚È‚©‚Á‚½v,https://news.yahoo.co.jp/articles/fda8916b41a4f1c093e6d2b739ca9edc7d22edb7,9/1(‹à) 21:23
fujitv,—ÑŒ­“sA‰¹ŠyŒ€uó‘ƒLƒbƒhv‚Åƒr[ƒg‚½‚¯‚µ–ğI–{l‚Æ‰ï‚¤‚àu˜b‚·—E‹C‚ªo‚È‚©‚Á‚½v,https://news.yahoo.co.jp/articles/292c65c823b726509da5458ef9ecb4dea962403e,9/1(‹à) 21:11
fujitv,ê“¡Hu”“‚Å‚à‹ß‚Ã‚«‚½‚¢vƒŠƒXƒyƒNƒg‚ ‚Ó‚ê‚és“®‚ÉyamaŠ´Œƒ,https://news.yahoo.co.jp/articles/cc61b205783a2f2aed433653efeb5192571aa62d,9/1(‹à) 20:59
fujitv,‚æ‚¤‚â‚­–Ò‹‚ª‚¨‚³‚Ü‚éH9Œ10“ú‘OŒã‚ÌH‰J‘Oü‚ªƒJƒMy‚ ‚Ü‚½‚ÂI‚¨“V‹CƒRƒ‰ƒ€z,https://news.yahoo.co.jp/articles/de267eba1e5243e7d4ebec53b5417020be015fea,9/1(‹à) 19:03
fujitv,d‰ª‘å‹Bu‚½‚±Ä‚«‚¾‚¯‚¿‚á‚¤‚©‚ç‚ÈAŠÖ¼Iv’·’Jì”E‚É”½˜_I,https://news.yahoo.co.jp/articles/41ea6c913f2d358a835b968234dfa1aa2aaf06d8,9/1(‹à) 18:00
fujitv,d‰ª‘å‹Bu‰Œ‹‚Ñ‚Æ‚©A—Ç‰‚Æ‚©A‚È‚ñ‚©‚¤‚ê‚µ‚¢‚â‚ñIv‹FŠèƒCƒxƒ“ƒg‚Å‚²‹@Œ™,https://news.yahoo.co.jp/articles/951a9e374160b6f227a925ef38566142eed1d90f,9/1(‹à) 17:14
fujitv,•“c^¡u–l‚É‘Î‚µ‚Ä—â‚â‚â‚©‚È–Úü‚ªcv22Î”N‰ºÈ‚ªŒƒ”’Ig”N—î·‚ğŠ´‚¶‚éuŠÔh‚É‚ª‚Á‚­‚è,https://news.yahoo.co.jp/articles/aa237f6fbc2e6bbb99faeb3c578fc32cc3466e54,8/31(–Ø) 23:40
fujitv,”‹Œ´—˜‹v “®•¨ƒNƒCƒY‚Å‹¤‰‰Ò‚Æ‚Ì‹——£‚ğk‚ß‚éu–l‚ÍAƒ_ƒ`ƒ‡ƒE‚ªD‚«‚È‚ñ‚Å‚·v,https://news.yahoo.co.jp/articles/219d9a5774cf01cb7614fc2d6041292bf5a570c0,8/31(–Ø) 21:19
fujitv,gƒCƒ“ƒhƒA”hhL£ƒAƒŠƒXuŒ¢‚ğ’Ç‚¢‚©‚¯‚Ä‚Ü‚·Iv‹x“ú‚Ío‚©‚¯‚¸©‘î‚Å1–œ•à,https://news.yahoo.co.jp/articles/f8379ec9a13cd46f28e0ef90f4a42db9211bf8fb,8/31(–Ø) 20:46
fujitv,¼‰ºŸ©•½A›“c«ô‚Ö‚Ìˆ¤‚ğ”’uÅ‹—Í‚àlŠÔ—Í‚à‚‚¢Bƒtƒ@ƒ“‚Å‚·v,https://news.yahoo.co.jp/articles/bc50dd917464451dd96857b2e6fdbf79d487bf61,8/31(–Ø) 20:23
fujitv,y‚ß‚´‚Ü‚µ“Æèz”Œ´—´—Fu‚±‚Ì‘ã‚È‚ç‚Å‚ÍvTikTokB‰e‚Ì‰f‚è‚İ‚ª•|‚¢IH,https://news.yahoo.co.jp/articles/ac8f748a64ad1d4f74d75527e025bd58df85dddd,8/31(–Ø) 20:22
fujitv,›“c«ô uƒ~ƒXƒeƒŠ‚ÆŒ¾‚¤–Ü‚êv‰f‰æ‰»‚Éu‚±‚Ì‚¨˜b‚ğ‚â‚ç‚È‚¢‚ÆI‚í‚ê‚È‚¢v,https://news.yahoo.co.jp/articles/0b2b92bb1656749bb7ba6d6260026665cb8ac77d,8/31(–Ø) 19:41
fujitv,–x“c^—R•â“Œ—´‘¿ g•ƒh¬—ÑŒO‚Ì©—R‚³‚É‘åÎ‚¢u‚·‚²‚­ƒ`ƒƒ[ƒ~ƒ“ƒO‚¾‚Á‚½v,https://news.yahoo.co.jp/articles/a0fe72dcf82c051aa5175b5fab7bb01678aaf434,8/31(–Ø) 19:20
fujitv,”‘½‰ØŠÛE‘å‹g g•Ÿ‰ª‹g–{h‚Å“Ëo‚µ‚½‘¶İ‚¾‚Á‚½“¯ŠúŒ|luˆê‚Éo‚Ä‚àƒƒCƒ“MC‚Í•K‚¸”Şv,https://news.yahoo.co.jp/articles/977b0707fcaaf7c82841a2349f2dd1cb65d6624a,8/31(–Ø) 17:42
fujitv,‘ºã“ø˜YuŒ´ì‚æ‚èƒJƒbƒR‚æ‚·‚¬‚év–k‘º ŠC‰‰‚¶‚éƒ^ƒPƒ~ƒ`‚ğâ^,https://news.yahoo.co.jp/articles/4580662df11df8483e28dfaabfe041d10c9ccb44,8/30(…) 22:00
fujitv,‘ºã“ø˜Yu‚½‚¾‚¢‚ÜIv‹x—{Œã‰‚ÌŒö‚Ìê‚É“oêI–k‘º ŠC‚àu’‡ŠÔ‚ª‹A‚Á‚Ä‚«‚½v‚ÆŠì‚Ñ,https://news.yahoo.co.jp/articles/d0e325bd38b276df3dd5058e1936f0fa6599370c,8/30(…) 21:11
fujitv,THE ALFEEE÷ˆäŒ«u‰ğU‚ğl‚¦‚½‚±‚Æ‚ ‚éIlŠÔ‚¾‚à‚Ìv‰”’‚ÉâèK”V••‚Œ©‘òr•F‚à‹Á‚«,https://news.yahoo.co.jp/articles/b60a7d96f325b69567acae54e0523e898379e536,8/30(…) 18:06
fujitv,THE ALFEE ƒfƒrƒ…[50ü”N‚Ì–²‚ğŒê‚éIuƒtƒFƒX‚Éo‚Ä‚İ‚½‚¢v,https://news.yahoo.co.jp/articles/c7887e1cc6704d92c177fc493a42d4a2f35b8c20,8/30(…) 17:57
fujitv,’r“c”ü—D•‘å‘qm–å •v•w‰~–‚Ì”éŒu‘S•”‹¤—L‚µ‚¿‚á‚¤vu‰B‚·‚±‚Æ‚È‚ñ‚Ä‚È‚¢v,https://news.yahoo.co.jp/articles/8dcbae0695ef52459c1683d0196c3a2fefdf55bc,8/30(…) 16:30
fujitv,â–{¹s gƒA[ƒT[‰¤h–ğ‚É‹êíu‰¤‚Á‚Ä‘å•Ï‚È‚ñ‚¾‚Èv,https://news.yahoo.co.jp/articles/7fd5b1d8ea7bc84524553297b5f84d0c12612493,8/29(‰Î) 16:39
fujitv,â–{¹s ‹ËRÆj‚Íƒ‰ƒCƒoƒ‹uƒvƒŒƒbƒVƒƒ[‚ğ‚©‚¯‚Ä‚à‚ç‚¢A–l‚à¬’·‚Å‚«‚év,https://news.yahoo.co.jp/articles/67ccffe4e18d0618bf2075bcffec32b8ceed9c09,8/29(‰Î) 16:12
fujitv,“y‰®‘¾–P ‘æˆêqoYuŠïÕ‚Ì˜A‘±v•vE•ĞŠñ—Á‘¾‚à’a¶“ú‚Ì”­•\‚ÉŠì‚Ñ,https://news.yahoo.co.jp/articles/b264f69f6e44f7ffcecb1ea57e3447292772c579,8/29(‰Î) 11:19
fujitv,Îì^—C‚ÍgÅ‰‚¾‚¯s‚­‚·hA¼ˆäìŒÈ‚ÍgƒNƒY’j‚ğ‘I‚ÔhIHƒoƒŒ[ƒ{[ƒ‹—q“ú–{‘ã•\‚Ì—öˆ¤,https://news.yahoo.co.jp/articles/950eb41bc936839d6c9758be3ccd272644506bec,8/28(Œ) 23:40
fujitv,“¡Œ´äˆê˜Yuƒyƒbƒg‚Ì–¼‘O‚ÍƒXƒ‰ƒCƒ_[AƒVƒ…[ƒgAƒ`ƒFƒ“ƒWƒAƒbƒvvg–ì‹…ˆ¤h‚É‹¤‰‰Ò‚à‹Á‚«,https://news.yahoo.co.jp/articles/6de8fd4f6c5a34269d407af561b681a4a6168f03,8/28(Œ) 20:09
fujitv,“ñ‹{˜a–ç ‰‰‹Z‰‹¤‰‰‚ÌŒã”yE“¡Œ´äˆê˜Y‚ÉƒCƒ^ƒYƒ‰‚ğdŠ|‚¯ƒjƒ„ƒjƒ„,https://news.yahoo.co.jp/articles/339983f7bfe4ed2e66b0b56735518e6c57a0d4b4,8/28(Œ) 20:09
fujitv,’j“¬ŒÄ‘gu‚İ‚ñ‚È‚Ì‚±‚Æ‚ğˆêu‚½‚è‚Æ‚à–Y‚ê‚½‚±‚Æ‚Í‚È‚©‚Á‚½vƒƒbƒN‚Ì¹’nE•“¹ŠÙ‚Åƒ‰ƒXƒg”M‹¶,https://news.yahoo.co.jp/articles/4b842b4d79619d98f59802d40aabe4d6e8c5fdf6,8/28(Œ) 20:03
fujitv,35”N‚Ì‚ğŒo‚Äg’j“¬ŒÄ‘gh³®‚É‰ğUu‰´‚½‚¿‚ÌƒXƒsƒŠƒbƒc‚Í‰i‰“‚É‘±‚¢‚Ä‚¢‚­v,https://news.yahoo.co.jp/articles/d2d32fca0613dc748acbe4f466d787e30b9d739b,8/28(Œ) 20:00
fujitv,–¼æ—Tq XR—Çq‚Ì”N‚Ìd‚Ë•û‚ÉŠ´–Áu“¹‚µ‚é‚×‚É‚µ‚ÄA‚Â‚¢‚Ä‚¢‚«‚½‚¢v,https://news.yahoo.co.jp/articles/e972ddb9dbaef77c21e941ea40f9b11a88f6988a,8/27(“ú) 12:57
fujitv,X–{T‘¾˜Y —³¯—ÁAP¼—S—¢‚©‚çl•¿‚ğÌ^‚³‚êu‚â‚è‚½‚¢‚æ‚¤‚ÉA‚â‚Á‚¿‚á‚Á‚Ä‚¢‚Ü‚·v,https://news.yahoo.co.jp/articles/da1eb044ac3b8ce1924548c21355414fcdd44abd,8/26(“y) 13:59
fujitv,Šİ—D‘¾‚Íº‰‡‚ğ‹‚ß‚Ä‚¢‚éH—³¯—Á‚ªŠÏ‹q‚ğø‚é‚àuì‚ç‚ê‚½wƒLƒƒ[Ix‚Í‚¢‚ç‚È‚¢v,https://news.yahoo.co.jp/articles/e6ac7a2dc6a127e47493a5122d1fb8cdc748a84e,8/26(“y) 13:30
fujitv,Šİ—D‘¾ ŠÏ‹q‚Ìgv‚¢h‚ğæ‚¹‚½•Ä•UƒŠƒtƒg‚É’§íu‚½‚¾‚Ì60kg‚Å‚Í‚È‚¢d‚İv,https://news.yahoo.co.jp/articles/0838abb4756ec69a1ec69970339f71c4b341f7ae,8/26(“y) 12:39
fujitv,‰¡•l—¬¯‚Ìg‹¹‚ªƒAƒc‚­‚È‚éuŠÔh‚É²“¡_su‚±‚ê‚ª’÷‚ß‚Å‚¢‚¢‚¾‚ëv,https://news.yahoo.co.jp/articles/419ddea7d34a4e32f9bd2997bfa19b4edebf9e36,8/25(‹à) 21:35
fujitv,‰¡•l—¬¯AŒE“c³F‚Æ‚Ìƒ{ƒNƒVƒ“ƒOƒV[ƒ“‚ğâ^‚³‚êuƒŠƒ“ƒO‚É—§‚Â‚Æ‚»‚Ìl‚Ìl¶‚ªo‚év,https://news.yahoo.co.jp/articles/649ec0a25d64886e7c1dda366076bfe1ff48d35c,8/25(‹à) 21:00
fujitv,“c’†÷ •‚‹C‚Í—e”F‚àg‰i‰“‚Ìˆ¤h‚Í”Û’èI‹Â“V—öˆ¤ŠÏ‚Éu‚Ç‚ñ‚ÈƒWƒƒƒj[ƒY‚¾‚æIv‚Æ‘ƒcƒbƒRƒ~I,https://news.yahoo.co.jp/articles/39b51c8f3cc0a7c3233cdc05359771743534b6e5,8/24(–Ø) 23:40
fujitv,y‚ß‚´‚Ü‚µ“Æèz¼‰ºŸ©•½‚ÌgƒZƒ‹ƒtƒJƒbƒgh¸”sƒGƒsƒ\[ƒhu‰½‰ñ‚©•ƒyƒ“‚Å”¯‚ğ•`‚¢‚½‚±‚Æ‚ª‚ ‚év,https://news.yahoo.co.jp/articles/45a9e40d03f306a596fc2f3a63420f05d7042995,8/24(–Ø) 18:41
fujitv,y‚ß‚´‚Ü‚µ“Æèz¼‰ºŸ©•½w‚ß‚´‚Ü‚µƒeƒŒƒrx‚Éö“ü‚µ‚ÄŒy•”^ˆêƒAƒi‚ğ’²¸Hu‘ÛƒnƒbƒJ[W’c‚©‚àv,https://news.yahoo.co.jp/articles/bc7cc662c9754608de7441cf1bb126772b6fd3c8,8/24(–Ø) 18:39
fujitv,”öŒ`‹MO •êZEå‘äˆç‰p‚Z‚Ì€—DŸ‚ğŒƒÜuÅŒã‚Ü‚Å‘S—Í‚Åí‚Á‚Ä‚­‚ê‚ÄƒTƒ“ƒLƒ…[[[[[Iv,https://news.yahoo.co.jp/articles/96bc527493c8d1c9a58c4074e4b0489c949e18b3,8/23(…) 20:07
fujitv,Šâ“c„“T •êZEŒc‰‚Z‚Ì107”N‚Ô‚è‚Ì—DŸ‚ÉŠ½ŠìIuƒˆ‚ÈŠ¾‚Æ—Ü‚ÆÎŠç‚ÉŠ´“®v,https://news.yahoo.co.jp/articles/25ed7cbc2f2e772d65367a54a966b81295bf0d6d,8/23(…) 19:22
fujitv,y‚ß‚´‚Ü‚µ“Æèz‰¡•l—¬¯‚ª‚Ó‚Æ‹C‚É‚È‚Á‚½‚±‚Æu‚È‚ñ‚ÅŒÄ‹z‚µ‚Ä‚é‚ñ‚¾‚ë‚¤Hv,https://news.yahoo.co.jp/articles/d65cfb88f6cf56f60bec631dbd05a59dc362e96a,8/23(…) 18:36
fujitv,‹{¢—®–í‚Ìg“V‘R‚Á‚Õ‚èh‚Éê“¡‹quâ‘Î‚»‚ê‚¶‚á‚È‚¢Iv,https://news.yahoo.co.jp/articles/1a60427f38d48112b9f894605a27cf23c03660e6,8/23(…) 12:35
fujitv,‹{¢—®–í –²‚Íh²“¡“ñ˜N‚ÌX‚Éê“¡‹q‚Æo‚½‚¢h,https://news.yahoo.co.jp/articles/2fc8220053a2eb1889dc72ca77495f04d60c4983,8/23(…) 12:35
fujitv,R“c—T‹M ƒ^ƒC‚É‰ã—¤Ig“ŒƒŠƒxh‚Ì”M‹¶“I‚Èƒtƒ@ƒ“‚ÆŒğ—¬‚µu¢ŠE‚Å‚àˆ¤‚³‚ê‚é‘¶İ‚Év‚ÆŒˆˆÓ,https://news.yahoo.co.jp/articles/fcdb288c2b1c1f98716a01bf466ac580e004912b,8/23(…) 7:00
fujitv,ÎŒ´‚³‚Æ‚İ g‰½“x‚Å‚à›‚ê‚Ä‚µ‚Ü‚¤‚Ù‚ÇD‚«‚È‚à‚Ìhu‚ ‚Ÿ‚â‚Á‚Ï‚è„A‚±‚Ì–¡‚ªD‚«v,https://news.yahoo.co.jp/articles/7cf63060d0224c37ff936c980ac7d9ab7a8ddc71,8/23(…) 0:00
fujitv,Œ“‹ß‘å÷gŠçƒtƒ@ƒ“h‚ÉŒü‚¯‚½‰Ê^Wuo‚µ‚¿‚á‚¢‚¯‚È‚¢‚à‚Ì‚ào‚Ä‚é‚©‚àv“÷‘Ì”ü‚É‚à©M,https://news.yahoo.co.jp/articles/6ff82fd7448ab670a8b98554361584c319b3a981,8/22(‰Î) 19:33
fujitv,‚’n—DŒá ’P“ÆCM‰o‰‰Iu‚±‚ê‚©‚çƒoƒ“ƒoƒ“g‚Á‚Ä‚¢‚«‚½‚¢vV‚µ‚¢‚ ‚¾–¼‚ÉDŠ´,https://news.yahoo.co.jp/articles/ebc15482de3f669eb261a7d17204a8b192a0f1f8,8/22(‰Î) 15:04
fujitv,‰YìãÄ•½ Îì—SŠó‘Iè‚Ìˆ¤—p•i‚ÌCMo‰‰‚É‘åŠì‚Ñu¢ŠE‚ğ‘ã•\‚·‚é‘Ièx‚¦‚Ä‚¢‚év,https://news.yahoo.co.jp/articles/ec38a5e03f977d7c7c2ee650b5c4bfee4cf2f202,8/21(Œ) 16:51
fujitv,’©‰Ä‚Ü‚È‚Æ ¬‰z—E‹P‚ÉM—ŠuŸ‚Ìê–Ê‰½‚¾‚Á‚¯H‚Á‚Ä•·‚­‚ÆA‚·‚®“š‚¦‚Ä‚­‚ê‚év,https://news.yahoo.co.jp/articles/44ed6eb6f58dc2d31b2855feb59f5a0e0a817779,8/21(Œ) 13:39
fujitv,Îì—SŠó –…E^—C‚ÌŒ‹¥Šè–]‚Éu‰‚ß‚Ä•·‚«‚Ü‚µ‚½v‚Æ“®—h•ŒZ‚ÌŠç‚É,https://news.yahoo.co.jp/articles/56e4533958e922e6a8caf8e77a3fe3323d75ad83,8/20(“ú) 7:31
fujitv,‰Á“¡ƒ[ƒT qˆç‚Ä‚Ì‹ê˜J‚ğ”’uˆê‚É‚¢‚éŠÔ‚Í’·‚­‚Ä‚àq‹Ÿ‚ÆŒü‚«‡‚¦‚éŠÔ‚Í’Z‚¢v,https://news.yahoo.co.jp/articles/f4247b27b4518fed66363eb2cf4bbe4de948e205,8/19(“y) 23:23
fujitv,ŒIŒ´Œb•ë–ì•‘quƒJƒbƒR‚æ‚­‚ÄAŒ©‚½–Ú‚ªƒ^ƒCƒvIvƒ}ƒ“ƒKuƒnƒCƒLƒ…[!!v‚ÌƒLƒƒƒ‰‚ğŒê‚é,https://news.yahoo.co.jp/articles/171121dc65b98f3c5a6906fc593d729bff67deca,8/19(“y) 19:13
fujitv,R–{”üŒ YŒã‚à•Ï‚í‚ç‚ÊƒXƒ^ƒCƒ‹‚ğˆÛI”ü‚Ì”éŒ‚Íu“ü—‚Æ‡–°v,https://news.yahoo.co.jp/articles/7321bd7dc63eb31fa5243209696287348a24692a,8/18(‹à) 17:03
fujitv,’†“‡éD‘¾ 24Î‚Ì’a¶“ú‚É”ª–Ø—Eª‚ªƒP[ƒL‚ÌƒTƒvƒ‰ƒCƒYIuFANTASTICS‚Ì‚İ‚ñ‚È‚Æˆê‚É–²‚ğŠ‚¦‚Ä‚¢‚«‚½‚¢v,https://news.yahoo.co.jp/articles/c391ab3bfd666b5494a47557b1886a20e7da657e,8/18(‹à) 15:39
fujitv,”ª–Ø—EªugéD‘¾‚ÌéD‘¾h‚ªo‚¿‚á‚Á‚Ä‚¢‚év’†“‡éD‘¾‚ÆÊ^WƒCƒxƒ“ƒg‚ÅgãD’²h,https://news.yahoo.co.jp/articles/1a22d430c8aa5e77446374e289939025846d67bc,8/18(‹à) 15:32
fujitv,–Ú•˜@u‚»‚Ì‚Ü‚Ü‚¶‚á‚Ç‚±‚És‚Á‚Ä‚à“¯‚¶vƒWƒƒƒj[ƒY‘ŞŠ‚ğv‚¢‚Æ‚Ç‚Ü‚ç‚¹‚½—Fl‚ÌŒ¾—t,https://news.yahoo.co.jp/articles/2baac9b713fc8b8619f1c28466f93510d3c4b8d2,8/18(‹à) 11:20
fujitv,‘‰³—‘¾ˆê•—F‹Mu1”N‚Å“]Z12‰ñA‹‹H‚ğH‚×‚½‚Ì‚Í1‰ñ‚¾‚¯v‘åO‰‰Œ€‚Ì“úí‚ğ‰ñŒÚ,https://news.yahoo.co.jp/articles/513b07f04fd455831442faf8241b27c7c72356e0,8/17(–Ø) 20:00
fujitv,“n•ÓãÄ‘¾ ”ü—e’jq‚Ì•’i‚ÌƒPƒA‚Íuƒrƒ^ƒ~ƒ“ƒTƒvƒŠAÂ`A‚¨…‚ğ1.5ƒŠƒbƒgƒ‹v,https://news.yahoo.co.jp/articles/60155bc9b7f32c7726a5aefb026af4c0f90d5ffa,8/17(–Ø) 12:37
fujitv,‚è‚ñ‚½‚ë[Bg“ú–{ƒAƒJƒfƒ~[Üh‚ÉˆÓ—~‚àŠİ—D‘¾u‚»‚ê‚Í‚·‚İ‚Ü‚¹‚ñv,https://news.yahoo.co.jp/articles/e1f688b86ce34b7a3f2f05eda6a65d4c8535c33f,8/16(…) 23:03
fujitv,X–{T‘¾˜YuƒZƒNƒV[‚È‚¨o‚³‚ñ‚ÌÊ^‚ğ‘—‚év”±ƒQ[ƒ€‚Å‹‡’n‚É’Ç‚¢‚Ü‚ê”’I,https://news.yahoo.co.jp/articles/10648371115e252af0681f9b7aea6b83fa826e5a,8/16(…) 22:19
fujitv,‘æ1’e‚ÍAäo“ßé§‚ªƒGƒ‹ƒgƒ“EƒWƒ‡ƒ“‚ÌuYour Songv‚ğƒJƒo[IJO1 VYouTubeŠé‰æuPLANJvn“®,https://news.yahoo.co.jp/articles/f20d11ef2897f1bf6c1c20dcff89823e0fbbd9da,8/16(…) 21:46
fujitv,Šİ—D‘¾ ƒ‚ƒe‚é‚½‚ß‚Él•¶šnŒê‚ğ•×‹­‚·‚é‚àc‚è‚ñ‚½‚ë[Bu“ñšnŒê‚È‚ñ‚Å‚·‚¯‚Çv,https://news.yahoo.co.jp/articles/22f72789f0f979c68233602d5bd7349863f1adbd,8/16(…) 21:33
fujitv,¼ì‹M‹³ ŒmŒÃ’†‚É†‹ƒIŠ`àV—El‚ª–\˜Iu–l‚æ‚è‚àæ‚É‹ƒ‚¢‚¿‚á‚¤v,https://news.yahoo.co.jp/articles/e63572e2d93ce6f2c8423485cf24a98a6fe79633,8/16(…) 19:01
fujitv,‰Á“¡ƒVƒQƒAƒLuÅ‚à‘s‘å‚Èƒe[ƒ}‚Å–â‘èìv’·•Ò¬àu‚È‚ê‚Ì‚Í‚Äv‚Åí‘ˆ‚ªˆø‚«‹N‚±‚µ‚½‰Æ‘°‚Ì‹T—ô‚ğ•`‚­,https://news.yahoo.co.jp/articles/5286894b5c3c2691062f1c556ba30a906a8ae121,8/16(…) 4:00
fujitv,–Ø‘º‘ñÆAL£‚·‚¸‚Ìƒm[ƒŠƒAƒNƒVƒ‡ƒ“‚Éu‚Ğ‚Ç‚¢I‚¿‚å‚¢ƒqƒL`Iv,https://news.yahoo.co.jp/articles/7a75a79acda9ded5d78ebca25f02b2514a0b380b,8/16(…) 4:00
fujitv,ˆÀÄ‚©‚ê‚ñuğ’f‚¿‚µ‚Ä’§‚İ‚Ü‚µ‚½v‰‚Ì…’…p‚àg‚©‚ê‚ñ‚Á‚Û‚³h‘SŠJI,https://news.yahoo.co.jp/articles/98d6aea12edac16517a35bceb790bec86c29b167,8/15(‰Î) 20:02
fujitv,ˆÀÄ‚©‚ê‚ñAƒfƒrƒ…[“–‰‚ÍÎŠç‹Ö~Iu¡‚Í‰½‚Å‚àŒ¾‚Á‚¿‚á‚¤iÎjv,https://news.yahoo.co.jp/articles/ac1fd6fa7a92bc8d224c8ae30b2c76c2a16b9805,8/15(‰Î) 20:00
fujitv,›ˆä—Fu‚¨‚È‚©‚©‚çº‚ğo‚µ‚Äv•ê‚©‚ç‚ÌƒAƒhƒoƒCƒX‚Å“Ç‚İ•·‚©‚¹,https://news.yahoo.co.jp/articles/bc009d32b06993ebd64c34f1110282848146387a,8/15(‰Î) 16:09
fujitv,“¡“cƒjƒRƒ‹ Œ‹¥Œã‰‚ÌŒö‚ÌêI‚½‚­‚³‚ñ‚Ìj•Ÿ‚Éu‚»‚í‚»‚í‚µ‚Ä‚¢‚Ü‚·v,https://news.yahoo.co.jp/articles/a103bf6f3a039951abf2f41739f402f9a710492d,8/15(‰Î) 14:40
fujitv,“¡“cƒjƒRƒ‹ uˆÓŠO‚É‚¿‚á‚ñ‚Æ‚¨‚¶‚³‚ñ‚¾‚ËvƒTƒ“ƒVƒƒƒCƒ“’rè‚ÉƒTƒ‰ƒb‚Æ“Åã,https://news.yahoo.co.jp/articles/4281fb56ea5acf59a99658c3fc3b88300a1c0c35,8/15(‰Î) 14:40
fujitv, ‰êŒ§‚Ìu‹ß]“S“¹v‚Å¼•ü‚ÌÔ—¼‚ªg‚í‚ê‚Ä‚¢‚é——R‚ÍHwƒlƒvƒŠ[ƒOx‚Å•ú‘—‚Ìƒ“¤’m¯„,https://news.yahoo.co.jp/articles/734c288d99c1789c1ea6c9e1aeb0385bd8215e42,8/15(‰Î) 6:00
fujitv,‘‰³——F‹Muí‚É×–‚‚­‚³‚©‚Á‚½vŒZE‘‰³—‘¾ˆê‚Æ”äŠr‚³‚ê‘±‚¯‚½‰ß‹,https://news.yahoo.co.jp/articles/678c7d701b321ff0864d7ee57a317292cbb6dbc2,8/14(Œ) 23:40
fujitv,‚™^’ˆAƒXƒeƒB[ƒuEƒWƒ‡ƒuƒY‚àˆ¤‚µ‚½˜V•Ü‚Ì‰ÄŒÀ’èu‚ê‚à‚ñ‘å•Ÿv‚ğĞ‰îI,https://news.yahoo.co.jp/articles/0a302ad4f6e1c8178ad257a97ac700cf0bc75337,8/14(Œ) 22:42
fujitv,y‚ß‚´‚Ü‚µ“Æèz’·’Jì”ŒÈu•æŒŠ‚ÍŒ@‚Á‚Ä‚È‚¢Ivˆ»£‚Í‚é‚©‚ÌƒcƒbƒRƒ~‚Éƒ^ƒWƒ^ƒW,https://news.yahoo.co.jp/articles/5014cfb237debbded99d094d98d93df70b2be4bc,8/14(Œ) 16:55
fujitv,y•ó’ËOGŒ€êz‰Ô”T‚Ü‚è‚  Œ‹¥‚ÅŠ´‚¶‚½•Ï‰»u‰Æ’ë‚ğç‚évˆÓ¯‚ª¶‚Ü‚êAd–‚É©M,https://news.yahoo.co.jp/articles/bd04bc29ecc415c6426cd13ed1a6451c2b2dcdc2,8/13(“ú) 12:00
fujitv,20th Century 2”N‚©‚¯‚Ä€”õ‚µ‚½u‹i’ƒ“ñ\¢‹Iv‚ª11Œ1“úƒI[ƒvƒ“I,https://news.yahoo.co.jp/articles/e082e211edef3a074b1e06f4202a32c76d028439,8/13(“ú) 4:00
fujitv,–Ø–{•G‚ª–ó‚ ‚èp‚Å“oêI‚İ‚È‚İ‚©‚íuTKO‚ªƒtƒWƒeƒŒƒr‚É‚¢‚év‚ÆƒEƒ‹ƒEƒ‹,https://news.yahoo.co.jp/articles/11d6e552d2046bc4eee2bca6600476db5ea41e61,8/13(“ú) 0:32
fujitv,ˆÀÄ‚©‚ê‚ñ 1stÊ^W‚Å…’…B‰e‚É‰’§íIu”[“¾‚Ì‚¢‚­ƒJƒbƒg‚É‚È‚Á‚½v,https://news.yahoo.co.jp/articles/ce5b6df9397ae1e63514d9b67cee74dc3c169f2f,8/12(“y) 16:22
fujitv,y•ó’ËOGŒ€êz‰Ô”T‚Ü‚è‚  Œ³ƒAƒCƒhƒ‹–ğ‚ÅV‹«’nI¼“c¹q•¼‰YˆŸ–í‚É“²‚ê,https://news.yahoo.co.jp/articles/d51ebc56a28af1ca575f82b4692322f604ebebda,8/12(“y) 12:00
fujitv,‘“c‹M‹v ƒhƒ‰ƒ}‰‹¤‰‰‚Ì•‚Š”ò‹M‚Íu—Š‚à‚µ‚¢ƒp[ƒgƒi[vl‚Æ‚Ì‹——£Š´‚Ì‹l‚ß•û‚É‚àŠ´S,https://news.yahoo.co.jp/articles/a46263e692b934d604db275b130577aab0efd352,8/12(“y) 8:03
fujitv,’·’Jì”ŒÈ ˆ»£‚Í‚é‚©‚ÌƒMƒƒƒbƒv‚É‹Â“VuŒŒ‚¾‚ç‚¯‚Å‹A‚Á‚Ä‚«‚Äw‚«‚å‚¤‰½H‚×‚½Hx‚Á‚Äv,https://news.yahoo.co.jp/articles/cabf275b484dd1ebc0d9b62c47bee599f5398dd5,8/11(‹à) 16:20
fujitv,ƒWƒFƒV[ ˆ»£‚Í‚é‚©‚Æ‚ÌƒAƒNƒVƒ‡ƒ“ƒV[ƒ“‚ÍugE‚·h¨‚¢‚Å‚­‚é‚Ì‚ÅA–l‚à“¯‚¶‹C‚¿‚Åv,https://news.yahoo.co.jp/articles/a4f04577ba9608b296ae69d95c977bd507fb3756,8/11(‹à) 15:24
fujitv,”‹Œ´—˜‹v —öl‚É‹‚ß‚éğŒ‚Íuï–¡‚Ì‹–—evŒ9‚³‚È‚ª‚ç—‘z‚Ìg‰Äƒf[ƒgh‚à”’,https://news.yahoo.co.jp/articles/b121279e3377494121f98d07d5966ee3ae62dd1c,8/10(–Ø) 23:40
fujitv,’†R”ü•ä Œ|”\l‚Å‚Í‚È‚¢l¶‚Íul‚¦‚ç‚ê‚È‚¢v¶‚Ü‚ê•Ï‚í‚Á‚Ä‚àÄ‚Ñg’†R”ü•äh‚É,https://news.yahoo.co.jp/articles/a19cd78d71f70e2281a8ab5a9bb3304d8fcbe31c,8/10(–Ø) 21:36
fujitv,”’Šâ—Ú•P ƒTƒbƒJ[ƒV[ƒ“‚Ì‰‰o‚ğ’S“–IH‰^“®_Œo‚ğ–J‚ß‚ç‚êu©M‚ª‚ ‚è‚Ü‚·Iv‚Æƒhƒ„Šç,https://news.yahoo.co.jp/articles/24da0bfbe9e180ebb9205f835fd69b208c79841d,8/10(–Ø) 20:58
fujitv,”’Šâ—Ú•P u‚Ç‚¤‚µ‚Ä–l‚É‘ÎRS‚ğHv‹vŠÔ“c—Ô‰Á‚Ìg•Ï‰»h‚É¢˜f,https://news.yahoo.co.jp/articles/a172e7106e325b46fc84d5f3ac75ab9682d6d530,8/10(–Ø) 20:58
fujitv,ã“‡ŒõA•vE—³•º‚³‚ñ‚ÉuD‚«‚¾‚Á‚½B‚¢‚È‚­‚È‚Á‚Ä–{“–‚Éâ‚µ‚¢v¶‘O‚Ì‘fŠç‚à–¾‚©‚·,https://news.yahoo.co.jp/articles/3dedd2daff66c2cfc9b98eb95e3aa3765c791481,8/10(–Ø) 15:02
fujitv,ã“‡ŒõA•vE—³•º‚³‚ñ‚Éu‚È‚º‚¢‚È‚­‚È‚Á‚¿‚á‚Á‚½‚ñ‚¾A‚Î‚©‚â‚ë‚¤v,https://news.yahoo.co.jp/articles/fc0678eb2ad23754c3f8c93bed7f54082c1f2fb5,8/10(–Ø) 14:17
fujitv,‹{“crÆuƒMƒƒƒbƒv‚ğŠ´‚¶‚Ä‚µ‚Ü‚¤‚©‚à‚µ‚ê‚Ü‚¹‚ñcv‘å‚°‚³‚È‘OU‚è‚àg‚â‚Á‚Ï‚èh‚È‰ñ“š,https://news.yahoo.co.jp/articles/d08be9c66e5ca392fa8189e8d465c1a18eb8960c,8/9(…) 21:17
fujitv,¬—ÑŒO –x“c^—R‚ğÌ^u‚½‚½‚¸‚Ü‚¢‚ª‚¢‚¢B•ƒ‚Æ‚µ‚Ä©‘R‚ÉŒü‚©‚¢‡‚¦‚½v,https://news.yahoo.co.jp/articles/364e47daafdd6697ba4b24c110890ecace131aa8,8/9(…) 20:34
fujitv,y‚ß‚´‚Ü‚µ“Æèz’·’Jì‹q ‰½–‚É‚à“®‚¶‚È‚¢–º‚É“²‚êu‰ä‚ª“¹‚ğs‚­”Ş—‚Í‘f°‚ç‚µ‚¢v,https://news.yahoo.co.jp/articles/e300c3f2c61f3df9f5c91c1f74861d1181975af4,8/9(…) 16:00
fujitv,‘“c‹M‹vu–l‚ª‚ ‚°‚½ƒMƒƒƒOv•‚Š”ò‹M‚ÌgƒpƒNƒŠh‚ÉƒcƒbƒRƒ~,https://news.yahoo.co.jp/articles/0821b888eda93b54e024a464a763c415a3448e6d,8/9(…) 13:38
fujitv,•‚Š”ò‹MA‘“c‹M‹v‚Ì‘fŠç‚É‚Ñ‚Á‚­‚èuˆóÛ‚ª•Ï‚í‚Á‚½Bƒ{ƒP‚Ü‚­‚éIv,https://news.yahoo.co.jp/articles/ca333dd32674ab626b2b661594b62f40e3810ee7,8/9(…) 12:57
fujitv,˜a“c‰ë¬ ƒ~ƒ…[ƒWƒJƒ‹uƒ”ƒBƒ“ƒ`ƒFƒ“ƒcƒHv‚Éå‰‰Iu˜a“c‚È‚çƒCƒP‚év‚Æ”²“F‚µ‚Ä‚­‚ê‚½ƒXƒ^ƒbƒt‚ÉŠ´Óy„‚µ™ƒƒ“z,https://news.yahoo.co.jp/articles/94aab067991335a2f6233e8efca364f0e7d12a65,8/9(…) 12:06
fujitv,u‚¾‚¾‚¿‚á“¤v‚Ìg‚¾‚¾‚¿‚áh‚Æ‚ÍHwƒlƒvƒŠ[ƒOx‚Å•ú‘—‚Ìƒ“¤’m¯„,https://news.yahoo.co.jp/articles/69cb820589fbc28a13825a221d8737a1faf0f4ec,8/9(…) 11:50
fujitv,d‰ª‘å‹B ‰f‰æ‚Å’P“Æ‰å‰‰Iu©•ª‚ª‚Ü‚³‚©o‰‰‚Å‚«‚é‚È‚ñ‚Äv“Œ–ìŒ\Œáì•i‚ÉŠ´Œƒ,https://news.yahoo.co.jp/articles/97d4dd05ba21ee55be39fcf2e9a1b3d6ec53a0d1,8/9(…) 7:00
fujitv,–Ú•˜@ q–ğ‚Ì—‚Ìq‚©‚ç‚Ì¨‘Å‚¿‚Éu‚»‚ñ‚È‚±‚Æ‚Ü‚Å‹³‚¦‚Ä‚­‚ê‚é‚ÌIHv,https://news.yahoo.co.jp/articles/7d4c5ccda5f27bfb6b350e9103e240dd3212b8f7,8/9(…) 4:00
fujitv,ƒ~ƒLEˆŸ¶ ”N“àŒ‹¥‚Ì‰Â”\«‚Íuƒ^ƒCƒ~ƒ“ƒO‚ª‡‚¦‚Îc¡‚Í”L‚Åè‚¢‚Á‚Ï‚¢v,https://news.yahoo.co.jp/articles/85261590b0ec05e6d7f87af3e1c7920cc5ffd55c,8/8(‰Î) 19:27
fujitv,’¹R–¾Œ´ìuSAND LANDvƒJƒiƒ_‚Ìƒtƒ@ƒ“ƒ^ƒWƒA‘Û‰f‰æÕ‚ÅuR¸ˆõ“Á•ÊÜv‚ğóÜI,https://news.yahoo.co.jp/articles/72322f05f5f2ce31df660a881ce64595f3ad25d3,8/8(‰Î) 14:16
fujitv,MIYAVIuƒRƒ‰I—V‚Ñ‚½‚¢·‚è‚Á‚Ä‚¨‘Ocv EXILE SHOKICHI‚Ì–z•ú‚È”­Œ¾‚É‘åQ‚Ä,https://news.yahoo.co.jp/articles/a7b0625b9932c1156a61e48aea7cb44e816ffa0d,8/7(Œ) 23:40
fujitv,V–ØG“T ’O”gs‚Ì‰‘ãŠÏŒõ‘åg‚É–¼æ‚èIugŒ¨‘h‚ğ‚º‚ĞV–ØG“T‚É“n‚µ‚Äv,https://news.yahoo.co.jp/articles/9a7c80ef848f65390d845dfbab7db3241401aecc,8/5(“y) 15:10
fujitv,“¡“cƒjƒRƒ‹‚ª”o—DEˆî—t—F‚ÆŒ‹¥u‰¸‚â‚©‚ÅK‚¹‚È‰Æ’ë‚ğ’z‚¢‚ÄQ‚è‚Ü‚·v,https://news.yahoo.co.jp/articles/76fff3e4f5a30fa25afdb92bd05317ff403826d6,8/4(‹à) 19:51
fujitv,yè‘Šz“‡“cG•½ ¶è‚É‚±‚Ìü‚ª‚ ‚ê‚Îu—ìŠ´‚Ì‹­‚¢lvg•§Šáh‚Æg_”é\šh‚Æ‚ÍH,https://news.yahoo.co.jp/articles/7d39eb0ba7411d70ff8e187a973d6b221cc79bae,8/3(–Ø) 20:18
fujitv,uƒŒƒMƒ…ƒ‰[‚ğ‘S•”«‚ß‚Ä‚­‚êv‚¸‚ñŒ‹¬‚ÉA‚â‚·‚ª”Ñ”ö˜a÷‚Éo‚µ‚½‚Æ‚ñ‚Å‚à‚È‚¢ğŒ,https://news.yahoo.co.jp/articles/74ca28b7e3cc441e1f9dae25d3f2e9ce50388b1c,8/3(–Ø) 19:13
fujitv,y‚ß‚´‚Ü‚µ“Æèz’†‘º—Ï–ç ¶‚Ü‚ê•Ï‚í‚é‚È‚çgƒtƒNƒƒEh,https://news.yahoo.co.jp/articles/f496776b02fb4458a64bae2d234324f9ab791af9,8/3(–Ø) 12:21
fujitv,ƒAƒjƒw‚é‚ë‚¤‚ÉŒ•S |–¾¡Œ•‹q˜Q–Ÿæ|xÄ“¡‘s”n~‚‹´—›ˆË~¬sáÁ‹Õ~”ª‘ã‘ñ‚ª‹Ù‹}À’k‰ï,https://news.yahoo.co.jp/articles/f497e4162bea6a43b07e6cc8b4b741343556a843,8/3(–Ø) 7:01
fujitv,¶“c“l^‚ªg‘å–¼h‹e’r•—–‚Ìp‚É”šÎIu‹­‚¢ƒLƒƒƒ‰ƒNƒ^[‚ğè‚É“ü‚ê‚½‚Èv,https://news.yahoo.co.jp/articles/3463301b1219df565610624a602eac554864e3ff,8/3(–Ø) 4:00
fujitv,ƒWƒFƒV[ ‰ƒ~ƒ…[ƒWƒJƒ‹‚ÍSixTONESƒƒ“ƒo[‚àŠÏŒ€—\’èuƒXƒPƒWƒ…[ƒ‹‚É“ü‚Á‚Ä‚¢‚½v,https://news.yahoo.co.jp/articles/7c0acaea1c23516b8b0f3d14f04b4585911236e4,8/3(–Ø) 4:00
fujitv,g‚ ‚Ì‚¿‚á‚ñh‚â‚Á‚Ä‚İ‚½‚¢ƒAƒ‹ƒoƒCƒg‚Ì——R‚ª“Æ“Áu‰˜‚¢‚ªD‚«‚È‚Ì‚ÅˆãÒ‚³‚ñv,https://news.yahoo.co.jp/articles/a65bb961fbc0c74f62c077628ee43b1bbbbb125f,8/3(–Ø) 4:00
fujitv,y‚ß‚´‚Ü‚µ“ÆèzˆÇ A•¨‚ÉÚ‚µ‚¢´–ìØ–¼‚É¿–âuæ¶AƒAƒ{ƒJƒh‚ğˆç‚Ä‚é‚Ì“ï‚µ‚¢‚ñ‚Å‚·‚©Hv,https://news.yahoo.co.jp/articles/70b05dd67fe2736ba716428e7ff682549814bec8,8/2(…) 20:34
fujitv,y‚ß‚´‚Ü‚µ“ÆèzˆÇ•´–ìØ–¼g©•ª‚Ö‚Ì‚²–J”üh‚ğ–¾‚©‚·u‘S•”—pˆÓ‚³‚ê‚Ä‚¢‚é‚Á‚ÄÅ‚Iv,https://news.yahoo.co.jp/articles/d45e768f43c4a1abdce0d97bebddc05131d9b458,8/2(…) 20:30
fujitv,ƒJƒYƒŒ[ƒU[ “y—p‚Ì‰N‚Ì“ú‚ÉgƒŠƒbƒ`‚È‘ÌŒ±hI‚ ‚è“¾‚È‚¢H‚×•û‚ÉˆÀ“¡‚È‚Âu‚È‚ñ‚Å‚¾‚æIv,https://news.yahoo.co.jp/articles/76c821fd0a392f5a7f1a94c8e83cf264603ecf10,8/2(…) 20:23
fujitv,”T–Øâ46E‰““¡‚³‚­‚çuŠy‚µ‚İ‚Á‚Ä±×‚È‚±‚Æ‚Å‚¢‚¢vƒgƒ‰ƒbƒNƒhƒ‰ƒCƒo[–ğ‚Å‹C‚Ã‚¢‚½gV‚µ‚¢©•ªh,https://news.yahoo.co.jp/articles/060455a59b060622395306e714af3f64b3f46e0b,8/1(‰Î) 23:00
fujitv,’†‘ºŠ¨‹ã˜Y•’†‘ºµ”V•u‚ ‚ÌA‹C‚Ã‚¢‚Ä‚ ‚°‚ç‚ê‚½‚ç‚æ‚©‚Á‚½v•ƒEŠ¨O˜Y‚³‚ñ‚Ö‚Ì‰÷¦,https://news.yahoo.co.jp/articles/61de27d6eaa104c3eda1454c22f980bd3ba06386,8/1(‰Î) 20:44
fujitv,’†“‡Œ’l•’‡—¢ˆËÑ ƒr[ƒXƒgŠoÁ‚Å‘å‹»•±u‰Ì•‘Šê’¬·‚èã‚ª‚Á‚Ä‚Ü‚·‚©Hv,https://news.yahoo.co.jp/articles/641d3436be275725fe93ba31766c8f6f5b8c2ad4,8/1(‰Î) 19:52
fujitv,yB‚Á‚Ä‚­‚¾‚³‚¢Iz’†“‡Œ’l ’‡—¢ˆËÑ‚Ìˆß‘•‚É‘ÎRIHuƒTƒtƒ@ƒŠƒr[ƒXƒgƒ‚[ƒhv,https://news.yahoo.co.jp/articles/83431826f320a30d9821ea0baf150711396f47f4,8/1(‰Î) 18:40
fujitv,y‹ó‘z©—RŒ¤‹†z‚à‚µ‰ÄÕ‚è‚É’‚½‚¿‚ªQ‰Á‚µ‚½‚çHŠˆ–ô‚µ‚»‚¤‚ÈƒCƒxƒ“ƒg‚ğl‚¦‚Ä‚İ‚½,https://news.yahoo.co.jp/articles/0c59f4b67f029c30e6878c0c7df83d959725ec57,8/1(‰Î) 18:30
fujitv,‚Æ‚ñ‚Å‚à‚È‚¢—\‘z‚ªo‚é‚±‚Æ‚àc‰J‰_ƒŒ[ƒ_[‚ğŒ©‚éƒRƒcy‚ ‚Ü‚½‚ÂI‚¨“V‹CƒRƒ‰ƒ€z,https://news.yahoo.co.jp/articles/d0b9654d91c81338e35c50a29d09b793407d4683,8/1(‰Î) 10:00
fujitv,‘¼‚Ì_Ğ‚É‚ ‚Á‚ÄˆÉ¨_‹{‚É‚È‚¢‚à‚Ì‚ÍHwƒlƒvƒŠ[ƒOx‚Å•ú‘—‚Ìƒ“¤’m¯„,https://news.yahoo.co.jp/articles/1f027a748e5e03c5579ae8dbd23c047b2227611a,8/1(‰Î) 6:00
fujitv,‘OàV—Fìu‰Æ‘°‚©‚çg‹à‚¿–ì˜Yh‚Æ—â‚½‚­Œ©‚ç‚ê‚½Šú‚àcvãê‚Ì‹ê”Y‚ğ”’,https://news.yahoo.co.jp/articles/0ba57440ba20c95cb42954cf9d58597132d76aa2,7/31(Œ) 23:40
fujitv,œA–ì—½‘å ƒ|ƒ‹ƒmEV“¡°ˆê‚ªè‚ª‚¯‚éƒ~ƒ…[ƒWƒJƒ‹‚Åå‰‰u”j“Vr‚³‚Å“¹‚ğØ‚è‘ñ‚¢‚Ä‚¢‚­v,https://news.yahoo.co.jp/articles/ea2aaa3cda0205c75151a6822c8aef1bd9d64df3,7/31(Œ) 22:00
fujitv,‹e’n™zqu‘æ25‰ñãŠC‘Û‰f‰æÕv‚Å3Š¥Šl“¾‚àƒhƒ^ƒoƒ^‚È•‘‘ä— ‚ğ–¾‚©‚·uŞ“’c‚¾‚Ëv,https://news.yahoo.co.jp/articles/08cebd4404cb76874dac63f22266cbbce054fd92,7/31(Œ) 19:02
fujitv,‚È‚º“ú–{Šé‹Æ‚Í¶Y«‚ª’á‚¢Huƒ`[ƒ€‚Å‚Ì“­‚«•ûv‚ğŒ©’¼‚·‚×‚«——R,https://news.yahoo.co.jp/articles/b78b5667d9ce55f8c82468a984b9f939d95b0da4,7/31(Œ) 5:30
fujitv,q‚Ç‚à‚É‚àƒ_ƒ‚¾‚µA•v•wŠÔ‚Å‚Íu—£¥‚Ö‚Ì‘æˆê•à‚Évê–å‰Æ‚ªw“E‚·‚éNG‚È‘Ô“xI,https://news.yahoo.co.jp/articles/6e3dbbb7939fbb1148c264f8d8ef91b74a80d930,7/30(“ú) 18:39
fujitv,¡‚Ígƒpƒƒnƒ‰h”F’è‚àuwŠæ’£‚Á‚ÄIx‚ªƒXƒgƒŒƒX‚È‚ç‰½‚ğ‚Ç‚¤Œ¾‚¦‚Îcv‘Šè‚ğ”Û’è‚µ‚È‚¢Œ¾—t‘I‚Ñ,https://news.yahoo.co.jp/articles/89136ced39ba8e14c9f74e1fac375a81b288de02,7/30(“ú) 17:47
fujitv,ŒüˆäN“ñuSnow Man‚É—U‚í‚ê‚È‚©‚Á‚½‚ç«‚ß‚Ä‚¢‚½vŒÇ“Æ‚¾‚Á‚½‰ß‹‚Æƒƒ“ƒo[‚Æ‚ÌãJ,https://news.yahoo.co.jp/articles/99b43f1cc01dbd1b1bba606fcd34cda9fb941f61,7/30(“ú) 16:30
fujitv,V–ØG“T 40Î‚Ì‹L”O‚ÉŒÌ‹½‚ÌƒKƒCƒh–{‚ğ§ìu’O”gs‚Í’p‚¸‚©‚µ‚ª‚è‰®‚ÅŒª‘»‚·‚éŠXv,https://news.yahoo.co.jp/articles/c7d2a3435f380b39501dce3634687d59e4e21e29,7/30(“ú) 13:01
fujitv,MEGUMI ‚µ‚½”ü—e–@‚Í1000í—ŞIu‚Ç‚ñ‚Ç‚ñƒLƒŒƒC‚É‚È‚Á‚Ä‚Ù‚µ‚¢v,https://news.yahoo.co.jp/articles/2cde3bde8f3f860fb66e03909e601c2d9ed84fb0,7/30(“ú) 12:00
fujitv,Îì—SŠógŒ»–ğ’†‚ÉŒ‹¥‚µ‚½‚¢hu©•ª‚ÌƒvƒŒ[‚ğq‚Ç‚à‚ÉŒ©‚Ä‚Ù‚µ‚¢v,https://news.yahoo.co.jp/articles/3dee9124636cf40ef18c8e986ad53363137c62b4,7/29(“y) 20:57
fujitv,Îì—SŠóg—´_NIPPONh‚ğ•ªÍuƒvƒŒ[‚Ì¸“x‚ª”õ‚í‚Á‚Ä‚­‚ê‚ÎAŒİŠp‚ÌŸ•‰‚ª‚Å‚«‚év,https://news.yahoo.co.jp/articles/05f28b446400f7ca21e431be9bd7c77444f00460,7/29(“y) 19:22
fujitv,ƒWƒFƒV[ ©‘î‚ÍŠÔÚÆ–¾•ƒLƒƒƒ“ƒhƒ‹‚ÅˆÃ‚­u–¾‚é‚¢‚ÆA‚­‚µ‚á‚İ‚ªo‚év,https://news.yahoo.co.jp/articles/e8391d3bc1008a2d8dcc3f95ffaca916841483b2,7/29(“y) 16:39
fujitv,ˆ»£‚Í‚é‚© ©•ª‚ªhÅ‹­h‚¾‚Æv‚¤‚±‚Æ‚ÍuH‚¢‚µ‚ñ–VI•‰‚¯‚é‹C‚ª‚µ‚È‚¢v,https://news.yahoo.co.jp/articles/9750cb1b8925b8d911e66faf5297678fe329f57f,7/29(“y) 16:31
fujitv,ˆ»£‚Í‚é‚©•’·’Jì”ŒÈ•ƒWƒFƒV[‚ç‚ªA‹âÀ‚ÌŠX’†‚É“oêIƒŠƒ{ƒ‹ƒo[‚ÅVì‚Ìƒqƒbƒg‹FŠè,https://news.yahoo.co.jp/articles/9767f85b46a56663233628f0c90c38d4ac9473d6,7/29(“y) 13:40
fujitv,“n•Ó—² 70–œ‰~‚©‚¯‚ÄŒã”y‚ğg‘ål‚Ì“Xh‚Ö˜A‚ê‚Äs‚­‚àA‚¨—ç‚ªuŠ®‘S‚ÉhŠ„‚èŠ¨‚Ìƒg[ƒ“h‚¾‚Á‚½v,https://news.yahoo.co.jp/articles/d8719c6f2a64f61201d69da6e28b85ac788c80f6,7/28(‹à) 23:03
fujitv,‰ªR“V‰¹ Rí•Œ«lƒtƒ@ƒ“‚Ö‚Ì‘Î‰‚É¢˜fu‚»‚ê‚ğŒ¾‚í‚ê‚Ä‚¢‚é‚Æ‚«‚ÌA³‰ğ‚ÌŠç‚ªŒ©‚Â‚©‚ç‚È‚¢v,https://news.yahoo.co.jp/articles/69c30ec4ebf93d68111686d0b0b4a062b3f9194a,7/28(‹à) 21:14
fujitv,O‰YG‹K•—LàV¾‘¾˜Yg‚Ì‚¾‚ßh‚Å˜A‘±ƒ^ƒbƒOuã–ì÷—¢‚³‚ñ‚â’|’†’¼l‚³‚ñ‚ÉŒhˆÓ‚ğ‚Í‚ç‚¢‚Â‚Â”ò‚Ñ‚İ‚½‚¢v,https://news.yahoo.co.jp/articles/c00c32f6e9650d3246765ea0e868c57c12914da8,7/28(‹à) 20:02
fujitv,y‚ß‚´‚Ü‚µ“Æèz›“c«ôuŠm‚©‚ÉŠÃ‚¦‚Ä‚¢‚Ü‚·‚ËvŠÔ‹{Ë‘¾˜N‚É}¯‚ğ‚Â‚©‚êÆ‚êÎ‚¢,https://news.yahoo.co.jp/articles/03ed55592f59fe68ef0e8e7170f42c97e5487143,7/28(‹à) 15:34
fujitv,ƒQƒC‚ğ”’‚µ‚½äo^i˜Yu–{“–‚Ì‚±‚Æ‚ğó‚¯“ü‚êA“`‚¦‚é‚±‚Æ‚ª½ˆÓ‚¾‚Æv‚Á‚½v,https://news.yahoo.co.jp/articles/47a023865dc06afa93427189eb5c37433c4243f7,7/28(‹à) 6:00
fujitv,–ØŒË‘å¹ ”’‚ğŒˆˆÓ‚·‚é‚Ì‚ÍugG‚ê‚Ä‚İ‚½‚¢h‚Æ‚¢‚Á‚½‚Æ‚±‚ë‚ª‚«‚½‚çv,https://news.yahoo.co.jp/articles/0736b328a8045288c73ae0a6c29ec490f2249515,7/28(‹à) 0:09
fujitv,y‚ß‚´‚Ü‚µ“Æèz“¡“cƒjƒRƒ‹•ƒ`ƒ‡ƒRƒvƒ‰‚ª‘¦ÈƒRƒ“ƒgIƒ€ƒ`ƒƒ‚Ô‚è‚³‚ê‚½—é–Ø—BƒAƒi‚ÍcS”s,https://news.yahoo.co.jp/articles/6804bf63d7c6a8cee8db536e247ed618cfe0dc5a,7/27(–Ø) 18:20
fujitv,TOKIO‚ª‰i£—õ•îà‹´ŠCl‚ÉƒAƒhƒoƒCƒXu2l‚Ì‘Oi‚ª’E‘Ş‚µ‚½4l‚ğƒŠƒXƒyƒNƒg‚·‚é‚±‚Æ‚É‚Â‚È‚ª‚év,https://news.yahoo.co.jp/articles/7a444d6c328a0052989e090873eee72c92af4722,7/27(–Ø) 16:58
fujitv,›“c«ôuŠ®àø‚ÈƒWƒƒƒu‚ğ‘Å‚¿‚½‚¢vƒ{ƒNƒVƒ“ƒO‚É‹êí’†‚Æ”’,https://news.yahoo.co.jp/articles/4d3965e4fdbf583fc7ea347f174c0caa10aeb874,7/27(–Ø) 12:36
fujitv,¼â“—›u“ú–{Œê3“ú–ÚHv™–ì—y—º‚ÌƒJƒ^ƒRƒg“ú–{Œê‚ÉƒcƒbƒRƒ~,https://news.yahoo.co.jp/articles/da496c98dd99ec0e642fa417e339ad505e1cda09,7/27(–Ø) 12:36
fujitv,‰i“‡—D”üƒAƒi ’©‚Ì”Ô‘g‘²‹Æ‚©‚ç–ñ3ƒ•Œu•v‚Æˆ¤Œ¢‚ÌU•à‚ğ‚·‚é‚±‚Æ‚ª‘‚¦‚½v,https://news.yahoo.co.jp/articles/6893d639575732bc37f727d21770475e546ad572,7/27(–Ø) 7:02
fujitv,JO1E–Ø‘SãÄ–ç V‹È‚ÌìŒ‚ğ’S“–I’÷‚ßØ‚è4ŠÔ‘O‚É’…è‚àu‚Æ‚É‚©‚­ƒnƒ}‚Á‚½v,https://news.yahoo.co.jp/articles/2031319d76cd9ca7ed4600264f5debf570e4d228,7/27(–Ø) 6:01
fujitv,“°–{Œõˆê g’Zƒpƒ“hp‚Éƒ`ƒƒƒŒƒ“ƒW‚·‚é‚à‚ ‚¦‚È‚­’f”OI“°–{„u—E‹C‚ğ‚à‚ç‚Á‚½l‚½‚¿‚ª‚¢‚Ü‚·‚æiÎjv,https://news.yahoo.co.jp/articles/88790012d25cd0b44d1cfe11cf82d7ed59d34f04,7/26(…) 4:00
fujitv,Šİ—D‘¾u—«‚©‚ç‚à‚Á‚ÆŠ‹ß‹——£‚ÅŒ©‚ç‚ê‚½‚¢v—~‚ğŒê‚é,https://news.yahoo.co.jp/articles/00bca773409b2e55214d8f7be1a20c6aedcd31a4,7/25(‰Î) 20:54
fujitv,Šİ—D‘¾u‚¿‚å‚Á‚ÆƒGƒbƒ`‚ÈcvƒLƒƒƒXƒgŠÔ‚Ì”é–§–\˜I‚ÅgƒPƒ“ƒJh–u”­I,https://news.yahoo.co.jp/articles/6308e8d8eafa395c934e81dcca830263e57767ba,7/25(‰Î) 19:59
fujitv,Šİ—D‘¾u‚©[‚ß[‚Í[‚ß[”w…‚ÌwIIvŠÏ‹q‚Ì‘O‚ÅŸÓg‚ÌƒMƒƒƒO‚ğ”â˜I,https://news.yahoo.co.jp/articles/1861359e5069c21cc6b208a40807a0efa4ca3d4e,7/25(‰Î) 19:31
fujitv,y‚ß‚´‚Ü‚µ“ÆèzâŒûŒ’‘¾˜Y Å‹ßg‚²‚Ù‚¤‚Ñh‚ğw“ü‚àu‚¿‚á‚ñ‚Æg‚¦‚Ä‚È‚¢v,https://news.yahoo.co.jp/articles/e781c00deb8e9ba510fb27bf76c3c7b3b2bf5063,7/25(‰Î) 19:28
fujitv,›“c«ô •½q—SŠó‚Ìˆ¤–ºƒGƒsƒ\[ƒh‚Éu¡‚Ì˜b‚Ì‚ ‚Æ‚É‰½‚ğ‚µ‚á‚×‚Á‚½‚ç‚¢‚¢‚©v,https://news.yahoo.co.jp/articles/c0616d5580417a9e9b681a5c4e6bc052fdf44992,7/25(‰Î) 19:15
fujitv,•ĞŠñ—Á‘¾ ƒAƒoƒ“ƒMƒƒƒ‹ƒfƒB‚Ì¶ƒ_ƒ“ƒX‚ÉkIu‚±‚ñ‚È‚É•|‚¢ƒpƒtƒH[ƒ}ƒ“ƒX‚ª‚ ‚é‚ñ‚¾v,https://news.yahoo.co.jp/articles/c54ac807b3c6b16123bd4ad069815329ed03706d,7/25(‰Î) 19:08
fujitv,‚È‚©‚â‚Ü‚«‚ñ‚ÉŒN ƒ{ƒfƒBƒrƒ‹‚Æ‚¨Î‚¢‚Ìg“ñ“—¬h‚àu‚¨Î‚¢‚Ì‹Ø“÷‚ÍŠÇ—‚Å‚«‚Ä‚È‚¢v,https://news.yahoo.co.jp/articles/9531d0540fb95665528d800d71ccfd5a31e4d555,7/25(‰Î) 19:05
fujitv,ŒÃ‹´‹œŒæ‚ÍŒ‹¥‚É•sŒü‚«IH‰““¡qugƒ‚ƒfƒ‹‚ÆŒ‹¥‚µ‚½‚©‚Á‚½h‚Á‚ÄŠç‚µ‚Ä‚év,https://news.yahoo.co.jp/articles/957a7cae81942f19f8b6b8c14c5f657a11572304,7/25(‰Î) 18:31
fujitv,”N––‚Éu•P˜Hév‚Ì‘|œ‚ğ’S“–‚·‚é‚Ì‚Í’NHwƒlƒvƒŠ[ƒOx‚Å•ú‘—‚Ìƒ“¤’m¯„,https://news.yahoo.co.jp/articles/f66a4a7f18f22ac71fb39beffcb509cfaac78a37,7/25(‰Î) 18:00
fujitv,¬RŒcˆê˜Y‚ÌƒTƒ|[ƒg‚É‰ñ‚Á‚½“ñŠK“°‚k‚ªv‚í‚¸u‰´AKis-My-Ft2‚Å‚à’n“¹‚È‚ñ‚¾`v,https://news.yahoo.co.jp/articles/22ca01f473d56fe5ec2e7ce6847ab257bd5f8a8e,7/25(‰Î) 12:46
fujitv,ƒLƒƒƒ“ƒWƒƒƒj‡u„‚½‚¿‚Ì‘ã‚ª‚«‚½vƒXƒLƒ“ƒPƒAƒuƒ‰ƒ“ƒh‚ÌWEBCM‚Éo‰‰I,https://news.yahoo.co.jp/articles/e12ea920bfc2f57954d706e5620cf3028549708e,7/25(‰Î) 4:00
fujitv,’‡ŠÔ—R‹IŒb‚É¬Šw1”N¶‚Ì‰i”ö—M”T‚ª‘—‚Á‚½gl¶‚ÌƒAƒhƒoƒCƒXhu©•ª‚Ì‚±‚Æ‚ğ‚·‚é‚ÆŒ³‹C‚É‚È‚év,https://news.yahoo.co.jp/articles/984c6977aab782a523af77b8e1322fbbd597187c,7/24(Œ) 17:46
fujitv,ƒSƒ~‚ğH‚×‚Äˆç‚Á‚½ƒJƒuƒgƒ€ƒV‚É–ü‚³‚ê‚éBu‚¨‘äê–`Œ¯‰¤v‚ÅŒ©‚Â‚¯‚½©—RŒ¤‹†ƒXƒ|ƒbƒgI,https://news.yahoo.co.jp/articles/aa1b514948fd985d5494ba59431ab7d1d7ce0880,7/22(“y) 19:30
fujitv,”—“c‚³‚¨‚è•ŒIŒ´Œbuƒ[ƒ‹ƒhƒJƒbƒvƒoƒŒ[2023v’¼‘O‚Ìg‰Î‚Ì’¹NIPPONh‚ÉƒG[ƒ‹u¡”N‚Í”ò–ô‚µ‚ÄAi‰»‚µ‚Ä‚­‚ê‚év,https://news.yahoo.co.jp/articles/bb1e34d7d3a21f5e851a2c769c3c3a5b95b02655,7/22(“y) 18:59
fujitv,‘š~‚èE‚¹‚¢‚â wONE PIECE FILM REDx‚ÌƒCƒxƒ“ƒg‚Å‘e•i‚©‚ç‚Ì‚Ô‚Á‚¿‚á‚¯‚Éu‚¨‘O‚Ç‚Á‚©s‚¯‚âIv,https://news.yahoo.co.jp/articles/6f53bd64edd3633354f7a9b21a0ef90224254a97,7/22(“y) 18:00
fujitv,‚¨‹à‚Í‰½‚Ì‚½‚ß‚É‰Ò‚¬A‰½‚Ì‚½‚ß‚É’™‚ß‚éH’rã²‚ª–â‚¤d–‚Æ‚¨‹à‚Ìl‚¦•û,https://news.yahoo.co.jp/articles/48c55474955b30e8df8550f91bc04af3e2c2140a,7/22(“y) 7:11
fujitv,ˆêƒm£ƒƒ^ƒ‹ —öˆ¤‹³K–{‚Ì‹³‚¦‚ğç‚è—«‚Ì‹¹‚ÉŠç‚ğ‚¤‚¸‚ßu‚¨‚©‚ ‚³[‚ñIv‚Æâ‹©,https://news.yahoo.co.jp/articles/4f5b6b1dfb124d4ecea77a820281858196b9c653,7/21(‹à) 23:00
fujitv,‹ÑŒïE“n•Ó—² ’·’Jì‰ë‹I‚É‡–°‚ÌƒNƒŒ[ƒ€u–Ú‚ğŠJ‚¯‚½‚Ü‚ÜQ‚Ä‚¢‚év,https://news.yahoo.co.jp/articles/af1698c7b4ae3a48dd1a0e11cda26279f6a932f1,7/20(–Ø) 18:45
fujitv,—é–Ø•Û“Ş”ü ƒ`ƒPƒbƒg‘ã2000‰~‚ª‘«‚ç‚¸Aa’J‚ÌŠX‚ğ‘S—Í¾‘–uƒ[[ƒ[[‚Å‚µ‚½v,https://news.yahoo.co.jp/articles/1779de697c36c6ec7bdede5951032b363a41df48,7/20(–Ø) 18:00
fujitv,‘Š—t‰ë‹I g‘ål‚É‚È‚Á‚½h‚ÆŠ´‚¶‚éuŠÔ‚Íu–Ÿ‰æ‚ğ‘SŠªˆê‹C”ƒ‚¢‚ğ‚µ‚½‚Æ‚«v,https://news.yahoo.co.jp/articles/7dbcf4bde1679cc92866e6fddadf92aa451961ae,7/20(–Ø) 4:00
fujitv,‰¹–‹¦ ~‚Ü‚ç‚Êˆá–@–ò•¨g—p–o–Å‚ÌŒ[”­“®‰æ‚ğì¬us‚«‚Â‚­æ‚ÍA•æê‚©¸_•a‰@v,https://news.yahoo.co.jp/articles/ce4769158c6d5e3e224d9da196778a0d141ddffe,7/19(…) 17:15
fujitv,ÂRV ‰‰‰Ì‘æ7¢‘ãƒƒ“ƒo[‚Í’‡ŠÔIu‚Å‚àAƒXƒe[ƒW‚Ìã‚É—§‚Â‚Æ©‘R‚Æƒ‰ƒCƒoƒ‹‹iÎjv,https://news.yahoo.co.jp/articles/27498c45d27383534a99f3bfa709ad40e3514f8e,7/19(…) 7:05
fujitv,RèŒ«l ‰ªR“V‰¹‚Æƒvƒ‰ƒCƒx[ƒg‚ÅVhƒf[ƒgIHu10‘ã‚©‚ç’·‚¢•t‚«‡‚¢‚ª‚ ‚Á‚Äv,https://news.yahoo.co.jp/articles/17433fb2cd6960348c25a79e0a8b6461804eb0e3,7/18(‰Î) 20:30
fujitv,y‚ß‚´‚Ü‚µ“Æèz–k‘º ŠCAR“c—T‹M‚ªu‚ ‚Ÿ`va’J—´‘¾‚ÌD‚«‚ÈH‚×•¨,https://news.yahoo.co.jp/articles/3c268f6153647f2e7a77e590fbf3cff09ce6d3de,7/18(‰Î) 19:32
fujitv,›“c«ô Å‹ßg‰h‚ğŠ´‚¶‚½uŠÔu‚à‚¤‰Æ’m‚Á‚Ä‚¢‚év,https://news.yahoo.co.jp/articles/360fde8c60bbe4b2999d06f4099c6d7b21d00810,7/18(‰Î) 19:21
fujitv,Œüˆä’n”ü‰¹ ”OŠè‚Ì‰Ê^W‚ğƒvƒƒfƒ…[ƒXu‚Ù‚ÚNG‚È‚µ‚Å’§‚İ‚Ü‚µ‚½v,https://news.yahoo.co.jp/articles/6cc0d0a396e9587f02d30d0c70fdb18972e38ca5,7/18(‰Î) 19:04
fujitv,‹S‰zƒgƒ}ƒz[ƒN‚ªƒRƒ~ƒ…ƒjƒP[ƒVƒ‡ƒ“‚Ì”Y‚İ‚ğ”’u“¯‚¶Œ©‚½–Ú‚Ìl‚ª˜b‚µ‚©‚¯‚Ä‚­‚éIv,https://news.yahoo.co.jp/articles/8bf6e6fd6c1aa79b81e743e2466d4d212c2498e0,7/17(Œ) 19:08
fujitv,u‰œ‚³‚ñ‚ªHŠíô‚¢‚ÌƒXƒ|ƒ“ƒW‚Å•—˜C‚ğô‚Á‚Ä‚½Iv‹S‰zƒgƒ}ƒz[ƒNEâˆä—Ç‘½‚ªÕŒ‚”’,https://news.yahoo.co.jp/articles/c70273c5b8c7898c9b4d00dbd93403a52e2ffe8b,7/17(Œ) 18:39
fujitv,¬“c—½ uˆê¶–Y‚ê‚È‚¢‚µA¡‚ª‚ ‚é‚Ì‚Í‚»‚Ì‚¨‚©‚°væ”y”o—D‚©‚ç‚ÌŒµ‚µ‚¢Œ¾—t‚ÉŠ´Ó,https://news.yahoo.co.jp/articles/2679fc4a991d58d47fba46d88777c21535673708,7/17(Œ) 7:03
fujitv,¬Å•—‰Ô ÎŠç‚Ì”éŒ‚ÍuŠy‚µ‚Şƒ}ƒCƒ“ƒh‚ğ‚Â‚±‚ÆvÅ‹ßˆê”ÔÎ‚Á‚½‚Ì‚Íuo‚Ìq‚Ç‚à‚ÌƒIƒ€ƒc‘Ö‚¦v,https://news.yahoo.co.jp/articles/dc8d8da24689b8eabdd80bde0cc290e9e180f019,7/16(“ú) 20:01
fujitv,–Ø‘º•¶”T ‘æˆêqoY‚ğ•ñuŒö„‚Æ‚à‚Éˆêuˆêu‚ğ‘åØ‚É•à‚ñ‚Å‚¢‚«‚Ü‚·v3Œ‚Éˆê”Ê’j«‚ÆŒ‹¥,https://news.yahoo.co.jp/articles/52e9d2098b6f5b14f2f696bfb79e023d401eb804,7/16(“ú) 13:39
fujitv,Mrs. GREEN APPLE ‚‰¹Šy‹È‚Íu©•ª‚Å‚à“ï‚µ‚¢‚Æv‚Á‚Ä‰Ì‚Á‚Ä‚¢‚Ü‚·vy‚ß‚´‚Ü‚µ–¢ŒöŠJz,https://news.yahoo.co.jp/articles/60bbb9f995889eccadeda069701909d40c384059,7/15(“y) 17:02
fujitv,¼–{‚Ü‚è‚©uŒÂ«‚ğ‚à‚Á‚Æ”F‚ß‡‚¦‚ê‚Îv—Ü‚È‚ª‚ç‚Ì‘i‚¦‚É‹g‰ª—¢”¿u‘S•”Œ¾‚Á‚Ä‚­‚¾‚³‚Á‚½v,https://news.yahoo.co.jp/articles/cd1ecca7ebef2f0eff01f3e476adbf3d175235ca,7/14(‹à) 21:47
fujitv,ul‘O‚Å‰‰‘t‚·‚éŠì‚Ñ‚ğ’m‚Á‚½v‰ÁR—YO‚ªƒfƒrƒ…[”é˜b‚Æl¶‚ğŒê‚é“Á•Ê”Ô‘gw‹P‚«‘±‚¯‚é‰ÁR—YOxû˜^ƒŒƒ|[ƒg,https://news.yahoo.co.jp/articles/fe5048914f7724e5218ee8acdf595b4eab2f7ce1,7/14(‹à) 18:00
fujitv,R–{•‘ ’|“à—Á^‚Ì’b‚¦”²‚©‚ê‚½ƒ{ƒfƒB‚É‹»•±u‚ß‚¿‚á‚ß‚¿‚áƒGƒ‚­‚ÄƒZƒNƒV[v,https://news.yahoo.co.jp/articles/69ab4e7decb13f0446dd76b09c2c91c4b15aebf4,7/13(–Ø) 18:54
fujitv,¼RŠì‹vŒbƒAƒiu¢ŠEƒ}ƒXƒ^[ƒY…‰jv‚ÉŒü‚¯’Ç‚¢‚İ’†Iu‚·‚²‚­Šæ’£‚Á‚Ä‚¢‚Ü‚·B–{“–‚ÉŒ¾‚¢–ó‚Å‚«‚Ü‚¹‚ñv,https://news.yahoo.co.jp/articles/3e3269785401c41ab15f55daed19627d0550b557,7/13(–Ø) 7:00
fujitv,ƒAƒCƒiEƒWEƒGƒ“ƒh BiSH‰ğUŒã‰‚ÌŒö‚Ìê‚Å¶‰Ì¥I¼‘º–k“lu‚±‚Ì‰Ìº‚ÅAì•i‚Ì}‘¾‚¢c‚ª‚Å‚«‚Ä‚¢‚év,https://news.yahoo.co.jp/articles/b8e6ced9f52d98b8d34822bdcbdf4cf73e587aba,7/13(–Ø) 7:00
fujitv,y‚ß‚´‚Ü‚µ“ÆèzL£‚·‚¸u\‚µ–ó‚È‚¢‚È‚Á‚Äv‚¤‚ñ‚Å‚·‚¯‚Çvd–I‚í‚è‚ÅƒXƒ^ƒbƒt‚ª‘–‚é——R,https://news.yahoo.co.jp/articles/6d888f0b1fe08e4bd34be6d190dd48178721dec6,7/11(‰Î) 19:07
fujitv,y‚ß‚´‚Ü‚µ“ÆèzL£‚·‚¸ ƒr[ƒ‹•Ğè‚ÉŠØƒhƒ‰ŠÓÜu‹C‚Ã‚¢‚½‚ç’©‚Ì4‚É‚È‚Á‚Ä‚¢‚½v,https://news.yahoo.co.jp/articles/d62f015a4e40078082700a2a28676b0c5ced7bac,7/11(‰Î) 19:05
fujitv,‹g‰i¬•S‡ ‘åò—m‚ª‘§q‚¾‚Á‚½‚ç¢‚éHu‚‹‰‚È‚¨ˆù‚İ•¨‚µ‚©¢‚µã‚ª‚ç‚È‚¢v,https://news.yahoo.co.jp/articles/971e1302b189a68599cc72b2f2e905180c4b91db,7/11(‰Î) 19:04
fujitv,“c’†Œ\ —ˆ”NŒ}‚¦‚é40Î‚Ì•ø•‰uƒVƒƒƒc‚ğ’…‚½‚Ü‚ÜƒVƒƒƒ[‚ğ—‚Ñ‚é‚æ‚¤‚É‚È‚é‚©‚àv,https://news.yahoo.co.jp/articles/ed51879fc00250dfda0122b752d540b49ea9c1ae,7/10(Œ) 4:30
fujitv,Crystal KayƒhƒWƒƒ[ƒX‘ÎƒGƒ“ƒ[ƒ‹ƒXí‚É”ª‘º—Û‚Æ“oêI“ú•Ä‚Ì‘‰Ì‚ğ“Æ¥‚µ‹…ê‚©‚ç”è,https://news.yahoo.co.jp/articles/2a540ee9758e58b314626e9ef3a9e7a025cee30e,7/9(“ú) 18:39
fujitv,u‚»‚ñ‚È‚É‚İ‚ñ‚ÈAƒnƒ“ƒJƒ`‚Á‚Ä‚éHv‘å_‚¢‚¸‚İ‚ªèô‚¢‚ÉŠÖ‚·‚éƒ‚ƒ„ƒ‚ƒ„‚É”½˜_I,https://news.yahoo.co.jp/articles/094cc0bed8fd8245519c4e10dbb6d96a95a46b3f,7/9(“ú) 16:36
fujitv,ï–¡‚ª‚È‚­‚Äƒ‚ƒ„ƒ‚ƒ„‚·‚éHƒJƒ“ƒjƒ“ƒO’|R‚Ì‘½ï–¡‚ÌƒXƒXƒu3“ú–Vå‚Å‚¢‚¢v,https://news.yahoo.co.jp/articles/41fe4caf4d671c22d961576ad52968684d2abb57,7/9(“ú) 15:33
fujitv,ˆ¢•”‰Ø–çq ’a¶“ú‚ğŒ}‚¦‚½S‹«”’uƒAƒ‰ƒT[‚È‚ª‚çA‚Ü‚¾‚Ü‚¾á”yÒ‚Å‚·v,https://news.yahoo.co.jp/articles/5ecca3cf377bfee9db2dadde56f262448195e650,7/8(“y) 7:01
fujitv,‰œ•½‘åŒ« XµØ‚Ìgµ—[‚ÌŠè‚¢h‚Éu—Ü‚ğd‚Ü‚¹‚Ä‚­‚¾‚³‚¢v,https://news.yahoo.co.jp/articles/0bea989191fcd0fd70b1b1ea42c7ede9308e5159,7/7(‹à) 17:54
fujitv,y‚ß‚´‚Ü‚µ“Æèzƒ_ƒCƒAƒ“’Ã“c •“‡Œ‹Ø‚É˜A—æ‚ğ•·‚­‚àüˆÍ‚ªŒx‰úIu‰½‚ª•Ï¿Ò‚âIv,https://news.yahoo.co.jp/articles/d5dc6725d6cae5c3939eb6222340a7520b3a5243,7/7(‹à) 17:51
fujitv,‹–{‘å‰ä ‰f‰æ‚Å’P“Æ‰å‰‰I‰¹‘å¶–ğ‚Éud–‚ÌŒ„‚ğŒ©‚Ä‚Í•K€‚ÉƒsƒAƒm—ûKv,https://news.yahoo.co.jp/articles/083061b69177a6e05fd21806a15e933340187c53,7/7(‹à) 6:06
fujitv,¬ŒI{u20‘ã‚Å––±Š‚Ì‘Sˆõ‚ğƒnƒƒC‚ÖvuƒMƒƒƒ‰‚Ì”¼•ªˆÈã‚ğ·‚µ“ü‚ê‚ÉvƒPƒ^ˆá‚¢‚Ì‘¾‚Á• “`àI,https://news.yahoo.co.jp/articles/00b1a01628176541268d52e5d111ea0ec9b0e9f7,7/7(‹à) 0:00
fujitv,‰Á“¡‰ë–çuK‚¹‚Í“úí‚É‚ ‚é‚à‚Ìv–ºAÈ‚Æ‰ß‚²‚·‰¸‚â‚©‚Å‰½‹C‚È‚¢ŠÔ,https://news.yahoo.co.jp/articles/c22b1d10ba566d3960f478ce8bccb2c1b518e88f,7/6(–Ø) 20:03
fujitv,‹ÊX—T‘¾ ”Y‚ñ‚Å‚¢‚él‚Ö‚ÌƒAƒhƒoƒCƒX–@‚ğ•·‚©‚êuƒƒ“ƒo[‚©‚ç‘Š’k‚³‚ê‚½‚±‚Æ‚Í‚È‚¢v,https://news.yahoo.co.jp/articles/265062fe6cc9e6703ce9192219a1d405506df569,7/4(‰Î) 19:24
fujitv,º—D‰’§í‚ÌìŒût“Ş ‹ÊX—T‘¾•MEGUMI‚Ægƒ}ƒCƒGƒŒEƒJ[‚Øƒbƒgh‚É“oêIuˆê•à“¥‚İo‚·—E‹C‚ğ‚­‚ê‚év,https://news.yahoo.co.jp/articles/8b357faa8cec7ed02fe6cc5e4327b054e2c0f033,7/4(‰Î) 17:00
fujitv,uˆ¤‚µ‚Ä‚Ü‚·v‚¢‚µ‚¾ˆë¬‚Ì”’‚ÉAÎ“cƒˆê‚ª—Üu–{“–‚Éˆ«‚©‚Á‚½‚Èv,https://news.yahoo.co.jp/articles/4487b0667d972f4914e50cea3fa59a68127716bd,7/4(‰Î) 0:00
fujitv,y‚ß‚´‚Ü‚µ“ÆèzSNS‚Å‘åƒoƒYƒŠ’†‚Ì—L‰Ø ‰ïĞˆõ‘ãg‰ï‹c‚Å‚¤‚½‚½Qh‚à‰¹Šy‚Æ—¼—§,https://news.yahoo.co.jp/articles/585fce8a92cbb136e7d420ab14a8f9dc0416c157,7/3(Œ) 20:08
fujitv,”ª–Ø—Eª ƒzƒXƒg–ğ‚ÉG”­‚³‚êg‰Û‹àh‘Ì¿‚ÉIHu1‰ñ‚ÌƒKƒ`ƒƒ‚Å6–œ‰~g‚Á‚Ä‚µ‚Ü‚Á‚½v,https://news.yahoo.co.jp/articles/56a8c6f9f9b7314d339fe818e378754359dbbf6d,7/3(Œ) 16:43
fujitv,Rè—T‘¾ ¬Šw¶‚Å“àRM“ñ‚ÆƒnƒƒC‚ÖIuƒrƒWƒlƒXƒNƒ‰ƒX‚Åw‚¨”æ‚êIx‚Á‚ÄŠ£”t‚µ‚½‚Ì‚Í–Y‚ê‚ç‚ê‚È‚¢iÎjv,https://news.yahoo.co.jp/articles/82597ba9550602d5f854785c3db7314ddb0c289b,7/2(“ú) 8:01
fujitv,‘å‘òˆí”üAŒK“c–õqAX”ö—R”ü‚çu•sì‚Ì83”N‘gvŒ³ƒAƒCƒhƒ‹g‚¨_ƒZƒuƒ“h‚ªÄŒ‹WI,https://news.yahoo.co.jp/articles/f89c0a221e59e1aa171c431611a10e93dcbd4da5,7/1(“y) 23:41
fujitv,uq‹Ÿ‚ªI‚í‚é‚Ü‚Åˆê‚ÉÀ‚Á‚Äh‘è‚ğŒ©‚é‚È‚ñ‚Äƒ€ƒŠIvˆ¸ì”ü•äq‚Ì–{‰¹‚ª”š”­,https://news.yahoo.co.jp/articles/26f61682f479c4cf6d5ced95034a3edbbde5d681,7/1(“y) 20:20
fujitv,–k‘º ŠCu“ŒƒŠƒx2vŒöŠJ‚Å–¾‚©‚µ‚½ŒˆˆÓu©•ªˆêl‚Å‚à•‘‘äˆ¥A‚É—§‚¿‚½‚¢‚Æ˜b‚µ‚½v,https://news.yahoo.co.jp/articles/e6948a64c51c5552af3b3e7c9ee23a3de31d038d,7/1(“y) 14:18
fujitv,‹CÛ‹ÆŠE‚Åu—[•ûv‚Í‰½‚ğw‚·Hy‚ ‚Ü‚½‚ÂI‚¨“V‹CƒRƒ‰ƒ€z,https://news.yahoo.co.jp/articles/48010453aafd06c2ddd23c82fc13fce165d47c33,7/1(“y) 10:03
fujitv,©•ª‚Ìº‚ªŠ—T‹M‚ÉƒAƒeƒŒƒR‚³‚ê‚Ä‚¢‚½I¬‹{_Mu‚È‚ñ‚ÌŠïÕIHv,https://news.yahoo.co.jp/articles/95784289251b953a1f29991512c3ae31b974e26f,7/1(“y) 0:18
fujitv,ƒmƒuuƒvƒŒƒFƒx[ƒg‚Ì‚±‚Æ‚Æ‚©‚ÍHvŒå‹ó‚İ‚½‚¢‚É‚È‚èAˆê“¯‚±‚ç‚¦‚«‚ê‚¸‘åÎ‚¢I,https://news.yahoo.co.jp/articles/b565c7b65be9eb28d49b05528ac29e0a032963f3,6/30(‹à) 23:17
fujitv,EXILE NAOTO s‚«‚Â‚¯“X‚ÌƒWƒƒƒKƒCƒ‚‚Ì‚©‚«•XI‰––¡~ŠÃ–¡‚Ìâ–­ƒoƒ‰ƒ“ƒX‚ÉİŠy“u—¿—‚Ìˆæv,https://news.yahoo.co.jp/articles/71f191e3eb4dd7f1aa32d74068d2b92784f1c241,6/30(‹à) 22:59
fujitv,ì‰h—›“Ş ‘æ“ñq‚ÌoY‚ğ•ñIux‚¦‚Ä‚­‚¾‚³‚Á‚½•ûX‚ÉS‚©‚çŠ´Óv,https://news.yahoo.co.jp/articles/e9555e0b7881d00f97ff15bdc90a1bd4a1e541f0,6/30(‹à) 19:37
fujitv,Snow Man‚ÆSixTONES‚Íƒ‰ƒCƒoƒ‹H“n•ÓãÄ‘¾•X–{T‘¾˜Y‚ªƒhƒŠƒ{‚Å‹¤‰‰u’‡‚Ì—Ç‚³‚ªŸ‚Á‚Ä‚¢‚év,https://news.yahoo.co.jp/articles/0cab2cd8715344f08cf19c85cdbfddc4ec28bfec,6/30(‹à) 5:00
fujitv,“n•ÓãÄ‘¾•X–{T‘¾˜Yu‚È‚É‚í’jq‚ª‚¢‚¢‚Ì‚Å‚ÍHv“°–{Œõˆê‚©‚ç‚ÌgƒhƒŠƒ{hƒIƒtƒ@[‚ğˆê“x‹‘”Û,https://news.yahoo.co.jp/articles/eb78d11ff23f561386704eb856ad36a72c845dad,6/30(‹à) 5:00
fujitv,ˆêƒm£ƒƒ^ƒ‹u‚İ‚»`‚ğ‘«‚Å@‚­—«‚É‚Æ‚«‚ß‚¢‚½vƒRƒƒ‚ƒe”o—D‚ÌƒMƒƒƒbƒv‚É—«w‚ ‘RIH,https://news.yahoo.co.jp/articles/e1a6de1aa91a5af75348bf80369dfde3cf2c5d5d,6/30(‹à) 0:01
fujitv,’ç—çÀƒAƒi~ŠC˜VŒ´—DƒAƒi ”ü‚Ì”éŒ‚ÍHuƒpƒbƒN‚Å”§ƒPƒAvuT2‰ñƒWƒ€v,https://news.yahoo.co.jp/articles/8c25873278e56adc10b49c8d90d02e9e21d440c0,6/29(–Ø) 20:02
fujitv,y‚ß‚´‚Ü‚µ“ÆèzR“c—T‹MuŒê‚è‚©‚¯‚Ä‚­‚ê‚évƒRƒRƒCƒ`ƒJƒŒ[‚Ígƒp[ƒgƒi[h,https://news.yahoo.co.jp/articles/084448b420cb1d016a47a23b0114e3a8a339dd41,6/29(–Ø) 17:29
fujitv,“nç²Œ\—Sugå‘ä—ğh‚Å‚Í•‰‚¯‚é‚í‚¯‚ª‚È‚¢Ivƒfƒrƒ…[5ü”N‚ğŒ}‚¦‚½ƒI[ƒ‹ƒhƒ‹[ƒL[‚ÌŒÖ‚è,https://news.yahoo.co.jp/articles/90e403165097b8bb799d3a6845fb6b2e475bb23d,6/29(–Ø) 12:00
fujitv,¼”¨‘åŒá•ç’¹E‘åŒå‚ªƒAƒCƒhƒ‹ƒ†ƒjƒbƒgŒ‹¬IH‚È‚É‚í’jq‚Ìƒ‰ƒCƒu‚Éo‰‰IH,https://news.yahoo.co.jp/articles/bf7b87bd4b3870fc9dc97c2643f01f26db0ed47d,6/29(–Ø) 4:00
fujitv,’ç—çÀƒAƒi~ŠC˜VŒ´—DƒAƒiwLive News ƒ¿xƒƒCƒ“ƒLƒƒƒXƒ^[‘Î’kI‹A‘îŒã‚Éuˆù‚ñ‚¶‚á‚¤v‚Ì‚Í‚Ç‚Á‚¿H,https://news.yahoo.co.jp/articles/aedea466c1c2420e94d7b267ee412acf26673095,6/28(…) 20:00
fujitv,EXITE‚è‚ñ‚½‚ë[B‚ÍƒfƒuHƒ}ƒbƒ`ƒ‡Hƒ}ƒaƒ‰ƒuE–ì“c‚ª‹Ø“÷—Ê‘ª’è‚Å’·”N‚Ì“ä‚ğ‰ğ–¾I,https://news.yahoo.co.jp/articles/ae6fdc6904cecb3853d6314c13376f75d752ce98,6/28(…) 16:32
fujitv,R“c—T‹Mg©•ª‚ğŒ©‚Â‚ß’¼‚·‚±‚Æh‚ğ‘åØ‚Éu©•ª‚ğˆ¤‚·‚éŠÔ‚ğì‚è‚½‚¢v,https://news.yahoo.co.jp/articles/14f1eeb99a0b17f0759b37b451f18ed5259219db,6/28(…) 14:39
fujitv,R“c—T‹Mu‚¿‚å‚Á‚Æ”M‚·‚¬‚Ü‚·HvƒAƒ“ƒoƒTƒ_[A”C‚Åˆ¤‚ª”š”­I,https://news.yahoo.co.jp/articles/568d0893c1437abb80829e59ba3a1fa63d53bb47,6/28(…) 13:34
fujitv,‘«—§—œ‰Ô•TATSU‚ªŒ‹¥‰ïŒ©Iƒvƒƒ|[ƒY‚ÌŒ¾—t‚Éu©‘R‚Æ—Ü‚ª‚ ‚Ó‚ê‚Ä‚«‚½v,https://news.yahoo.co.jp/articles/11dca8818bb5c98a4252aa2228f7d3dc17a44eda,6/27(‰Î) 17:25
fujitv,äo“ßé§ JO1ƒƒ“ƒo[‚Ì¬’·‚ğÀŠ´u‚í‚¿‚á‚í‚¿‚á‚Å‚«‚é‚æ‚¤‚É‚È‚è‚Ü‚µ‚½Iv,https://news.yahoo.co.jp/articles/93bad2081b9a3130784ed02b0c987a01ac4eb5e5,6/27(‰Î) 16:10
fujitv,“¡‰ªOAu‚ ‚è‚ª‚Æ‚¤c‚¨‚¢‚µ‚­‚È‚Á‚Ä‚­‚ê‚ævƒR[ƒq[‚ğg’ƒ“¹h‚Ì‚æ‚¤‚É‚½‚Ä‚é,https://news.yahoo.co.jp/articles/e5c23191ac532bfb98126f2bd3a53549d1221784,6/26(Œ) 23:40
fujitv,Oâ˜ŒO‚Ì‹tZvluH–‚â‡–°‚È‚Ç‚ğ“ú‹L‚É‚Â‚¯‚ÄA‰ü‘P‚µ‚Ä‚¢‚­‚Æ‚æ‚¢v,https://news.yahoo.co.jp/articles/80cdf505b96b7048d817f7c45a5d348775c09945,6/25(“ú) 20:38
fujitv,‚è‚ñ‚½‚ë[BÈE–{‹½ˆÇ“Ş‚Ì‘æˆêq”DP‚ğ”­•\u•ƒe‚Æ‚µ‚Ä¸i‚µ‚È‚ª‚ç‚»‚Ì‚ğ‘Ò‚¿‚½‚¢v,https://news.yahoo.co.jp/articles/a683a978c7f98e07576aff2dd8ff12f4861a2a83,6/24(“y) 20:00
fujitv,ƒMƒƒƒƒbƒvE–Ñ—˜‘å—º û˜^’†‚É¶“d˜b‚Åƒvƒƒ|[ƒY¬Œ÷I¼–{luu‚¿‚å‚Á‚ÆŠ´“®‚µ‚½v,https://news.yahoo.co.jp/articles/60e9476817b5ff9615e15a5245ef84dfbccda2de,6/23(‹à) 22:50
fujitv,_–Ø—²”V‰î‚Ì‚í‚ñ‚Ï‚­‚ÈH‚×‚Á‚Õ‚è‚ğ–ÚŒ‚I™ç‰ÔuƒLƒ…[ƒg‚Èˆ¤‚·‚×‚«À’·v,https://news.yahoo.co.jp/articles/4fd431b50a65f2337b8bd5c99af214a309facf5f,6/23(‹à) 22:08
fujitv,‰Ä‹x‚İ‚Ì©—RŒ¤‹†‚ÉÅ“KIƒIƒŠƒWƒiƒ‹u‚í‚½‚ ‚ßƒ}ƒVƒ“v‚Ìè‡‚ÆƒRƒc,https://news.yahoo.co.jp/articles/4df631ecf0cedfba9ed8edb3532e65749fc015f3,6/23(‹à) 20:24
fujitv,‰œ•½‘åŒ“ ‘ål‚Ô‚Á‚Ä‚¢‚½‚Z‘ã‚ğŒã‰÷u‚à‚Á‚ÆƒLƒƒƒsƒLƒƒƒs‚µ‚½‚©‚Á‚½v,https://news.yahoo.co.jp/articles/d0105da13d02bdde9c882d7b0dc763f3e332defe,6/23(‹à) 7:00
fujitv,“°–{Œõˆê ŠÏŒ‚ ‚è‚³‚Æ‰‹¤‰‰IuƒXƒ^ƒCƒ‹‚ª—Ç‚·‚¬‚Ä—×‚É•À‚Ñ‚½‚­‚È‚¢v,https://news.yahoo.co.jp/articles/8e2b825d246aa4222237ea1d84cfb8642d991597,6/23(‹à) 4:00
fujitv,–Ø‘º‘ñÆ ¡Œã‰‰‚¶‚½‚¢‚Ì‚Íg‹™thIƒIƒtƒ@[‘O‚©‚çu‘D‚Ì–Æ‹–‚ğæ‚è‚Ü‚µ‚½v,https://news.yahoo.co.jp/articles/654173023a0d31be1d585561190cff6712fe8d32,6/23(‹à) 0:00
fujitv,ãŒËÊ•EXILE HIRO‚É‘æOq‚Æ‚È‚é’j™’a¶Iu•êq‚Æ‚à‚É‚Æ‚Ä‚àŒ’N‚Å‚·v,https://news.yahoo.co.jp/articles/b9c9eb742a2310ea9018825141e4e4379e122de3,6/22(–Ø) 21:29
fujitv,y‚ß‚´‚Ü‚µ“Æèzƒ`ƒ‡ƒRƒvƒ‰E’·“c gQŠç‘IèŒ h‚É’§í‚àu•Ï‰»‚ ‚è‚Ü‚·Hv‚ÆŠ¬‚ç‚¸‹N°,https://news.yahoo.co.jp/articles/2260cdb84fd170d3b91d5795029ae07e2d7fa379,6/22(–Ø) 18:40
fujitv,ˆ¢•”—º•½u‚¿‚á‚ñ‚Æ“`‚í‚é‚©‚ÈvSDGsƒXƒyƒVƒƒƒ‹ƒLƒƒƒXƒ^[”¼”N‚Å‚à‚¿‘±‚¯‚ég‹Ù’£Š´h,https://news.yahoo.co.jp/articles/e38eeb24709b41fcc4e1af0d72f48816dfa8900c,6/22(–Ø) 12:08
fujitv,’†‘ºŠ¨‹ã˜Yu40‘ã‚Ì–l‚½‚¿‚ª‚Ü‚¾‚Ü‚¾Šæ’£‚Á‚Ä‚¢‚é‚Ì‚ğ“`‚¦‚½‚¢v’†‘º‰®ˆê–å‚ª‘S‘„‹Æ,https://news.yahoo.co.jp/articles/3d613f7ab9787e011503fe947264c1322a3a6dcd,6/22(–Ø) 8:42
fujitv,”ª‰³—ŒõuHey! Say! JUMP‚Ìƒƒ“ƒo[‚à¡‚é‚½‚ß‚Ì–ò‚¾‚Á‚½v¬RŒcˆê˜Y‚É‹x‹Æ’†‚Ìv‚¢‚ğ”’,https://news.yahoo.co.jp/articles/89955792fda8192fae089717b88081f982eab725,6/22(–Ø) 7:02
fujitv,—§Îr÷~•ŸàV ˜Ğ~r–qŒc•F‚ªgƒh[ƒiƒcˆ¤h‚ğƒ~ƒ…[ƒWƒJƒ‹‚Å•\Œ»u3l‚Ì‹¤‰‰‚ÍˆÀS‚µ‚«‚Á‚Ä‚¢‚ÄA‹t‚É•|‚¢‚­‚ç‚¢v,https://news.yahoo.co.jp/articles/fe6440d9124d9aaaba335c5b5a759f52c879a4bc,6/21(…) 20:02
fujitv,ƒRƒ“ƒvƒ‰d‹‚Å10•b”Ô‘g‚ª——§IHu10”NŒã‚Ì’nã”gƒoƒ‰ƒGƒeƒBv‚ğEXIT‚Æƒ}ƒaƒ‰ƒu‚ª‘å’_—\‘zI,https://news.yahoo.co.jp/articles/400a1d3b9d4db18ab856db08d8d1c2c5d82161d0,6/21(…) 19:43
fujitv,y‚ß‚´‚Ü‚µ“Æèz‚‹´•¶Æ ”’‚·‚é‚È‚çcu’¼ÚŒ¾‚¢‚½‚¢v,https://news.yahoo.co.jp/articles/2992b2cf598e650e56ef180e517825b9ef246a65,6/21(…) 15:34
fujitv,•“c^¡•Ã‚Ü‚È‚İ‚É‘æˆêq’a¶uÈ‚ÌŠæ’£‚è‚É‚Í–{“–‚ÉŠ´“®v,https://news.yahoo.co.jp/articles/5b605dd60fda2ad3e41f94997c9be7ae5f67998f,6/21(…) 14:06
fujitv,¶“c“l^ ƒ~ƒ‰ƒmƒRƒŒƒNƒVƒ‡ƒ“‰Q‰ÁIƒWƒ‡ƒ‹ƒWƒIEƒAƒ‹ƒ}[ƒj‚Æ‚Ì‰ï˜b‚Íu©ŒÈĞ‰îiÎjv,https://news.yahoo.co.jp/articles/2b75a029c4c930522e4f8e1fc7919fae2160b033,6/21(…) 4:00
fujitv,‚‹´•¶Æ•÷“c‚Ğ‚æ‚è ’†‚ˆêŠÑZ‚ğƒTƒvƒ‰ƒCƒY–K–âI”’ƒV[ƒ“ÄŒ»‚Å¶“k‚ªâ‹©,https://news.yahoo.co.jp/articles/7bc58c009f93a53667acbb35b725e417fd00793a,6/20(‰Î) 19:04
fujitv,“V’B•j‚Íg• •‚Ì¯h‚Æg•Ï‘Ô‚Ì¯h‚Ì‚¿åHuƒNƒƒ^ƒc‚ÆŒÄ‚Î‚ê‚Ä‚év,https://news.yahoo.co.jp/articles/14a7831071eece74d29aaf377e7cafeb7079d470,6/19(Œ) 23:55
fujitv,‚–ìŸ© ©gƒvƒƒfƒ…[ƒX‚ÌƒQ[ƒ€ƒCƒxƒ“ƒg‚Å”ßŠè‚Ì‰—DŸuÅ‚‚Ì1“ú‚Å‚µ‚½IGGiGood Gamejv,https://news.yahoo.co.jp/articles/30c13c0cd2a34c1a8aed2f821a7ef5b9cf0423a0,6/19(Œ) 23:10
fujitv,‚â‚·q ƒnƒŠƒEƒbƒhƒUƒRƒVƒVƒ‡ƒE‚Ìu‚»‚ê‚à‘S•”AŒ|l‚â‚©‚ç‚Èv‚Å‹­‚­‚È‚ê‚½,https://news.yahoo.co.jp/articles/3c4e7017ef1ece346f5e7037b68927417aa269ba,6/18(“ú) 23:11
fujitv,ŒÃsŒ›õ ‰½‚ğŒ¾‚Á‚Ä‚àu–ğ‚É—§‚Á‚Ä‚Ü‚·Hv‚Ìˆê“_’£‚è‚É¼–{luuğƒOƒZ‚í‚é‚ÁIv,https://news.yahoo.co.jp/articles/14fca73369097d94a9b57668be6a8708d84024b5,6/18(“ú) 21:01
fujitv,•TEAM‚ªƒVƒ‡[ƒP[ƒX‚ğŠJÃIu‰¹Šy‚Ì—Í‚Å¢ŠE‚ğ‚Â‚È‚®ƒpƒtƒH[ƒ}ƒ“ƒX‚ğv,https://news.yahoo.co.jp/articles/fa8f5fd7a91e0864bb9bd4d4028eb567dbe60727,6/18(“ú) 19:16
fujitv,“nç²Œ\—S ƒCƒxƒ“ƒg‚Åƒtƒ@ƒ“‚Éog’n‚ğ¿–âIé‹Ê‚Ì—D¨‚ª”»–¾‚µu‹ß‹E•û–Ê‚Å‚Ìd–‚ğ‘‚â‚µ‚Ä‚¢‚¯‚½‚çv,https://news.yahoo.co.jp/articles/70a44ece8c206019085aa964cddf003987fd98b5,6/17(“y) 20:00
fujitv,R–{”üŒ ‘æˆêqoYŒãA‰‚ÌŒö‚Ìê‚Éu‚ß‚Å‚½‚¢“ú‚Å‚¤‚ê‚µ‚¢v,https://news.yahoo.co.jp/articles/e469f3e1a99cfc4b958b0aac38adff4a68dea345,6/16(‹à) 22:25
fujitv,¼”¨‘åŒá‚Íƒzƒ‰[‰f‰æ‚æ‚è•|‚¢IHgƒrƒrƒŠU‚ç‚©‚µ‚ÄA”ò‚Ñã‚ª‚Á‚Ä‚¢‚½h‚Æ‚ÌØŒ¾,https://news.yahoo.co.jp/articles/d398a47f38e2717b7ed3fd751e96e40c8780fbf2,6/16(‹à) 22:18
fujitv,_”ö•–ì‚Íg‰ƒ‚ƒXƒo[ƒK[h‚ÅÀŠ´I‘q‰ÈƒJƒi•SHELLY‚ÆŒê‚ég‹ß‚ÈSDGs,https://news.yahoo.co.jp/articles/7396f317b8a6dcda4e212fef15c0a98000b40e1a,6/16(‹à) 20:02
fujitv,ìè‘é–ç ‰Å‹‚ÅNG˜A”­I÷ˆä“ú“Şq‚ç‚Ì‹CŒ­‚¢‚ªu‚¿‚å‚Á‚Æ‚Â‚ç‚©‚Á‚½iÎjv,https://news.yahoo.co.jp/articles/716084110565a5aa125d16e4a88f193ec05b04be,6/16(‹à) 7:01
fujitv,–Ø‘º‘ñÆ ˆ¤—pƒXƒ^ƒ“ƒv‚Íg–Ø‘º‚Ø‚±‚èh•ƒtƒ@ƒ“‚Ì”½‰‚Íu–Ø‘ºv‚ÅƒGƒSƒT[ƒ`,https://news.yahoo.co.jp/articles/f65b3783bddd9c8c5b76a56f0c3f72e223c5a31e,6/16(‹à) 0:00
fujitv,3‚ÌƒqƒƒCƒ“E‚ä‚ß‚Á‚¿‚ª•œ‹AIƒtƒ@ƒ“‚â‘Š•û‚ÉŠ´Óu–ß‚ê‚éêŠ‚ğì‚Á‚Ä‚­‚ê‚Ä‚ ‚è‚ª‚Æ‚¤v,https://news.yahoo.co.jp/articles/84321af9a75d1fc284eaa74edb9faed217b7ba0d,6/15(–Ø) 21:07
fujitv,”T–Øâ46Œö®ƒ‰ƒCƒoƒ‹u–l‚ªŒ©‚½‚©‚Á‚½Â‹óv‚ª‰‚¨”â˜I–ÚI1stƒVƒ“ƒOƒ‹‚ÌƒZƒ“ƒ^[”ª–Ømˆ¤‚Íu23l‚Å1‚Â‚Ìƒ`[ƒ€v,https://news.yahoo.co.jp/articles/5e990c5b273ce57a4c2d325daf20ed388e6c4147,6/15(–Ø) 21:04
fujitv,y‚ß‚´‚Ü‚µ“ÆèzL£ƒAƒŠƒXu‚¢‚Â‚©ƒrƒLƒj‚Å—V‚ñ‚Å‚İ‚½‚¢v–Úw‚·—‘z‚Ìƒ{ƒfƒB‚ÍH,https://news.yahoo.co.jp/articles/7907131d57315bdaf978c9d7dc77e5b028fbc91c,6/15(–Ø) 17:06
fujitv,uGet Wildv‚ğ’´‚¦‚éHTM NETWORK‚ª’§‚Şg36”N–Ú‚Ì’§íh‚É’–Úu–l‚½‚¿ˆê”­‰®‚¶‚á‚È‚¢‚æ‚Ëv,https://news.yahoo.co.jp/articles/7268725c1679e35f74e1c56dcd12033218fd8d03,6/15(–Ø) 11:00
fujitv,¡“ckiA¼‘º÷‚Æ‰ƒLƒƒƒ“ƒvIƒAƒ|‚È‚µƒƒPNGA¼]ƒgƒ‰ƒuƒ‹‚àuƒ_ƒ‚È•”•ª‚ğã‰ñ‚é‚Ù‚ÇŠy‚µ‚©‚Á‚½v,https://news.yahoo.co.jp/articles/211b0f8cfff06d0dbb5c0bda5ca72bedc5e24b6a,6/14(…) 18:02
fujitv,L––—Áq •s—Ï‘›“®‚ğÓß Š‘®––±Š‚Íu–³ŠúŒÀ‹ŞTˆ•ªv‚ğ”­•\,https://news.yahoo.co.jp/articles/342e520e9d84e260da39646c6f61b9fa55f1bc1f,6/14(…) 12:26
fujitv,’†“‡—TãÄu‚Ü‚³‚©©•ª‚ª”L‚É‚É‚á‚é‚Æ‚Ív2”N‚Ô‚èå‰‰•‘‘ä‚Å”L–ğI,https://news.yahoo.co.jp/articles/769307efa1f73453d4b517e5ed062ba2b38c1ccc,6/14(…) 4:00
fujitv,‹ÊX—T‘¾‚Ìgèì‚èƒ‰[ƒƒ“h‚ÉKis-My-Ft2‘å–‘«IB‰eŒã‚à”¢‚ª~‚Ü‚ç‚¸,https://news.yahoo.co.jp/articles/5ef11f25ba03d87e959f49cd7e33045cfa6406d4,6/14(…) 4:00
fujitv,LiSA ‘æˆêqoYŒãA‰‚ÌŒö‚ÌêIuƒXƒpƒCƒ_[ƒ}ƒ“vƒCƒxƒ“ƒg‚ÉƒTƒvƒ‰ƒCƒY“oê,https://news.yahoo.co.jp/articles/d1398c42bf5f6ce76e8bd3e8c3512928778564bc,6/13(‰Î) 22:19
fujitv,y‚ß‚´‚Ü‚µ“Æèz_–Ø—²”V‰î ÷“c’Ê‚ÌƒvƒŒƒ[ƒ“ƒgƒ`ƒ‡ƒCƒX‚É‹Á‚«,https://news.yahoo.co.jp/articles/907588863461c6901a1d3daa9543d7419138b2c8,6/13(‰Î) 18:35
fujitv,y‚ß‚´‚Ü‚µ“Æèz¼RƒPƒ“ƒCƒ`•‰¤—Ñ‚ªÂXƒg[ƒNI“¯‹½‚Ì¬R“àƒAƒi‚Íu‚ß‚®‚¹‚¥‚Ì‚à‚ ‚Á‚Äv,https://news.yahoo.co.jp/articles/27ce3e74e582b69662101b04dd9d3c45a040e6de,6/13(‰Î) 18:13
fujitv,‘å‘ò‚ ‚©‚Ëu‚à‚¤‹A‚Á‚Ä‚­‚ñ‚ÈIv•vEŒ€’c‚Ğ‚Æ‚è‚ÆgŒ‹¥Œãˆê”Ôh‚Ì‘åƒPƒ“ƒJ‚ğ”’,https://news.yahoo.co.jp/articles/3078ab087f244046422ed43759d2d9175c7a6148,6/12(Œ) 23:40
fujitv,‹g‘ò—º ‹x—{’†‚Ì‘ºã“ø˜Y‚ÉƒƒbƒZ[ƒWuˆê‚ÉƒQ[ƒ€‚â‚ëIvg“Œ‹ƒŠƒx2h‚Å‚ÌƒAƒNƒVƒ‡ƒ“‚àâ^I,https://news.yahoo.co.jp/articles/b96494987665ac553101b04eada27e13afab3d51,6/12(Œ) 23:13
fujitv,ƒhƒŠƒ{ÅVì‚Í“n•ÓãÄ‘¾~X–{T‘¾˜Y‚Ì‹¤‰‰‚ÅIuƒŠƒAƒ‹DREAM@BOYS‚¾‚Ëv‚ÆˆÓ—~,https://news.yahoo.co.jp/articles/bde49a1a9b496331da82af69392b3bc4acfb1878,6/12(Œ) 5:03
fujitv,H–’†‚ÉÈ‚ğŠO‚µ‚½ŠÔ‚É—F‚¾‚¿‚ª©•ª‚Ì˜b‚ğ‚µ‚Ä‚¢‚½‚çcˆ«Œû‚¾‚Æv‚Á‚ÄƒCƒ„‚È‹C‚¿‚É‚È‚éH,https://news.yahoo.co.jp/articles/c79f8de233b31a1d8b4e52068be7290dc7117a38,6/11(“ú) 14:37
fujitv,ãì—²–ç ”Ô‘gPEl–Œ‚ğ‘N‚â‚©‚É‰ğŒˆI·RW‘¾˜Yu‘‚­‚Ä‚µ‚å‚¤‚ª‚È‚©‚Á‚½‚ñ‚¾‚Ÿv,https://news.yahoo.co.jp/articles/b5012b57c4e1a8c3b535cbf8c649e46822c042f4,6/11(“ú) 8:01
fujitv,‰¡àV‰Äq ‘æOq‚ÌoY‚ğ•ñIu’·—Ÿ—‚Æ“¯‚¶‚­‚¨‚à‚¢‚Á‚«‚èˆ¤î‚ğ’‚®v,https://news.yahoo.co.jp/articles/1b3a57d3cafcf2650ef3705437b09f3f11bb878c,6/10(“y) 21:53
fujitv,w‚ ‚È‚½‚ª‚µ‚Ä‚­‚ê‚È‚­‚Ä‚àx—öAd–‚É”Y‚Ş—«‚Égh‚³‚éh‚Æ˜b‘èIƒZƒŠƒt‚Ü‚Æ‚ß,https://news.yahoo.co.jp/articles/095c5e9bd465a4a94469b20706dcbde5bbc535d3,6/10(“y) 20:01
fujitv,{‰êŒ’‘¾uwl‚É‚â‚³‚µ‚­x‚ª‚È‚¯‚ê‚Î¡‚Ì©•ª‚Í‚È‚¢v28Î‚Ì¡Œê‚ég‚±‚ê‚Ü‚Åh‚Æg‚±‚ê‚©‚çh,https://news.yahoo.co.jp/articles/56fe63ff4fe94a189753663b0d5f1a45f0dbe438,6/10(“y) 20:00
fujitv,¼“cŒ³‘¾ ‚Ü‚½‚à‹L‰¯‚ğ¸‚¤I“Æ“Á‚Èh‹ã‹ãh”â˜I‚Åu’j‘O‚â‚©‚ç‚¨‚à‚ë‚¢v‚Æˆê“¯‘åÎ‚¢,https://news.yahoo.co.jp/articles/3f3df01479243d713650a77dc386d5e252022364,6/9(‹à) 22:50
fujitv,L£‚·‚¸ ƒLƒXƒV[ƒ“’¼‘O‚ÉƒJƒŒ[‚àIg§ŒÀƒiƒVh‚ÌƒKƒbƒcƒŠŒnH¶Šˆ,https://news.yahoo.co.jp/articles/f511d8d74465d3fa5627e8849da7bb8f40d190be,6/9(‹à) 7:00
fujitv,GACKTu‘¼‚ÍˆêØ‚¢‚ç‚È‚¢‚Æv‚Á‚½v3”NŒğÛ‚µ‚½‰Ìè‚Ì”Ş—‚Æ‚Ì‘å—öˆ¤,https://news.yahoo.co.jp/articles/a9b412b4020073d89ecbd967503c13abd36578a8,6/9(‹à) 0:07
fujitv,y‚ß‚´‚Ü‚µ“ÆèzŠC•ó’¼l ƒ_ƒ‚¾‚Æv‚Á‚Ä‚à‚â‚Á‚Ä‚µ‚Ü‚¤u–é’†‚Ìƒ‰[ƒƒ“v,https://news.yahoo.co.jp/articles/59107e8ad78de7be9faa2c441734ea282b7644cb,6/7(…) 16:37
fujitv,y‚ß‚´‚Ü‚µ“Æèz‹Ê–ØG g’h‚³‚êh‚©‚ç‚Ì‰ğ•ú‚ğØ–],https://news.yahoo.co.jp/articles/5f3b6ddd14a1aac5e39ac1c78800ba893c22ddcd,6/7(…) 16:27
fujitv,‘å¼—˜‹óg“²‚ê‚Ì‘¶İhL£‚·‚¸‚Ì‘Šè–ğ‚Éu©•ª‚É‚Å‚«‚é‚©‚Èv,https://news.yahoo.co.jp/articles/c6f61f2327441fa8ebe4feaccaa3f286f5c26865,6/7(…) 14:21
fujitv,Rí•ƒPƒC ‘æˆêqoY‚ğ•ñI•v‚ÍA5Î”N‰º‚Ì—Œê‰ÆE—§ì’kF,https://news.yahoo.co.jp/articles/06da8335b827cd5cd50cf953bf26a7f918ebfc8a,6/7(…) 12:00
fujitv,ƒƒRƒ‰ƒ€„’N‚É‚Æ‚Á‚Ä‚à‘åØ‚ÈƒLƒbƒX‚ğc‚ ‚ A^q‚­‚ñAƒ}ƒW‚Ìƒ}ƒW‚Å‚²‚ß‚ñI,https://news.yahoo.co.jp/articles/7e2acf47d3ae00305ffc5d3956edd320a9016c79,6/7(…) 11:29
fujitv,‚½‚ñ‚Û‚ÛE”’’¹‹v”üq‚ª‘æ“ñq”DP ‚·‚Å‚ÉˆÀ’èŠú‚Å10Œ‚±‚ë‚ÉoY—\’è,https://news.yahoo.co.jp/articles/8409f5721e6d01ecadda17acef75628073677c7a,6/5(Œ) 20:01
fujitv,‚Æ‚É‚©‚­–¾‚é‚¢ˆÀ‘º ŠïÕ‚Ì•œŠˆ¨ŒˆŸ‚ÅU‚é‚à‘åŠ…ÑIu—DŸ‚Ío—ˆ‚Ü‚¹‚ñ‚Å‚µ‚½‚ªAÅ‚‚Å‚µ‚½Iv,https://news.yahoo.co.jp/articles/b125256d8e76bcf7eb550707d3abd87b0d22c565,6/5(Œ) 18:02
fujitv,Def TechASUPER BEAVERALitter Glee MonsterAINI‚ª”M‹¶ƒpƒtƒH[ƒ}ƒ“ƒXIu‚ß‚´‚Ü‚µƒeƒŒƒr30ü”NƒtƒFƒXv‘åãŒö‰‰ŠJÃ,https://news.yahoo.co.jp/articles/67580dda4e427c3fff6de57b9da5669cb80b0ebc,6/5(Œ) 9:29
fujitv,‘å’|‚Ü‚±‚Æu“Œ‹‚Å‚Íi–k–ìj•‚³‚ñA‘åã‚Å‚Íã‰ª—´‘¾˜Y‚³‚ñA‚Æ‚Á‚Ä‚à‚¨¢˜b‚É‚È‚è‚Ü‚µ‚½v,https://news.yahoo.co.jp/articles/66cb7aef602ee07950dcbf4c3c5347ebea70cb6a,6/3(“y) 7:01
fujitv,‰¡ì®—² ƒ_ƒEƒ“ƒ^ƒEƒ“‚ğƒWƒƒƒ‹ƒWƒƒƒ‹‚ÆŒÄ‚ÑŠÔˆá‚¦u“¯‚¶Œ¾—t‚Ì˜A‘±‚ÌƒRƒ“ƒr–¼‚¶‚á‚È‚¢‚Å‚·‚©v,https://news.yahoo.co.jp/articles/eed49acfdaf8e88d176a2dd134e4c32d67da82d8,6/2(‹à) 22:52
fujitv,âŒ³—T“ñg‹r–{ÜhóÜ‚Å¥}ŠÄ“Â‚ÉŠ´Óu30”N‘O‚É–Y‚ê‚Ä‚¢‚½–²‚ğŠ‚¦‚é‚±‚Æ‚ª‚Å‚«‚½v,https://news.yahoo.co.jp/articles/ccbad6020a5f08e73184231102aca942a6b41344,6/2(‹à) 20:57
fujitv,OŠÆ—æqP ƒZƒbƒNƒXƒŒƒX‚ğˆµ‚¤w‚ ‚È‚½‚ª‚µ‚Ä‚­‚ê‚È‚­‚Ä‚àx‚ÌD’²‚ÉuU‚ß‚é‚±‚Æ‚ğ‚â‚ß‚È‚­‚Ä‚æ‚©‚Á‚½v,https://news.yahoo.co.jp/articles/34c692ae059549fa106fe1e1ad540fe9e40f1e43,6/1(–Ø) 23:02
fujitv,–k‘º ŠCu’í‚ª˜”²‚©‚µ‚¿‚á‚Á‚ÄvSUPER BEAVER‚Æ‚Ì‰‘Î–Ê‚Í©‘î,https://news.yahoo.co.jp/articles/f57d765fb9952bae3c17627b53850ccceb8c5b34,6/1(–Ø) 18:55
fujitv,—ÑãÄ‘¾•¼–{K‘å –¿—F“¯m‚Ì‹¤‰‰‚Éu‚¢‚¢ˆÓ–¡‚Å•Ï‚í‚Á‚Ä‚¢‚È‚­‚ÄˆÀSv,https://news.yahoo.co.jp/articles/203f8fa126ff8f2f61d7939cd558dfcedb86f61f,6/1(–Ø) 18:18
fujitv,‡ŠOü‚ªˆê”Ô‹­‚¢‚Ì‚Í6ŒI”~‰JƒV[ƒYƒ“‚É‚È‚ºHy‚ ‚Ü‚½‚ÂI‚¨“V‹CƒRƒ‰ƒ€z,https://news.yahoo.co.jp/articles/982a0d031d340421216a1642333527e31196228e,6/1(–Ø) 10:00
fujitv,ƒhƒŠƒAƒ“‚Á‚Ä”ü–¡‚µ‚¢‚ÌH“ú–{‚Ål‹C‚ª‚È‚¢——RyÀ‰Æ‚ª‰Ê÷‰€‚Ìƒ^ƒŒƒ“ƒgEÂŒ´‚©‚ğ‚èz,https://news.yahoo.co.jp/articles/281dfa226d832fa9222d619a87261b0f8f556971,5/31(…) 18:25
fujitv,uƒNƒb‚Æ‚â‚Á‚ÄƒJƒ“Iv¼•½Œ’‚ªuƒ}ƒcƒPƒ“ƒTƒ“ƒo‡Uv‚Ì—x‚è‚ÌƒRƒc‚ğ“`ö,https://news.yahoo.co.jp/articles/9dcc5eaa773a07715cb491b4f026ca7db7c384b3,5/31(…) 18:18
fujitv,Â‹óE‰ª—F”ü {“¡—Œb‚³‚ñ‚ğ’Ç“‰‚µ¢˜f‚à“f˜Iu’N‚©‚ª–S‚­‚È‚Á‚Ä‚à•’Ê‚É‚ª—¬‚ê‚Ä‚¢‚­Œ»ÀAA‚È‚ñ‚È‚ñ‚Å‚·‚©‚Ëv,https://news.yahoo.co.jp/articles/bb16995b125a52329456ad5b316fd495c7e8fd63,5/30(‰Î) 20:02
fujitv,y‚ß‚´‚Ü‚µ“Æèz‚‹´•¶Æ•”ÂŠ_¶ Œy•”^ˆêƒAƒi‚Ìgƒjƒ“ƒ}ƒŠÎŠçh‚ÉƒLƒ…ƒ“,https://news.yahoo.co.jp/articles/c99c280453c33b689d38782b1b3ae06ae7b59f1f,5/30(‰Î) 19:11
fujitv,‹vŠÔ“c—Ô‰Áu‹C•t‚¢‚½‚ç‰¡‚É‚È‚Á‚ÄQ‚Ä‚¢‚½vˆäã‹H‚Ì’´c”O’jq‚Èp‚ğ–ÚŒ‚,https://news.yahoo.co.jp/articles/ff7e716441820f9116bfdcfe38785879938aee48,5/29(Œ) 21:55
fujitv,y‚ß‚´‚Ü‚µ“Æèz™ç‰ÔuŒ¾‚í‚ê‚Ä‚È‚¢Iv_–Ø—²”V‰î‚ÌƒeƒLƒg[”­Œ¾‚É‚½‚¶‚½‚¶,https://news.yahoo.co.jp/articles/847dcbbeb680c7cd536d4f7a53e63abc633dc812,5/29(Œ) 21:34
fujitv,“Á•Ê—{q‰‘g§“x‚ªu“Á•Êv‚Å‚Í‚È‚­u•’Êv‚Éó‚¯“ü‚ê‚ç‚ê‚éĞ‰ï‚É‚È‚é‚½‚ß‚É,https://news.yahoo.co.jp/articles/e98cece9f21704e9186ed5b979b6e335611f811e,5/28(“ú) 15:48
fujitv,¼•½Œ’uƒ}ƒcƒPƒ“ƒJƒtƒFv‚É~—ÕI‚ ‚Ü‚è‚Ìl‹C‚Éu•sv‹c‚Å‚·v,https://news.yahoo.co.jp/articles/22747486279820c71496378b7c4387368fe8baf7,5/26(‹à) 20:11
fujitv,Œ|”\ŠE‹üw‚Ìg“÷ƒ}ƒjƒAhEXILE SHOKICHIIƒƒ“ƒo[‚ğ“÷‚Ì•”ˆÊ‚É—á‚¦‚½‚çcuAKIRA‚³‚ñ‚ÍƒŠƒuƒ[ƒXv,https://news.yahoo.co.jp/articles/f1ba46ecf4e2cb9d6bbc7dcbd4e68741ea8fc68a,5/26(‹à) 18:07
fujitv,‚‹´–Î—Y ´…‚İ‚³‚Æ‚Æ‚Ì‹“®‚ğ•ñuƒXƒs[ƒh‹ƒ‚«‚Å‚İ‚ñ‚È‚ÉÎ‚Á‚Ä‚à‚ç‚¢‚Ü‚µ‚½v,https://news.yahoo.co.jp/articles/cb85951fcedaa902685c92a5327f4343d2feb305,5/26(‹à) 18:03
fujitv,ƒ[ƒ‰ƒ“ƒh ƒzƒXƒgŠE‚Ì’é‰¤ƒLƒƒƒ‰‚ª•ö‰óIH—S‚ğ—‰ğ‚·‚é‚½‚ßuáÒ‚Æ‚ÌÚ‚µ•û‹³–{v‚ğˆ¤“Ç,https://news.yahoo.co.jp/articles/8400e6fc109037fa7680ddc64507560946c32147,5/26(‹à) 17:45
fujitv,y‚ß‚´‚Ü‚µ“ÆèzçŒ´ƒWƒ…ƒjƒAuw‚Ç‚±‚Å”ƒ‚Á‚½Hx‚Æ•·‚¢‚½‚çcvŠƒWƒ‡[ƒW‚ÌƒT[ƒrƒX¸_‚É‹Á‚«,https://news.yahoo.co.jp/articles/ac4781dd723e663f9108bf3155a83d0587cff296,5/26(‹à) 17:29
fujitv,ƒWƒƒƒj[ƒYJr.“àƒ†ƒjƒbƒgSpeciaL‚Ì˜a“c—DŠó 2“x–Ú‚Ìå‰‰•‘‘ä‚Éuv‚Á‚Ä‚¢‚½‚æ‚è‚à””{A“‘¾˜Y‚¾‚Á‚½v,https://news.yahoo.co.jp/articles/887b4af139b07cfce9e2266cc6ccbb3d0788b927,5/26(‹à) 17:13
fujitv,ƒWƒƒƒj[ƒY––±ŠuS‚ÌƒPƒA‘Š’k‘‹Œû‚ÌŠJİvuŠO•”ê–å‰Æ‚É‚æ‚éÄ”­–h~“Á•Êƒ`[ƒ€‚Ìİ’uvuĞŠOæ’÷–ğv‚ğ”­•\,https://news.yahoo.co.jp/articles/777d079810e509756d04f991ff024541e7847179,5/26(‹à) 17:03
fujitv,’j“¬ŒÄ‘g‚ª‘S‘ƒcƒA[ˆ¤’mŒö‰‰‚Åu–é‹óƒmƒ€ƒRƒEv‚ğƒTƒvƒ‰ƒCƒY”â˜IIƒAƒ“ƒR[ƒ‹‚É‚Í’†‹³L‚ª“oê,https://news.yahoo.co.jp/articles/5e7d285e377f4d3c32fa83a1858e6ef8b7a7fbcf,5/25(–Ø) 23:07
fujitv,y‚ß‚´‚Ü‚µ“Æèzu‚Ş‚¿‚á‚­‚¿‚áŒ¾‚¤‚È‚æIv‚¨‚¢‚Å‚â‚·¬“c‚ÌgˆÅ‰c‹Æ‹^˜fh‚ğ¼”öx‚ª”’,https://news.yahoo.co.jp/articles/721eaa3224b61594a695922da5d4969a7ae405b5,5/25(–Ø) 18:21
fujitv,ƒMƒƒƒƒbƒvE—ÑŒ’‚ªˆê”Ê—«‚ÆŒ‹¥IuŒˆŸ‚É‚·‚çi‚ñ‚Å‚È‚¢ó‘Ô‚Å‚Ì“üĞv,https://news.yahoo.co.jp/articles/98c6a24e96136cfe09d627e6c6088e7d3dee2e29,5/25(–Ø) 11:06
fujitv,LDH‚ÌŸ‘ã‚ğ’S‚¤PSYCHIC FEVER u–²‚ÉŒü‚¯‚Ä–¾Šm‚Éi‚Ş“¹‚ªŒ©‚¦‚½vƒ^ƒC‚Å‚Ì•ÒCs‚ÅŠ´‚¶‚½¬’·,https://news.yahoo.co.jp/articles/9becdff4c773c50635cf3324414b6f677901f3c7,5/25(–Ø) 7:00
fujitv,sì‰”V•‚Ì‘ã–ğ‚Í’†‘ºˆë‘¾˜Yu˜ZŒ‘å‰Ì•‘Šêv‚Åsì’†Ô‚Æ•v•w–ğ,https://news.yahoo.co.jp/articles/9b4ac82e7186bf655d91f01fe84f33ccbb7b634d,5/24(…) 20:51
fujitv,Vì”¿—§u‚¢‚Â‚©‘‚«‚½‚¢vŒöæˆÏAƒhƒ‰ƒ}P‚Æ‚Ì§’k‰ï‚Åu‹£‘ˆ‚Ì”Ôlv‚Ì‘±•Ò§ì‚ÖˆÓ—~,https://news.yahoo.co.jp/articles/0c2a0289d50b59e28f1eafd6897e3e10995942fb,5/24(…) 20:01
fujitv,y‚ß‚´‚Ü‚µ“Æèz’r“c”ü—Du•—ğj‚É‚È‚ç‚È‚¢‚æ‚¤‚Écv•v•w‚Ì22”NŒã—\‘z‚É‘å‘qm–å‚ª‘åQ‚Ä,https://news.yahoo.co.jp/articles/02c45b895c2013c287dca104bce996596544a1b4,5/23(‰Î) 18:56
fujitv,ŒE’Ëˆ¤—¬ •ƒE—m‰î‚ÌƒŒƒWƒFƒ“ƒh“Iì•i‚ÌÄƒu[ƒ€‚Éu“¯¢‘ã‚ªƒŠƒXƒyƒNƒg‚µ‚Ä‚­‚ê‚é‚Ì‚Í‚¤‚ê‚µ‚¢v,https://news.yahoo.co.jp/articles/1c0ab27fe096bec6d77719adc1bdcd8dbbc5d60f,5/22(Œ) 20:02
fujitv,ƒMƒƒƒƒbƒvwTHE SECONDx‰‘ã‰¤Ò‚ÉIŠ´Œƒ‚à‚Â‚©‚ÌŠÔA¼–{lu‚©‚ç‚Ìƒ_ƒo‚µ‚Ég”½Èh,https://news.yahoo.co.jp/articles/91e99d72a236f6e161de8f0593f83a60bd0543cf,5/21(“ú) 8:01
fujitv,‰®•~—T­ ƒ‰ƒuƒzƒp[ƒeƒB–\˜I‚ÉÔ–Êu‰œ‚³‚ñŒ©‚Ä‚Ü‚¤‚ñ‚ÅA‚±‚êv,https://news.yahoo.co.jp/articles/b87194631ebcc520bca4f6e2fc4baa4f21f0c9c0,5/20(“y) 12:02
fujitv,’†‘º—Ï–ç~ˆÉ“¡¹ä»~“ú‘º—E‹I~•¿–{¶ 4l‚ÅH–‚ğ‚·‚é‚È‚çu“ú‘º‰Æ‚ÅÄ‚«“÷Iv,https://news.yahoo.co.jp/articles/34e35d664dac6f91a3ab62aabfc6a4318e87f6a0,5/20(“y) 6:00
fujitv,‰ª“cyˆê L––—Áq‚Égyh‚Ìš‚ğŠÔˆá‚í‚êugh‚Á‚Ä‚È‚¢‚©‚çIv,https://news.yahoo.co.jp/articles/7f0222959372e5203c27c8ea2699b29806ce4a3e,5/19(‹à) 20:36
fujitv,”öã¼–çu‚ ‚ÌhƒNƒ\ƒvƒŠƒ“ƒXh‚ªIvRèˆçO˜Y‚Éˆêu‚ÅS‚ğ•Â‚´‚µ‚½o—ˆ–,https://news.yahoo.co.jp/articles/9f9663c70ea52ce91ff479b7f1c36871c069dfd0,5/18(–Ø) 23:40
fujitv,’†–ìMqu‚±‚Ìc“‚ÈŒ»À‚ÉA‰Ê‚½‚µ‚Ä«‘Pà‚¾‚¯‚Å‘Î›³‚µ‚Ä‚¢‚¯‚é‚©vlŠÔ‚ÌˆÅA”]‚ÌgˆÃ•”h‚É’…–Ú‚·‚é——R,https://news.yahoo.co.jp/articles/cd797d369a056a35529952ce89fb585c898789dc,5/18(–Ø) 20:58
fujitv,y‚ß‚´‚Ü‚µ“ÆèzXµØ‚Ìg”é–§Šî’nh‚Í—F’B‚Ì•”‰®IƒGƒ‚‚¢ƒGƒsƒ\[ƒh‚É‰œ•½‘åŒ“‚à‹Á‚«,https://news.yahoo.co.jp/articles/61786e05cb3d9a1742eb5cd2ebacfcc3b03cf2bd,5/18(–Ø) 18:41
fujitv,ŒN“‡\˜aquŠÒ—ï‚Í©•ª‚É‚Í–³‰‚¾‚Æv‚Á‚Ä‚¢‚½v˜V‚¢AX”NŠúA•v‚ğŒê‚é,https://news.yahoo.co.jp/articles/90a065fb0bc9d092643a8486e9f1d78dee3b2f21,5/18(–Ø) 15:01
fujitv,‹ß“¡^•F 4ŠÔ”¼‚Ìèp¬Œ÷•‘Ş‰@‚ğ•ñu‚±‚Ì‚¨‚¶‚³‚ñ‚Ü‚½ƒpƒ[ƒAƒbƒv‚µ‚Ü‚µ‚½IvyƒRƒƒ“ƒg‘S•¶z,https://news.yahoo.co.jp/articles/f6ae1780a61a408ae929d1d2caffc0626f6a608d,5/18(–Ø) 11:57
fujitv,”ª–Ø—Eªuˆê¶–¡•û‚¾‚µA‚»‚Î‚É‚¢‚Ü‚·vƒtƒ@ƒ“‚Ö‚Ìˆ¤‚ÆÊ^WuCONTACTv‚ğŒê‚é,https://news.yahoo.co.jp/articles/721e10b3471678e18f3b486eb347a13f30f770cf,5/17(…) 20:03
fujitv,‰ª“cyˆêu‹~‚í‚ê‚½v‚¢‚ª‚ ‚év —‚¿‚ñ‚Å‚¢‚éŠú‚Éu“Á•Êå‰‰’j—DÜvóÜ,https://news.yahoo.co.jp/articles/9824119631645d2f0433aa0745901ada47803234,5/16(‰Î) 22:20
fujitv,£ŒËNj•R–{”üŒ‚É‘æˆêq’a¶uŠ´“®‚µA—Ü‚µ‚Ü‚µ‚½vuK‚¹‚È“úX‚ğ‘—‚Á‚Ä‚¨‚è‚Ü‚·v,https://news.yahoo.co.jp/articles/5cd84c8f014243cedcfe531debdaa3250cd49ee6,5/16(‰Î) 18:13
fujitv,u‘å‹v•Û‚³‚ñ‚©‚ç‚¨“yY‚ğ•Ô‚³‚ê‚Ävˆ¸ì”ü•äq‚ª‚¨“yY‹°•|Ç‚É‚È‚Á‚½‚«‚Á‚©‚¯,https://news.yahoo.co.jp/articles/1ad84d9bed3671611385c7cbb7cd23d240392f70,5/14(“ú) 20:07
fujitv,“VŠC—SŠóAâ–{¹sA–]ŠC•—“l‚ç‚ªóÜIu‘æ48‰ñ‹e“cˆê•v‰‰Œ€Üv,https://news.yahoo.co.jp/articles/04c966bb716b905f692f587816ebc03dcc7f3c30,5/13(“y) 5:00
fujitv,R—¢—º‘¾ ‚Ë‚Â‘¢ƒCƒ“ƒ^ƒrƒ…[‚Éâ‹©Iui•ñ“¹Eî•ñ”Ô‘g‚ÍjƒEƒ\‚Î‚Á‚©‚èvud–‚Í‚·‚×‚Ä‹à‚Ì‚½‚ßv,https://news.yahoo.co.jp/articles/1694345f2f211e35d38706104403c5e81fac8edd,5/12(‹à) 23:40
fujitv,ˆäã‹H u‚ß‚¿‚á‚­‚¿‚á‰R‚Â‚¢‚Ä‚é‚æv”‹Œ´—˜‹v‚ÌhÅ‰‚©‚çÅŒã‚Ü‚ÅƒN[ƒ‹h”­Œ¾‚É”½˜_,https://news.yahoo.co.jp/articles/6defaacff1db96ffa53cb9e3aae0889df4f8bdd6,5/12(‹à) 21:30
fujitv,âã”EuŠç‚ªƒhƒ“ƒsƒVƒƒB‚¢‚Ü‚¾‚É‰Âˆ¤‚¢‚Æv‚¤vŒğÛ13”NˆÈãI14Î”N‰º”Ş—‚Æ‚Ì„¶Šˆ,https://news.yahoo.co.jp/articles/d65f61c1534540138bf5cf4c5da711957b8dce04,5/12(‹à) 12:00
fujitv,‰Á“¡’ƒ ƒUEƒhƒŠƒtƒ^[ƒY‚Ìƒƒ“ƒo[‚ÌŒ|–¼‚Í‚·‚×‚Äu…‚ÉŠÖŒW‚µ‚Ä‚¢‚év,https://news.yahoo.co.jp/articles/7564b5d6a3a6b4432b0ff29c6860818564a4dae8,5/12(‹à) 11:50
fujitv,¶“c“l^u‰´‚Ì‰J’jƒpƒ[‚ªƒSƒŠƒSƒŠŸ‚Á‚Ä‚µ‚Ü‚Á‚½v‹¤‰‰Ò‚©‚çg‰J’jh”F’è,https://news.yahoo.co.jp/articles/d5bf22a7665ca8caa85a790cc994443443ebd50a,5/11(–Ø) 21:49
fujitv,ˆäã‹H~‹vŠÔ“c—Ô‰Á~”‹Œ´—˜‹v~óì—œ“Ş SPƒg[ƒNI‰f‰æu‚¨‚Æ‚È‚È‚¶‚İv‚ÌŒ»ê‚ÍuÂt‚¾‚Á‚½v,https://news.yahoo.co.jp/articles/6b402dc9b3ffb525e8ce6899e90f9819108b3cf4,5/11(–Ø) 7:04
fujitv,ˆäã‹H~‹vŠÔ“c—Ô‰Á~”‹Œ´—˜‹v~óì—œ“Ş SPƒg[ƒNI‰f‰æu‚¨‚Æ‚È‚È‚¶‚İv‚ÌŒ»ê‚ÍuÂt‚¾‚Á‚½v,https://news.yahoo.co.jp/articles/67aa43c2725f97f7274d4a4724358297d918639b,5/11(–Ø) 7:00
fujitv,’·àV‚Ü‚³‚İuƒeƒŒƒr‚Ì¢ŠE‚Å‚â‚Á‚Ä‚«‚Ä‚æ‚©‚Á‚½vwƒGƒ‹ƒsƒXxå‰‰‚Åg‹´“cÜh‚ğóÜI,https://news.yahoo.co.jp/articles/4c7c0b131a208fb889c6c2efbb74f0d47c656167,5/10(…) 21:29
fujitv,ŒE’Ë—m‰î ˆ¤—¬‚Ìu’¹‚É‚È‚è‚½‚¢v”­Œ¾‚Éu‚â‚ß‚È‚³‚¢I‚¨•ƒ‚³‚ñ‚Í”ò‚×‚È‚©‚Á‚½‚ñ‚¾‚©‚çv‚Æ©‹s,https://news.yahoo.co.jp/articles/00dae8cc1b2ce958ed4bb21880cec3efd70ad9c3,5/10(…) 20:00
fujitv,VlÜ‚É–Ú•˜@‚ª‘IoIu‹´“cÜv‚Íwsilentx‚Ã‚­‚µul¶‚ÌŒoŒ±‚ğA‚Ü‚½ˆê‚Â‘‚â‚·‚±‚Æ‚ª‚Å‚«‚½v,https://news.yahoo.co.jp/articles/b3ea03fcd82269d2451ca7af7bd7872e1166b4da,5/10(…) 19:58
fujitv,AdouŒ³‹C‚ª‚È‚¢‚Æ‚«‚É‚àè‚ğ·‚µL‚×‚Ä‚­‚ê‚évV‹Èu‚¢‚Î‚çv‚ğŒê‚é,https://news.yahoo.co.jp/articles/2d181e490698f2039d3295c27482f2566fded566,5/10(…) 4:11
fujitv,ˆÀ“¡ƒTƒNƒ‰ q–ğ‚Ì‰‰‹Z‚ÉŠ´—Üu¶‚Ü‚ê‚Ä—ˆ‚Ä‚­‚ê‚Ä‚ ‚è‚ª‚Æ‚¤Iv,https://news.yahoo.co.jp/articles/5c4b5da80a52ed1637e6809e25735a2c80dacce6,5/9(‰Î) 14:46
fujitv,¥}—T˜a&âŒ³—T“ñ‚Ìƒ^ƒbƒO‚ªÀŒ»IˆÀ“¡ƒTƒNƒ‰u‘z‘œ‚ğ—y‚©‚É’´‚¦‚éì•iv,https://news.yahoo.co.jp/articles/fa9c2e9a296a5a37722f8b240a2bc21089d312a2,5/8(Œ) 21:47
fujitv,–L“c—T‘å “²‚ê‚Ìæ”y‚Æ‚Ì‹¤‰‰‚Éu‚·‚×‚Ä‚ªgŠïÕ‚Ì˜A‘±h‚Ì‚æ‚¤vy„‚µ™ƒƒ“z,https://news.yahoo.co.jp/articles/6fad7c010b11be2ba689299b0467d0ef44ac362e,5/7(“ú) 6:01
fujitv,”ª–Ø—Eªu—Üo‚Ä‚«‚¿‚á‚Á‚½vƒo[ƒXƒf[ƒTƒvƒ‰ƒCƒY‚Å“oê‚Ì£Œûêt–í‚Æ”M‚¢•ø—i,https://news.yahoo.co.jp/articles/f62a95dac18ab9d85661a0c0301d78363475412d,5/6(“y) 15:41
fujitv,y•ó’ËOGŒ€êzãYçˆ¤—¢uSLAM DUNKv‚É‘åŠ´“®IuƒXƒ|[ƒc‚±‚»¶‚ÌƒGƒ“ƒ^[ƒeƒCƒ“ƒƒ“ƒgv,https://news.yahoo.co.jp/articles/c921efd97f1d7c61f4ca76e65ad89db6d8bb4e5f,5/6(“y) 12:02
fujitv,y•ó’ËOGŒ€êzãYçˆ¤—¢u©•ª‚ğ‘Å‚¿”j‚Á‚ÄA’–“Ë–Òi‚É¶‚«‚½‚¢vƒsƒ…ƒA‚ÈƒqƒƒCƒ“–ğ‚ÉˆÓ‹C‚İ,https://news.yahoo.co.jp/articles/2cb9086c6b32835996627711af1b3d4ddd183e22,5/5(‹à) 12:00
fujitv,ŒË“cŒb—œ ‘æˆêqoY‚ğ•ñuV‚µ‚¢–½‚ğ–Ú‚Ì‘O‚ÉAS‚ğ“®‚©‚³‚ê‚é“úXv¼â“—›‚àu‚±‚Ìã‚È‚¢Šì‚Ñv,https://news.yahoo.co.jp/articles/902a5c9fbfe8d99c6eaa905b5783153aefda9bbc,5/4(–Ø) 19:45
fujitv,sìš£q ‰Ì•‘ŠêŠEƒTƒ‰ƒuƒŒƒbƒh‚ÌgŒÃ“Th‚Ö‚Ìî”M uƒ^ƒCƒ€ƒXƒŠƒbƒv‚µ‚Ä]ŒË‚Ìl‚É‚È‚è‚½‚¢v,https://news.yahoo.co.jp/articles/864b5bdbf7740f6fea15125f322772a6065dbadf,5/4(–Ø) 15:02
fujitv,–÷G‘¾ 13”N‚Ô‚èå‰‰•‘‘ä‚ªŠJ–‹IÀ’·‚ÌS“¾‚Íu©‘R‘Ì‚ÅA‚â‚é‚×‚«‚±‚Æ‚ğ‚â‚év,https://news.yahoo.co.jp/articles/8e2ba6221c19e199d70f7d16653aee9a6cb90106,5/2(‰Î) 12:02
fujitv,–÷G‘¾u”ª‰³—Œõ‚ÉƒEƒCƒ“ƒN‚ğ‚©‚Ü‚µ‚½vå‰‰ƒ~ƒ…[ƒWƒJƒ‹13”N‘O‚Ìv‚¢o‚ÉÎŠç,https://news.yahoo.co.jp/articles/ceb6344788b04985a1b4e3ff100cdbb45457bd26,5/2(‰Î) 4:00
fujitv,‚‹´‹±•½uç‹P‚ÍƒIƒŒ‚Ì¶‚«—lvå‰‰ì‚Ö‚Ìv‚¢‚ğ‘‚É‚µ‚½‚½‚ß‚é,https://news.yahoo.co.jp/articles/4d9103cffbf074f3dd354173c20b78bcdc9c6f40,5/1(Œ) 20:35
fujitv,²“¡Š°”V•R–{~ˆê‚ªA‘G‚ÌƒXƒe[ƒW‚ÉƒQƒXƒgo‰‰I“ñ‚Â‚ÌƒOƒ‹[ƒv‚ªŠ_ª‚ğ’´‚¦‚Ä,https://news.yahoo.co.jp/articles/f10431da087fbc9083d036692401a233b6ea7178,5/1(Œ) 20:01
fujitv,’†ğ‚ ‚â‚İ ITŠé‹ÆĞ’·‚ÆŒ‹¥u‰‚ß‚Äo‰ï‚Á‚½‚©‚çˆÀSŠ´‚ª‚ ‚èA‘¸Œh‚µ‚Ä‚¢‚é•ûv,https://news.yahoo.co.jp/articles/cc9ec72ae06adad42a471e9b6212e6440a591560,5/1(Œ) 19:34
fujitv,—³Šª’ˆÓî•ñu‚Ğ‚å‚¤’ˆÓ•ñvIHy‚ ‚Ü‚½‚ÂI‚¨“V‹CƒRƒ‰ƒ€z,https://news.yahoo.co.jp/articles/3eada30b12d439159cfa064ea6d27c956132db4a,5/1(Œ) 18:01
fujitv,‘º£•àw‰¤—lƒ‰ƒ“ƒLƒ“ƒOxƒJƒQ‚Ì¬’·‚Ô‚è‚ÉŠ´Œƒu©•ª‚É‚à’Ç‚¢‚Â‚¯‚È‚¢v yº—DFILE.z,https://news.yahoo.co.jp/articles/6991b8cbfbcee2d13508418ddd1c4d328ca414e1,5/1(Œ) 14:00
fujitv,ˆäŒû_”V –â‘è‚¾‚ç‚¯‚Ìæ”yŒ|l‚ğ‚Ô‚Á‚½a‚éIuHƒŒƒ|‚ª•@‚É‚Â‚¢‚½vu‚à‚Æ‚à‚Æl‹CÒ‚¶‚á‚È‚©‚Á‚½v,https://news.yahoo.co.jp/articles/25fc01d7993363921beb681f1f9a56b7d0ae5d0a,4/30(“ú) 20:50
fujitv,EXILE SHOKICHI Ä“÷“X‚ÉŒ15‰ñs‚­‚àuEXILE‚Ìƒvƒ‰ƒCƒh‚ÅA‘¾‚ç‚È‚¢‚æ‚¤‚Év,https://news.yahoo.co.jp/articles/b5e670be34c5e0bdae1a13d93c92fa2194465d0f,4/29(“y) 14:40
fujitv,’†ìãÄqu‚¨‰Å‚És‚«‚Ü‚·Iv“¯”N‘ã’j«‚Æ‚ÌŒ‹¥‚ğ”­•\,https://news.yahoo.co.jp/articles/3df5e426151671f9ea2cc6f2b936ecfb71b4286b,4/28(‹à) 11:43
fujitv,²X–ØŠó ‘æ“ñqoY‚ğ”­•\u“ö‚â‚©‚È“úX‚ğ‰ß‚²‚µ‚Ä‚¢‚Ü‚·v,https://news.yahoo.co.jp/articles/65aa2f00c843f872201c26147fb4ad04d19f838b,4/27(–Ø) 17:45
fujitv,‰ª“cyˆêw–ØX’ÃƒLƒƒƒbƒcƒAƒCx‚âwSPx‚Ì‚æ‚¤‚Éu‚¢‚¢“õ‚¢‚ª‚µ‚½v“¡ˆä“¹l‘g‚É‰Q‰Á,https://news.yahoo.co.jp/articles/66c16fc7959c05f1cbfd753351d5d40dd1d791ec,4/26(…) 21:17
fujitv,ˆ¤Œ´À‰Ô ˆê”Ê’j«‚Æ‚ÌŒ‹¥‚ğ”­•\ul‚Æ‚µ‚Ä‚à¬’·‚µ‚Ä‚¢‚«‚½‚¢vƒƒRƒƒ“ƒg‘S•¶„,https://news.yahoo.co.jp/articles/dc3401f2e85c9da72900c5d8c608756834a3ebcf,4/23(“ú) 20:01
fujitv,•ŸŒ´—y ƒCƒxƒ“ƒg‚ÅƒJƒƒ‰ƒ}ƒ“‚É_‘Î‰g23Îh‚ª‚Â‚Ü‚Á‚½Ê^W‚Í100“_–“_,https://news.yahoo.co.jp/articles/4d7e228e28daf5fc31d42863e797477507aa2ea9,4/23(“ú) 19:40
fujitv,—é–Ø—º•½‚Ìg‚¿‚å‚Á‚Æ‚µ‚½”é–§hu•K‚¸‚Â‚Ô‚µ‚ÄH‚×‚éˆÓŠO‚È‚à‚Ìv‚É’ç^ˆê‚çˆ ‘Ry‚ß‚´‚Ü‚µ“Æèz,https://news.yahoo.co.jp/articles/e194f7c1c27e46f3c2022469507ba71abcc885e5,4/22(“y) 22:14
fujitv,”ª–ØˆŸŠóqu‚«‚å‚¤‚Ì‚í‚ñ‚±vŠJn‚É”½‘Î‚¾‚Á‚½IHw‚ß‚´‚Ü‚µƒeƒŒƒrx30”N–Ú‚ğU‚è•Ô‚é,https://news.yahoo.co.jp/articles/7a7e2dc3e61035b7dc20a8b0d6868f7cecada781,4/22(“y) 20:01
fujitv,ˆîŠ_Œá˜Y SMAP‚Ìƒƒ“ƒo[‚Ìd–‚ÍuŒ©‚éB‚»‚ê‚Í‹C‚É‚È‚é‚æ‚ËB‚¸‚Á‚Æˆê‚É‚â‚Á‚Ä‚«‚½‚©‚çv,https://news.yahoo.co.jp/articles/b01705ca3bdad75b48ea3d66e469712f3cea7128,4/21(‹à) 22:50
fujitv,–k‘º ŠC ƒoƒfƒB–ğ‚Ì‚™^’ˆ‚Íuƒvƒ‰ƒCƒx[ƒg‚Å‚à‘Š–_‚Å‚·v,https://news.yahoo.co.jp/articles/9b78f813bb4831bda26bd02ce1a6440752f871ce,4/21(‹à) 21:23
fujitv,X“c“N–î ƒŒƒMƒ…ƒ‰[17–{•”N¤3‰­‰~‚Å—ö‚·‚é‰ÉƒiƒVIu”Ş—‚Æ‚ÌŠÔ‚Í‰½‚à¶‚İo‚³‚È‚¢v,https://news.yahoo.co.jp/articles/ea46a8895c2e897cc77c8861ab30ee8d7d67baea,4/21(‹à) 20:02
fujitv,“úŒü–¢“ìw‰¤—lƒ‰ƒ“ƒLƒ“ƒOxƒ{ƒbƒW–ğ‚ÉƒvƒŒƒbƒVƒƒ[u‚Í‚¶‚ß‚Ì‚±‚ë‚ÍƒAƒtƒŒƒR‚És‚­‚Ì‚ª•|‚©‚Á‚½vyº—DFILE.z,https://news.yahoo.co.jp/articles/1d22767d2c64884ff8d214cbd7545274b0b58b3b,4/20(–Ø) 20:02
fujitv,–Ø‘º‘ñÆ CMB‰e‚Åƒ€ƒ`ƒƒ‚Ô‚è‚ğ˜A”­‚³‚êu”ñí‚É’p‚¸‚©‚µ‚©‚Á‚½v,https://news.yahoo.co.jp/articles/5d47e075553a48d13d400c53beb47fb89cadadbc,4/20(–Ø) 15:15
fujitv,EBiDAN‚ªƒtƒ@ƒ“‚Æˆê‚ÉŒb”äõ‚ÌŠX‚ğƒNƒŠ[ƒ“ƒAƒbƒvIuŠX‚É‚à‚Á‚Æˆ¤’…‚ª‚í‚¢‚½v,https://news.yahoo.co.jp/articles/d2be761e515d857c85c35530947ce099ad6eca2a,4/19(…) 20:03
fujitv,^“cƒiƒIƒL t E‹gŠôO‚ÉTŠ§ƒlƒ^‚ğƒCƒW‚ç‚ê—â‚âŠ¾‚àA½À‘Î‰I,https://news.yahoo.co.jp/articles/96bb851a2bddabde1eda8e752d839cd2a2e49b43,4/19(…) 17:15
fujitv,‚ä‚¸ADa-iCEACreepy NutsAJO1‚ªu‰ÄFv‚ğ‘å‡¥I”M‹¶‚Ìu‚ß‚´‚Ü‚µƒeƒŒƒr30ü”NƒtƒFƒXvŠJÃ,https://news.yahoo.co.jp/articles/d8f983d79fe6d13c3fbb2b0c123656f6eefdeb23,4/18(‰Î) 20:00
fujitv,“n•ÓãÄ‘¾ ”ü—eCM‚É‰‚Ì’P“Æo‰‰I’E–Ñ‚É˜A‚ê‚Ä‚¢‚«‚½‚¢ƒƒ“ƒo[‚ÍH,https://news.yahoo.co.jp/articles/bbe94738a9133c4f5e99e9596e800ce51c211d23,4/18(‰Î) 13:28
fujitv,‘ºdˆÇ“Şu¶‚«‚Ä‚éŒÀ‚èƒ€[ƒhƒ[ƒJ[Iví‚É100“‘S—Í‚Ì‚í‚¯,https://news.yahoo.co.jp/articles/f4f574f5d7b764fc28827698fb9f37a85b02074e,4/17(Œ) 5:30
fujitv,–k–ì•‚ª•`‚­g–{”\›‚Ì•ÏhI\‘z30”N‚Å‚Â‚¢‚ÉÀŒ»u‚±‚¤‚¢‚¤Œ©•û‚à‚ ‚é‚Æ‚¢‚¤‚Ì‚ğ“`‚¦‚½‚¢v,https://news.yahoo.co.jp/articles/b3f5977f8a6f33716a4fc51f01ef03bd94c4f30a,4/15(“y) 20:00
fujitv,’Ã“c“ÄG‚Ì•ê‚ªEêQŠÏIMC‚²‚ñ‚Ì‚·‚¯‚Æƒ‰ƒbƒvƒoƒgƒ‹‚Åuƒ‰ƒuƒ‰ƒuƒ‰ƒuƒ‰ƒuƒ‰ƒuƒs[ƒXôv,https://news.yahoo.co.jp/articles/138cd35d9043a1c4a3510ccb9d7e50bfa6ea067a,4/14(‹à) 23:40
fujitv,“c’†÷ ¡Œã‚à•êe‚Æˆê‚É‚¨•—˜C‚É“ü‚é‚©‚Æ–â‚í‚êu“ü‚è‚½‚­c‚È‚­‚Í‚È‚¢‚Å‚·v,https://news.yahoo.co.jp/articles/05e1fce220b863f3b32a81716b2e74a71c920391,4/14(‹à) 22:50
fujitv,g‚ ‚È‚µ‚ÄhŒ»ê‚Å“Ş‚Í‚Ç‚ñ‚ÈlH ‰iR‰l‘¾AŠâ“c„“T‚ç‚©‚çƒGƒsƒ\[ƒh‘±XI,https://news.yahoo.co.jp/articles/26ff8aef88c56e1b72866e6d75b08d4e4656a496,4/13(–Ø) 19:01
fujitv,“ñ‹{˜a–ç ƒWƒƒ‚É‚Ì‰CM‚Éu‚Ü‚³‚©’†ŠÛ—Yˆê‚ª’x‚µ‚½‚Æ‚Ív‚¦‚È‚¢dã‚ª‚èv,https://news.yahoo.co.jp/articles/6116b3331a9002239d2d3ebb86e6417223bb24dc,4/13(–Ø) 13:38
fujitv,’‡‘ºƒgƒIƒ‹uƒVƒƒƒ“ƒv[‚Ì‹l‚ß‘Ö‚¦—pƒpƒbƒN‚ªv‚ ‚è“¾‚È‚¢‚Æv‚Á‚½ƒGƒsƒ\[ƒh‚ğ”M•Ù,https://news.yahoo.co.jp/articles/68cfc68d389c1d20643136c8f4bd5cd34d7a4063,4/11(‰Î) 17:36
fujitv,’†‘º—Ï–çu‚ ‚è‚ª‚Æ‚¤‚²‚´‚¢‚Ü‚·vg‚¢‚¢‚Æ‚àI•—hŒ‹¥j•Ÿ‚ÉÎŠç,https://news.yahoo.co.jp/articles/0f2622cea57c32993e24bb11cb68589506482bd7,4/11(‰Î) 15:17
fujitv,“°–{Œõˆê “°–{„‚Ì’a¶“ú‚ğu–Y‚ê‚é‚í‚¯‚È‚¢‚¶‚á‚È‚¢‚Å‚·‚©Ivå‰‰ƒ~ƒ…[ƒWƒJƒ‹ŠJ–‹‚ÆW‚Å‚¨j‚¢,https://news.yahoo.co.jp/articles/2371219f3065d03f7f60c791d7874ac82f20c49d,4/11(‰Î) 11:51
fujitv,KinKi KidsA–Ø‘º‘ñÆ‚Ìƒnƒ“ƒo[ƒK[‚Ì‚¿•û‚É“²‚ê‚é‚àu‚¨ŒZ‚³‚ñ‚¾‚©‚çƒJƒbƒR‚¢‚¢v,https://news.yahoo.co.jp/articles/32d23c16611c0dda265f1048bf206529c7224151,4/11(‰Î) 6:04
fujitv,ƒqƒRƒƒq[ ŠÛ10”NÜƒŒ[ƒX‚É’§‚Ş‚àu‰‚ª‚È‚©‚Á‚½B‚Å‚àAƒlƒ^‚ğì‚é‚Ì‚Íˆê¶Šy‚µ‚¢v,https://news.yahoo.co.jp/articles/8efc3b447ab8a3fb1f826cf6fb2b74ba62d8027d,4/10(Œ) 20:30
fujitv,ˆ¢•”‰Ø–çq –Ø‘º‘ñÆ‚Ì‹@“]‚Å”Ò‰ñu‰÷‚µ‚­‚Ä‹ƒ‚«‚È‚ª‚ç‹A‚é‚Æ‚±‚ë‚ğ•‚¯‚Ä‚à‚ç‚¢‚Ü‚µ‚½v,https://news.yahoo.co.jp/articles/0a5dc8f3af500b5c175e60d8a67c467fe9f99342,4/10(Œ) 20:02
fujitv,äİ“c‹vqu‹Ø“÷‚ÍA‚¨‹à‚Å‚Í”ƒ‚¦‚È‚¢v‘ÌŒ^ˆÛE”ü‚Ì”éŒ‚ğ–¾‚©‚·,https://news.yahoo.co.jp/articles/18864107202af61f53c559322c4c267b66f95a19,4/9(“ú) 17:43
fujitv,u‚¤‚é¯‚â‚Â‚çv‚Ì‰ŸˆäçŠÄ“Â‚ªŒê‚éAƒAƒjƒ‰‰o˜_‚ªƒrƒWƒlƒXƒp[ƒ\ƒ“‚É‚à–ğ—§‚Â——Ru˜_—“I‚Èvl‚ª‚Å‚«‚Ä‚¢‚È‚¢l‚Íƒ_ƒv,https://news.yahoo.co.jp/articles/d93838feb68096a35e8d199d74cceffd0c640634,4/8(“y) 6:03
fujitv,‰Ôã`‚Ü‚èuLINE‚ğŒğŠ·‚µ‚Ü‚µ‚½Iv‘å’n^‰›‚Æg‚¨‹ß‚Ã‚«h‚ÉƒjƒbƒRƒŠ,https://news.yahoo.co.jp/articles/5bb5b72516f9271a0db03278556347088cfc1188,4/8(“y) 4:00
fujitv,–Lì‰xi F‹C‚ğŠ´‚¶‚é‚Ì‚Íu©•ª‚Ì‚½‚ß‚É—§‚Á‚Ä‚¢‚élvu•·‚«ãè‚Èlv,https://news.yahoo.co.jp/articles/a23880c2936fa2679acdf47c6104d36b70f13204,4/6(–Ø) 20:01
fujitv,â–{—´ˆê‚³‚ñæ]•ñ‚ÉR“c—mŸ‚³‚ñA–k–ì•‚³‚ñ‚ª’Ç“‰ƒRƒƒ“ƒgu‚½‚¾‚½‚¾ƒVƒ‡ƒbƒNv,https://news.yahoo.co.jp/articles/6183a10c1a1fcb4b2bf544052c700dd25ceec8da,4/3(Œ) 20:46
fujitv,–Lì‰xiu¡‚Å‚Í–¼—_‚È‚±‚Æ‚Æv‚¦‚é‚æ‚¤‚ÉvgƒgƒˆƒGƒch‚ªäD‚É—‚¿‚½uŠÔ,https://news.yahoo.co.jp/articles/9afec5ce2a2d4d02c2762f66baf6e48c379fd892,4/2(“ú) 7:30
fujitv,Rí•ƒPƒC ‘æˆêq”DP”­•\‚ÅR“YŠ°‚ÉŠ´ÓuƒNƒY‚È‚Ó‚è‚µ‚Ä‹~‚Á‚Ä‚­‚ê‚½v,https://news.yahoo.co.jp/articles/d89389f37b4f6cee72f4b7abc2245ba498254d1e,4/1(“y) 17:50
fujitv,4Œ‚Íg“ú‘Ö‚í‚è“V‹ChI‰_‚ÌŒ`‚Å‰J•—‚ª‚í‚©‚éy‚ ‚Ü‚½‚ÂI‚¨“V‹CƒRƒ‰ƒ€z,https://news.yahoo.co.jp/articles/08b5ab37904a3b9218184bb3e6fed6b3395ea6ad,4/1(“y) 13:02
fujitv,DISH//ugƒfƒBƒbƒVƒ…h‚È‚Ì‚ÉƒƒVŠé‰æ‚ª‚È‚¢v¡”N‚Í‘åH‚¢Šé‰æ‚É’§íIH,https://news.yahoo.co.jp/articles/2aa9c658ba65ed498ad24942f6d4d6121a6996f6,3/31(‹à) 21:02
fujitv,—é–Ø•Ÿ 4Œ‚©‚ç‘åŠw¶I—F‚¾‚¿ì‚è‚Ì‹ÉˆÓ‚Íug˜b‚µ‚â‚·‚¢lh‚Æv‚Á‚Ä‚à‚ç‚¦‚é‚±‚Æ‚ª‘å–v,https://news.yahoo.co.jp/articles/57cf66680632e485f89ee855237026c68c52c9f4,3/31(‹à) 7:02
fujitv,…’J–Lu–l‚Í‚ ‚Ü‚è’E‚®ƒ^ƒCƒv‚Å‚Í‚È‚¢v–¿—FE¼“c—Dì‚É—U‚í‚êAƒr[ƒ`‚Å—‡‚ÉIH,https://news.yahoo.co.jp/articles/56aa2e559cbbc2c8c6894dd4485fe2eaa36b73df,3/30(–Ø) 20:01
fujitv,©’H‚Í–¢—ˆ‚ğ‹~‚¤ƒX[ƒp[ƒt[ƒhH‰A–dæ‚èŠª‚­ŠëŒ¯•¨H‘½•ª‚»‚Ì‚Ç‚¿‚ç‚Å‚à‚ ‚è‚Ü‚¹‚ñB,https://news.yahoo.co.jp/articles/ac2ed64bf0d02674feeb30d2f109def815af9e44,3/28(‰Î) 20:00
fujitv,”’‰Í‚ê‚¢ ‹­‚İ‚ÍÎŠçIl‚ÌS‚ğÆ‚ç‚·‚½‚ßu©•ª‚Éƒnƒbƒs[‚ğ’~‚¦‚Ä‚¨‚©‚È‚¢‚Æv,https://news.yahoo.co.jp/articles/2dafffd70e784277eafcd48ac6c2039b635eba6c,3/27(Œ) 8:01
fujitv,“°–{Œõˆêuƒ`ƒƒ[ƒŠ[‚Æƒ`ƒ‡ƒRƒŒ[ƒgHêv“ú–{‰‰‰‚É’§íIu‘f°‚ç‚µ‚¢ƒXƒ^ƒbƒt‚ÌŒ‹»‚ğ‚Ü‚Æ‚¦‚é‚±‚Æ‚ªŒõ‰hv,https://news.yahoo.co.jp/articles/6cf88c6f2b320f2ed52b0527f0546d6881d5ecfe,3/27(Œ) 4:00
fujitv,ãŒËÊ ‘æOq”DPAŒ»İˆÀ’èŠú‚Å‰Ä ‚ÉoY—\’è,https://news.yahoo.co.jp/articles/adde45753daa5cd74ecb2a7d868f8a32cc11ccb3,3/26(“ú) 12:50
fujitv,Šİ•”ˆê“¿ ”o—D‚Æ‚µ‚Ä•œŠˆ‚Å‚«‚½‚Ì‚Íu÷–ØŠó—Ñ‚³‚ñ‚Ì‚¨‚©‚°vä³Í•¼“c•qs‚ÉŒê‚é,https://news.yahoo.co.jp/articles/f7d4d2872f93dfe94c57fc93085c2c2d43fc8422,3/26(“ú) 7:30
fujitv,’†‘º—Ï–ç•…–m–ƒ”ü Œ‹¥Iu¶Šˆ‚ÉÊ‚è‚ÆˆÀS‚ğ‚à‚½‚ç‚µ‚Ä‚­‚ê‚éAt•—‚Ì‚æ‚¤‚È•ûv,https://news.yahoo.co.jp/articles/f497afd3e7586401e5e5499245224ed3017a2905,3/25(“y) 16:36
fujitv,“¡Œ´÷ ‰å‰‰•‘‘ä‚Å–ô“®‚·‚ép‚ğuTHE RAMPAGE‚Ìƒƒ“ƒo[‚ÉŒ©‚¹‚Â‚¯‚½‚¢v,https://news.yahoo.co.jp/articles/53c20f110522d7a79d5e84c66215dab9c74b8637,3/24(‹à) 12:02
fujitv,ƒ`ƒ‡ƒRƒvƒ‰’·“cA‚©‚È‚ÅAà_‰Æ‚ç‘±XIWBC¢ŠEˆê‚ÉŒ|”\ŠE‚©‚çŠ½Šì‚Ìºuƒ}ƒW‚Å‘SˆõMVP‚Á‚µ‚åIIIIIv,https://news.yahoo.co.jp/articles/fcfae1a4fde2aa61cead06b5730e99016cf7f219,3/22(…) 17:34
fujitv,_–Ø—²”V‰î ²“¡Œ’‚Í‰–‘Î‰IHu‚½‚Ü‚É‚Í˜A—‚­‚¾‚³‚¢v,https://news.yahoo.co.jp/articles/dbd43b0ef164db11b9c0df277cd58e3a99ce6af1,3/22(…) 8:01
fujitv,ã–ì÷—¢‚ª15”N‚Ô‚è‚Ég‚¬‚á‚ÚIhu„‚Ì’†‚ÅA‚Ì‚¾‚ß‚ª¶‚«‘±‚¯‚Ä‚¢‚év‰•‘‘ä•‰ƒ~ƒ…[ƒWƒJƒ‹‚ÅˆÓ‹C‚İ,https://news.yahoo.co.jp/articles/98bf2daa2baef958e21d4dbb6d173fe8d7a1d9dd,3/22(…) 4:00
fujitv,Îˆä³‘¥ 50Î‚Ì’a¶“ú‚ÉŒ‹¥I20”N—ˆ‚ÌŠç‚È‚¶‚İˆê”Ê—«uˆê—±–œ”{“úvu“VÍ“úvu“Ğ‚Ì“úv,https://news.yahoo.co.jp/articles/3320823fdb051ff72f20dc8eababa1e50f2a68fb,3/21(‰Î) 17:35
fujitv,‹à‰^tE‚½‚©‚İ[‚ªà‚­g‚¨‹à‚ğ‰Ò‚®l‚Ì‹¤’Ê“_hul‚É—^‚¦‚évulŠÔ‚ÌŠî‘b‚ğ‘å–‚É‚µ‚Ä‚¢‚év,https://news.yahoo.co.jp/articles/bc2e13877253737870c8d7a91f7f6f2d97d2de9b,3/19(“ú) 6:00
fujitv,•Ğ•½‚È‚¬‚³wÔ‚¢—ìlÔxŠ®‘–‚Å— ˜b‘±XIg¥–ñÒh_“c³‹P‚Æ‚ÍŒ‹¥‚ğˆÓ¯‚·‚é‚àu’Z‚¢–²‚Å‚µ‚½iÎjv,https://news.yahoo.co.jp/articles/469a2d927c77eadb366103cce8f2d79d9f623692,3/18(“y) 18:00
fujitv,ƒ}ƒcƒREƒfƒ‰ƒbƒNƒXA²X–Ø˜NŠó“Šè‚Éƒzƒeƒ‹‚Åƒoƒbƒ^ƒŠIu‚à‚¤A‚©‚í‚¢‚©‚Á‚½v‚Æƒƒƒƒ,https://news.yahoo.co.jp/articles/618036c7dd36ed6347095f9dfa6d8cf126f1ac88,3/17(‹à) 20:01
fujitv,–Ú•˜@uˆê‚É‚¨•—˜C‚É“ü‚Á‚Ä“ª‚ğô‚Á‚Ä‚ ‚°‚évÈ‚És‚­‚·Œ‹¥¶Šˆ‚ğ‘z‘œ,https://news.yahoo.co.jp/articles/6074af9304cb741004c85b1eee0b367240e3afd7,3/16(–Ø) 23:40
fujitv,‹g‰i¬•S‡u„A‘‚Ü‚Á‚½‚©‚ÈHvR“c—mŸ90–{–Ú‚ÌŠÄ“Âì‚Å‚¨‚Î‚ ‚¿‚á‚ñ–ğ‚É,https://news.yahoo.co.jp/articles/9b9bfbef37e6e93dd3f713a12afa5d97302eed88,3/15(…) 21:06
fujitv,‘å’JãÄ•½Auƒgƒbƒv‚É‚È‚é‹ß“¹v‚ğŒê‚éBu¡‚Í‚·‚²‚­Š´Ó‚µ‚Ä‚â‚Á‚Ä‚¢‚Ü‚·v,https://news.yahoo.co.jp/articles/90bde966798db1bcade8a707eb7a62852f409a8b,3/15(…) 4:00
fujitv,‹{‘ò•X‹›AƒAƒWƒAEƒtƒBƒ‹ƒ€EƒAƒ[ƒh‚Å•‰‰’j—DÜIŠì‚Ñ‚ÌƒRƒƒ“ƒg“’…u—é–Ø—º•½‚ª‚¢‚½‚©‚ç‚±‚»v,https://news.yahoo.co.jp/articles/33313976b5be1d4da6a9e2622c5ed279af56eaef,3/13(Œ) 20:13
fujitv,Œ³•ó’ËE‘‰Ô‚Ü‚± “Ç‘‰Æ‚ªƒnƒ}‚é‚Ì‰¹“Çu–Ê”’‚¢I‚¾‚Ü‚³‚ê‚½‚Æv‚Á‚Ä‚µ‚Äv,https://news.yahoo.co.jp/articles/b5a6e86036497780122c38e5a7ca377b4adf758c,3/13(Œ) 12:04
fujitv,Œ³•ó’ËE‘‰Ô‚Ü‚± Œ³ƒ^ƒJƒ‰ƒWƒFƒ“ƒk9l‚ÉæŞu•ó’Ë‘ã‚ğv‚¢o‚¹‚ÎA‰½‚ª‚ ‚Á‚Ä‚à—§‚¿Œü‚©‚¦‚év,https://news.yahoo.co.jp/articles/70b17ccf8a125a4ed165fef018372b1df616f4b4,3/12(“ú) 12:02
fujitv,‰H¶Œ‹Œ·AƒPƒK‚Æ‚Ìí‚¢‚âã‚³‚àÔ—‡X‚É”’|©–“`u‘“‚¢‰Šv‚Ì•ÒWÒ‚ªŒê‚é–£—Í #’m‚è‘±‚¯‚é,https://news.yahoo.co.jp/articles/6facf1cbaa688f80a720f6f478730d03f4c67b92,3/11(“y) 20:03
fujitv,“‡“cÊ‰ÄƒAƒiu‰½‚ª³‰ğ‚¾‚Á‚½‚Ì‚©v¡‚à‹ê”Y‚·‚é“Œ“ú–{‘åkĞ•ñ“¹ #’m‚è‘±‚¯‚é,https://news.yahoo.co.jp/articles/d4493e7a3ddef68bfc708b0b7745c20cee0bfc6f,3/11(“y) 8:00
fujitv,ˆÉ“¡—˜qƒAƒiu”hè‚È‰f‘œ‚æ‚è‚àŠñ‚è“Y‚¤‹C‚¿‚ğvkĞ•ñ“¹‚Ì•Ï‰» #’m‚è‘±‚¯‚é,https://news.yahoo.co.jp/articles/0719f217218a9383412551134f11008fde8deff7,3/11(“y) 6:04
fujitv,‰œ›Œ’ƒAƒiuĞŠQ‚ğƒRƒ“ƒeƒ“ƒc‚Æ‚µ‚ÄÁ”ï‚µ‚È‚¢v‹Ç‚ÌŠ_ª‚ğ’´‚¦‚½•Ï‰» #’m‚è‘±‚¯‚é,https://news.yahoo.co.jp/articles/a15281792fcc9344632ecd97a557e702bc6e6898,3/11(“y) 0:00
fujitv,EXIT‚è‚ñ‚½‚ë[BƒnƒƒC‚ÌV¥—·s‚ÅuƒIƒt‚ÌHIKAKINv‚ÉŠÔˆá‚í‚ê‚é,https://news.yahoo.co.jp/articles/6cbd0a879555d6da13882e5cd44a1a8a13e240e5,3/10(‹à) 20:31
fujitv,w‚ ‚Ü‚¿‚á‚ñx‚©‚ç10”NB‚Ì‚ñAg‘æ“ñ‚ÌŒÌ‹½h‚Ö‚Ìv‚¢uw‚Ì‚ñx‚É‚È‚Á‚Ä‚©‚çA‹t‚ÉŒ³‹C‚ğ‚à‚ç‚Á‚Ä‚¢‚év #’m‚è‘±‚¯‚é,https://news.yahoo.co.jp/articles/7f756d508fe20b035230f88dba1681ba28ec065d,3/9(–Ø) 17:36
fujitv,uSPY~FAMILYvƒA[ƒjƒƒ‚ÌƒG[ƒ‹‚ÉXèƒEƒBƒ“•—é–ØŠg÷‚ªu‚ ‚´‚´‚Ü‚·v,https://news.yahoo.co.jp/articles/e5c053be480c242442ef83f2728f46f89d716fd1,3/9(–Ø) 4:00
fujitv,ƒfƒrƒ…[5ü”NIONE Nf ONLY ƒtƒ@ƒ“‚Ö‚ÌŠ´Ó‚Æ‚Æ‚à‚É‚³‚ç‚È‚éi‰»‚ğ¾‚¤,https://news.yahoo.co.jp/articles/c108cd2ed0389a58aed959d740b3ad56736a91a9,3/8(…) 22:32
fujitv,‘å’JãÄ•½u–l‚ç‚É‚Æ‚Á‚Äg‘Ì‚ª‘–{‚È‚Ì‚Åv‚È‚é‚×‚­H‚×‚È‚¢‚æ‚¤‚É‚µ‚Ä‚¢‚é‚à‚Ì‚ğ–¾‚©‚·,https://news.yahoo.co.jp/articles/c5d8865181414c591ab0eeccfa164e8ed35ecd96,3/8(…) 19:51
fujitv,Travis JapanuŒ³‹C‚ÅƒAƒNƒeƒBƒu‚ÈƒCƒ[ƒW‚Í–l‚ç‚µ‚©‚¢‚È‚¢vƒAƒ“ƒoƒTƒ_[A”C‚ÉŠì‚Ñ,https://news.yahoo.co.jp/articles/d9e3a4bb7a5220a1941f00511f41162daa750790,3/8(…) 17:15
fujitv,–÷G‘¾uHey! Say! JUMP‚Æ‚µ‚ÄA‚±‚Ì‚¨d–‚ğ‘±‚¯‚Ä‚«‚Ä—Ç‚©‚Á‚½v,https://news.yahoo.co.jp/articles/d506ac22ce938c95fd9f3cfe938a933a16282a44,3/8(…) 4:00
fujitv,…‘ò—Ñ‘¾˜Y gƒ~ƒ`ƒRh‚±‚Æ“¹}x—C‚ÌƒTƒvƒ‰ƒCƒY‚ÉŠ´—ÜuŠ´–³—ÊA‹¹‚¢‚Á‚Ï‚¢v,https://news.yahoo.co.jp/articles/2c0e9713d5bd6c6b51063fa2838a76e8b64a6ce3,3/7(‰Î) 20:01
fujitv,ƒEƒGƒ“ƒc‰lmA–ñ30–œ‰~‚Ìƒp[ƒ\ƒiƒ‹ƒWƒ€‚ğŒ_–ñI‚«‚Á‚©‚¯‚ÍR–{kj‚©‚ç‚Ìu×‚¢v,https://news.yahoo.co.jp/articles/cea8ee4e782cd3014a3590a5ec0804dc07095f05,3/7(‰Î) 20:00
fujitv,–Ø—jŒ€êwsilentx‚ªAMD—–Ü‚ğóÜIìŒût“Şu‚İ‚ñ‚È‚Å‚¢‚½‚¾‚¢‚½Üv,https://news.yahoo.co.jp/articles/0c1c3ce54d6a4a3e48d97c207065683c707043d6,3/7(‰Î) 19:54
