media_en,title_articles,link_articles,date_original
rcg,y‡ˆÊŒ‹‰Êz2023Moto3‘æ12íƒTƒ“ƒ}ƒŠƒmGP ŒˆŸ,https://news.yahoo.co.jp/articles/f8c3f184696465f59b5dd109e3a00d6ba3b8f3dc,9/10(“ú) 18:45
rcg,Žå“±Œ ’DŠÒ‚Å’nŒ³ƒ‰ƒEƒ“ƒhŠ®‘S§”eB¬—Ñ‰Â–²ˆÌ‚Ì7†ŽÔŠ®Ÿ‚Åƒgƒˆƒ^‚ª1-2’B¬yWEC‘æ6í•xŽmŒˆŸƒŒƒ|[ƒgz,https://news.yahoo.co.jp/articles/2fb33a19b81614f66e9544e8cee3c2a77dc13875,9/10(“ú) 17:33
rcg,‚‹´IAFP2‚Ì“]“|‚Å‰E‹r‚ÌeŽw‚Éƒqƒru“]“|‚µ‚È‚¯‚ê‚Î—\‘I‚É’Ê‰ß‚Å‚«‚½‚ÆŽv‚¤v^‘æ12íƒTƒ“ƒ}ƒŠƒmGP2“ú–Ú,https://news.yahoo.co.jp/articles/6d4933f780f3a6dbb4d7c9bf5add9900cdbb5309,9/10(“ú) 17:31
rcg,–Ø‘º•Žj•‹{“cä»•ü‘gƒtƒFƒ‰[ƒŠ‚ª‰‚ß‚Äs‚­‚µ‚Ì2ˆÊ•\²‘ä‚ðŠl“¾yWEC•xŽmLMGTEƒAƒ}ƒŒƒ|[ƒgz,https://news.yahoo.co.jp/articles/b4097ba825c8695598510ce59ca377da54252b30,9/10(“ú) 17:22
rcg,y‡ˆÊŒ‹‰Êz2023”NWEC‘æ6í•xŽm ŒˆŸ6ŽžŠÔŒã,https://news.yahoo.co.jp/articles/ea9433bcc03a3989f6b55285a7fbadb6fc71f5e5,9/10(“ú) 17:02
rcg,ƒ|ƒ‹ƒVƒF‚Æƒgƒˆƒ^‚ª’´Ú‹ßí‚ÌŽñˆÊ‘ˆ‚¢BƒXƒvƒ‰ƒbƒVƒ…‚Ì—L–³‚É‚à’–Ú‚©yWEC•xŽmŒˆŸ3ŽžŠÔŒãƒŒƒ|[ƒgz,https://news.yahoo.co.jp/articles/1722c7d4a075090e71c9876935e5f801934a2cde,9/10(“ú) 14:33
rcg,y“r’†Œo‰ßz2023”NWEC‘æ6í•xŽm ŒˆŸ3ŽžŠÔŒã,https://news.yahoo.co.jp/articles/d5ecf348561e3c0a8bcd12e64337057a8e1bacca,9/10(“ú) 14:05
rcg,ƒpƒ“ƒNŒãƒTƒXƒgƒ‰ƒuƒ‹uƒnƒCƒuƒŠƒbƒh‚àŒø‚©‚È‚©‚Á‚½v‚ÆŽñˆÊŽ¸‚Á‚½ƒIƒWƒG^2023”NWRCƒMƒŠƒVƒƒ ƒfƒC3ŒãƒRƒƒ“ƒg,https://news.yahoo.co.jp/articles/c1f0d2ea194cb4658144b4fc7ceb505f5eaf14c3,9/10(“ú) 13:42
rcg,ƒXƒ^[ƒg’¼Œã‚©‚ç¬—Bƒ^ƒCƒ„‘I‘ð‚ª•ª‚©‚ê‚é‚È‚©Aƒ|ƒ‹ƒVƒF‚ªŽñˆÊ‚É^2023WEC‘æ6í•xŽmŒˆŸ1ŽžŠÔŒã,https://news.yahoo.co.jp/articles/2bf74d063f1f9c98067f92fa70b4337b3c498f2a,9/10(“ú) 12:15
rcg,‘S“ú–{ƒX[ƒp[ƒtƒH[ƒ~ƒ…ƒ‰Eƒ‰ƒCƒc‘IŽèŒ ‘æ14í‰ªŽR‚ÍƒXƒ^[ƒg‚ð§‚µ‚½¬os‚ª˜AŸ‚ðü‚é,https://news.yahoo.co.jp/articles/1095e9213cf64209694c4381ffbf4db94cb8d277,9/10(“ú) 12:12
rcg,ƒ„ƒ}ƒnFƒNƒAƒ‹ƒ^ƒ‰ƒAƒ}ƒVƒ“‚Ì‘¬‚³‚Í‰ü‘P‚àuƒI[ƒo[ƒeƒCƒN‚É‹êív^‘æ12íƒTƒ“ƒ}ƒŠƒmGPƒXƒvƒŠƒ“ƒg,https://news.yahoo.co.jp/articles/2422dd3e4097c05f29db3961a71c5f95f8435ae0,9/10(“ú) 12:06
rcg,‘år‚ê‚ÌWRCƒAƒNƒƒ|ƒŠƒXƒ‰ƒŠ[3“ú–ÚBƒNƒŒƒo[‚È‘–‚è‚Åƒƒoƒ“ƒyƒ‰‚ªŽñˆÊ•‚ãuŽ©•ª‚Ìƒy[ƒX‚É‚à–ž‘«v,https://news.yahoo.co.jp/articles/e2881c3435c21accdafeb82c30941200c88e75ff,9/10(“ú) 11:48
rcg,ƒXƒvƒŠƒ“ƒg‚ÅƒyƒhƒƒT‚ÆÚí‚ð“WŠJB•‰ƒoƒjƒƒƒCƒAA‚Ù‚µ‚©‚Á‚½3ˆÊ‚ÌŒ‹‰Ê^‘æ12íƒTƒ“ƒ}ƒŠƒmGP,https://news.yahoo.co.jp/articles/00655447b2e097be6f8354b4c8065bb95ecf49f1,9/10(“ú) 11:35
rcg,y‡ˆÊŒ‹‰ÊzƒCƒ“ƒfƒBƒJ[‘æ17íƒ‰ƒOƒiEƒZƒJ—\‘I‘‡Œ‹‰Ê,https://news.yahoo.co.jp/articles/b5304914eac257db093710c5d46eab015ce2f658,9/10(“ú) 9:03
rcg,ƒmƒŠƒX‚ÆƒsƒAƒXƒgƒŠ‚ÌÚG‚ð–â‘èŽ‹‚·‚éƒ}ƒNƒ‰[ƒŒƒ“‘ã•\uƒ`[ƒ€‚Ìƒ|ƒWƒVƒ‡ƒ“‚ð‹º‚©‚µ‚½B—e”F‚Å‚«‚È‚¢v^F1‘æ15í,https://news.yahoo.co.jp/articles/5d70aa8655ceb750de5176c83dc95e6ad4d6a249,9/10(“ú) 7:50
rcg,ƒTƒtƒ@ƒŠ‚ÍƒNƒŒƒCƒW[^gŽÖsh‚É‰ú^ƒtƒFƒ‰[ƒŠ‚Ì¬ƒgƒ‰ƒuƒ‹etc.yWEC•xŽm—\‘I“úTopicsz,https://news.yahoo.co.jp/articles/ba82b0240e0fa40cad9a98d1822e813a1a80dbdd,9/10(“ú) 7:11
rcg,M.ƒ}ƒ‹ƒPƒXAƒ|ƒCƒ“ƒgŠl“¾‚Éˆê•à“Í‚©‚¸‚àu‹£‘ˆ—Í‚à‚‚Ü‚èA‚¤‚Ü‚­æ‚ê‚Ä‚¢‚é‚ÆŠ´‚¶‚½v^MotoGP‘æ12íƒTƒ“ƒ}ƒŠƒmGPƒXƒvƒŠƒ“ƒg,https://news.yahoo.co.jp/articles/88978224e152df877b56af65d3c599539dba1456,9/10(“ú) 6:37
rcg,ƒk[ƒrƒ‹‚É‘±‚«ƒIƒWƒG‚à‰aH‚ÉBgˆ«˜Hh‚ª‰å‚ð”‚¢‚½ƒfƒC3‚ÅAƒƒoƒ“ƒyƒ‰‚ª‘‡ŽñˆÊ‚É•‚ã^WRCƒMƒŠƒVƒƒ,https://news.yahoo.co.jp/articles/546ccb755bda1204620b20a3b08a555186ab7521,9/10(“ú) 6:27
rcg,y‡ˆÊŒ‹‰Êz2023”NWRC‘æ10íƒAƒNƒƒ|ƒŠƒXEƒ‰ƒŠ[EƒMƒŠƒVƒƒ SS12Œã,https://news.yahoo.co.jp/articles/8ad24495df6a615ce5d2d8a77c3800b3c6714728,9/10(“ú) 6:15
rcg,’†ã‹M»Aƒtƒƒ“ƒg‚ÌƒtƒB[ƒŠƒ“ƒO‚É‹êíuƒy[ƒX‚àƒXƒs[ƒh‚à‘«‚è‚È‚©‚Á‚½v^MotoGP‘æ12íƒTƒ“ƒ}ƒŠƒmGP2“ú–Ú,https://news.yahoo.co.jp/articles/0797284487d2f2f8399abc25b58a54d981d81215,9/10(“ú) 6:06
rcg,y‡ˆÊŒ‹‰Êz2023MotoE‘æ8íƒTƒ“ƒ}ƒŠƒm‘å‰ï ƒŒ[ƒX2,https://news.yahoo.co.jp/articles/d06e50f1e57abe6a755cdac220339c6dcdd51065,9/9(“y) 23:29
rcg,y‡ˆÊŒ‹‰Êz2023SBK‘æ9íƒtƒ‰ƒ“ƒX ŒˆŸƒŒ[ƒX1,https://news.yahoo.co.jp/articles/700ab83a852e10340eb41e7355ea4934c836f4fd,9/9(“y) 22:52
rcg,ƒXƒvƒŠƒ“ƒg‚ÍƒhƒDƒJƒeƒB‚ªƒgƒbƒv3“ÆèBKTMƒyƒhƒƒT‚ª4ˆÊ‚Åƒ|ƒCƒ“ƒgŠl“¾^MotoGP‘æ12íƒTƒ“ƒ}ƒŠƒmGP,https://news.yahoo.co.jp/articles/dfb6696e7903121f30d07c54e21346fcf2798fec,9/9(“y) 22:27
rcg,y‡ˆÊŒ‹‰Êz2023MotoGP‘æ12íƒTƒ“ƒ}ƒŠƒmGP ƒXƒvƒŠƒ“ƒgƒŒ[ƒX,https://news.yahoo.co.jp/articles/4c84356ade5ad8bcb164d5b478639f0eb0a4eef4,9/9(“y) 22:24
rcg,y‡ˆÊŒ‹‰Êz2023Moto2‘æ12íƒTƒ“ƒ}ƒŠƒmGP —\‘I‘‡,https://news.yahoo.co.jp/articles/8191b9847526190b7a6be14dac2fb30047d9bbc5,9/9(“y) 21:33
rcg,—\‘I2”ÔŽè‚Ìƒgƒˆƒ^8†ŽÔƒn[ƒgƒŒ[u­‚µŠ´G‚ª•Ï‚í‚Á‚½B‰Â–²ˆÌ‚É‚Í’E–Xv^WEC•xŽm,https://news.yahoo.co.jp/articles/c17917126454e8af4b848175d0c85ff0b6142b5f,9/9(“y) 21:26
rcg,y‡ˆÊŒ‹‰Êz2023Moto3‘æ12íƒTƒ“ƒ}ƒŠƒmGP  —\‘I‘‡,https://news.yahoo.co.jp/articles/3a795651a86d3c6bc024100b55cc13a886da302d,9/9(“y) 20:36
rcg,‰‚ÌWEC—\‘I‚É’§‚ñ‚¾¬ò—mŽjBˆêŽž‚ÍƒtƒFƒ‰[ƒŠ¨ŽñˆÊ‚àƒgƒ‰ƒbƒNƒŠƒ~ƒbƒgˆá”½‚Å–³”O‚Ìƒ^ƒCƒ€–•Á‚É,https://news.yahoo.co.jp/articles/bde2b09a344cc1453ab5c4259a447100ab8fd746,9/9(“y) 20:11
rcg,ƒ}ƒeƒBƒAEƒJƒTƒfƒB‚ªƒ`ƒƒƒ“ƒsƒIƒ“‚É‹P‚­y‡ˆÊŒ‹‰Êz2023MotoE‘æ8íƒTƒ“ƒ}ƒŠƒm‘å‰ï ƒŒ[ƒX1,https://news.yahoo.co.jp/articles/119383bfa47dfd33f9206a21f2af0420a5ee23f8,9/9(“y) 19:37
rcg,g¢ŠEÅ‘¬‚Ì‘ã•\hƒgƒˆƒ^¬—Ñ‰Â–²ˆÌ‚ªŒ©˜‚¦‚é•xŽmŒˆí‚Ì6ŽžŠÔu³‰ð‚¾‚Á‚½‚©‚Ç‚¤‚©‚Í–¾“úA•ª‚©‚è‚Ü‚·v,https://news.yahoo.co.jp/articles/8d5c13d16e95b9989c8f9766a125edf691a89bf0,9/9(“y) 19:17
rcg,—\‘Igâ•s’²h‚ÌƒvƒWƒ‡[9X8uƒ^ƒCƒ„‚ªì“®ˆæ‚É“ü‚ç‚È‚©‚Á‚½v^WEC•xŽm,https://news.yahoo.co.jp/articles/fb42ed253849b9432a1f2c84ef36b7d878350354,9/9(“y) 18:48
rcg,y‡ˆÊŒ‹‰Êz2023MotoGP‘æ12íƒTƒ“ƒ}ƒŠƒmGP —\‘I‘‡,https://news.yahoo.co.jp/articles/0d99fe03559ad18b286fa589de2d17e81ddbd4dc,9/9(“y) 18:39
rcg,yƒ^ƒCƒ€Œ‹‰Êz2023MotoGP‘æ12íƒTƒ“ƒ}ƒŠƒmGP ƒtƒŠ[‘–s2‰ñ–Ú,https://news.yahoo.co.jp/articles/a3bd9a1d83b4a6be0ed49d25859a8e6bfe3bc7e9,9/9(“y) 17:46
rcg,‘S“ú–{ƒX[ƒp[ƒtƒH[ƒ~ƒ…ƒ‰Eƒ‰ƒCƒc‘IŽèŒ ‘æ13í‰ªŽR‚Í¬os‚ªŠ®ŸBƒ|[ƒ‹EƒgƒDEƒEƒCƒ“‚Å¡‹G2Ÿ–Ú‚ðü‚é,https://news.yahoo.co.jp/articles/2619c2c644bf43cf3a5d86afa3345359b2593f73,9/9(“y) 17:12
rcg,g’n‚Ì—˜h‚àŠˆ‚©‚µ‚Ä—LŒ¾ŽÀsB¬—Ñ‰Â–²ˆÌ‚ª‹Á‘¬ƒ|[ƒ‹Šl“¾‚ÅAƒgƒˆƒ^‚ªƒtƒƒ“ƒgƒƒE“ÆèyWEC•xŽm—\‘IƒŒƒ|[ƒgz,https://news.yahoo.co.jp/articles/f418ee753756e1c9db7a6908a349fcfe9d5e16ab,9/9(“y) 16:52
rcg,y³Ž®Œ‹‰Êz2023”NWEC‘æ6í•xŽm —\‘I,https://news.yahoo.co.jp/articles/e73fc2c1e416aa14e26596c4d1633c66c0361bf2,9/9(“y) 15:46
rcg,‹êí‘±‚­ƒ|ƒ‹ƒVƒF963uƒLƒƒƒfƒ‰ƒbƒN‚É’§‚Ý‚½‚¢v‚ÆƒtƒŒƒfƒŠƒbƒNEƒ}ƒRƒEƒBƒbƒL^WEC•xŽm,https://news.yahoo.co.jp/articles/f1144eaf4c8b0df5d51ce801d9687422f468a238,9/9(“y) 14:27
rcg,ƒfƒt‚Æƒ~ƒbƒVƒ‡ƒ“‚É–â‘è”­¶uƒXƒgƒŒƒXƒtƒ‹‚¾‚Á‚½v‚ÆŽñˆÊƒk[ƒrƒ‹^2023”NWRCƒMƒŠƒVƒƒ ƒfƒC2ŒãƒRƒƒ“ƒg,https://news.yahoo.co.jp/articles/de78adc03a69e4b2a709980096e7688b0f31054f,9/9(“y) 13:16
rcg,‘S“ú–{ƒX[ƒp[ƒtƒH[ƒ~ƒ…ƒ‰Eƒ‰ƒCƒc‘IŽèŒ ‘æ5‘å‰ï‰ªŽR‚Í¬os‚ÆƒCƒS[ƒ‹EƒIƒIƒ€ƒ‰Eƒtƒ‰ƒK‚ªƒ|[ƒ‹ƒ|ƒWƒVƒ‡ƒ“‚ð•ª‚¯‡‚¤,https://news.yahoo.co.jp/articles/91559c1549131362dca1d8cc3b09a95052ee12d3,9/9(“y) 12:56
rcg,ƒgƒˆƒ^Aƒ‰ƒCƒoƒ‹‚ÉŽñˆÊ‚ð÷‚é‚à3‘ä‚ªDˆÊ’u‚É‚Â‚¯‚éuhR‚µ‚½í‚¢‚Í3“ú–Ú‚à‘±‚­‚Í‚¸v^WRCƒMƒŠƒVƒƒ,https://news.yahoo.co.jp/articles/d02bc40f10ed397c26e145d7fd06cbb515dad8f3,9/9(“y) 12:03
rcg,y’†–ìMŽ¡‚ÌF1•ªÍ^‘æ15ízV‘Ì§‚ði‚ß‚éƒƒ‹ƒZƒfƒX‚ÆŒˆ’f“ï‚µ‚¢ƒŒƒbƒhƒuƒ‹BFIA F2‚ÅŠú‘Ò‚³‚ê‚éŽŸ¢‘ãF1ƒhƒ‰ƒCƒo[,https://news.yahoo.co.jp/articles/597d80e225bdc4ff9fd59e64508b59f263bd0f00,9/9(“y) 12:00
rcg,‰J‚ÌŠÔŒ„‚ð‚Ê‚Á‚½I”Õ‚ÌˆêŒ‚‚Åƒgƒˆƒ^¬—Ñ‰Â–²ˆÌ‚ªÅ‘¬BƒR[ƒXƒAƒEƒg‚à‘ŠŽŸ‚®^WEC•xŽmFP3,https://news.yahoo.co.jp/articles/c0ecab71f0e5eff3afa6ff7346788af0f68f7261,9/9(“y) 11:55
rcg,ƒ„ƒ}ƒnA‹Í·‚Åƒ_ƒCƒŒƒNƒgQ2“¦‚·BƒNƒAƒ‹ƒ^ƒ‰ƒu‚½‚­‚³‚ñ‚Ì‚à‚Ì‚ðŽŽ‚µ‚½‚¯‚Ç‘½‰ß‚¬‚½v^MotoGP‘æ12íƒTƒ“ƒ}ƒŠƒmGP‰“ú,https://news.yahoo.co.jp/articles/8e691e2224587cba45e06792ee403224dbd280bc,9/9(“y) 11:51
rcg,ƒŒƒbƒhƒuƒ‹F1‚Ìƒ}ƒ‹ƒRAƒyƒŒƒX‚ÉŠÖ‚·‚élŽí“I•ÎŒ©‚É–ž‚¿‚½”­Œ¾‚ðŽÓßuƒƒLƒVƒRl‚¾‚©‚çW’†—Í‚ª‘«‚è‚È‚¢v‚Æ”á”»,https://news.yahoo.co.jp/articles/9a6c3f010349e37d092204402b9093bee32a754c,9/9(“y) 11:45
rcg,‚‹´IA8”N‚Ô‚è‚ÌMotoGP‚Å105“ƒ^ƒCƒ€‚ðƒNƒŠƒA‚Å‚«‚¸uƒOƒŠƒbƒh‚É•À‚×‚é‚æ‚¤‚É‘S—Í‚ðs‚­‚·v^‘æ12íƒTƒ“ƒ}ƒŠƒmGP‰“ú,https://news.yahoo.co.jp/articles/25b69c181df855bf99e5e24bb459e6252c4528f9,9/9(“y) 11:41
rcg,M.ƒ}ƒ‹ƒPƒXA6í‚Ô‚è‚Ìƒ_ƒCƒŒƒNƒgQ2uƒtƒB[ƒŠƒ“ƒO‚Í–ž‘«‚Å‚«‚È‚¢‚¯‚ÇA–Ú•W‚Ìƒ^ƒCƒ€‚ðo‚¹‚½v^MotoGP‘æ12íƒTƒ“ƒ}ƒŠƒmGP‰“ú,https://news.yahoo.co.jp/articles/9d2c54db6726de85a8e8e830f5fe054ac2fa43a5,9/9(“y) 11:36
rcg,yƒ^ƒCƒ€Œ‹‰Êz2023”NWEC‘æ6í•xŽm FP3,https://news.yahoo.co.jp/articles/9b918a1d2d6c42cecbe586284e8848ac2e928828,9/9(“y) 11:22
rcg,’†ã‹M»AƒtƒB[ƒŠƒ“ƒO‚É‰ü‘PŒ©‚ç‚ê‚é‚àuƒ}ƒVƒ“‚Ìƒoƒ‰ƒ“ƒX‚ðC³‚·‚é•K—v‚ª‚ ‚év^MotoGP‘æ12íƒTƒ“ƒ}ƒŠƒmGP‰“ú,https://news.yahoo.co.jp/articles/2637eb7b6ea5dbf7c077e47e9c7865812e20e40f,9/9(“y) 11:22
rcg,ƒgƒˆƒ^gƒsƒbƒgˆø‰z‚µh‚Ì^‘Š^ƒJƒƒ‰ƒ}ƒ“‘–{—YŽ‘^—ˆ‹G‚ÉŒü‚¯‚½“®‚«‚àetc.yWEC•xŽm‹à—jTopicsz,https://news.yahoo.co.jp/articles/74520f40985b9a6830fd55cc7e27c5456ec413af,9/9(“y) 10:20
rcg,ƒ}ƒNƒ‰[ƒŒƒ“‚ÆŒˆ•Ê‚µ‚½ƒpƒƒEBF1‚Ö‚ÌƒhƒA‚ðŠ®‘S‚É‚Í•Â‚´‚³‚¸‚àuF1‚Ì‚½‚ß‚É‚Ç‚ñ‚È‹]µ‚à•¥‚¤‚Æ‚¢‚¤‚±‚Æ‚Í‚È‚¢v,https://news.yahoo.co.jp/articles/4cfc7f96541a745815907f0211256ab043ee5cf7,9/9(“y) 8:00
rcg,ƒgƒˆƒ^‚ÉŸ‚Â‚±‚Æ‚Íu”ñí‚É“ï‚µ‚¢v‚ÆƒtƒFƒ‰[ƒŠ499Pw‰cu—Bˆê‚Ìƒ`ƒƒƒ“ƒX‚Í‚±‚±‚Å‰J‚ª~‚é‚±‚Æv^WEC•xŽm,https://news.yahoo.co.jp/articles/7787d5279f96b5805f69f013a653b637f50bb9f4,9/9(“y) 7:29
rcg,ƒVƒgƒƒGƒ“Al‹CƒJƒ‰[‚ð•œÌ—p‚µ‚½wƒxƒ‹ƒ‰ƒ“ƒSx‚Ì“Á•ÊŽd—lŽÔgƒGƒfƒBƒVƒ‡ƒ“EƒT[ƒuƒ‹h‚ð“±“ü,https://news.yahoo.co.jp/articles/79551d519c209e981d31e4aba0cbcc2181fcf7fc,9/9(“y) 7:10
rcg,ƒk[ƒrƒ‹Aƒgƒˆƒ^‚ÌƒIƒWƒG‚ð‹Í·‚Å—}‚¦2“ú–ÚŽñˆÊBŸ“c‹MŒ³‚Í6”ÔŽè‚ðˆÛŽ^WRCƒMƒŠƒVƒƒ,https://news.yahoo.co.jp/articles/e815611e0754a77886e0a7eeddcb7d368912ee27,9/9(“y) 6:20
rcg,y‡ˆÊŒ‹‰Êz2023”NWRC‘æ10íƒAƒNƒƒ|ƒŠƒXEƒ‰ƒŠ[EƒMƒŠƒVƒƒ SS6Œã,https://news.yahoo.co.jp/articles/4a8499391b107e7367966ff6c5ab606f21cc967a,9/9(“y) 6:10
rcg,‰ƒ~ƒTƒm‘–s‚Ì‚‹´IA“ï‚µ‚¢ó‹µ‚à’…ŽÀ‚È‘–‚è‚Åƒ^ƒCƒ€’Zk^‘æ12íƒTƒ“ƒ}ƒŠƒmGP,https://news.yahoo.co.jp/articles/3e3776432d16565d97e1ae5652b0a48921096272,9/9(“y) 4:00
rcg,ƒAƒ“ƒhƒŒEƒƒbƒeƒ‰[A2024”N‚ÍƒtƒH[ƒ~ƒ…ƒ‰E‚ÉŽQí‚¹‚¸BƒVƒ“ƒOƒ‹ƒV[ƒ^[‚©‚ç‚Ìˆø‘Þ‚ð”­•\,https://news.yahoo.co.jp/articles/dcdf767cf4b4548397125003950b2132b6eeb3dc,9/8(‹à) 23:54
rcg,KTM‚ÌƒyƒhƒƒT‚ª3”ÔŽè‚ÌƒTƒvƒ‰ƒCƒYBŽñˆÊ‚Ìƒxƒ[ƒbƒ`‚Í2”N‚Ô‚è‚ÌƒŒƒR[ƒhXV^MotoGP‘æ12íƒTƒ“ƒ}ƒŠƒmGP,https://news.yahoo.co.jp/articles/5c814119a46d6b601617d0589c2eac2dd2551b33,9/8(‹à) 23:22
rcg,yƒ^ƒCƒ€Œ‹‰Êz2023MotoGP‘æ12íƒTƒ“ƒ}ƒŠƒmGP ƒvƒ‰ƒNƒeƒBƒX,https://news.yahoo.co.jp/articles/af1c78054cf85a1280b1cd2576c812cf10338524,9/8(‹à) 23:07
rcg,RX2eƒ‰ƒ“ƒLƒ“ƒO3ˆÊŠl“¾‚ÌƒRƒ`ƒ…ƒŠƒ“ƒXƒL[u¡Œã‚àƒ‰ƒŠ[ƒNƒƒX‚É’§í‚µ‘±‚¯‚½‚¢v,https://news.yahoo.co.jp/articles/1ef21735a256b9c81d60b6f4e493ab4c84391add,9/8(‹à) 21:56
rcg,SBKFƒŒƒ~[EƒK[ƒhƒi[A2024”N‚àƒGƒK[ƒ^[‚Æ‚Æ‚à‚ÉGRTƒ„ƒ}ƒn‚©‚çŽQíBƒ„ƒ}ƒn‚Í4–¼‚Ìƒ‰ƒCƒ“ƒAƒbƒv‚ªŠm’è,https://news.yahoo.co.jp/articles/8e796d7f66f1ce04e10d5c6dd648743595d3a167,9/8(‹à) 21:49
rcg,WEC•xŽm6˜A”e‚ÖŒü‚¯ƒgƒˆƒ^‚ª‰“úƒgƒbƒvƒ^ƒCƒ€‚ð‹L˜^BƒZƒoƒXƒ`ƒƒƒ“EƒuƒGƒ~uŽÀ‚è‚ ‚é‹à—j“ú‚¾‚Á‚½v,https://news.yahoo.co.jp/articles/5fed0c0b557a52805dd32d5b3f07184f7d2de4f8,9/8(‹à) 21:43
rcg,uƒtƒFƒ‰[ƒŠ‚Íæ‚è‚â‚·‚¢v‚Æ‰æ‚è‚Ì‹{“cä»•üBƒ~ƒVƒ…ƒ‰ƒ“‚ÌˆóÛ‚É‚ÍˆÓŠO«‚à^WEC•xŽm,https://news.yahoo.co.jp/articles/53caac618c348d33ebf62a2ec8071e26066a587b,9/8(‹à) 19:19
rcg,2024”NJAF‘“à‹£‹ZŽÔ—¼‹K‘¥“à‚ÅƒX[ƒp[ƒtƒH[ƒ~ƒ…ƒ‰Eƒ‰ƒCƒc‚ÌƒGƒ“ƒWƒ“‹K’è•ÏXB—ˆ‹G‚©‚çƒRƒ“ƒgƒ[ƒ‹ƒGƒ“ƒWƒ“‰»‚©,https://news.yahoo.co.jp/articles/51a2c713015671c75cb400fbd5ca41490dfbd6de,9/8(‹à) 18:55
rcg,ƒXƒoƒ‹AwƒŒƒ”ƒH[ƒO ƒŒƒCƒoƒbƒNx‚Ìæs—\–ñ‚ðŠJŽnBg—Bˆê–³“ñ‚Ì‘¶Ýh‚ðæ‚¤“ú–{Œü‚¯VŒ^SUV,https://news.yahoo.co.jp/articles/a151182f2025fbdc7008f1cf4e8dbd59febeabf4,9/8(‹à) 18:42
rcg,yƒ^ƒCƒ€Œ‹‰Êz2023MotoGP‘æ12íƒTƒ“ƒ}ƒŠƒmGP ƒtƒŠ[‘–s1‰ñ–Ú,https://news.yahoo.co.jp/articles/b43c22574b702acd7b6204ac67790274f2795e53,9/8(‹à) 18:37
rcg,ƒAƒXƒgƒ“ƒ}[ƒeƒBƒ“‘ã•\Aƒ~ƒX‚È‚­FP1‚ðI‚¦‚½ƒhƒ‹ƒSƒ”ƒBƒbƒ`‚ðÌŽ^u”Þ‚ÌÚ×‚ÈƒtƒB[ƒhƒoƒbƒN‚É–ž‘«v^F1‘æ15í,https://news.yahoo.co.jp/articles/a1ae53e8e4f7c8b9a721576052077849415c5177,9/8(‹à) 18:10
rcg,’µ‚Ë”næs‚Ì’nŒ³í‚Åƒgƒˆƒ^w‰c‚ª‚·‚®‚³‚Ü”½Œ‚Bƒhƒ‰ƒC‚Å8†ŽÔ‚ªÅ‘¬Aƒƒ“Eƒc[’DŠÒ^WEC•xŽmFP2,https://news.yahoo.co.jp/articles/22862b05c23c4ba678e59e3b48a4f3730c32f934,9/8(‹à) 18:01
rcg,2023”N‚ÍƒXƒ|ƒbƒgŽQí‚Ì‹ê‚µ‚³‚ð–¡‚í‚Á‚½²“¡‘ô–B—ˆ‹G‚ÉŒü‚¯‚Äu‚±‚ê‚Åw‚Í‚¢A‚¨‚µ‚Ü‚¢x‚Æ‚¢‚¤‚í‚¯‚É‚Í‚¢‚©‚È‚¢v,https://news.yahoo.co.jp/articles/067378c81b4933748ed006d4134bd0a348337497,9/8(‹à) 18:00
rcg,ƒgƒˆƒ^A‘S“ú–{ƒ‰ƒŠ[‘IŽèŒ ‚ÉŽáŽèƒhƒ‰ƒCƒo[ˆç¬ƒJƒeƒSƒŠ[‚ðVÝ‚ÖB2024”NŽn“®—\’è,https://news.yahoo.co.jp/articles/2aa8e2dc35f9fb0588a6506027967960c80b97a3,9/8(‹à) 17:30
rcg,ƒ[ƒ^ƒXA¢ŠEÅ‘¬ƒŒƒxƒ‹‚Ì“d“®ƒnƒCƒp[GTwƒGƒƒ„x”­•\BÅ‚o—Í‚Í917ps,https://news.yahoo.co.jp/articles/178f590cdc3a7baa56c2d33ddad42b2f3f38c512,9/8(‹à) 17:10
rcg,yƒ^ƒCƒ€Œ‹‰Êz2023”NWEC‘æ6í•xŽm FP2,https://news.yahoo.co.jp/articles/6ccf8aab1c173df5d82dd170c51b776f6cddaff0,9/8(‹à) 17:03
rcg,ƒX[ƒp[GT300ƒNƒ‰ƒX‚Ìê—LƒeƒXƒg‚ª‚à‚Ä‚¬‚ÅŠJÃB17‘ä‚ªŽQ‰Á‚µA‹Md‚ÈŽü‰ñ”‚ðd‚Ë‚é,https://news.yahoo.co.jp/articles/1ed4ce2bf0f4f350157a67a34202414a1560f98d,9/8(‹à) 15:00
rcg,"‰J’†‚Ì""“G’n""‚ÅƒtƒFƒ‰[ƒŠ499P‚ªƒƒ“Eƒc[”­iB’nŒ³í‚Ìƒgƒˆƒ^w‰c‚Í6`7”ÔŽè^WEC•xŽmFP1",https://news.yahoo.co.jp/articles/a328d0fdbcbe5b44afb254c39a8bad2f3071d240,9/8(‹à) 13:35
rcg,uGR‚Éƒ[ƒJ[‚ÌŠ_ª‚Í‚²‚´‚¢‚Ü‚¹‚ñv’†“ˆˆê‹M•›‰ï’·‚ªŒê‚éWECƒ‚ƒ“ƒcƒ@í‚Ìg”½Èh‚Æ‹{“cä»•ü‚Ì«—ˆ,https://news.yahoo.co.jp/articles/9d9c1518810485c203ebb15c9f24a876d7369566,9/8(‹à) 12:41
rcg,ƒŒƒbƒhƒuƒ‹F1‚ÆƒyƒŒƒX‚ÌŒ_–ñ–â‘è‚É‚Â‚¢‚ÄŒë•ñ‚ª”­¶BƒCƒ“ƒ^ƒrƒ…[‚Å‚ÌƒyƒŒƒX‚Ì”­Œ¾‚É‹Nˆö,https://news.yahoo.co.jp/articles/9b208a86e15a962b41e58c4d950fba0609b408f2,9/8(‹à) 12:35
rcg,yƒ^ƒCƒ€Œ‹‰Êz2023”NWEC‘æ6í•xŽm FP1,https://news.yahoo.co.jp/articles/1ffa08dbd81408e4a138ff6bb0f87efa33097d9b,9/8(‹à) 12:35
rcg,ƒgƒˆƒ^A“`“‚ÌWRCƒAƒNƒƒ|ƒŠƒXEƒ‰ƒŠ[‚ÅŽñˆÊ”­iuŠy‚µ‚ñ‚Å‘–‚èA‚¢‚¢ƒ^ƒCƒ€‚ðo‚¹‚½v‚Æƒƒoƒ“ƒyƒ‰,https://news.yahoo.co.jp/articles/6d6df8b125b4b4a7285373a8a8caa067a011d17c,9/8(‹à) 12:13
rcg,WEC•xŽm‚É‹}ç¯ŽQí‚ÌƒXƒgƒtƒFƒ‹Eƒoƒ“ƒh[ƒ“BƒvƒWƒ‡[9X8‚Ì‘–sƒeƒXƒg‚Ís‚¦‚¸‚àu‘å‚«‚ÈƒTƒvƒ‰ƒCƒY‚Í‚È‚¢v,https://news.yahoo.co.jp/articles/b0ff46df4f911027b0d4630e76942ce18145a3ee,9/8(‹à) 11:48
rcg,ƒ„ƒ}ƒnAƒXƒ|[ƒcƒc[ƒŠƒ“ƒO‚ÌVƒ‚ƒfƒ‹wƒgƒŒ[ƒT[9 GT{x‚ð10ŒŽ6“ú‚©‚ç”­”„,https://news.yahoo.co.jp/articles/8e528ded29ccbb6f074bdfd10c3e0fd29b116c23,9/8(‹à) 11:46
rcg,ƒnƒ~ƒ‹ƒgƒ“‚ÌF1Žc—¯‚ðAƒ‰ƒCƒoƒ‹‚ÌƒAƒƒ“ƒ\‚ÆƒtƒFƒ‹ƒXƒ^ƒbƒyƒ“‚ªŠ½Œ},https://news.yahoo.co.jp/articles/61fdee5f8e8b7cf18ee4bc7c2f2d8bf2c33988c8,9/8(‹à) 11:45
rcg,ƒoƒjƒƒƒCƒAAƒJƒ^ƒ‹[ƒjƒƒGPd‘åƒAƒNƒVƒfƒ“ƒg‚Ìó‹µ‚ðà–¾BuWUPƒ‰ƒbƒv‚ÅƒŠƒ„ƒOƒŠƒbƒv‚ªgƒ[ƒh‚¾‚Á‚½v,https://news.yahoo.co.jp/articles/5e655088e21e52f8109e197296f72688d120f0fa,9/8(‹à) 10:35
rcg,ƒAƒ‹ƒtƒ@ƒ^ƒEƒŠF1‚ÌƒhƒLƒ…ƒƒ“ƒ^ƒŠ[‰f‰æ‚Ìƒ[ƒ‹ƒhƒvƒŒƒ~ƒA‚ªŠJÃBŠp“c—T‹B‚ªAT03‚Æ‚Æ‚à‚Éƒxƒlƒ`ƒA‚Ì‰^‰Í‚ðqs,https://news.yahoo.co.jp/articles/51563a6343e1601bce59dce52a5e1e42e121bce2,9/8(‹à) 8:12
rcg,ƒtƒFƒŠƒbƒNƒXEƒ[ƒ[ƒ“ƒNƒ”ƒBƒXƒg‚ª¡‹GŒÀ‚è‚Åƒ}ƒNƒ‰[ƒŒƒ“‚ð—£’EB—ˆ‹G‚ÍƒƒCƒ„[EƒVƒƒƒ“ƒNEƒŒ[ƒVƒ“ƒO‚©‚çŽQí,https://news.yahoo.co.jp/articles/f248fa83c40c7b82f85396f7b847024d9f998621,9/8(‹à) 8:00
rcg,ƒAƒNƒƒ|ƒŠƒX‚ÅWRCƒMƒŠƒVƒƒŠJ–‹B‚Ô‚Á‚Â‚¯–{”Ô‚ÌSS1‚Å‚Íƒƒoƒ“ƒyƒ‰‚ªÅ‘¬AŸ“c‚Í6”ÔŽè”­i,https://news.yahoo.co.jp/articles/6c923632eaf9ae426e1696b681ddb1cef03d04f1,9/8(‹à) 7:05
rcg,y‡ˆÊŒ‹‰Êz2023”NWRC‘æ10íƒAƒNƒƒ|ƒŠƒXEƒ‰ƒŠ[EƒMƒŠƒVƒƒ SS1Œã,https://news.yahoo.co.jp/articles/3344416fd70c37aed6e6867000104d732a54ccc3,9/8(‹à) 6:50
rcg,F1 TopicFƒŒƒbƒhƒuƒ‹‘Sí‘SŸ‚Í‚ ‚é‚©BŽRê‚ÍgƒtƒFƒ‹ƒXƒ^ƒbƒyƒ“–¢Ÿ—˜h‚ÌƒVƒ“ƒKƒ|[ƒ‹GP‚Æƒ}ƒ‹ƒR,https://news.yahoo.co.jp/articles/417232ede0b9baf8ff9cae1d61e3ec63a936749b,9/8(‹à) 6:30
rcg,ƒvƒWƒ‡[9X8ABoPgŠÉ˜ah‚Ì‰e‹¿^”„‹p‚³‚ê‚½ƒtƒFƒ‰[ƒŠ‚ª“ú–{‚Ö^2‘ä–Ú‚Ìƒ|ƒ‹ƒVƒF963 etc.yWEC•xŽm–Ø—jTopicsz,https://news.yahoo.co.jp/articles/e2f78f994aee0b0fd09db50b6a3ae3e4a0ab51aa,9/7(–Ø) 22:40
rcg,ƒ‹ƒJEƒ}ƒŠ[ƒjA2024”N‚àVR46‚©‚çŒp‘±ŽQíBƒxƒ[ƒbƒ`‚ªƒ`[ƒ€ƒƒCƒg^MotoGP,https://news.yahoo.co.jp/articles/34131095d07796b4bfb9f2d21d18d05abff05837,9/7(–Ø) 20:59
rcg,ƒgƒˆƒ^Aƒ`[ƒ€ƒI[ƒ_[‚Íg‚Æ‚è‚ ‚¦‚¸A‚È‚µhBuŽ©M‚ðŽ‚Á‚Ä—Õ‚Ý‚½‚¢v‚Æ¬—Ñ‰Â–²ˆÌ‘ã•\^WEC•xŽm,https://news.yahoo.co.jp/articles/fa7e3c11c4df805b9f2e4655bb62dcaec9ca64eb,9/7(–Ø) 18:34
rcg,F1“ú–{GP‚ÌŒöŽ®PRƒCƒxƒ“ƒgwF1 Tokyo Festivalx‚ª9ŒŽ20“ú‚ÉVh‚ÅŠJÃBF1ƒhƒ‰ƒCƒo[‚âƒQƒXƒgo‰‰‚É‰Á‚¦ƒ}ƒVƒ““WŽ¦‚à,https://news.yahoo.co.jp/articles/07b54246573fc343ec5bbc3de34544aa588d2ae2,9/7(–Ø) 17:55
rcg,ƒhƒDƒJƒeƒB‚ÌWƒŠƒ^ƒCƒAAƒAƒvƒŠƒŠƒA‚Ì‘¬‚³‚Æ‘Š«B‹ŒŒ^‚É–ß‚·ƒ„ƒ}ƒn‚ÌˆÙ—á‚Ì”»’f^MotoGP‚ÌŒäˆÓŒ©”Ô‚É•·‚­ƒJƒ^ƒ‹[ƒjƒƒGP,https://news.yahoo.co.jp/articles/130a913c1d495b84acaca18f5ad1d25ceddaa72e,9/7(–Ø) 17:51
rcg,ƒWƒƒƒK[Aƒtƒ‹“d“®ƒ‚ƒfƒ‹wI-PACEx‚ðƒ}ƒCƒi[ƒ`ƒFƒ“ƒWB9ŒŽ7“ú‚æ‚èƒIƒ“ƒ‰ƒCƒ“ŒÀ’èŽó’ŠJŽn,https://news.yahoo.co.jp/articles/61d53a62700803cfba65823f94026a4ccbd261ea,9/7(–Ø) 17:30
rcg,F1 TopicFˆö‰‚Ìƒ‚ƒ“ƒcƒ@‚Å1988”Ng˜AŸƒXƒgƒbƒvh‚ÌáJ‚ð‰Ê‚½‚µ‚½ƒzƒ“ƒ_B“y—j“ú‚É‚ÍƒyƒŒƒXŽÔ‚Ìƒpƒ[ƒ†ƒjƒbƒgŒðŠ·‚ðŒˆ’f,https://news.yahoo.co.jp/articles/a6eab34a4f293f11371022f63f3bbf985a382c65,9/7(–Ø) 17:05
rcg,ƒPƒrƒ“EƒGƒXƒg[ƒŒ‚ªGen3ƒtƒH[ƒhEƒ}ƒXƒ^ƒ“ƒO‚ðƒhƒ‰ƒCƒuw‚·‚×‚Ä‚ª‰‚Å‘å•Ï‚¾‚Á‚½x^RSC,https://news.yahoo.co.jp/articles/f47774f31e531ed346482ca0c057b908e80c997a,9/7(–Ø) 17:00
rcg,‹‰ØƒQƒXƒg“oê‚à—\’è‚µ‚Ä‚¢‚½w2023ƒ}ƒcƒLƒhƒ‰ƒCƒrƒ“ƒOƒXƒN[ƒ‹ƒtƒFƒXƒ^xB‘ä•—Ú‹ß‚É”º‚¢ŠJÃ‰„Šú‚É,https://news.yahoo.co.jp/articles/f0230a441fa6c78816a240650ca7d7f88b88c796,9/7(–Ø) 16:36
rcg,GTƒeƒXƒg’†‚É“Í‚¢‚½“Ë‘R‚ÌƒIƒtƒ@[BWEC“dŒ‚ƒfƒrƒ…[‚Ì‹{“cä»•üu‚±‚ê‚ªl¶‚Ì«—ˆ‚ðŠJ‚­“¹v,https://news.yahoo.co.jp/articles/1bb6b965be92a128cd2731af950d098cdfff2003,9/7(–Ø) 13:51
rcg,WRCƒMƒŠƒVƒƒA‘å‰J‚Ì‰e‹¿‚Å7“ú‚ÌƒVƒFƒCƒNƒ_ƒEƒ“‚ªƒLƒƒƒ“ƒZƒ‹Bƒpƒ[ƒXƒe[ƒW‚à‹——£’Zk‚Ö,https://news.yahoo.co.jp/articles/0b067e7130fbefa945e7b504f736767e2af56bfd,9/7(–Ø) 12:09
rcg,ƒtƒFƒ‰[ƒŠF1‘ã•\uƒTƒCƒ“ƒc‚Æƒ‹ƒNƒŒ[ƒ‹‚Ìƒoƒgƒ‹‚ðŽ~‚ß‚È‚©‚Á‚½‚Ì‚Í³‚µ‚¢”»’fv,https://news.yahoo.co.jp/articles/b4ba888aacbec9996600eb75ec50f964cca1ffdd,9/7(–Ø) 11:54
rcg,‰f‰æwƒOƒ‰ƒ“ƒc[ƒŠƒXƒ‚x‚Í–²‚ðŠ‚¦‚éŠ´“®‚ð–¡‚í‚¦‚éƒŒ[ƒVƒ“ƒOƒ€[ƒr[B‚½‚¾‚µƒ‚[ƒ^[ƒXƒ|[ƒcƒtƒ@ƒ“‚ÍŠÓÜ‘O‚Ég‚²’ˆÓh‚ð,https://news.yahoo.co.jp/articles/6ba128cc3b5bee34c3e58bee4e68835c715e7a5c,9/7(–Ø) 11:50
rcg,ƒ‚ƒ“ƒcƒ@‚Ìƒ^[ƒ“1•2‚ð‰ü—Ç‚·‚×‚«‚¾‚Æƒ‰ƒbƒZƒ‹‚ªŽå’£u‚ ‚Ìƒ‰ƒ“ƒIƒtƒGƒŠƒA‚Íg–Æß•„h‚Ì‚æ‚¤‚È‚à‚Ìv^F1‘æ15í,https://news.yahoo.co.jp/articles/d89464721fdc6a8db851941efb7d52f14c4c6315,9/7(–Ø) 11:50
rcg,ƒŒ[ƒVƒ“ƒOƒVƒ~ƒ…ƒŒ[ƒ^[wiRacingx‚ÉƒX[ƒp[ƒtƒH[ƒ~ƒ…ƒ‰SF23‚ª“oêBgÔ“Ðh‚ª“Á•ÊƒJƒ‰[ƒŠƒ“ƒO‚Æ‚µ‚ÄÝ’è,https://news.yahoo.co.jp/articles/ba352e545468ccea01bfbe91887d8fd3de520a0a,9/7(–Ø) 11:19
rcg,ƒuƒŠƒaƒXƒgƒ“A‘S“ú–{ƒ[ƒh‚Æ’n•û‘IŽèŒ ‚ÌST600ƒNƒ‰ƒX‚É2026”N‚Ü‚Åƒƒ“ƒƒCƒNƒ^ƒCƒ„‚Ì‹Ÿ‹‹‚ðŒp‘±,https://news.yahoo.co.jp/articles/d3d9e2d4dcdb60131d5053f9ca84da7b304e900b,9/7(–Ø) 9:55
rcg,ƒƒ‹ƒZƒfƒXF1‘ã•\ƒEƒHƒ‹ƒtA•G‚ÌŽèp‚Ì‚½‚ß“ú–{GP‚ðŒ‡È‚Ö,https://news.yahoo.co.jp/articles/86470345311bc647b7ed4d6ce33d17c1cfd42266,9/7(–Ø) 7:11
rcg,uƒ‰ƒeƒ“‹CŽ¿‚ÅA‚Æ‚«‚Ç‚«”š”­‚·‚évƒCƒ^ƒŠƒAƒ“‚ÉA‹›Œ™‚¢‚ÌƒCƒ^ƒŠƒAƒ“yWEC‰´‚Ì‘Š•ûgƒLƒƒƒ‰hÐ‰îi4jƒtƒFƒ‰[ƒŠ•Òz,https://news.yahoo.co.jp/articles/a07208c0953b94a22d79630386738121feeaab90,9/7(–Ø) 7:01
rcg,ƒgƒˆƒ^‚ÆƒtƒFƒ‰[ƒŠ‚É’Ç‚¢‚Â‚¯‚é‚©BƒAƒŒƒbƒNƒXEƒŠƒ“‚ªŒê‚éƒLƒƒƒfƒ‰ƒbƒN‚Ì‰Â”\«u[•ª‚Èƒ|ƒeƒ“ƒVƒƒƒ‹‚ª‚ ‚év,https://news.yahoo.co.jp/articles/6fe23a56a5b147fc959b7fb57855d8556f41c5ab,9/7(–Ø) 6:50
rcg,‚‹´IA8”N‚Ô‚è‚ÉMotoGP‚ÉŽQíBƒŠƒ“ƒX‚Ì‘ã–ð‚ÅLCRƒzƒ“ƒ_EƒJƒXƒgƒ[ƒ‹‚©‚ç‘æ12íƒTƒ“ƒ}ƒŠƒmGP‚Ö,https://news.yahoo.co.jp/articles/4faa506b494b1d30d1c72efceb96b51e47e39cae,9/6(…) 18:44
rcg,2024”N‚Ü‚Å“±“ü‰„Šú‚Æ‚È‚Á‚½STCC“ÆŽ©‹K’èEVŽÔ—¼‚Ì‚¤‚¿wƒeƒXƒ‰Eƒ‚ƒfƒ‹3x‚ªæs‰ŒöŠJ,https://news.yahoo.co.jp/articles/d7a8f36687bee68a3d42862e089dab4f1088d731,9/6(…) 18:15
rcg,—Ž’_‚ÌƒX[ƒp[GT—éŽ­‚©‚ç1TŠÔA¼“cŽŸ¶‚ªƒX[ƒp[‘Ï‹v‚à‚Ä‚¬‚Å•œŠˆ—DŸB‰ö‰ä‚Ì‰ñ•œ‚àƒ|ƒWƒeƒBƒu‚È’›‚µ,https://news.yahoo.co.jp/articles/7c3a130a96808b60fe1058e7272126c1c64feaef,9/6(…) 17:21
rcg,F1‚Æ‘Š–o‚ðŠ|‚¯‡‚í‚¹‚½g“ú–{‚È‚ç‚Å‚Í‚ÌƒCƒxƒ“ƒgh‚ðƒzƒ“ƒ_‚ÆƒŒƒbƒhƒuƒ‹‚ªŠJÃ‚ÖBƒhƒ‰ƒCƒo[‚àŽQ‰Á—\’è,https://news.yahoo.co.jp/articles/3627a7f37bf6fdafafbb9f5f813614489242b50d,9/6(…) 15:40
rcg,’·“‡“N‘¾‚ª‘S“ú–{ƒ[ƒh‘æ7í‰ªŽR‚É‹Ù‹}ŽQíBš ˆä‚Ì‘ã–ð‚ÅSDG HARC-PRO.‚©‚ç‰‚ÌST1000‚Öu‘_‚¤‚Ì‚Í—DŸ‚Ì‚Ýv,https://news.yahoo.co.jp/articles/e0a0df2f3b5baf1ae265fee02e6bbc1badf99cfc,9/6(…) 15:00
rcg,ƒgƒˆƒ^AƒZƒ“ƒ`ƒ…ƒŠ[‚ÌVƒ‚ƒfƒ‹‚ð”­•\B9ŒŽ6“ú‚©‚ç’•¶Žó•tŠJŽnA2023”N’†‚Ì”­”„‚ð—\’è,https://news.yahoo.co.jp/articles/82e90cb9b3f6e31abec141480aa4156168c79661,9/6(…) 14:52
rcg,[“dŠ®—¹‚ÌMƒXƒ|[ƒcBWRCƒMƒŠƒVƒƒ‚ÉŒü‚¯Šú‘Ò‚ðŠñ‚¹‚éƒ~ƒ‹ƒi[‘ã•\‚ÍuŽc‚è4í‚Å2Ÿ–Ú‚ ‚év‚ÆŠmM,https://news.yahoo.co.jp/articles/d29d2a1045b2233806b8f0ff4f3e878ca00fc60e,9/6(…) 13:53
rcg,ƒAƒXƒgƒ“ƒ}[ƒeƒBƒ“F1‚Å‚ÍƒXƒgƒ[ƒ‹‚Ì«—ˆ‚ÉŠÖ‚·‚é‹c˜_‚Í‚µ‚Ä‚¢‚È‚¢‚Æ‘ã•\‚ªŽå’£BŒ»sƒ‰ƒCƒ“ƒAƒbƒv‚É–ž‘«,https://news.yahoo.co.jp/articles/ce86e0f36ca18299684e88a4b0479a82e19a3f0b,9/6(…) 13:35
rcg,ƒTƒbƒVƒƒ~’†–ìMŽ¡‚ª^Œ•‚©‚ÂŒy‚â‚©‚ÈF1ƒg[ƒN‚Å‰ïê‚ð·‚èã‚°‚éBDAZNwWEDNESDAY F1 TIMExŒöŠJŽû˜^‚ªŽÀŽ{,https://news.yahoo.co.jp/articles/81a5f6db309d0394fe434bdf4a81fccc9ee5794a,9/6(…) 12:49
rcg,‚Ü‚½‚à‚âF1‚Å‚‹‰ŽžŒvƒŠƒVƒƒ[ƒ‹Eƒ~ƒ‹‚Ì‹­“Ž–ŒB”íŠQ‚É‘˜‚Á‚½ƒTƒCƒ“ƒcA”Æl‚ð•ß‚ç‚¦‚é,https://news.yahoo.co.jp/articles/35a594f04a5bdc8fc9a9af63ea02c9b73ffc77ad,9/6(…) 12:42
rcg,WorldRX‚ÌI”Õ2íA“ìƒAEƒP[ƒvƒ^ƒEƒ“‚Æ‰ŠJÃ‚Ì`í‚ÍRX2e—pwZEROID X1x‚Å‚ÌŸ•‰‚É,https://news.yahoo.co.jp/articles/8fc23d9bcb6688350c5c3ee983770e773cacf289,9/6(…) 12:31
rcg,¶’a40Žü”N‚Ìgƒnƒ`ƒƒNh‚±‚Æƒgƒˆƒ^EƒXƒvƒŠƒ“ƒ^[ƒgƒŒƒm‚ªw‹ž¤ƒ~ƒjƒJ[•ƒuƒbƒNx‚É“oêB9ŒŽ7“ú‚æ‚è”­”„ŠJŽn,https://news.yahoo.co.jp/articles/c9e0d49dc223ec8c8b611b69d0c61da7d7bff254,9/6(…) 11:59
rcg,ƒ^ƒLˆäã‚ÌF1ŽQí‚ðŽÀŒ»‚³‚¹‚½ŽjãÅ‚à—DG‚Èƒ}ƒl[ƒWƒƒ[yƒ^ƒLˆäã‚ªŒê‚é•q˜rF1ƒ}ƒl[ƒWƒƒ[^ÅI‰ñF‘O•Òz,https://news.yahoo.co.jp/articles/093f6656bd354afc9b8deec3dc80ba21a1fb327e,9/6(…) 11:50
rcg,‹{“cä»•üA¡T––‚Ì•xŽm‚Å‹}ç¯WECƒfƒrƒ…[‚ªŒˆ’èI@ƒPƒbƒZƒ‹EƒŒ[ƒVƒ“ƒO‚ÌƒtƒFƒ‰[ƒŠ488 GTE Evo‚ðƒhƒ‰ƒCƒu‚Ö,https://news.yahoo.co.jp/articles/4de67fa430916c9dd8fcddd67f9de24769b6a976,9/6(…) 8:33
rcg,FIAA2022”NF1ƒRƒXƒgƒLƒƒƒbƒv’²¸‚ðŠ®—¹B‹K‘¥ŒµŠi‰»‚àˆá”½ƒ`[ƒ€‚Íƒ[ƒ,https://news.yahoo.co.jp/articles/b46c4354ec90c8e0112d73264ba715b78e1e500f,9/6(…) 8:11
rcg,ƒNƒAƒ‹ƒ^ƒ‰ƒA17”ÔƒOƒŠƒbƒh‚©‚ç7ˆÊB‹ŒƒGƒAƒ•ð”Nƒx[ƒXŽg—p‚ÌŒˆ’f‚ª‘tŒ÷^‘æ11íƒJƒ^ƒ‹[ƒjƒƒGP,https://news.yahoo.co.jp/articles/51d4460e389fd5feb7f4322963f3bd18019ddc1a,9/6(…) 7:15
rcg,‘O”N‚Íƒqƒ‡ƒ“ƒf‚ª1-2-3uÄŒ»‚Å‚«‚é‚æ‚¤Šè‚Á‚Ä‚¢‚év‚Æƒk[ƒrƒ‹^2023”NWRC‘æ10íƒMƒŠƒVƒƒ Ž–‘OƒRƒƒ“ƒg,https://news.yahoo.co.jp/articles/242b53bebdcab1d4e2fab439e8afe6fb39a10300,9/6(…) 6:45
rcg,uƒ‰ƒ“ƒh‚Í2025”N‚Ü‚Åƒ}ƒNƒ‰[ƒŒƒ“F1‚ÅƒŒ[ƒX‚ð‚·‚évƒmƒŠƒX‚Ì‘Šúƒ`[ƒ€—£’E‚Ì‰Â”\«‚ðƒuƒ‰ƒEƒ“‚ª”Û’è,https://news.yahoo.co.jp/articles/f0b82aaa77632717b8d43e47a3c38460d2bacb80,9/6(…) 6:30
rcg,ƒzƒ“ƒ_‚Ì“ïí‚ÍŒˆŸ‚Ü‚Å•Ï‚í‚ç‚¸BÏ”N‚Ì–â‘èAƒŠƒ„ƒOƒŠƒbƒv‚ª’v–½“I‚É^‘æ11íƒJƒ^ƒ‹[ƒjƒƒGP,https://news.yahoo.co.jp/articles/179083e32683a6c273ed35f57a61f6dac88eb189,9/5(‰Î) 23:15
rcg,ƒjƒbƒRƒEƒuƒŒƒKA2024”N‚©‚çAruba.it Racing‚É¸Ši‚ÅSBK‚ÉŽQíBƒŠƒiƒ‹ƒfƒB‚Íƒ`[ƒ€—£’E,https://news.yahoo.co.jp/articles/b30e6b7ee43fde3866bf9d56ea85813d6dd9958f,9/5(‰Î) 17:49
rcg,ƒW[ƒv‚Ì––’í‚Éƒuƒ‰ƒbƒN•ƒCƒGƒ[‚ÌŒÂ«‚ð‚Ü‚Æ‚Á‚½ŒÀ’èŽÔwƒŒƒlƒQ[ƒhXx‚ª“oê,https://news.yahoo.co.jp/articles/00984a7a36937ac3e870882c4cba752cba343764,9/5(‰Î) 17:05
rcg,ƒŠƒJƒ‹ƒh‚ÌF1•œ‹A‚Í10ŒŽ‚ÌƒJƒ^[ƒ‹GPˆÈ~‚©BƒŒƒbƒhƒuƒ‹‘ã•\‚àu–œ‘S‚Èó‘Ô‚Ü‚Å‰ñ•œ‚µ‚½‚ÆŠm”F‚µ‚½‚¢v‚Æ‹}‚ª‚¸,https://news.yahoo.co.jp/articles/902432b47710d22034612f927bc0a8f097f7ceab,9/5(‰Î) 15:45
rcg,ƒ}ƒcƒ_‚ÌŽå—ÍSUVwCX-5xwCX-30x‚É‰ü—Çƒ‚ƒfƒ‹‚ª“oêBV‰¿Ši‚Å10ŒŽ’†`‰º{‚É”­”„‚Ö,https://news.yahoo.co.jp/articles/499226644ae18e2f9ff57be56b6c71bcda503f2e,9/5(‰Î) 14:42
rcg,ƒKƒuƒŠƒGƒ‹Eƒ{ƒ‹ƒgƒŒ[ƒgA—\‘II—¹Žž“_‚Å2023”NFIA F3ƒ^ƒCƒgƒ‹‚ðŠl“¾y‡ˆÊŒ‹‰Ê^‘æ10íz,https://news.yahoo.co.jp/articles/2762a905eefa734a1565e73a73998d221d6d1c49,9/5(‰Î) 14:22
rcg,‹Ù”—‚ÌƒvƒŒ[ƒIƒtí‚Íƒgƒˆƒ^w‰c‚Æ‚ÌŒƒ“¬‚ð§‚µ‚½ƒJƒCƒ‹Eƒ‰[ƒ\ƒ“‚ªŸ—˜^NASCAR‘æ27í,https://news.yahoo.co.jp/articles/fd433d9c5ea44adb1174ed8c0cc29857a49a00d4,9/5(‰Î) 14:01
rcg,2023”NF1‘æ15íƒCƒ^ƒŠƒAGPŒˆŸƒgƒbƒv10ƒhƒ‰ƒCƒo[ƒRƒƒ“ƒgi2j,https://news.yahoo.co.jp/articles/19215bada58fca19f2525c5e5343ad7e17efec45,9/5(‰Î) 13:51
rcg,2023”NF1‘æ15íƒCƒ^ƒŠƒAGPŒˆŸƒgƒbƒv10ƒhƒ‰ƒCƒo[ƒRƒƒ“ƒgi1j,https://news.yahoo.co.jp/articles/9ec9f0b7c97d5e5a9141c63c516706414616f7e2,9/5(‰Î) 13:50
rcg,VŒ^ƒRƒ‹ƒxƒbƒgGT3‚ÌŠJ”­ƒeƒXƒg‚É2ƒ`[ƒ€‚ªŽQ‰ÁBƒJƒXƒ^ƒ}[EƒŒ[ƒVƒ“ƒO¬Œ÷‚ð–ÚŽw‚·ƒVƒ{ƒŒ[‚ÌŽv˜f,https://news.yahoo.co.jp/articles/ab35107bdfd2a59643bc3f665457e65e93f15ec9,9/5(‰Î) 12:22
rcg,yæ]•ñzˆÓŽ¯•s–¾‚Ì23Îƒ‰ƒCƒ_[A’J–{‰¹“ø˜Y‚ª–S‚­‚È‚éB‘S“ú–{ƒ[ƒhJSB1000‚ÌŒˆŸ’†‚ÉŽ–ŒÌ,https://news.yahoo.co.jp/articles/f232ba48b5570559fcb802570b76a7f0297a960f,9/5(‰Î) 11:35
rcg,FCVŽÀŒ±ŽÔwLMPH2Gx‚ªWEC•xŽm‚Å“ú–{‰ŒöŠJBƒgƒˆƒ^‚Ì…‘fƒGƒ“ƒWƒ““‹Úƒvƒƒgƒ^ƒCƒv‚à“oê‚Ö,https://news.yahoo.co.jp/articles/0042b6937fc45f1611c4c7efe02a37f5b9d1b027,9/5(‰Î) 11:35
rcg,“–Ž–ŽÒ‚½‚¿‚Ì•Ù^‘æ11íƒJƒ^ƒ‹[ƒjƒƒGPŒˆŸ‚Å”­¶‚µ‚½‘½dƒNƒ‰ƒbƒVƒ…‚ÆƒoƒjƒƒƒCƒA‚ÌƒnƒCƒTƒCƒh,https://news.yahoo.co.jp/articles/f47d5c63995f9291ed21f5d9d535b4ed2a32c566,9/5(‰Î) 11:05
rcg,ƒqƒ…ƒ‹ƒPƒ“ƒxƒ‹ƒOu“üÜ‚É‚Í‰“‚­‹y‚Î‚¸B‘Oí‚Åi•à‚µ‚½‚ÆŽv‚Á‚½‚ª¡‰ñ‚Í‚»‚ê‚ªŒ»‚ê‚È‚©‚Á‚½vƒn[ƒX F1‘æ15íŒˆŸ,https://news.yahoo.co.jp/articles/da0f460f65b90691d21b72d28d33387b754d4009,9/5(‰Î) 10:50
rcg,ƒXƒgƒ[ƒ‹u1ƒXƒgƒbƒv‚Å‘–‚èØ‚ë‚¤‚Æ‚µ‚½‚ªAƒOƒŠƒbƒv‚ª—Ž‚¿‚Ä‡ˆÊ‚ðŽç‚ê‚È‚©‚Á‚½vƒAƒXƒgƒ“ƒ}[ƒeƒBƒ“ F1‘æ15íŒˆŸ,https://news.yahoo.co.jp/articles/2f97202c231ca642a1919c89422689179efcfc5c,9/5(‰Î) 10:40
rcg,ƒIƒRƒ“uƒXƒeƒAƒŠƒ“ƒO‚ªƒƒbƒN‚·‚é‚æ‚¤‚ÈŠ´G‚ª‚ ‚èAƒŠƒ^ƒCƒA‚µ‚È‚¯‚ê‚Î‚È‚ç‚È‚©‚Á‚½vƒAƒ‹ƒs[ƒk F1‘æ15íŒˆŸ,https://news.yahoo.co.jp/articles/c24304c07946ab8272fbb60b27777de7a1efe8b6,9/5(‰Î) 10:30
rcg,ŽüŠ¥‰Fu‹à—jA“y—j‚É”ä‚×‚Ä‘å‚«‚­i•àB‘S‘Ì“I‚ÉƒNƒŠ[ƒ“‚ÈƒŒ[ƒX‚¾‚Á‚½vƒAƒ‹ƒtƒ@ƒƒƒI F1‘æ15íŒˆŸ,https://news.yahoo.co.jp/articles/88513a7fbb7c0d845aa0bd1ac5979cf03b360372,9/5(‰Î) 10:20
rcg,ƒT[ƒWƒFƒ“ƒgu1ƒXƒgƒbƒví—ª‚ð‹@”\‚³‚¹‚æ‚¤‚Æ‚µ‚½‚ªA‘æ2ƒXƒeƒBƒ“ƒg‚ª­‚µ’·‚·‚¬‚½vƒEƒCƒŠƒAƒ€ƒY F1‘æ15íŒˆŸ,https://news.yahoo.co.jp/articles/22d7e0fe62a8c220ea6f0a648b55dda459b15db1,9/5(‰Î) 10:10
rcg,ƒsƒAƒXƒgƒŠu“ï‚µ‚¢1“úBƒnƒ~ƒ‹ƒgƒ“‚Æ‚ÌÚG‚Å“üÜ‚Ìƒ`ƒƒƒ“ƒX‚ÍŽ¸‚í‚ê‚½vƒ}ƒNƒ‰[ƒŒƒ“ F1‘æ15íŒˆŸ,https://news.yahoo.co.jp/articles/0dfab9d827d63c9f29e45b41ddb8831ac17095c9,9/5(‰Î) 10:00
rcg,’–“Ë–ÒiŒ^ƒ‹Eƒ}ƒ“ƒEƒCƒi[‚Æ48Î‚Ì‹ê˜JlB•xŽmŒã‚Í“ú–{‚Ì“cŽÉ‚ÖyWEC‰´‚Ì‘Š•ûgƒLƒƒƒ‰hÐ‰îi3jƒLƒƒƒfƒ‰ƒbƒN•Òz,https://news.yahoo.co.jp/articles/c73fa7e28b819bf310290bdf68c78fa591da87a8,9/5(‰Î) 8:24
rcg,wƒƒ‹ƒZƒfƒXEƒxƒ“ƒcC11xˆ³Ÿ‚ÅŽž‘ã‚ð’÷‚ßŠ‡‚Á‚½ƒƒ‹ƒZƒfƒXƒ^[ƒ{C‚ÌW‘å¬y–Y‚ê‚ª‚½‚«–ÁŽÔ‚½‚¿z,https://news.yahoo.co.jp/articles/50ab5c17139a6a5eb8f7e0b191b1e53bf158124c,9/5(‰Î) 7:57
rcg,ƒAƒƒ“ƒ\9ˆÊuƒ‰ƒ“ƒLƒ“ƒO‚ÅƒtƒFƒ‰[ƒŠ‚É”²‚©‚ê‚éŒ‹‰Ê‚ÉB‘‹}‚ÉŠª‚«•Ô‚·•K—v‚ª‚ ‚évƒAƒXƒgƒ“ƒ}[ƒeƒBƒ“^F1‘æ15í,https://news.yahoo.co.jp/articles/c33769ed87ab755bd122777ef507086a1c6a5232,9/5(‰Î) 7:44
rcg,u‘¬‚³‚¾‚¯‚Å‚È‚­‹­‚³‚à‘åØvCIVIC TYPE R CNF-R‚Í”M‚É‹êíBƒvƒƒWƒFƒNƒgƒŠ[ƒ_[‚ªŒê‚é“ï‚µ‚³,https://news.yahoo.co.jp/articles/ef528c8899074a9d74024ef4e5594cebb6200bcd,9/5(‰Î) 7:10
rcg,ƒAƒ‹ƒ{ƒ“Aƒ}ƒNƒ‰[ƒŒƒ“‚ð—}‚¦‚«‚Á‚Ä7ˆÊu–l‚ÍŠy‚µ‚©‚Á‚½‚¯‚ÇAƒ‰ƒ“ƒh‚Íˆá‚¤‚©‚à‚ËIvƒEƒCƒŠƒAƒ€ƒY^F1‘æ15í,https://news.yahoo.co.jp/articles/4d2ce907d653fa180dd4b12f620b0ab3d433b706,9/5(‰Î) 7:09
rcg,ƒGƒlƒAEƒoƒXƒeƒBƒAƒj[ƒjAMotoGP‘æ14í“ú–{GP‚Ü‚Å3í‚ðŒ‡êB¶‘«Žñ‚Æ¶Žè‚ÌŽèp‚Í¬Œ÷,https://news.yahoo.co.jp/articles/a72bfbf9362ee3c594dd0211661d01cfa1e6ddce,9/5(‰Î) 6:53
rcg,ƒtƒHƒ‹ƒNƒXƒ[ƒQƒ“A‚Œø—¦‹ì“®ƒVƒXƒeƒ€‚ð”õ‚¦‚½VŒ^wƒpƒT[ƒgEƒ”ƒ@ƒŠƒAƒ“ƒgx‚ð¢ŠE‰ŒöŠJ,https://news.yahoo.co.jp/articles/53004094a13bc15a908f05527f5bc04dcf8ddd3e,9/5(‰Î) 6:50
rcg,ƒmƒŠƒX8ˆÊuƒAƒ‹ƒ{ƒ“‚ÆƒEƒCƒŠƒAƒ€ƒY‚É’E–XBƒvƒŒƒbƒVƒƒ[‚ð‚©‚¯‘±‚¯‚½‚ª”²‚¯‚È‚©‚Á‚½vƒ}ƒNƒ‰[ƒŒƒ“^F1‘æ15íŒˆŸ,https://news.yahoo.co.jp/articles/9578b22e7df040829de72cac3498638364d35d14,9/5(‰Î) 6:32
rcg,ƒ{ƒbƒ^ƒX•ƒAƒ‹ƒtƒ@ƒƒƒI‚ªƒJƒiƒ_ˆÈ—ˆ‚Ì“üÜuƒ`[ƒ€‘Sˆõ‚Ìƒn[ƒhƒ[ƒN‚É•ñ‚¢‚é‚±‚Æ‚ª‚Å‚«‚½v^F1‘æ15íŒˆŸ,https://news.yahoo.co.jp/articles/9c0ba870f05665124ad0be425e8d4cf5adc6fe81,9/5(‰Î) 5:44
rcg,SBKFƒJƒƒTƒL—£’E‚ÌƒWƒ‡ƒiƒTƒ“EƒŒƒCAƒ„ƒ}ƒn‚ÉˆÚÐŒˆ’èBƒƒJƒeƒbƒŠ‚Æ‚Æ‚à‚É2025”N‚Ü‚Å2”NŒ_–ñ,https://news.yahoo.co.jp/articles/ec4f66a07aee6fff8091027d4c220234b644e0e4,9/4(ŒŽ) 21:27
rcg,ƒgƒˆƒ^Aƒ^ƒCƒgƒ‹Šm’è‚Ì‰Â”\«‚à‚ ‚éWEC•xŽm‚Å–ÚŽw‚·‚Í6˜A”eB¬—Ñ‰Â–²ˆÌuƒtƒFƒ‰[ƒŠ‚ÍƒŠƒxƒ“ƒW‚ð‘_‚Á‚Ä‚­‚é‚Í‚¸v,https://news.yahoo.co.jp/articles/bb02d51f3c8ea40fd1a510336da03b8463202ecc,9/4(ŒŽ) 20:50
rcg,A.ƒGƒXƒpƒ‹ƒKƒ‚Æƒrƒjƒƒ[ƒŒƒX‚ª¬‚µ‹‚°‚½—ðŽj“Iƒƒ“ƒc[B“ñl‚ðŒ‹‚Ñ‚Â‚¯‚½3”N‘O‚Ìƒ‚[ƒ^[ƒz[ƒ€^‘æ11íƒJƒ^ƒ‹[ƒjƒƒGP,https://news.yahoo.co.jp/articles/a3ab50ffcc086f4f0baa75a857ea21d0922231c2,9/4(ŒŽ) 20:50
rcg,SBKF6“x‚Ì‰¤ŽÒƒWƒ‡ƒiƒTƒ“EƒŒƒCA2023”NŒÀ‚è‚ÅƒJƒƒTƒL—£’EB2”NŒ_–ñ‰ðÁ‚Åƒ„ƒ}ƒn‚ÖˆÚÐ‚©,https://news.yahoo.co.jp/articles/a8642b8a1be8d347432e682a272cce5b7dbb08f0,9/4(ŒŽ) 20:04
rcg,yF1ƒCƒ^ƒŠƒAGPŒˆŸ‚Ì—v“_z¡‹G‰•\²‘ä‚ÌƒTƒCƒ“ƒcBƒ^ƒCƒ„‚ð“Žg‚µ‚Â‚Â‚àA—»—Fƒ‹ƒNƒŒ[ƒ‹‚Æ‚Ìƒoƒgƒ‹‚Å3ˆÊ‘ˆ‚¢‚ð§‚·,https://news.yahoo.co.jp/articles/ccd5eeb5b171349f0d9e500bcd8f634c8bf0e0ae,9/4(ŒŽ) 18:35
rcg,ƒGƒAƒŒ[ƒXEƒpƒCƒƒbƒgŽº‰®‹`G‚É‚æ‚éƒtƒ‰ƒCƒgƒVƒ‡[AWEC•xŽm‚Å‚Ì‰ŠJÃ‚ªŒˆ’è,https://news.yahoo.co.jp/articles/9b1fcbe9a1e5db6b5df343d0a05a5160119471dd,9/4(ŒŽ) 17:37
rcg,uÚG‚ÌÓ”C‚Í–l‚É‚ ‚év5•bƒyƒiƒ‹ƒeƒB‚ðŽó‚¯‚½ƒnƒ~ƒ‹ƒgƒ“‚ªƒsƒAƒXƒgƒŠ‚ÉŽÓßFƒƒ‹ƒZƒfƒX^F1‘æ15íŒˆŸ,https://news.yahoo.co.jp/articles/378a3e2a304d1c4a5d27806b8a820599f677dd97,9/4(ŒŽ) 17:26
rcg,ƒCƒ“ƒfƒBƒJ[‘æ16íƒ|[ƒgƒ‰ƒ“ƒhŒˆŸ^ƒAƒŒƒbƒNƒXEƒpƒƒE‚ªŽ©g2“x–Ú‚Ì‰hŠ¥BƒXƒRƒbƒgEƒfƒBƒNƒ\ƒ“‚Æ‚Ìˆê‹R‘Å‚¿‚ð§‚µ¡‹G5Ÿ–Ú,https://news.yahoo.co.jp/articles/237036031fffd48487b9dd3427f7d4ce7b7a8829,9/4(ŒŽ) 17:25
rcg,ƒtƒH[ƒhw‰c‚ÌƒeƒBƒbƒNƒtƒH[ƒhEƒŒ[ƒVƒ“ƒO‚ª2024”N‚É‘Ì§k¬B4‘ä¨2‘äŒ¸‚ÅBRT‚ÉŽQí˜g1‘ä•ª‚ðˆÏ÷^RSC,https://news.yahoo.co.jp/articles/fe3d1bd3426d6ffff16b51344f7f71c9568fec9f,9/4(ŒŽ) 16:43
rcg,15”ÔŽè‚©‚ç2ˆÊ‚ÌŠâ²•à–²uŽ©•ª‚àƒ`[ƒ€‚àÅ‘åŒÀ‚ÌƒpƒtƒH[ƒ}ƒ“ƒX‚ð”­Šöv^FIA F2‘æ13íƒŒ[ƒX2,https://news.yahoo.co.jp/articles/76f29f6a881632686495106772396a27c083aa88,9/4(ŒŽ) 16:17
rcg,2023ƒX[ƒp[GT‘æ6íSUGO‚ÌGT300ƒNƒ‰ƒXŒöŽ®—\‘IQ1‘g•ª‚¯‚ª”­•\,https://news.yahoo.co.jp/articles/4bbd06d01cf7b94aa4ce5fd5859e3bdf165f1172,9/4(ŒŽ) 14:57
rcg,ƒ}ƒcƒ_ACX-5‚âMAZDA3‚È‚ÇŒv4ŽÔŽí‚É“Á•ÊŽd—lŽÔgƒŒƒgƒƒXƒ|[ƒcƒGƒfƒBƒVƒ‡ƒ“h‚ðÝ’è,https://news.yahoo.co.jp/articles/485800696506f3323392d9213a5dcafb805a8893,9/4(ŒŽ) 14:53
rcg,ƒTƒCƒ“ƒc‚Æƒ‹ƒNƒŒ[ƒ‹‚ªƒXƒŠƒŠƒ“ƒO‚È•\²‘ä‘ˆ‚¢‚ðŠy‚µ‚Þuƒ`[ƒ€‚ÍŠy‚µ‚­‚È‚©‚Á‚½‚©‚à‚ËIvƒtƒFƒ‰[ƒŠ^F1‘æ15í,https://news.yahoo.co.jp/articles/33fdbc92ac2c53ca291613ba6525989c3a42e397,9/4(ŒŽ) 14:44
rcg,ƒŒƒbƒhƒuƒ‹•HRC–§’…Fu‰ä–‚µ‚Ä‘ŠŽè‚Ìƒ~ƒX‚ð‘Ò‚Âv‚±‚Æ‚ð‘I‘ð‚µ‚½ƒtƒFƒ‹ƒXƒ^ƒbƒyƒ“BTd‚ÈƒŒ[ƒX‰^‚Ñ‚Å¡‹G12Ÿ–Ú,https://news.yahoo.co.jp/articles/90aee91c6034daef54210625d8b4a5ba330ebbbf,9/4(ŒŽ) 14:17
rcg,2023ƒX[ƒp[GT‘æ6íSUGO‚ÌƒGƒ“ƒgƒŠ[ƒŠƒXƒg”­•\B—¼ƒNƒ‰ƒX‡Œv40‘ä‚ªŽQí,https://news.yahoo.co.jp/articles/59d0e95972104d69961cfeb7857e3d244420d2f3,9/4(ŒŽ) 14:10
rcg,ƒzƒbƒPƒ“ƒnƒCƒ€‚Å‚ÌƒXƒvƒŠƒ“ƒgBƒAƒEƒfƒB‚Æƒƒ‹ƒZƒfƒX‚ªŸ—˜‚ð•ª‚¯‡‚¤^GTWCƒˆ[ƒƒbƒp‘æ7í,https://news.yahoo.co.jp/articles/2d0b501eccea7c7b11868202195ac15f12452780,9/4(ŒŽ) 13:13
rcg,‹‡’n‚É’Ç‚¢ž‚Ü‚ê‚½ƒ„ƒ}ƒnAŒˆŸ‚Å‚Æ‚Á‚½‹ê“÷‚Ìô‚Íuð”N‚Æ“¯‚¶ƒZƒbƒeƒBƒ“ƒO‚ÆƒtƒFƒAƒŠƒ“ƒOv^MotoGP‘æ11íƒJƒ^ƒ‹[ƒjƒƒGP,https://news.yahoo.co.jp/articles/76cad58cc5cba9862dcb1f47bca95746bcb15365,9/4(ŒŽ) 12:48
rcg,‘«‚ðç€‚©‚ê‚½ƒoƒjƒƒƒCƒAA‰ö‰ä‚Í‘Å–o‚Ì‚ÝBƒoƒXƒeƒBƒAƒj[ƒj‚ÍŽè‘«‚ðœÜ^MotoGP‘æ11íƒJƒ^ƒ‹[ƒjƒƒGP,https://news.yahoo.co.jp/articles/8f833004d000abc82c23887d91bd67cec097be6b,9/4(ŒŽ) 12:43
rcg,yŠp“c—T‹BF1‘æ15í•ªÍzˆÙ‰¹AU“®Aƒpƒ[ƒƒX‚ª”­¶‚µƒ`[ƒ€‚Ì•ê‘ƒŒ[ƒX‚ð‘–‚ê‚¸BƒGƒ“ƒWƒ“‚Í‚±‚ê‚©‚çÚ×‚È•ªÍ‚Ö,https://news.yahoo.co.jp/articles/eafbb04e429200f0a091bc804286cf5d3a9240a4,9/4(ŒŽ) 12:37
rcg,ƒŒƒvƒ\ƒ‹Eƒzƒ“ƒ_AŒˆŸ‚Å¡‹G‰‚Ì‚Ó‚½‚è‘µ‚Á‚ÄŠ®‘–uÅŒã‚Ì”ƒ‰ƒbƒv‚ÍTd‚É‘–‚Á‚½v^MotoGP‘æ11íƒJƒ^ƒ‹[ƒjƒƒGP,https://news.yahoo.co.jp/articles/5828e40b0499356a4ce747057dbc1bc9422a16a0,9/4(ŒŽ) 12:25
rcg,ƒ|ƒCƒ“ƒgŠl“¾‚Ì’†ã‹M»u15ˆÊ‚Æ‚¢‚¤Œ‹‰Ê‚Í–ž‘«‚Å‚«‚È‚¢‚ªA‚Æ‚Ä‚àd—v‚È‚±‚Æv^MotoGP‘æ11íƒJƒ^ƒ‹[ƒjƒƒGPŒˆŸ,https://news.yahoo.co.jp/articles/49a8e675e4e34f28ec366e8e4b9b8d368083b146,9/4(ŒŽ) 12:11
rcg,10˜AŸ’B¬‚ÌƒtƒFƒ‹ƒXƒ^ƒbƒyƒ“uƒgƒbƒvƒXƒs[ƒh‚ª‚‚¢ƒtƒFƒ‰[ƒŠ‚ð”²‚­‚Ì‚Í—eˆÕ‚Å‚Í‚È‚©‚Á‚½vƒŒƒbƒhƒuƒ‹^F1‘æ15í,https://news.yahoo.co.jp/articles/e6527ba4bc23b254d39e773ff2bdbce082913f28,9/4(ŒŽ) 11:52
rcg,ƒ`[ƒ€WRT‚ªƒXƒp‚ÅBMW MƒnƒCƒuƒŠƒbƒh V8‚ðƒeƒXƒgBƒJ[ƒ{ƒ“ƒuƒ‰ƒbƒN‚ÌŽÔ—¼‚ðgŒoŒ±ŽÒhŠÜ‚Þ5–¼‚ªƒhƒ‰ƒCƒu,https://news.yahoo.co.jp/articles/c82a697366c543a07c769a6fbaef15a4f4b551f2,9/4(ŒŽ) 11:50
rcg,ƒ[ƒ\ƒ“11ˆÊuƒXƒ^[ƒg‚Åƒ`ƒƒƒ“ƒX‚ðŽ¸‚Á‚½Bƒ|ƒCƒ“ƒg‚ðŠl“¾‚Å‚«‚¸‚ª‚Á‚©‚èvƒAƒ‹ƒtƒ@ƒ^ƒEƒŠ^F1‘æ15íŒˆŸ,https://news.yahoo.co.jp/articles/1b56f56106c24cac2989debe547e84ba8a584113,9/4(ŒŽ) 8:34
rcg,ƒAƒŒƒbƒNƒXEƒpƒƒE‚ªŽ©g2“x–Ú‚Ìƒ^ƒCƒgƒ‹Šl“¾y‡ˆÊŒ‹‰ÊzƒCƒ“ƒfƒBƒJ[‘æ16íŒˆŸƒ|[ƒgƒ‰ƒ“ƒh,https://news.yahoo.co.jp/articles/3c1ca12fc608c7f646e48ce3dd4ed0548c393b03,9/4(ŒŽ) 6:50
rcg,Šp“c—T‹BAPUŠÖ˜A‚Ìƒgƒ‰ƒuƒ‹‚ÅƒXƒ^[ƒg‚Å‚«‚¸uƒŒ[ƒX‚ð‚µ‚½‚©‚Á‚½B“üÜ‚ð‘_‚¦‚½ˆÊ’u‚¾‚µ‘¬‚³‚à‚ ‚Á‚½v^F1‘æ15í,https://news.yahoo.co.jp/articles/9939f032d76af1e2aa755a7c0cbc2e0cb5c19ffa,9/4(ŒŽ) 6:28
rcg,ƒtƒFƒ‹ƒXƒ^ƒbƒyƒ“‚ª10˜AŸAF1ŒÂl˜AŸ‹L˜^‚ðXVBŠp“c—T‹B‚ÍƒXƒ^[ƒg‚Å‚«‚¸yŒˆŸƒŒƒ|[ƒg^‘æ15íƒCƒ^ƒŠƒAGPz,https://news.yahoo.co.jp/articles/bfbac46b642bb20202eba4b78450dccff93a553d,9/3(“ú) 23:46
rcg,y³Ž®Œ‹‰Êz2023”NF1‘æ15íƒCƒ^ƒŠƒAGPŒˆŸ,https://news.yahoo.co.jp/articles/b34fee7dd050b0fcaed6a14619fd6a0206ddd681,9/3(“ú) 23:38
rcg,DENSO LEXUS RC F GT3‚ªgŠ´–³—Êh‚ÌƒX[ƒp[‘Ï‹v‰—DŸBµ‰ãG‹Iu¡‚Ü‚Å‚Æ‚Íˆá‚¤Aã‚ÌƒXƒe[ƒW‚És‚­‚±‚Æ‚ª‚Å‚«‚½v,https://news.yahoo.co.jp/articles/de43da272b5b96cae9f4f1b31e3e08d18659128d,9/3(“ú) 22:17
rcg,ƒAƒvƒŠƒŠƒA‚ªMotoGP‰‚Ì1-2Bƒ‰ƒ“ƒLƒ“ƒOŽñˆÊƒoƒjƒƒƒCƒA‚Í‘«‚ðç€‚©‚ê‚Ä•a‰@‚Ö^‘æ11íƒJƒ^ƒ‹[ƒjƒƒGP ŒˆŸ,https://news.yahoo.co.jp/articles/9c8cf2c572464f6d93471939ecc31643f939e072,9/3(“ú) 22:12
rcg,y‡ˆÊŒ‹‰Êz2023MotoGP‘æ11íƒJƒ^ƒ‹[ƒjƒƒGP ŒˆŸ,https://news.yahoo.co.jp/articles/602b8618b35c13d97bc4bfba28284db845134546,9/3(“ú) 22:07
rcg,DENSO LEXUS RC F GT3‚ªŠð‚µ‚¢‰—DŸB48•b·‚ð‚Â‚¯‚Äƒ|[ƒ‹EƒgƒDEƒEƒCƒ“^ƒX[ƒp[‘Ï‹v‘æ5í‚à‚Ä‚¬ŒˆŸ,https://news.yahoo.co.jp/articles/d28065bb2039914fd47807cfd9316cf7210a703c,9/3(“ú) 21:59
rcg,y‡ˆÊŒ‹‰Êz2023ƒX[ƒp[‘Ï‹v‘æ5í‚à‚Ä‚¬@ŒˆŸ,https://news.yahoo.co.jp/articles/14272708b8725aa5c418e47c292f73141ae16d83,9/3(“ú) 21:10
rcg,y‡ˆÊŒ‹‰Êz2023Moto2‘æ11íƒJƒ^ƒ‹[ƒjƒƒGPŒˆŸ,https://news.yahoo.co.jp/articles/ce18c6639577e65dd2300f40c6e817cdbc2a416e,9/3(“ú) 19:59
rcg,yƒ|ƒCƒ“ƒgƒ‰ƒ“ƒLƒ“ƒOzFIA F2‘æ13íƒ‚ƒ“ƒcƒ@I—¹Žž“_,https://news.yahoo.co.jp/articles/ae5668bbb4577c06a92b7e37d8ac78df02c30158,9/3(“ú) 19:36
rcg,y‡ˆÊŒ‹‰Êz2023Moto3‘æ11íƒJƒ^ƒ‹[ƒjƒƒGP  ŒˆŸ,https://news.yahoo.co.jp/articles/a6e6acbf8fb6626ebc0c62f442d4ed7e3efe7d41,9/3(“ú) 18:46
rcg,Šâ²•à–²A15”ÔŽè‚©‚ç2ˆÊ•\²‘äŠl“¾Bƒ^ƒCƒgƒ‹‘ˆ‚¢‚É–]‚Ý‚ðŒq‚®^FIA F2‘æ13íƒ‚ƒ“ƒcƒ@ŒˆŸƒŒ[ƒX2,https://news.yahoo.co.jp/articles/57ee6d313cae7ae7e0fbf8f1bd61808a7dd4d1fd,9/3(“ú) 18:03
rcg,2023”NF1‘æ15íƒCƒ^ƒŠƒAGP—\‘Iƒgƒbƒv10ƒhƒ‰ƒCƒo[ƒRƒƒ“ƒgi2j,https://news.yahoo.co.jp/articles/1b113db455e54ebdc2ec3e5291947447cb91651e,9/3(“ú) 17:59
rcg,2023”NF1‘æ15íƒCƒ^ƒŠƒAGP—\‘Iƒgƒbƒv10ƒhƒ‰ƒCƒo[ƒRƒƒ“ƒgi1j,https://news.yahoo.co.jp/articles/5942222a2f30972fba2758db362199c22ec50604,9/3(“ú) 17:58
rcg,ƒTƒCƒ“ƒc‚Æƒ‹ƒNƒŒ[ƒ‹AFIA‚ÌŽwŽ¦‚É”½‚·‚é’á‘¬‘–s‚àAˆ”±‚È‚µu•s•K—v‚Èˆá”½sˆ×‚Å‚Í‚È‚©‚Á‚½‚Æ”»’fv^F1‘æ15í,https://news.yahoo.co.jp/articles/188e36908154c021b1a1c82bb81c743a5be2835a,9/3(“ú) 17:41
rcg,rìW‘å‚ª‰Ÿ—˜‚ÅV‚½‚ÈƒEƒCƒi[’a¶u—DŸ‚Å‚«‚Ä‚¤‚ê‚µ‚¢v^2023‘S“ú–{ƒ[ƒh‘æ6íƒI[ƒgƒ|ƒŠƒX ST1000ƒŒ[ƒX2,https://news.yahoo.co.jp/articles/a64eeb2d607aa8e8fef85b54e9bfcc9d397da6b1,9/3(“ú) 16:52
rcg,rìW‘åAƒNƒ‰ƒX‰—DŸy‡ˆÊŒ‹‰Êz2023‘S“ú–{ƒ[ƒh‘æ6íƒI[ƒgƒ|ƒŠƒX ST1000ƒŒ[ƒX2,https://news.yahoo.co.jp/articles/deedfe541351f10444a67998364e7b47421d7311,9/3(“ú) 16:36
rcg,yF1ƒCƒ^ƒŠƒAGP—\‘I‚Ì—v“_zgŠwK”\—Í‚Ì‚‚³h‚ð”­ŠöB‰“ú‚ÉŽw“E‚³‚ê‚½ƒ^ƒCƒ€ƒƒX‚ðŽæ‚è•Ô‚µ‚½Vlƒ[ƒ\ƒ“,https://news.yahoo.co.jp/articles/506a64163d6d76c1d1f71e36350804770a5f7164,9/3(“ú) 16:06
rcg,’†{‰êŽs‚ªƒ_ƒuƒ‹ƒEƒCƒ“‚Å¡‹G8Ÿ–ÚB3ˆÊ‘ˆ‚¢‚Í…–ì—Á‚ª§‚·^2023‘S“ú–{ƒ[ƒh‘æ6íƒI[ƒgƒ|ƒŠƒX JSB1000ƒŒ[ƒX2,https://news.yahoo.co.jp/articles/8b91d0d9fc93053fc51e8064f2d219a05da3e99a,9/3(“ú) 15:34
rcg,y‡ˆÊŒ‹‰Êz2023‘S“ú–{ƒ[ƒh‘æ6íƒI[ƒgƒ|ƒŠƒX JSB1000ƒŒ[ƒX2,https://news.yahoo.co.jp/articles/0523b313e7ac40336fc0ad58011e704085839cbb,9/3(“ú) 15:18
rcg,‘åÚí‚Ì—\‘I‚ð§‚µ‚½ƒTƒCƒ“ƒcu–¾“ú‚àƒeƒBƒtƒHƒV‚ðŠì‚Î‚¹‚½‚¢vŒœ”O‚³‚ê‚½ƒyƒiƒ‹ƒeƒB‚Í‚È‚µFƒtƒFƒ‰[ƒŠ^F1‘æ15í,https://news.yahoo.co.jp/articles/5876b4748da63a3d1e8ee78805f5b602858b4a99,9/3(“ú) 15:08
rcg,ƒAƒvƒŠƒŠƒA‚ÌA.ƒGƒXƒpƒ‹ƒKƒAƒXƒvƒŠƒ“ƒg‚Å‰—DŸBƒoƒjƒƒƒCƒA‚àu‚ ‚êˆÈã‚Í–³—v‚ÆÌ‚¦‚é‘–‚è^‘æ11íƒJƒ^ƒ‹[ƒjƒƒGP,https://news.yahoo.co.jp/articles/18c7cb6ab02242e77fcdf6350db926026929838a,9/3(“ú) 13:50
rcg,ƒŒƒbƒhƒuƒ‹•HRC–§’…Fƒ|[ƒ‹‚ð“¦‚·‚àƒtƒFƒ‰[ƒŠ‚Ì‘¬‚³‚É‚Í‹Á‚©‚¸BƒgƒE‚ðŽg‚¤‚æ‚èƒNƒŠƒAƒ‰ƒbƒv‚ÌŠm•Û‚ð—Dæ,https://news.yahoo.co.jp/articles/4d85eec2d96594f9a6e0b9be4f5dd88b1fa5fd97,9/3(“ú) 13:27
rcg,Šâ²•à–²A•s‰^‚Èƒ}ƒVƒ“ƒgƒ‰ƒuƒ‹‚àu‚ ‚«‚ç‚ß‚Ä‚Í‚¢‚È‚¢v^FIA F2‘æ13íƒŒ[ƒX1,https://news.yahoo.co.jp/articles/f06c3f619837bbdd885919b27070752be6fe9e54,9/3(“ú) 13:08
rcg,ƒtƒFƒ‹ƒXƒ^ƒbƒyƒ“APP‚É“Í‚©‚¸2”ÔŽèud—v‚È‚Ì‚ÍŒˆŸ‚Å‘¬‚¢‚±‚ÆBƒŒ[ƒXƒy[ƒX‚É‚ÍŽ©M‚ª‚ ‚évƒŒƒbƒhƒuƒ‹^F1‘æ15í,https://news.yahoo.co.jp/articles/d2e967b4ac68bf8782436eb96e93fc3a557f6793,9/3(“ú) 12:58
rcg,yŠp“c—T‹BF1‘æ15í•ªÍzƒEƒCƒ“ƒO‚ÌC³‚É‚æ‚è‹““®‚ÍˆÀ’è‚àA•¡”‚ÌƒR[ƒi[‚ÅƒƒXB‹Í·‚ÅQ3io‚È‚ç‚¸,https://news.yahoo.co.jp/articles/388758d2452534c628d0ccee8f666b0bafb1e040,9/3(“ú) 12:09
rcg,ƒ„ƒ}ƒnFƒNƒAƒ‹ƒ^ƒ‰ƒu–{“–‚ÉŽc”OB‰ü‘P‚ð–ÚŽw‚µ‚Ä‘½‚­‚Ì‚à‚Ì‚ðŽŽ‚µ‚½‚ªA‚Ç‚ê‚àŒø‰Ê‚ª‚È‚©‚Á‚½v^MotoGP‘æ11íƒJƒ^ƒ‹[ƒjƒƒGPƒXƒvƒŠƒ“ƒg,https://news.yahoo.co.jp/articles/37b99f4bc7df7a0317ce9ed59b3f3729e137ac6d,9/3(“ú) 12:04
rcg,4í‚Ô‚è‚É—\‘IQ2io‚Ìƒ}ƒ‹ƒPƒXu—\‘z‚æ‚è—Í‹­‚¢ƒ‰ƒbƒv‚ð‚ß‚½BƒXƒvƒŠƒ“ƒg‚ÍŒÀŠE‚Ü‚ÅƒvƒbƒVƒ…‚Å‚«‚½v^MotoGP‘æ11íƒJƒ^ƒ‹[ƒjƒƒGP,https://news.yahoo.co.jp/articles/7c130d89af8e7ef94841afe9d61bdd76406f3685,9/3(“ú) 11:48
rcg,‹êí‚ª‘±‚­’†ã‹M»uó‹µ‚ð•Ï‚¦‚æ‚¤‚ÆÅ‘P‚ðs‚­‚µ‚½‚ªAi“W‚Í‚È‚©‚Á‚½v^MotoGP‘æ11íƒJƒ^ƒ‹[ƒjƒƒGP2“ú–Ú,https://news.yahoo.co.jp/articles/747898bdf9474dd33cde382b9b9efce7ad4e5140,9/3(“ú) 11:33
rcg,ƒ[ƒ\ƒ“‚ªF1ƒLƒƒƒŠƒA2‰ñ–Ú‚Ì—\‘I‚Å12”ÔŽèuQ3‚Ü‚Å‚ ‚Æˆê•à‚¾‚Á‚½B“üÜ‚Éƒ|ƒWƒeƒBƒu‚ÈŠ´GvƒAƒ‹ƒtƒ@ƒ^ƒEƒŠ^F1‘æ15í,https://news.yahoo.co.jp/articles/9430adf590feb9abea2e40d56518d0446ed49666,9/3(“ú) 9:10
rcg,ƒ[ƒ^ƒXA“d“®ƒnƒCƒp[SUVwƒGƒŒƒgƒŒx‚ð“ú–{‰”â˜IBÅ‚o—Í900”n—Í’´ƒ‚ƒfƒ‹‚à‘“à“±“ü‚Ö,https://news.yahoo.co.jp/articles/0330b4694ebbd36e9dfec2257f2ad992a190ebed,9/3(“ú) 9:00
rcg,—\‘I11”ÔŽè‚ÌŠp“c—T‹BAQ3‚Ü‚Å0.013•b·uŠF‚ÉŽÓ‚è‚½‚¢Bƒ}ƒVƒ“‚É‚Í‘¬‚³‚ª‚ ‚Á‚½‚ªŠ®àø‚È1Žü‚ð‘–‚ê‚È‚©‚Á‚½vF1‘æ15í,https://news.yahoo.co.jp/articles/ede528416ddf5f9006853e7399f8da0b2d9915fd,9/3(“ú) 7:58
rcg,ƒCƒ“ƒfƒBƒJ[‘æ16íƒ|[ƒgƒ‰ƒ“ƒh—\‘I^—Bˆêƒuƒ‰ƒbƒNƒ^ƒCƒ„‚ÅƒAƒ^ƒbƒN‚ÌƒOƒ‰ƒnƒ€EƒŒƒCƒz[ƒ‹‚ª¡‹G2“x–Ú‚Ìƒ|[ƒ‹Šl“¾,https://news.yahoo.co.jp/articles/ac00fd0b60e5ae4f5222cd95ed82b2a57fc6b8c0,9/3(“ú) 6:32
rcg,y‡ˆÊŒ‹‰ÊzƒCƒ“ƒfƒBƒJ[‘æ16íƒ|[ƒgƒ‰ƒ“ƒh—\‘I‘‡Œ‹‰Ê,https://news.yahoo.co.jp/articles/0027dedab9fa5175e8f91776da55711efa9acb5b,9/3(“ú) 5:54
rcg,yƒ|ƒCƒ“ƒgƒ‰ƒ“ƒLƒ“ƒOzFIA F2‘æ13íƒ‚ƒ“ƒcƒ@ ŒˆŸƒŒ[ƒX1I—¹Žž“_,https://news.yahoo.co.jp/articles/c70623513aee6b612233c1bf56c49121c9d36e47,9/3(“ú) 1:27
rcg,ƒtƒFƒ‰[ƒŠ‚ª’nŒ³‚Å–ôiBƒTƒCƒ“ƒc‚ª¡‹G‰PPŠl“¾•ƒ‹ƒNƒŒ[ƒ‹3”ÔŽèy—\‘IƒŒƒ|[ƒg^F1‘æ15íƒCƒ^ƒŠƒAGPz,https://news.yahoo.co.jp/articles/821dddd8f71bcd583f363a900e33fd5e978a43c5,9/3(“ú) 0:20
rcg,y‡ˆÊŒ‹‰Êz2023”NF1‘æ15íƒCƒ^ƒŠƒAGP—\‘I,https://news.yahoo.co.jp/articles/2a55eadee1b8aafbe0dd7b45f6ec7e3cf4bc29d7,9/3(“ú) 0:03
rcg,y‡ˆÊŒ‹‰Êz2023”NF1‘æ15íƒCƒ^ƒŠƒAGPŒˆŸ,https://news.yahoo.co.jp/articles/7c4c5ef987a725ac0c8b71ac40a7ed41e384c0f1,9/2(“y) 23:38
rcg,y‡ˆÊŒ‹‰Êz2023MotoE‘æ7íƒJƒ^ƒ‹[ƒjƒƒ‘å‰ï ƒŒ[ƒX2,https://news.yahoo.co.jp/articles/2dd5b718199b492ee61ffacfa34e96df6ce2a0dd,9/2(“y) 23:28
rcg,ƒXƒvƒŠƒ“ƒg‚ÍƒAƒŒƒCƒVEƒGƒXƒpƒ‹ƒKƒ‚ª§‚µ‚ÄƒAƒvƒŠƒŠƒA1-3BƒoƒjƒƒƒCƒA‚ª2ˆÊ‚ðŽ€Žç^MotoGP‘æ11íƒJƒ^ƒ‹[ƒjƒƒGP,https://news.yahoo.co.jp/articles/1a93ef18817a6d73a3a618b520009aaf07f9e573,9/2(“y) 22:30
rcg,y‡ˆÊŒ‹‰Êz2023MotoGP‘æ11íƒJƒ^ƒ‹[ƒjƒƒGP ƒXƒvƒŠƒ“ƒgƒŒ[ƒX,https://news.yahoo.co.jp/articles/c8f9d9c9bbf9ce308d6fee547584b9feaeb91c4e,9/2(“y) 22:25
rcg,ƒ‰ƒ“ƒLƒ“ƒO2ˆÊƒxƒXƒeƒB‚ª¡‹G5Ÿ–ÚBŠâ²•à–²‚ÍƒŠƒ^ƒCƒA^FIA F2‘æ13íƒ‚ƒ“ƒcƒ@ƒŒ[ƒX1,https://news.yahoo.co.jp/articles/fd147a6ba7532847736d0d51dd2329d5e7105ccb,9/2(“y) 22:02
rcg,y‡ˆÊŒ‹‰Êz2023Moto2‘æ11íƒJƒ^ƒ‹[ƒjƒƒGP—\‘I‘‡,https://news.yahoo.co.jp/articles/ce364632f7ee8d2f078149bdb81d1d80e2673e2b,9/2(“y) 21:36
rcg,ƒtƒFƒ‰[ƒŠ‚ÌƒTƒCƒ“ƒc‚ªÅ‘¬Bƒgƒbƒv3‚ÍŽO‚Â”byƒ^ƒCƒ€Œ‹‰Êz2023”NF1‘æ15íƒCƒ^ƒŠƒAGPƒtƒŠ[‘–s3‰ñ–Ú,https://news.yahoo.co.jp/articles/09025a36ca049f3ba03d63baf6f0a7db98080ebe,9/2(“y) 20:45
rcg,y‡ˆÊŒ‹‰Êz2023Moto3‘æ11íƒJƒ^ƒ‹[ƒjƒƒGP  —\‘I‘‡,https://news.yahoo.co.jp/articles/de72681bdc48314ce9929b179095b021b4cf58a8,9/2(“y) 20:43
rcg,ƒX[ƒp[‘Ï‹v‘æ5í‚à‚Ä‚¬‚É“oê‚µ‚½DAT“‹Ú‚ÌORC ROOKIE GR Yaris DAT concept‚Í—\‘I“ú‚Ü‚Å‹êíBƒgƒ‰ƒuƒ‹‚ð‰ðÁ‚µŒˆŸƒŒ[ƒX‚Ö,https://news.yahoo.co.jp/articles/21427471bc7fc75ccb8c8c3257177ccadea6ab2c,9/2(“y) 20:42
rcg,‹Í·‚Ì‘ˆ‚¢‚ð§‚µ‚½DENSO LEXUS RC F GT3‚ª¡‹G2“x–Ú‚Ì‘‡ƒ|[ƒ‹ƒ|ƒWƒVƒ‡ƒ“^ƒX[ƒp[‘Ï‹v‘æ5í‚à‚Ä‚¬—\‘I,https://news.yahoo.co.jp/articles/986f0b76feb342098bdfd8dfa79cbb9747c3bff3,9/2(“y) 19:38
rcg,y‡ˆÊŒ‹‰Êz2023MotoE‘æ7íƒJƒ^ƒ‹[ƒjƒƒ‘å‰ï ƒŒ[ƒX1,https://news.yahoo.co.jp/articles/62d69305e76c9162c0037f9698480f6e19a2cc36,9/2(“y) 19:36
rcg,ƒ_ƒjEƒyƒhƒƒT‚ªKTM‚ÆŒ_–ñXVB2024”NˆÈ~‚àMotoGPƒ}ƒVƒ“wRC16x‚ÌŠJ”­ƒ‰ƒCƒ_[‚ðŒp‘±,https://news.yahoo.co.jp/articles/c72995eeccfdeed59dc13c208dcc9460e48758a9,9/2(“y) 18:59
rcg,y‡ˆÊŒ‹‰Êz2023ƒX[ƒp[‘Ï‹v‘æ5í‚à‚Ä‚¬@ŒöŽ®—\‘I,https://news.yahoo.co.jp/articles/927038330604f2ad9f479c28c8dbf3ddd3940fd1,9/2(“y) 18:55
rcg,y‡ˆÊŒ‹‰Êz2023MotoGP‘æ11íƒJƒ^ƒ‹[ƒjƒƒGP  —\‘I‘‡,https://news.yahoo.co.jp/articles/01932992b85f48fd182c52c86281aba3b7c0e3e4,9/2(“y) 18:34
rcg,yƒ^ƒCƒ€Œ‹‰Êz2023MotoGP‘æ11íƒJƒ^ƒ‹[ƒjƒƒGP ƒtƒŠ[‘–s2‰ñ–Ú,https://news.yahoo.co.jp/articles/053ad2c13900dc2c1afef48db87e5ea08308e474,9/2(“y) 17:48
rcg,‰|ŒËˆçŠ°AÅIƒ‰ƒbƒv‚ÅŽñˆÊ‚ð’DŽæ‚µ2˜AŸBƒ‹[ƒL[‚ÌrìW‘å‚Í‰•\²‘ä^2023‘S“ú–{ƒ[ƒh‘æ6íƒI[ƒgƒ|ƒŠƒX ST1000ƒŒ[ƒX1,https://news.yahoo.co.jp/articles/4da44c0350446fc8ac261f56002bde0c571fdb28,9/2(“y) 17:32
rcg,ƒZƒbƒgƒAƒbƒv‚ÅçT‚¢‚½ƒƒ‹ƒZƒfƒXAƒnƒ~ƒ‹ƒgƒ“‚ª‰“ú17”ÔŽèuƒVƒ“ƒOƒ‹ƒ‰ƒbƒv‚àƒƒ“ƒOƒ‰ƒ“‚à‰Û‘è‚ ‚èv^F1‘æ15í,https://news.yahoo.co.jp/articles/78f4b42d23acee92ad3508472ff982b2ab28d8d0,9/2(“y) 17:31
rcg,y‡ˆÊŒ‹‰Êz2023‘S“ú–{ƒ[ƒh‘æ6íƒI[ƒgƒ|ƒŠƒX ST1000ƒŒ[ƒX1,https://news.yahoo.co.jp/articles/7b3590d7aea7070dcddb56b9911b12a3f497ceb4,9/2(“y) 17:25
rcg,ƒTƒCƒ“ƒc‰“úÅ‘¬u‹}‚Éƒ}ƒVƒ“‚ªD’²‚É‚È‚èA‚Æ‚Ü‚Ç‚Á‚Ä‚¢‚évƒtƒFƒ‰[ƒŠ^F1‘æ15í,https://news.yahoo.co.jp/articles/6f42c0a963260a6d5b7900bd650c04e37f96e425,9/2(“y) 16:10
rcg,Œƒí‚ð§‚µ‚½’†{‰êŽsu‚Ç‚¤‚µ‚Ä‚à’nŒ³‚Å1Ÿ‚ª—~‚µ‚©‚Á‚½v^2023‘S“ú–{ƒ[ƒh‘æ6íƒI[ƒgƒ|ƒŠƒX JSB1000ƒŒ[ƒX1,https://news.yahoo.co.jp/articles/3d723b0090b621dd52ac4994a1aad1e2c3db9845,9/2(“y) 16:04
rcg,y‡ˆÊŒ‹‰Êz2023‘S“ú–{ƒ[ƒh‘æ6íƒI[ƒgƒ|ƒŠƒX JSB1000ƒŒ[ƒX1,https://news.yahoo.co.jp/articles/18d4c14b171c234bd3a708ec782e14cc24c396bd,9/2(“y) 15:43
rcg,F1 TopicF‹ê‹«‚É—§‚ÂƒyƒŒƒXAˆÚÐ‚ð”Û’è‚µ‚È‚¢ƒmƒŠƒX‚ð’†S‚É™X‚É“®‚«o‚µ‚½ƒXƒg[ƒuƒŠ[ƒO,https://news.yahoo.co.jp/articles/20ece8a9d8c2bb0e22d1c5fae80f188e187a0ab5,9/2(“y) 15:09
rcg,ƒ`ƒbƒvEƒKƒiƒbƒV‚ªƒCƒ“ƒfƒBNXT‰¤ŽÒƒŠƒkƒXEƒ‹ƒ“ƒhƒNƒ”ƒBƒXƒg‚ðƒtƒ‹ƒ^ƒCƒ€‹N—pB•¡””NŒ_–ñ‚ðŒ‹‚Ô,https://news.yahoo.co.jp/articles/41e9dc4e92137fdb94af392a2cd060bc5eec3831,9/2(“y) 13:37
rcg,“n•Óˆê”n‚ª¡‹G‰ƒ|[ƒ‹Šl“¾BrìW‘å‚ÍƒŒƒR[ƒhXV‚Åƒtƒƒ“ƒgƒƒE‚É•À‚Ô^2023‘S“ú–{ƒ[ƒh‘æ6íƒI[ƒgƒ|ƒŠƒX ST1000—\‘I,https://news.yahoo.co.jp/articles/757a2b779d9fb5439cc7fec7f4a30644e7a9374b,9/2(“y) 13:07
rcg,‰“ú17-18”ÔŽè‚Æ‰ºˆÊ‚É’¾‚Þƒ„ƒ}ƒnBƒNƒAƒ‹ƒ^ƒ‰ƒuƒgƒ‰ƒNƒVƒ‡ƒ“•s‘«‚ÌŒ´ˆö‹†–¾‚ª•K—vv^MotoGP‘æ11íƒJƒ^ƒ‹[ƒjƒƒGP,https://news.yahoo.co.jp/articles/02a1610f4beab6fbb3e31eb1315060f31066da57,9/2(“y) 13:00
rcg,ƒŒƒbƒhƒuƒ‹•HRC–§’…FuŠy‚ÈŸ—˜‚Í‚Ð‚Æ‚Â‚à‚È‚¢vƒGƒ“ƒWƒ“•‰‰×‚Ì‚‚¢ƒ‚ƒ“ƒcƒ@‚Å‚à˜AŸ‚ð‘±‚¯‚é‚×‚­Žæ‚è‘g‚Þƒzƒ“ƒ_,https://news.yahoo.co.jp/articles/326c0abda7c5de069a25e97f64b767918a1e3414,9/2(“y) 12:51
rcg,y‡ˆÊŒ‹‰Êz2023‘S“ú–{ƒ[ƒh‘æ6íƒI[ƒgƒ|ƒŠƒX ST1000—\‘I,https://news.yahoo.co.jp/articles/7ab847f2eeff3d4c4a0d3388a2b8912528234763,9/2(“y) 12:30
rcg,ƒzƒ“ƒ_Fƒ}ƒ‹ƒPƒXuƒjƒ…[ƒGƒAƒ‚Å“]“|‚µ‚½B]—ˆ‚ÌƒJƒEƒ‹‚ÆƒtƒB[ƒŠƒ“ƒO‚ª‘å‚«‚­•Ï‚í‚év^MotoGP‘æ11íƒJƒ^ƒ‹[ƒjƒƒGP‰“ú,https://news.yahoo.co.jp/articles/a45cda5575a0682e8d1ef0b58fd9dc060c017e3f,9/2(“y) 12:17
rcg,ƒyƒŒƒXAI”Õ‚ÉƒNƒ‰ƒbƒVƒ…‚àu‹v‚µ‚Ô‚è‚ÉD’²‚È‹à—j“úBƒ}ƒVƒ“ƒ_ƒ[ƒW‚à‚»‚ê‚Ù‚Ç‚Ð‚Ç‚­‚È‚¢‚Í‚¸v^F1‘æ15í‹à—j,https://news.yahoo.co.jp/articles/2ac335b980c930a0c55d29a70dfdeae9c9c52459,9/2(“y) 12:07
rcg,‰ª–{—T¶‚ª¡‹G2“x–Ú‚Ìƒ|[ƒ‹Šl“¾BƒZƒJƒ“ƒhƒxƒXƒg‚Í’†{‰êŽs‚ªƒgƒbƒv‚É^2023‘S“ú–{ƒ[ƒh‘æ6íƒI[ƒgƒ|ƒŠƒX JSB1000—\‘I,https://news.yahoo.co.jp/articles/fbb1fdd9e5aeb1714459a88b3dd5a7fbe1b33dab,9/2(“y) 11:57
rcg,yŠp“c—T‹BF1‘æ15í•ªÍzƒ`[ƒ€‚Ö‚ÌƒtƒB[ƒhƒoƒbƒN‚É‰ü‘P“_BŽ¸”s‚ÉI‚í‚Á‚½ƒIƒ‰ƒ“ƒ_‚Å“¾‚½ŒoŒ±‚ðŠˆ‚©‚¹‚é‚©,https://news.yahoo.co.jp/articles/16dd4c49c9e16b6cabd79f74efc459fcab6f2993,9/2(“y) 11:52
rcg,ƒzƒ“ƒ_A‰“úƒvƒ‰ƒNƒeƒBƒX‚ÅÅ‰ºˆÊ‚É•À‚Ô‘å‹êíB’†ãuƒV[ƒYƒ“‚ð’Ê‚µ‚ÄÅ‚àæ‚ê‚Ä‚¢‚È‚¢v^‘æ11íƒJƒ^ƒ‹[ƒjƒƒGP,https://news.yahoo.co.jp/articles/d066d6d3f9b5027a2e9882598ff793e4152caa57,9/2(“y) 11:50
rcg,ƒ}ƒVƒ“ƒgƒ‰ƒuƒ‹‚ÉŒ©•‘‚í‚ê‚½’†ã‹M»uŒµ‚µ‚¢ó‹µ‚¾‚Á‚½v^MotoGP‘æ11íƒJƒ^ƒ‹[ƒjƒƒGP‰“ú,https://news.yahoo.co.jp/articles/db2175829583a5a2a11dc4f047e19f601c2ebc56,9/2(“y) 11:44
rcg,ƒtƒFƒ‹ƒXƒ^ƒbƒyƒ“‰“ú5”ÔŽèu¢ŠE‚ÌI‚í‚è‚Æ‚¢‚¤‚í‚¯‚¶‚á‚È‚¢B‚±‚±‚©‚ç‚¤‚Ü‚­ƒ}ƒVƒ“‚ð’²®‚µ‚Ä‚¢‚­v^F1‘æ15í,https://news.yahoo.co.jp/articles/160239caa968a27241c5c339317bbcec993fc575,9/2(“y) 11:26
rcg,y‡ˆÊŒ‹‰Êz2023‘S“ú–{ƒ[ƒh‘æ6íƒI[ƒgƒ|ƒŠƒX JSB1000—\‘I,https://news.yahoo.co.jp/articles/452b53ff116058749adecb2672157000e40ecfbe,9/2(“y) 10:49
rcg,BMWA‘‚­‚àM4 GT3‚ÌgEVOhƒAƒbƒvƒf[ƒg‚ðŠJ”­’†B2025”N‚É“Š“ü—\’è,https://news.yahoo.co.jp/articles/ecaeaaa0b63867669375869df8fa8e2d3ad3f613,9/2(“y) 9:35
rcg,ƒ[ƒ\ƒ“u‰‚ß‚ÄŒoŒ±‚·‚éATAƒtƒH[ƒ}ƒbƒgB‚Ü‚¸‚Íƒn[ƒhƒ^ƒCƒ„‚ð‚¤‚Ü‚­Žg‚¢‚±‚È‚µ‚½‚¢vƒAƒ‹ƒtƒ@ƒ^ƒEƒŠ^F1‘æ15í‹à—j,https://news.yahoo.co.jp/articles/35771816b4904b0ccec32b2ed7ccafd759de7664,9/2(“y) 9:15
rcg,Šp“c—T‹Bu’¼üƒXƒs[ƒh‚ª‘å•‚É‰ü‘PB—\‘IQ2io‚Í‚à‚¿‚ë‚ñA‚Å‚«‚ê‚ÎQ3‚ð–ÚŽw‚µ‚½‚¢v^F1‘æ15í‹à—j,https://news.yahoo.co.jp/articles/f633209eb075e48c8e7f8606a845c6137893970a,9/2(“y) 7:35
rcg,F1ƒCƒ^ƒŠƒAGP FP2FƒtƒFƒ‰[ƒŠ‚Ì•ê‘ƒŒ[ƒX‚ÅƒTƒCƒ“ƒc‚ª‰“úƒgƒbƒvB3”ÔŽèƒyƒŒƒX‚ÍI”Õ‚ÉƒNƒ‰ƒbƒVƒ…,https://news.yahoo.co.jp/articles/fb8251c3d8bb479b23c9313dbca3a7ec5860ea46,9/2(“y) 1:22
rcg,yƒ^ƒCƒ€Œ‹‰Êz2023”NF1‘æ15íƒCƒ^ƒŠƒAGPƒtƒŠ[‘–s2‰ñ–Ú,https://news.yahoo.co.jp/articles/98e15f4277203cedef8a9ff2748f9bf5c99a61ae,9/2(“y) 1:07
rcg,ƒ‰ƒ“ƒLƒ“ƒOŽñˆÊƒvƒ‹ƒVƒF[ƒ‹‚ªPPBŠâ²•à–²Aa‘Ø‚ÅÅIƒAƒ^ƒbƒN‚Å‚«‚¸15”ÔŽèyFIA F2‘æ13í—\‘Iz,https://news.yahoo.co.jp/articles/e91be28c2dbe8ee024687ee51056396e1f7c200b,9/1(‹à) 23:39
rcg,‰“ú‚ÍƒAƒvƒŠƒŠƒA‚ª1-2‚ÅÅ‘¬Bƒ„ƒ}ƒnAƒzƒ“ƒ_‚ª1•ª39•b‘ä‚É“ü‚ç‚¸‰ºˆÊ‚É’¾‚Þ^MotoGP‘æ11íƒJƒ^ƒ‹[ƒjƒƒGP,https://news.yahoo.co.jp/articles/98d7f0431ac01b69935e20edb7b595b2a5e1102a,9/1(‹à) 23:14
rcg,yƒ^ƒCƒ€Œ‹‰Êz2023MotoGP‘æ11íƒJƒ^ƒ‹[ƒjƒƒGP ƒvƒ‰ƒNƒeƒBƒX,https://news.yahoo.co.jp/articles/c811cb90da63066303a7bf1a0f0f3411383401c9,9/1(‹à) 23:04
rcg,F1ƒCƒ^ƒŠƒAGP FP1FãˆÊ‚Íƒn[ƒhƒ^ƒCƒ„‚Ì‚Ý‚Å‘–sAŽñˆÊ‚ÍƒtƒFƒ‹ƒXƒ^ƒbƒyƒ“BŠp“c—T‹B9”ÔŽè,https://news.yahoo.co.jp/articles/3bbd0f10092a883a08149b52519fb5292893df89,9/1(‹à) 21:51
rcg,yƒ^ƒCƒ€Œ‹‰Êz2023”NF1‘æ15íƒCƒ^ƒŠƒAGPƒtƒŠ[‘–s1‰ñ–Ú,https://news.yahoo.co.jp/articles/f1948f47c9d2c7d21298a65c7d4ab1bdf5173745,9/1(‹à) 21:35
rcg,‘O”N‚ÍƒAƒNƒƒ|ƒŠƒX‚Å‹êí‚Ìƒgƒˆƒ^A“`“‚Ìƒ‰ƒtEƒOƒ‰ƒxƒ‹ƒ‰ƒŠ[‚ÅWRC¡‹G8Ÿ–Ú‚ð–ÚŽw‚·,https://news.yahoo.co.jp/articles/eca1eafb3b76a141da2de5ba4e61dc789477dacf,9/1(‹à) 20:50
rcg,9ŒŽ4“ú‚ÌƒeƒŒƒr’©“úŒnwŒƒƒŒƒA‚³‚ñ‚ð˜A‚ê‚Ä‚«‚½Bx‚É•y—Ñ—E—C‚ªo‰‰‚ÖBuƒŒ[ƒX‚ð’m‚ç‚È‚¢l‚É‚àŠÏ‚Ä‚Ù‚µ‚¢v,https://news.yahoo.co.jp/articles/82d38a34d547097f6c533e04dae460f87a7401bd,9/1(‹à) 19:41
rcg,ƒtƒŠ[‘–sÅ‘¬‚ÍƒAƒ‹ƒs[ƒkˆç¬ƒ}ƒ‹ƒ^ƒ“ƒXBŠâ²•à–²‚Í2”ÔŽèyFIA F2‘æ13íƒ‚ƒ“ƒcƒ@z,https://news.yahoo.co.jp/articles/de736f1c5e5c18a46e2b750866e310b57a66311b,9/1(‹à) 19:01
rcg,ƒeƒXƒ‰A“àŠO‘•‚Ì‰ü—Ç‚âq‘±‹——£Œüã‚ÌVŒ^wƒ‚ƒfƒ‹3x‚ð”­•\Bæs’•¶‚Í9ŒŽ1“úƒXƒ^[ƒg,https://news.yahoo.co.jp/articles/34e0f6f630dd2a52e9d331ff17536d0ab5dbffa6,9/1(‹à) 18:51
rcg,yƒ^ƒCƒ€Œ‹‰Êz2023MotoGP‘æ11íƒJƒ^ƒ‹[ƒjƒƒGP ƒtƒŠ[‘–s1‰ñ–Ú,https://news.yahoo.co.jp/articles/5bf131c47d2c8c04ff0fce0a89559a0ba5ae23e6,9/1(‹à) 18:35
rcg,F1‘æ15í–Ø—j‰ïŒ©Fu‚Ü‚¾‚â‚èŽc‚µ‚½‚±‚Æ‚ª‚ ‚év–À‚í‚¸Œ»–ð‘±s‚ð–]‚ñ‚¾ƒnƒ~ƒ‹ƒgƒ“Bƒ`[ƒ€‚Æ‚ÌŒðÂ‚ÅŒÝ‚¢‚ÉŽ©M,https://news.yahoo.co.jp/articles/562f6c74dcb5e507ad4e7f61cbd863acbc63c503,9/1(‹à) 17:50
rcg,¡‹Gg–³‘oh‚Ì‰¤ŽÒƒLƒX‚ª‘‚­‚à”NŠÔ13Ÿ“ž’B‚àA’nŒ³ƒ‰ƒbƒR‚ªˆÓ’n‚Ìƒz[ƒ€ƒŒ[ƒX§”e^ETRC‘æ5íƒ‚ƒXƒg,https://news.yahoo.co.jp/articles/0a61be08f0dbc47c24a873f45c1cda3a74e74717,9/1(‹à) 17:23
rcg,yWEC‰´‚Ì‘Š•ûgƒLƒƒƒ‰hÐ‰îi2jƒvƒWƒ‡[•ÒzƒƒCƒbƒNEƒfƒ…ƒoƒ‹‚ª•úŒ¾‚˜_u”Þ‚Í’‚è‚·‚¬vuƒiƒCƒX‚Èˆ«ƒKƒLvuƒlƒo[Eƒnƒbƒs[v,https://news.yahoo.co.jp/articles/d5969dcea7fd61ec3914c8ca77270d6e93378f67,9/1(‹à) 17:18
rcg,450kmƒŒ[ƒX‚ÌVU—ª–@B3ƒŠƒXƒ_ƒEƒ“‚Å’§‚ñ‚¾3†ŽÔNiterra Z‚Æ36†ŽÔau Supra‚Ì^‹t‚ÌƒXƒgƒ‰ƒeƒW[,https://news.yahoo.co.jp/articles/84fab7197ff44d644f98f826bb0f6695b3ad8843,9/1(‹à) 17:02
rcg,ÅIí’¼‘OAFIA F3ƒ‰ƒ“ƒLƒ“ƒO3ˆÊ‚É‚Â‚¯‚éƒ}ƒ‹ƒeƒB‚ªƒŒƒbƒhƒuƒ‹EƒWƒ…ƒjƒA‚É‰Á“ü,https://news.yahoo.co.jp/articles/602ae7fd30a2e2ba7f9d3ca3089c9f9a9d6c0024,9/1(‹à) 16:40
rcg,ƒ‹ƒNƒŒ[ƒ‹AƒtƒFƒ‰[ƒŠF1‚Æ‚Ì‘åŒ^5”NŒ_–ñ‚Ì‚¤‚í‚³‚ð”Û’èuŒðÂ‚ðŽn‚ß‚Ä‚·‚ç‚¢‚È‚¢B¡‚Í‹£‘ˆ—ÍŒüã‚ÉW’†v,https://news.yahoo.co.jp/articles/daef3c076c8879fe4ecf743d7e89719eb3e27e11,9/1(‹à) 15:42
rcg,“ì•ÄŠJÃ’f”O‚ÅƒVƒŠ[ƒY‚ÍƒCƒ^ƒŠƒA‚É‰ñ‹AB‘æ7-8í‚ÍƒTƒ‹ƒfƒBƒjƒA“‡˜Aí‚É^ƒGƒNƒXƒgƒŠ[ƒ€E,https://news.yahoo.co.jp/articles/1e8ab6033404303d7bf0a1d37d15330699b53165,9/1(‹à) 14:35
rcg,ƒvƒWƒ‡[‚ªŠú‘Ò‚ðŠñ‚¹‚é19Îƒ„ƒRƒuƒZƒ“‚Ì–ðŠ„B9X8‚ð‹ì‚éæ”y‚½‚¿‚Íu–{“–‚ÉƒtƒŒƒ“ƒhƒŠ[v,https://news.yahoo.co.jp/articles/6438b1e0aa6e7c4de404e199388477d39c0e2492,9/1(‹à) 14:15
rcg,ƒ`ƒbƒvEƒKƒiƒbƒV‚ªƒCƒ“ƒfƒBNXT‰¤ŽÒƒŠƒkƒXEƒ‹ƒ“ƒhƒNƒ”ƒBƒXƒg‚ðƒtƒ‹ƒ^ƒCƒ€‹N—pB•¡””NŒ_–ñ‚ðŒ‹‚Ô,https://news.yahoo.co.jp/articles/d9d29ed37da7246696a8c94a8a8965f3510f8606,9/1(‹à) 13:37
rcg,ƒJƒƒTƒLA‘åŒ^ƒXƒ|[ƒcƒoƒCƒNwMEGURO K3x‚Ì‘“à”Ì”„‚ð9ŒŽ22“ú‚©‚çŠJŽn,https://news.yahoo.co.jp/articles/a9ed7032be4f8b2374acbe1ef8bc71a008ff41a7,9/1(‹à) 13:20
rcg,ƒJƒƒTƒLAƒŒƒgƒ•—ƒXƒ^ƒCƒ‹wW800x‚ÌƒJƒ‰[•ƒOƒ‰ƒtƒBƒbƒN‚ð•ÏX‚µ‚½ÅVƒ‚ƒfƒ‹‚ð9ŒŽ22“ú‚©‚ç‡ŽŸ”­”„,https://news.yahoo.co.jp/articles/9f788f8521df0f0991163dd8e21c4d1552dad41a,9/1(‹à) 13:10
rcg,ƒJƒƒTƒLwNinja1000SXx‚ÌƒJƒ‰[•ƒOƒ‰ƒtƒBƒbƒN‚ð•ÏX‚µ‚½ÅVƒ‚ƒfƒ‹‚ð10ŒŽ1“ú‚©‚ç”­”„,https://news.yahoo.co.jp/articles/06084fc1da166e1e7008a62cade84eaf68b65250,9/1(‹à) 13:00
rcg,‚ ‚Ìw‚¨•Ù“–‚Ì‚±‚Î‚â‚µx‚ªƒOƒbƒhƒXƒ}ƒCƒ‹ƒŒ[ƒVƒ“ƒO‚ÆƒRƒ‰ƒ{I –ÔÄ‚«‹‚½‚ñ•Ù“– ƒŒ[ƒVƒ“ƒOƒ~ƒNVer.‚ð9ŒŽ15“ú‚©‚ç”­”„,https://news.yahoo.co.jp/articles/b5093072fa4ae1e78979637b1003abdc45ec40ac,9/1(‹à) 12:05
rcg,ƒ^ƒCƒgƒ‹‘ˆ‚¢‚ÍƒpƒƒE‚ÆƒfƒBƒNƒ\ƒ“‚Ìˆê‹R‘Å‚¿‚ÉB7l‚Ìƒ‹[ƒL[EƒIƒuEƒUEƒCƒ„[‘ˆ‚¢‚É‚à’–Ú,https://news.yahoo.co.jp/articles/7cbec7ec9a1a67107e10eb86f3b52ff18b0ccc9e,9/1(‹à) 11:27
rcg,F1ƒvƒƒgƒ^ƒCƒv‚ÆƒPƒ“EƒuƒƒbƒN‚Ìˆâì‚ªƒfƒUƒCƒ“ƒ‚ƒ`[ƒt‚ÉBƒAƒEƒfƒBA’n‹…‚É—D‚µ‚¢Ž†ƒpƒbƒN“ü‚è‘ŽY“V‘R…‚Ì’ñ‹Ÿ‚ðŠJŽn,https://news.yahoo.co.jp/articles/190b82e1e0bf5f403605187dc1d251348b48c807,9/1(‹à) 11:19
rcg,ƒX[ƒp[‘Ï‹v‘æ5í‚à‚Ä‚¬‚ÉƒjƒbƒTƒ“ZƒŒ[ƒVƒ“ƒOƒRƒ“ƒZƒvƒg‚ª”ü—íZ NISMOƒtƒFƒCƒX‚ÅÄ“oê,https://news.yahoo.co.jp/articles/c7176ce17125b512f820d75764a38ded07d61699,9/1(‹à) 10:53
rcg,ãˆÊ3–¼‚ðF1“ú–{GP‚ÌƒpƒhƒbƒN‚Öµ‘Ò‚·‚éƒ^ƒCƒ€ƒAƒ^ƒbƒNƒCƒxƒ“ƒgAwƒŒƒmƒ{EƒI[ƒ‹ƒvƒŒƒCƒ„[Eƒ`ƒƒƒŒƒ“ƒWx‚ªŠJÃ,https://news.yahoo.co.jp/articles/a667e2d13913c656f3eaf5ae7a17aaa52781ff92,9/1(‹à) 8:49
rcg,y‘Sƒhƒ‰ƒCƒo[“ÆŽ©Ì“_^F1‘æ14íz‰ß“‚Èƒfƒrƒ…[í‚ð—§”h‚Éæ‚èØ‚Á‚½ƒ[ƒ\ƒ“BT––‚ÌƒXƒ^[AƒAƒƒ“ƒ\,https://news.yahoo.co.jp/articles/5df55fc4b02f7f90ae5a85bd108b773625990148,9/1(‹à) 7:53
rcg,SF-23‚ÌŒ‡Š×‚ð–¾Šm‚É—‰ð‚µ‚½ƒtƒFƒ‰[ƒŠF1B2024”NŒ^ƒ}ƒVƒ“‚Íu¡”N‚Ìi‰»Œ`‚É‚Í‚È‚ç‚È‚¢v‚Æ–¾Œ¾,https://news.yahoo.co.jp/articles/eef8aa4dea29082c397fd493411f9cba0da9ab7e,9/1(‹à) 6:23
rcg,ƒƒ‹ƒZƒfƒXF1Aƒnƒ~ƒ‹ƒgƒ“•ƒ‰ƒbƒZƒ‹‚Æ‚ÌŒ_–ñ‰„’·‚ð”­•\B2025”N‚Ü‚Åƒ‰ƒCƒ“ƒAƒbƒvŒp‘±‚Ö,https://news.yahoo.co.jp/articles/d2fa736986bfea22335babf154624fb51806af02,8/31(–Ø) 23:46
rcg,ƒGƒNƒXƒgƒŠ[ƒ€E‚ÆFIA‚ª2025”N‚©‚ç…‘f‚ð”R—¿‚Æ‚µ‚½ƒIƒtƒ[ƒh‘IŽèŒ wƒGƒNƒXƒgƒŠ[ƒ€Hx‚ð—§‚¿ã‚°‚Ö,https://news.yahoo.co.jp/articles/1b013afa5c49017401214e6d2280ce722c2c5be8,8/31(–Ø) 23:38
rcg,ƒAƒ‹ƒtƒ@ƒƒƒIA56”N‚Ô‚è‚ÉVŒ^w33ƒXƒgƒ‰ƒ_[ƒŒx‚ð”­•\B33‘äŒÀ’è‚ÅáS‚Á‚½g“`àh‚ÍŠ®”„,https://news.yahoo.co.jp/articles/476c6631b583f2060f39e01e57b18cd59390e795,8/31(–Ø) 22:40
rcg,FIA F2A2024”N“±“ü‚ÌVŒ^ƒ}ƒVƒ“‚ð‰ŒöŠJBƒRƒ“ƒZƒvƒg‚ÍuF1ƒ}ƒVƒ“‚É‰Â”\‚ÈŒÀ‚è‹ß‚Ã‚¯‚év,https://news.yahoo.co.jp/articles/f9783f361318f3d2b5f0abce88831c9ea71b65a0,8/31(–Ø) 19:47
rcg,DƒŒƒ“ƒW‚Å‘–‚ê‚Äƒ^ƒCƒ€‚ÍMT‚Æ“¯‚¶BATŽÔ‚ÌORC ROOKIE GR Yaris DAT concept‚ªƒX[ƒp[‘Ï‹v‘æ5í‚à‚Ä‚¬‚É“oê,https://news.yahoo.co.jp/articles/4f3c38e7c667bf5cfb462ff087ff773869c15eb8,8/31(–Ø) 19:27
rcg,NASCARƒ`ƒƒƒ“ƒsƒIƒ“‚ÌƒJƒCƒ‹Eƒ‰[ƒ\ƒ“‚ªƒCƒ“ƒfƒB500‚ÆƒVƒƒ[ƒƒbƒg600ƒ}ƒCƒ‹‚ÌW’§í‚ÖŒü‚¯€”õ‚ðŠJŽn,https://news.yahoo.co.jp/articles/f4f0715f6fe5de829fb0ecf60c358b41e683d18b,8/31(–Ø) 18:01
rcg,ƒWƒƒƒ“Eƒgƒbƒh“dŒ‚–K–â‚ÌT––‚Íƒgƒˆƒ^‚Ìƒ‰ƒ‚ƒX‚ªæŸBƒsƒPJr.‚ÆƒoƒŠƒ`ƒFƒ‚à•\²‘ä‚É^SCB‘æ7í,https://news.yahoo.co.jp/articles/da9f26f3ae8517313ee3da60a1012e8799b6fa4e,8/31(–Ø) 17:51
rcg,ƒOƒbƒhƒCƒ„[‚ªWEC•xŽm‚ÌŒöŽ®ƒXƒ|ƒ“ƒT[‚ÉBƒ^ƒCƒ„‚ð‹Ÿ‹‹‚·‚éLMP2ƒNƒ‰ƒX‚Ì—DŸ—\‘zƒLƒƒƒ“ƒy[ƒ“‚àŽÀŽ{,https://news.yahoo.co.jp/articles/f46eed273b792d0b29db2e5e786ce0a15e6993e2,8/31(–Ø) 16:54
rcg,ƒ}[ƒJƒXEƒGƒŠƒNƒ\ƒ“‚ª¡‹GŒÀ‚è‚Åƒ`ƒbƒvEƒKƒiƒbƒV‚ð’E‘ÞB—ˆ‹G‚ÍƒAƒ“ƒhƒŒƒbƒeƒB‚©‚çƒCƒ“ƒfƒBƒJ[ŽQí,https://news.yahoo.co.jp/articles/7db8b0af777bd0efe327f2094b314192ebcc69d2,8/31(–Ø) 16:34
rcg,y’†–ìMŽ¡‚ÌF1•ªÍ^‘æ14ízƒNƒ‰ƒbƒVƒ…Žž‚Ìƒhƒ‰ƒCƒo[‚ÌƒZƒIƒŠ[Bƒ[ƒ\ƒ“‘ã–ðŽQí‚É‚æ‚é“ú–{‚ÌƒŒ[ƒXŠE‚Ö‚ÌD‰e‹¿,https://news.yahoo.co.jp/articles/f4dea0fe65acf70590234b980e710baae5ca8559,8/31(–Ø) 15:55
rcg,ƒXƒgƒ[ƒ‹AƒeƒjƒX‘IŽè‚Ö‚Ì“]Œü‚Ì‰\‚ðÎ‚¢”ò‚Î‚·u–l‚ÍƒŒ[ƒX‚Ì‚±‚Æ‚ðl‚¦‚Ä‚¢‚éBƒŒ[ƒX‚ð‘±‚¯‚½‚¢v,https://news.yahoo.co.jp/articles/fd4d2072ad94fa585ffd7b78a30ab698c9b97b20,8/31(–Ø) 15:35
rcg,FIA‚ªF1ƒtƒŒƒLƒVƒuƒ‹ƒEƒCƒ“ƒO‚Ö‚ÌŽæ‚è’÷‚Ü‚è‚ð‹­‰»‚ÖBˆê•”ƒ`[ƒ€‚Ìƒ}ƒVƒ“ƒfƒUƒCƒ“‚ð–â‘èŽ‹,https://news.yahoo.co.jp/articles/0377b863b4675bc133d3c78e4406f0710fcea229,8/31(–Ø) 15:16
rcg,yWEC‰´‚Ì‘Š•ûgƒLƒƒƒ‰hÐ‰îi1jƒ|ƒ‹ƒVƒF•ÒzƒAƒ“ƒhƒŒEƒƒbƒeƒ‰[‚àŠ´S‚·‚égƒOƒ‹ƒeƒ“ƒtƒŠ[‚ðŠÑ‚­’jh,https://news.yahoo.co.jp/articles/91745cd179ccbfe665b96bd3c92f07c04b466d49,8/31(–Ø) 15:11
rcg,—\‘I‚Å‚ÌƒyƒŒƒX‚Íu‚Ù‚Æ‚ñ‚ÇŽ©M‚ª‚È‚©‚Á‚½v‚ÆƒŒƒbƒhƒuƒ‹‘ã•\Bƒ‰ƒCƒoƒ‹w‚à—‰ð‚µ“ï‚¢ƒpƒtƒH[ƒ}ƒ“ƒX·^F1‘æ14í,https://news.yahoo.co.jp/articles/52d55ee25b48945936f28cbf81f766e8649eaff0,8/31(–Ø) 14:29
rcg,ƒAƒ‹ƒtƒ@ƒƒƒIAŽåŽ²wƒWƒ…ƒŠƒA^ƒXƒeƒ‹ƒ”ƒBƒIx‚É“`“‚ÌgƒRƒ“ƒyƒeƒBƒcƒBƒI[ƒlh‚ðŠ¥‚µ‚½ŒÀ’èŽÔ‚ð“±“ü,https://news.yahoo.co.jp/articles/31be1cf30aa66c915b0f671486a56419a728d643,8/31(–Ø) 14:02
rcg,wƒZƒ“ƒ`ƒ…ƒŠ[x‚ÌSUV”Å‚ª“oê‚©Bƒgƒˆƒ^AƒeƒBƒU[‚ðŒöŠJ‚µ9ŒŽ6“ú‚Ì”­•\‰ïŽÀŽ{‚ð—\,https://news.yahoo.co.jp/articles/954b7b44645a9603407fb2f55a9527010171d727,8/31(–Ø) 13:20
rcg,ƒ[ƒ\ƒ“AF1ƒfƒrƒ…[í‚É‚Í‚»‚ê‚È‚è‚É–ž‘«u‚ ‚ç‚ä‚éó‹µ‚ðŒoŒ±‚µ‘f°‚ç‚µ‚¢ŠwK‚Ì‹@‰ï‚¾‚Á‚½v^F1‘æ14í,https://news.yahoo.co.jp/articles/d8e66a8a2fbdc19eee51937c270420f26c154c91,8/31(–Ø) 12:24
rcg,ƒ}ƒNƒ‰ƒtƒ‰ƒ“‚ªŽO“x‚ÌIMSAŽQí‚ÖBƒvƒ`Eƒ‹Eƒ}ƒ“‚Åƒ^ƒ[Eƒ‚[ƒ^[ƒXƒ|[ƒc‚ÉÄ‡—¬,https://news.yahoo.co.jp/articles/482d322a0f3ca44c575055fc68836238bbc31baf,8/31(–Ø) 11:51
rcg,ƒCƒPƒ‹EƒŒƒNƒI[ƒiA‘æ11íƒJƒ^ƒ‹[ƒjƒƒGP‚àˆø‚«‘±‚«‘ã–ðŽQíBƒAƒŒƒbƒNƒXEƒŠƒ“ƒX‚Í6í˜A‘±‚ÌŒ‡ê‚É^MotoGP,https://news.yahoo.co.jp/articles/2d6ad5cf93e1aaa1a276176f6fcb5e024dc0764d,8/31(–Ø) 9:00
rcg,ƒIƒRƒ“AF1ƒIƒ‰ƒ“ƒ_GP‚Å‚Ìƒ`[ƒ€‚Ìƒ^ƒCƒ„‘I‘ð‚É•s–žuƒtƒ‹ƒEƒGƒbƒg‚Ì•û‚ª—Ç‚¢ó‹µ‚È‚Ç‚È‚¢v,https://news.yahoo.co.jp/articles/d8daea049851f74a2f7536fa11a580c04a8e9dbc,8/31(–Ø) 8:51
rcg,ƒAƒ‹ƒtƒ@ƒƒƒIF1‚ªƒCƒ^ƒŠƒAGP—pƒXƒyƒVƒƒƒ‹ƒJƒ‰[ƒŠƒ“ƒO‚ð”­•\BVŒ^ƒX[ƒp[ƒJ[A33ƒXƒgƒ‰ƒ_[ƒŒ‚Ìƒ[ƒ“ƒ`‚ð‹L”O,https://news.yahoo.co.jp/articles/5e9154841faf673b2a0036d4d2f9c28ee3797de6,8/31(–Ø) 7:41
rcg,ƒNƒ‰ƒbƒVƒ…‚©‚ç‚ÌŠ®‘S•œŠˆ‚ð–ÚŽw‚µ‚ÄD‘–‚µ‚½MOTUL AUTECH ZB¼“cŽŸ¶‚ªU‚è•Ô‚é—éŽ­‚Å‚Ìg¸_“I‚Èh‚³h,https://news.yahoo.co.jp/articles/d1420fc5be32945e769eacf822270328f083c5d2,8/31(–Ø) 7:00
rcg,GT4ƒWƒƒƒpƒ“‰ªŽR‚Å‚Ìg°‚Ìƒ`ƒFƒbƒJ[h‚Ì•‘‘ä— ‚ðDŒËŠw‚É•·‚­u‚ß‚¿‚á‚­‚¿‚áƒLƒc‚©‚Á‚½‚æv,https://news.yahoo.co.jp/articles/79aeb4c9005279fb4ac82edeab857c457c1d1395,8/30(…) 22:52
rcg,ƒ[ƒhƒR[ƒX‚Å‘¬‚³‚ðŒ©‚¹‚éRLLB—DŸ–Ú‘O‚Å2ˆÊŠl“¾‚ÌƒOƒ‰ƒnƒ€EƒŒƒCƒz[ƒ‹‚ÍŽc‚è2í‚Å‚ÌŸ—˜‚È‚é‚©,https://news.yahoo.co.jp/articles/868b5c45cd9febc4500dc338033ee8d7dbf2b2bf,8/30(…) 20:40
rcg,ƒ}ƒ‹ƒREƒxƒ[ƒbƒ`‚ª1”NŠÔ‚ÌŒ_–ñXVB2024”N‚àMooney VR46‚©‚çMotoGP‚ÉŽQí,https://news.yahoo.co.jp/articles/b36f29e5d8929755e262a4f986d0e7844bfd489b,8/30(…) 19:33
rcg,“úƒeƒŒƒW[ƒ^ƒXA9ŒŽ2“ú‚æ‚èMotoGP“ú–{GP‚Ì‰ß‹Ž17‘å‰ï‚ðˆê‹“•ú‘—BŠÏíŒ”‚ª“–‚½‚éƒNƒCƒYƒLƒƒƒ“ƒy[ƒ“‚à,https://news.yahoo.co.jp/articles/4ffa97d51f353dabd5f13936c9cd069bcb602536,8/30(…) 18:38
rcg,ƒƒ‹ƒZƒfƒXEƒxƒ“ƒcAq‘±528km‚ðŒÖ‚éŠvV“I“d“®ƒ‚ƒfƒ‹wEQE SUVx”­•\B“±“ü‹L”OŽÔ‚àÝ’è,https://news.yahoo.co.jp/articles/cd670931e8bb7bc8bdf3decfaa4ce268cfca4771,8/30(…) 17:00
rcg,ƒˆƒVƒ€ƒ‰SERT MotulAˆ­”üS‚ðÅIíƒ{ƒ‹ƒh[ƒ‹24ŽžŠÔ‚Å‘æ4ƒ‰ƒCƒ_[‚É‹N—p^EWC,https://news.yahoo.co.jp/articles/60b29fb2a9a5b88fe116590e1b57801ad26d8113,8/30(…) 16:57
rcg,2”N–Ú‚ÌƒtƒFƒlƒXƒgƒ‰ƒY‚Æƒ[ƒ‰ƒ“ƒh‚ª•œ‹ABƒjƒbƒTƒ“EƒtƒH[ƒ~ƒ…ƒ‰Eƒ`[ƒ€‚ªƒV[ƒYƒ“10‚Ìƒhƒ‰ƒCƒo[ƒ‰ƒCƒ“ƒAƒbƒv‚ð”­•\,https://news.yahoo.co.jp/articles/8a795fc631e93ef87387257df9d259b49f55f073,8/30(…) 16:34
rcg,ƒƒ‹ƒZƒfƒXF1‘ã•\AƒIƒ‰ƒ“ƒ_‚Å‚Ìí—ªƒ~ƒX‚ðŒƒ‚µ‚­Œã‰÷uƒ^ƒCƒ„‚Ì”»’f‚ðŠ®‘S‚ÉŒë‚èAãˆÊŠl“¾‚Ìƒ`ƒƒƒ“ƒX‚ð“¦‚µ‚½v,https://news.yahoo.co.jp/articles/0d11c5183febeb302c2022c74c2a22b61ba16d61,8/30(…) 16:31
rcg,“y‰®Œ\Žs‚ðV‚½‚É‹N—pBƒXƒv[ƒ“AFL5Œ^ƒzƒ“ƒ_EƒVƒrƒbƒNEƒ^ƒCƒvR‚Å2023”NƒTƒ“ƒ_[ƒqƒ‹25ŽžŠÔ‚ÉŽQí,https://news.yahoo.co.jp/articles/1ea712f6efaf51465907e9f969c419eab3f75428,8/30(…) 15:40
rcg,ƒŒ[ƒVƒ“ƒOƒvƒƒWƒFƒNƒgƒoƒ“ƒhƒEA9ŒŽ10“ú‚ÉŽRŒ`Žs‚ÅƒCƒxƒ“ƒgŠJÃB“y‰®Œ\ŽsAîà‹´–M–¾AŽž“c‰ë‹`‚ç‚ª“oê,https://news.yahoo.co.jp/articles/2d8c14d3a3def00cb7a10f5618bb3460ec3fb9b4,8/30(…) 14:53
rcg,‹ãB‘å‰ï‚Å‚àTEAM KUNIMITSU‚É‰ž‰‡‚ðBƒX[ƒp[GT‘æ7íƒI[ƒgƒ|ƒŠƒX‚ÅwƒTƒ|[ƒ^[ƒYƒV[ƒgx‚ðŠJÝ,https://news.yahoo.co.jp/articles/bdcc365e993c3d50b2d936453b64037a6b21835a,8/30(…) 14:21
rcg,¡‹G5“x–Ú‚Ìƒ|[ƒ‹‚©‚çƒTƒbƒgƒ“‚ªŠ®ŸBƒCƒ“ƒOƒ‰ƒ€‚ÆTGRƒJƒ[ƒ‰‚Ìƒuƒbƒ`ƒƒ[‚àŸ—˜^BTCC‘æ8í,https://news.yahoo.co.jp/articles/8024704fd3bcef71a96ce4ff180dfb26eef08c5e,8/30(…) 12:41
rcg,WEC•xŽm‚Ìƒ|ƒbƒvƒAƒbƒvƒCƒxƒ“ƒg‚ª“Œ‹žƒ~ƒbƒhƒ^ƒEƒ“‚ÅŠJÃ‚ÖBƒŒ[ƒXƒJ[“WŽ¦‚âƒvƒWƒ‡[ŽŽæ‰ï‚È‚Ç‚ðŽÀŽ{,https://news.yahoo.co.jp/articles/64d0ff4205def85ea205c406a2db80cf926fa251,8/30(…) 12:05
rcg,ƒAƒYƒRƒi‚ªV¶¢ŠEí‰Ÿ—˜B’nŒ³ƒWƒƒ‰ƒ~‚àFL5Œ^ƒVƒrƒbƒN‚Æ‰—DŸ^TCRƒ[ƒ‹ƒhƒcƒA[‘æ6í,https://news.yahoo.co.jp/articles/cde119b8b5cfe2f358c8c2e65f71f880918dc389,8/30(…) 10:50
rcg,ƒwƒr[‹‰ƒTƒNƒZƒXƒEƒGƒCƒg‚Å‚Ì“ï‚µ‚³BGT300ƒ‰ƒ“ƒLƒ“ƒOãˆÊ¨gŽOŽÒŽO—lh‚Ì‘æ5í—éŽ­,https://news.yahoo.co.jp/articles/65f7fd16dbb11016ad5435382e4c7a9420c668b9,8/30(…) 10:21
rcg,Œ³ƒ`[ƒ€ƒƒCƒg‚Ì¼‰ºMŽ¡‚Æ‚Í¡‚à’‡—Ç‚µu‘Ï‹vƒŒ[ƒX‚Íƒvƒ‰ƒ“B‚Å‚Í‚È‚¢vyWEC•xŽm‚Ì’–ÚŠ”i4jƒ‹ƒCEƒfƒŒƒgƒ‰ƒYz,https://news.yahoo.co.jp/articles/c2b2551f8542eaacd9cbf9990cf989fb62d84172,8/30(…) 10:13
rcg,ƒAƒXƒgƒ“ƒ}[ƒeƒBƒ“F1AƒCƒ^ƒŠƒAGP‚ÌFP1‚ÅƒŠƒU[ƒu‚Ìƒhƒ‹ƒSƒ”ƒBƒbƒ`‚ð‹N—p,https://news.yahoo.co.jp/articles/d05385a6c7d9ef1db5015235118aba3b090cc184,8/30(…) 8:40
rcg,–¼ƒRƒ“ƒr’a¶‚Ì—\Š´Bƒ\ƒ‹ƒh‚ªWRCÅ‚•ôƒNƒ‰ƒX•œ‹A‚Ì—»—F‚ðÌŽ^B—Š‚ê‚égƒAƒjƒLh‚ÉŠ´ŽÓ‚·‚éƒXƒjƒlƒ“,https://news.yahoo.co.jp/articles/ecbfc077a4ad429370b8dae43adf17b54e13c92c,8/30(…) 7:10
rcg,ƒtƒFƒ‰[ƒŠF1AƒCƒ^ƒŠƒAGPŒÀ’èƒ}ƒVƒ“ƒJƒ‰[ƒŠƒ“ƒO‚ð”­•\Bƒ‹Eƒ}ƒ“—DŸ‚ð‹L”O‚µ‚½ƒfƒUƒCƒ“,https://news.yahoo.co.jp/articles/9369d1280fb458c3bf292e86cae0afeb905000f9,8/30(…) 7:03
rcg,ƒX[ƒp[GT‘æ5í—éŽ­‚ÌZFƒAƒ[ƒh‚Í‘æ3í‚ÌƒNƒ‰ƒbƒVƒ…‚©‚ç•œŠˆ‚µ2ˆÊŠl“¾‚ÌBamboo Airways Lamborghini GT3‚ªŽóÜ,https://news.yahoo.co.jp/articles/f467608610c1e919d1582865d130d56034fda62d,8/30(…) 0:21
rcg,ƒŒƒMƒ…ƒ‰[ÅIí‚ÍƒuƒbƒVƒƒ[3Ÿ–Ú‚ÅRFK‚ª1-2’B¬BƒvƒŒ[ƒIƒtÅI˜g‚ÍƒEƒHƒŒƒX‚É^NASCAR‘æ26í,https://news.yahoo.co.jp/articles/9025fd2ab91e229f56e10892f2d7a340309f5738,8/29(‰Î) 19:20
rcg,GTƒ[ƒ‹ƒhƒ`ƒƒƒŒƒ“ƒWEƒAƒWƒA‚ÌƒWƒƒƒpƒ“ƒJƒbƒv‰¤À‚ðŠl“¾‚µ‚½‰iˆäG–¾^ã‘º—D‘¾‘g‚ª‰¤À‚ÉŠì‚ÑuŽŸ‚Ì–Ú•W‚ÍƒAƒWƒAƒiƒ“ƒo[ƒƒ“v,https://news.yahoo.co.jp/articles/31d7d154c33f6b8837df393639490dc7bd15c5ac,8/29(‰Î) 18:45
rcg,g‹°—³ƒ|ƒ‹ƒVƒFh‚ð‘–‚ç‚¹‚éAOƒŒ[ƒVƒ“ƒOA2024”N‚ÉŒü‚¯GTDƒvƒ‚ÆLMP2ƒvƒƒOƒ‰ƒ€‚ðŒv‰æ,https://news.yahoo.co.jp/articles/c13a7598046beec1dc62a0c7386f53eef4f22f4a,8/29(‰Î) 17:20
rcg,y—§ì—S˜H„Ÿ„ŸƒX[ƒp[GTÅ‘¬’j‚Æ‚Ì‹L‰¯zi3j•½ŽèW•½u—§ì‚³‚ñ‚Í‘½‚­‚ðŒê‚ç‚¸AŒ¾—t‚È‚µ‚Å“`‚¦‚Ä‚­‚év,https://news.yahoo.co.jp/articles/9e55ec254907330aafaecd692cc55608ff6d4611,8/29(‰Î) 17:15
rcg,Žèp‚ðI‚¦‚½ƒŠƒJƒ‹ƒh‚ªƒtƒ@ƒ“‚ÉƒƒbƒZ[ƒWAƒJƒ€ƒoƒbƒN‚Ö‚ÌˆÓ‹Cž‚Ý‚ðŽ¦‚·^F1‘æ14í,https://news.yahoo.co.jp/articles/aff437d7335e60709a1b6930a246d1f15a16e28d,8/29(‰Î) 13:32
rcg,ŽjãÅ‹­739PS‚ðŒÖ‚éVŒ^wƒ|ƒ‹ƒVƒFEƒJƒCƒGƒ“xÅãˆÊƒ‚ƒfƒ‹gƒ^[ƒ{E-ƒnƒCƒuƒŠƒbƒhh‚Ì—\–ñŽó’‚ªŠJŽn,https://news.yahoo.co.jp/articles/66cad116810e3aad40b7aa1c4f3fc30938c1ab45,8/29(‰Î) 13:28
rcg,2023”NF1‘æ14íƒIƒ‰ƒ“ƒ_GPŒˆŸƒgƒbƒv10ƒhƒ‰ƒCƒo[ƒRƒƒ“ƒgi2j,https://news.yahoo.co.jp/articles/0350fae1cc42af6ed6da0e433b08190605e978a2,8/29(‰Î) 12:04
rcg,2023”NF1‘æ14íƒIƒ‰ƒ“ƒ_GPŒˆŸƒgƒbƒv10ƒhƒ‰ƒCƒo[ƒRƒƒ“ƒgi1j,https://news.yahoo.co.jp/articles/afd6dbe1df5f58bd96c26d9d96457b5ec4ae9b35,8/29(‰Î) 12:02
rcg,‰\‚Ìƒjƒ…[ƒ}ƒVƒ“Aƒgƒˆƒ^^ƒŒƒNƒTƒX‚ÌVŒ^GT3ŽÔ—¼‚©BƒJƒ‚ƒtƒ‰[ƒWƒ…•¿‚ÌƒŒ[ƒVƒ“ƒOƒJ[‚ª‘“à‚Å–ÚŒ‚‚³‚ê‚é,https://news.yahoo.co.jp/articles/d6e43ac60f39b75cdad7f91f9f2412b9c03f71df,8/29(‰Î) 10:00
rcg,ŽüŠ¥‰FAƒNƒ‰ƒbƒVƒ…‚ÅƒŠƒ^ƒCƒAuƒuƒŒ[ƒLƒyƒ_ƒ‹‚ÉG‚ê‚½“r’[‚ÉƒAƒNƒAƒvƒŒ[ƒjƒ“ƒO‚ª‹N‚«‚½vƒAƒ‹ƒtƒ@ƒƒƒI^F1‘æ14í,https://news.yahoo.co.jp/articles/a59b60054186736ede62a9235b5c23b2075487ce,8/29(‰Î) 9:07
rcg,wƒgƒ€ƒX“¶–²ƒZƒŠƒJCxƒgƒˆƒ^‚ð“®‚©‚µ‚½gƒZƒŠƒJ‚ÌƒOƒ‹[ƒvChy–Y‚ê‚ª‚½‚«–ÁŽÔ‚½‚¿z,https://news.yahoo.co.jp/articles/401a41ac52920e1770d26b54427335560253a1b4,8/29(‰Î) 8:57
rcg,ƒqƒ…ƒ‹ƒPƒ“ƒxƒ‹ƒO12ˆÊuƒXƒŠƒbƒN‚Å‚ÌƒXƒeƒCƒAƒEƒg‚Åƒ`ƒƒƒ“ƒX‚ð“¦‚µ‚½vƒ}ƒOƒkƒbƒZƒ“‚Í~ŠiFƒn[ƒX^F1‘æ14íŒˆŸ,https://news.yahoo.co.jp/articles/5665c8a1dbd98dcef47f7f0b6a742f8fa23d1189,8/29(‰Î) 8:32
rcg,u“ú–{‚Æ‚¢‚¤‘‚ðŠw‚Ñ‚½‚¢vƒIƒ}[ƒ“‰‚Ìƒhƒ‰ƒCƒo[A–{‹Æ‚Ígƒ{[ƒg—·hyWEC•xŽm‚Ì’–ÚŠ”i3jƒAƒnƒ}ƒhEƒAƒ‹Eƒn[ƒeƒBz,https://news.yahoo.co.jp/articles/9025a284274937b247421e1237a10ad90a697bbc,8/29(‰Î) 8:10
rcg,ƒXƒgƒ[ƒ‹11ˆÊuƒ}ƒVƒ“‚ÌƒpƒtƒH[ƒ}ƒ“ƒX‚Í—Ç‚©‚Á‚½‚ªA–]‚ñ‚Å‚¢‚½‚æ‚¤‚ÈƒŒ[ƒX‚É‚È‚ç‚È‚©‚Á‚½v^F1‘æ14íŒˆŸ,https://news.yahoo.co.jp/articles/b638a352b3cc9dca11e0673fdcde186c8570544e,8/29(‰Î) 7:50
rcg,ƒAƒ‹ƒ{ƒ“8ˆÊuŽÀ—Í‚Å“üÜB‚©‚Â‚Ä‚È‚¢‚Ù‚Ç‚Ì‹£‘ˆ—Í‚ð”­Šö‚Å‚«‚½vƒEƒCƒŠƒAƒ€ƒY^F1‘æ14í,https://news.yahoo.co.jp/articles/435038a3420db937c9bb20f6e1cd66b003554289,8/29(‰Î) 7:14
rcg,ƒmƒŠƒXAƒtƒƒ“ƒgƒƒE‚ð¶‚©‚¹‚¸7ˆÊu”»’f‚ðŒë‚Á‚½‚±‚Æ‚Åg•‰‚¯‘gh‚Évƒ}ƒNƒ‰[ƒŒƒ“^F1‘æ14í,https://news.yahoo.co.jp/articles/b243ac1b4dbc4530ed814d51c3aa11dd38ad2491,8/29(‰Î) 6:31
rcg,ƒAƒ‹ƒtƒ@ƒ^ƒEƒŠF1AƒCƒ^ƒŠƒAGP‚Å‚ÌƒŠƒAƒ€Eƒ[ƒ\ƒ“‹N—p‚ð”­•\BˆÈ~‚ÍuƒŠƒJƒ‹ƒh‚ªŠ®‘S‚É‰ñ•œ‚·‚é‚Ü‚Åv,https://news.yahoo.co.jp/articles/864177e4d81086a85b460165d1408994eedf6110,8/29(‰Î) 2:11
rcg,ƒXƒgƒtƒFƒ‹Eƒoƒ“ƒh[ƒ“‚ªWEC•xŽm‚ÅƒnƒCƒp[ƒJ[ƒfƒrƒ…[B‘ã–ð‚Æ‚µ‚ÄƒvƒWƒ‡[9X8‚ðƒhƒ‰ƒCƒu‚Ö,https://news.yahoo.co.jp/articles/b0bc8acab0c14e1a153c268585fd9eb74d58fe50,8/28(ŒŽ) 23:16
rcg,g_“¶h‚ª‚Ó‚½‚½‚Ñ“ú–{‚ÖBWRC‰¤ŽÒƒƒoƒ“ƒyƒ‰AƒtƒH[ƒ~ƒ…ƒ‰ƒhƒŠƒtƒgƒWƒƒƒpƒ“‘æ6í‰ªŽR‚Ö‚ÌŽQí‚ªŒˆ’è,https://news.yahoo.co.jp/articles/917599ec01e5b6bec8a158650cadf8d7f4d8dc21,8/28(ŒŽ) 19:39
rcg,ƒ‹ƒNƒŒ[ƒ‹AÚG‚Ì‰e‹¿‚ÅƒŠƒ^ƒCƒAuƒtƒƒA‚ªƒ_ƒ[ƒW‚ð•‰‚¢A–â‘è‚ªˆ«‰»‚µ‚Ä‚¢‚Á‚½vƒtƒFƒ‰[ƒŠ^F1‘æ14í,https://news.yahoo.co.jp/articles/e53690c5d0b102dc7b371ca031f9e2fbc7224de3,8/28(ŒŽ) 18:52
rcg,ƒKƒXƒŠ[3ˆÊuí—ª‚©‚çƒsƒbƒg‚Ü‚Å‚·‚×‚Ä¬Œ÷Bƒ`[ƒ€‘Sˆõ‚ª•\²‘ä‚É‚Ó‚³‚í‚µ‚¢ŽdŽ–‚ð‚µ‚½vƒAƒ‹ƒs[ƒk^F1‘æ14í,https://news.yahoo.co.jp/articles/324356d1a1fccb6f6b3a8c07fb2c8447b38f03e1,8/28(ŒŽ) 18:38
rcg,ƒƒ‹ƒZƒfƒXA¡‹GÅˆ«‚Ì¬Ñ‚ÉˆÓ‹CÁ’¾BˆêŽž‚ÍÅ‰ºˆÊ‚Ìƒnƒ~ƒ‹ƒgƒ“u³‚µ‚¢í—ª‚ð‘I‚ñ‚Å‚¢‚ê‚Î2ˆÊ‚É’§‚ß‚½v^F1‘æ14í,https://news.yahoo.co.jp/articles/741ac921b86d873c7f5c7ed55f8fb3fe01a39236,8/28(ŒŽ) 17:01
rcg,ƒVƒgƒƒGƒ“Aƒ}ƒbƒgƒIƒŒƒ“ƒW‚ÌƒAƒNƒZƒ“ƒg‚ðÌ—p‚µ‚½“Á•ÊŽd—lŽÔC3ƒGƒAƒNƒƒXgORANGEh‚ðÝ’è,https://news.yahoo.co.jp/articles/7c1b0629abf2724ef7613e86bab2f9f2db2754ed,8/28(ŒŽ) 17:00
rcg,²“¡‘ô–‚Ì¡‹Gƒ‰ƒXƒgƒŒ[ƒX‚Íƒy[ƒX‚ªã‚ª‚ç‚¸ƒNƒ‰ƒbƒVƒ…uŒ‹‰Ê‚ðo‚µ‚Ä11†ŽÔ‚ÌƒNƒ‹[‚½‚¿‚Ì‹CŽ‚¿‚É•ñ‚¢‚½‚©‚Á‚½v,https://news.yahoo.co.jp/articles/6e1cb7e113e91a369310b7bf10f029900b021e1a,8/28(ŒŽ) 16:16
rcg,DENSO KOBELCO SARD GR Supra‚ª¡‹G‰‚Ì•\²‘äB˜eãŽõˆêŠÄ“Âu‰äX‚É‚Æ‚Á‚Ä‚æ‚¤‚â‚­ƒXƒ^[ƒgv,https://news.yahoo.co.jp/articles/9af3e7b7abb1fd336119c6ba13ee9fc902197451,8/28(ŒŽ) 15:00
rcg,ƒfƒBƒNƒ\ƒ“‚ªI‚Ý‚ÈƒŒ[ƒXíp‚Å2˜AŸB‘ô–‚Í¡‹Gƒ‰ƒXƒgƒŒ[ƒX‚ðü‚ê‚¸^ƒCƒ“ƒfƒBƒJ[‘æ15íWWRT,https://news.yahoo.co.jp/articles/7816401616dfd5bb0d134cc5e8c199f0467134a6,8/28(ŒŽ) 14:23
rcg,ƒIƒ‰ƒ“ƒ_ƒtƒ@ƒ“‚Éˆ³“|‚³‚ê‚½ƒAƒƒ“ƒ\uƒ}ƒbƒNƒX‚ÉŽdŠ|‚¯‚½‚©‚Á‚½‚ªA‰½‚©‚ ‚ê‚Î‹A‚ê‚È‚¢‚ÆŽv‚Á‚½v^F1‘æ14í,https://news.yahoo.co.jp/articles/d725786f425e7b1d67f2d676c88ead9fbd280af0,8/28(ŒŽ) 13:45
rcg,ƒI[ƒXƒgƒ‰ƒŠƒAˆÚÐŽsê‚Í‚³‚ç‚É‰Á‘¬Bƒ`[ƒ€18—£’E‚ÌƒpƒC‚É‘ã‚í‚èƒŒƒCƒmƒ‹ƒY‚ª‰Á“ü^RSC,https://news.yahoo.co.jp/articles/e762f44c60eb97150ecc76f22f40dd17dcd75c34,8/28(ŒŽ) 13:33
rcg,ƒzƒ“ƒ_Awƒ‚ƒ“ƒL[125x‚ÌƒJƒ‰[ƒŠƒ“ƒO‚ð•ÏX‚µ‚½ÅVƒ‚ƒfƒ‹‚ð9ŒŽ21“ú‚©‚ç”­”„,https://news.yahoo.co.jp/articles/b81bbe2b45058b3ca3675d6b843312cbd9dd9460,8/28(ŒŽ) 13:30
rcg,Šâ²•à–²u—\‘I‡ˆÊ‚ª‚æ‚­‚È‚¢‚ÆƒŒ[ƒX‚àˆ«zŠÂ‚É‚È‚Á‚Ä‚µ‚Ü‚¤v^FIA F2‘æ12íƒŒ[ƒX2,https://news.yahoo.co.jp/articles/79254ad57ae09516db0b08bc14e61132583539ab,8/28(ŒŽ) 13:30
rcg,g‘fh‚Ì—Ç‚³‚ðˆø‚«o‚·ƒAƒbƒvƒf[ƒg‚ðŽÀŽ{BÅVgGRh‚Ì“O’ê‚µ‚½‘–‚è‚Ö‚Ì‚±‚¾‚í‚è^ƒgƒˆƒ^GRƒJƒ[ƒ‰ŽŽæ,https://news.yahoo.co.jp/articles/8d9ad70853271a6318e4ebae0563287a2e3368f3,8/28(ŒŽ) 12:57
rcg,ƒRƒ‹ƒxƒbƒg‚ªƒo[ƒWƒjƒA‚ÌgGTíh‚ð§‚·BƒXƒg[ƒ‹‚É‹ƒ‚¢‚½ƒŒƒNƒTƒXRC F‚ð‹t“]‚µ¡‹G2Ÿ–Ú^IMSA‘æ9í,https://news.yahoo.co.jp/articles/1807b30fb716ac989b64b30274dc699a53c6f64d,8/28(ŒŽ) 12:53
rcg,yF1ƒIƒ‰ƒ“ƒ_GPŒˆŸ‚Ì—v“_z12”ÔŽè‚©‚ç2”N‚Ô‚è‚Ì•\²‘ä‚ð’Í‚ñ‚¾ƒKƒXƒŠ[B–¾ˆÃ‚ð•ª‚¯‚½1Žü–Ú‚Ì”»’f,https://news.yahoo.co.jp/articles/2266f77938f91f7c55083af3e8f42487c0a52857,8/28(ŒŽ) 12:32
rcg,ŸŽÒƒtƒFƒ‹ƒXƒ^ƒbƒyƒ“u˜”Õ‚Ì”»’fƒ~ƒX‚Å‡ˆÊ‚ð—Ž‚Æ‚µ‚½‚ªA‚¨‚©‚°‚ÅƒŒ[ƒX‚ª–Ê”’‚­‚È‚Á‚½vƒŒƒbƒhƒuƒ‹^F1‘æ14í,https://news.yahoo.co.jp/articles/1b546ad64143bd7a755e64e73c7c1c76e42b145e,8/28(ŒŽ) 12:11
rcg,ƒŒƒbƒhƒuƒ‹•HRC–§’…Fƒz[ƒi[‚ªŒê‚éƒsƒbƒgƒCƒ“‚Ì—Dæ‡ˆÊB‚·‚×‚Ä‚Íƒ`[ƒ€‚Æ‚µ‚ÄÅ‘å‚Ì“¾“_‚ðŠl“¾‚·‚é‚½‚ß,https://news.yahoo.co.jp/articles/7f0a2f18fd70ec59ff370a7867014553e023f1f7,8/28(ŒŽ) 9:42
rcg,F1ƒfƒrƒ…[‚Ìƒ[ƒ\ƒ“A”g—‚Ì“WŠJ‚ðæ‚èØ‚èA13ˆÊŠ®‘–u‘Sƒ‰ƒbƒv‘–‚é‚Æ‚¢‚¤–Ú•W‚ð’B¬BŽžÜ‘¬‚³‚àŽ¦‚¹‚½v^F1‘æ14í,https://news.yahoo.co.jp/articles/b37795997000a6bb8d438ef162b6b4599a02658a,8/28(ŒŽ) 9:25
rcg,yŠp“c—T‹BF1‘æ14í•ªÍzó‹µ‚ðŒ©‚Ä“IŠm‚É‰º‚µ‚½1Žü–Ú‚ÌƒsƒbƒgƒCƒ“‚ÆuŒã‰÷‚Í‚µ‚Ä‚¢‚È‚¢v‚ÆU‚è•Ô‚éƒXƒeƒCƒAƒEƒg,https://news.yahoo.co.jp/articles/30fed48d3ba194c62750ad8977e0cb50aeb3c9d5,8/28(ŒŽ) 8:41
rcg,ƒXƒyƒAƒp[ƒc•s‘«‚ÅuTd‚É‚È‚ç‚´‚é‚ð“¾‚È‚¢vBƒAƒ‹ƒs[ƒkA424‚ÌŠJ”­‚ÍŽžŠÔ‚Æ‚ÌŸ•‰‚É^WEC,https://news.yahoo.co.jp/articles/9efb1c61c8259aa03a75d52a80affaa303f9433e,8/28(ŒŽ) 8:02
rcg,Šp“cA‘Pí‚·‚é‚àí—ª‚ª‘tŒ÷‚¹‚¸Bƒyƒiƒ‹ƒeƒB‚à‚ ‚è15ˆÊu‘¬‚³‚ÆDƒpƒtƒH[ƒ}ƒ“ƒX‚ð”­Šö‚Å‚«‚½‚±‚Æ‚É‚Í–ž‘«v^F1‘æ14í,https://news.yahoo.co.jp/articles/443bd69139c7009696ed0717d67ad050aac3a2a7,8/28(ŒŽ) 7:43
rcg,‚Ð‚Æ‚è3ƒXƒgƒbƒvìí‚ð¬Œ÷‚³‚¹ƒfƒBƒNƒ\ƒ“‚ª2˜AŸy‡ˆÊŒ‹‰ÊzƒCƒ“ƒfƒBƒJ[‘æ15íWWTRŒˆŸƒŒ[ƒX,https://news.yahoo.co.jp/articles/bb9461c5d5b0de0bf934cca22c696526b2ea75ac,8/28(ŒŽ) 7:22
rcg,yƒ|ƒCƒ“ƒgƒ‰ƒ“ƒLƒ“ƒOzFIA F2‘æ12íƒUƒ“ƒgƒtƒH[ƒ‹ƒgI—¹Žž“_,https://news.yahoo.co.jp/articles/f9ebcc25aa625ac26666a137a308912e46669aa0,8/28(ŒŽ) 3:16
rcg,ƒ}ƒNƒ‰ƒtƒ‰ƒ“‚ªPPŠl“¾B‘ô–‚Í8”ÔŽè‚à~Šiƒyƒiƒ‹ƒeƒBy‡ˆÊŒ‹‰ÊzƒCƒ“ƒfƒBƒJ[‘æ15íWWRT—\‘I‘‡Œ‹‰Ê,https://news.yahoo.co.jp/articles/93cc0ef3088ac5036b36a44a893970f0dfa467c3,8/28(ŒŽ) 2:08
rcg,yƒ|ƒCƒ“ƒgƒ‰ƒ“ƒLƒ“ƒOz2023”NF1‘æ14íƒIƒ‰ƒ“ƒ_GPI—¹Žž“_,https://news.yahoo.co.jp/articles/578fe1503cb2934993167d8233078806a1720932,8/28(ŒŽ) 1:45
rcg,r“V‚Å‘å”g—‚àƒtƒFƒ‹ƒXƒ^ƒbƒyƒ“‚ª9˜AŸBƒKƒXƒŠ[‚ª¡‹G‰•\²‘äŠl“¾yŒˆŸƒŒƒ|[ƒg^F1‘æ14íƒIƒ‰ƒ“ƒ_GPz,https://news.yahoo.co.jp/articles/bcb84dd3b7be89382ceb59c3f858f86c6460bf38,8/28(ŒŽ) 0:40
rcg,y³Ž®Œ‹‰Êz2023”NF1‘æ14íƒIƒ‰ƒ“ƒ_GPŒˆŸ,https://news.yahoo.co.jp/articles/e3d96aa8ee19ec7cd54e0227fdb535dedc378a50,8/28(ŒŽ) 0:30
rcg,uƒ^ƒCƒ~ƒ“ƒO‚Í—Ç‚©‚Á‚½‚ªA‹ô‘R‚Å‚Í‚È‚¢vƒX[ƒp[GT‘æ5í—éŽ­‚ÌGT300‚ð§‚µ‚½UPGARAGE NSX GT3‚Ì‹t“]—DŸ‚ÌŸˆö‚ÍK‰^‚¾‚¯‚É‚ ‚ç‚¸,https://news.yahoo.co.jp/articles/ac0404bab678edbfa40de4e92a707a72735d0b4e,8/28(ŒŽ) 0:26
rcg,yƒ|ƒCƒ“ƒgƒ‰ƒ“ƒLƒ“ƒOz2023ƒX[ƒp[GT‘æ5í—éŽ­I—¹Žž“_,https://news.yahoo.co.jp/articles/5aeeb21752504e5c62963513c0624cea188faa34,8/27(“ú) 23:55
rcg,GT500‚ÅŒ‹‰Ê‚ðŽc‚·“ï‚µ‚³B8†ŽÔARTA‘å“’A24†ŽÔƒŠƒAƒ‰ƒCƒY•½ŽèAƒƒ“ƒ~ƒX•ƒyƒiƒ‹ƒeƒBƒXƒgƒbƒv60•b‚É‹ƒ‚­,https://news.yahoo.co.jp/articles/3ac0bfa3b9642b885a7817f185eeba476304891d,8/27(“ú) 23:24
rcg,¬—Ñ’ŽuuŽc‚µ‚Ä‚¢‚½ƒjƒ…[ƒ^ƒCƒ„‚ðŽg‚Á‚½v¬osuˆêŒ¾‚ÅŒ¾‚¤‚Æw‚µ‚ñ‚Ç‚©‚Á‚½xvy‘æ5íGT300ŒˆŸ‰ïŒ©z,https://news.yahoo.co.jp/articles/9e87e840ed58f44a17a6ed67499768acff7298cd,8/27(“ú) 23:12
rcg,•ŸZm—äu–l‚½‚¿‚É•—‚ª‚¢‚Ä‚¢‚½v‘å’ÃOŽ÷uŽÀ‚Í‹‹–û—Ê‚ª­‚È‚­‚È‚Á‚Ä‚¢‚½vy‘æ5íGT500ŒˆŸ‰ïŒ©z,https://news.yahoo.co.jp/articles/0b79824a6c2503b8b56bd33dab67ba2a34d647ff,8/27(“ú) 21:46
rcg,F1‘æ14íƒIƒ‰ƒ“ƒ_GPÅIƒOƒŠƒbƒhFƒ}ƒOƒkƒbƒZƒ“‚ªƒsƒbƒgƒŒ[ƒ“ƒXƒ^[ƒgAƒyƒiƒ‹ƒeƒB‚ÌŠp“c‚Í17”ÔŽè,https://news.yahoo.co.jp/articles/153f94e5a222c4877a72fc222ffe785eff3ac2be,8/27(“ú) 21:12
rcg,UPGARAGE NSX GT3‚ªFCY‚Ìƒ`ƒƒƒ“ƒX‚ð’Í‚Ý‘å‹t“]—DŸBƒ‹[ƒL[¬os‚ªƒxƒeƒ‰ƒ“¼‰YF—º‚Æ‚Ì‘ˆ‚¢‚ð§‚·y‘æ5íGT300ŒˆŸƒŒƒ|[ƒgz,https://news.yahoo.co.jp/articles/42c0a63feaa81693f521a2d5291bd147202e6346,8/27(“ú) 20:35
rcg,‘å’ÃOŽ÷GT500‰—DŸAƒzƒ“ƒ_¡‹G‰Ÿ—˜‚ð16†ŽÔARTA MUGEN NSX-GT‚ªü‚éB2ˆÊƒtƒBƒjƒbƒVƒ…‚ÌMOTUL AUTECH Z‚ÍŽ¸Šiy‘æ5íGT500ŒˆŸƒŒƒ|[ƒgz,https://news.yahoo.co.jp/articles/c2ee6b0f06890774ea48d4f5bd05352a466a749b,8/27(“ú) 20:25
rcg,ƒX[ƒp[GT‘æ5í—éŽ­‚Å2ˆÊƒtƒBƒjƒbƒVƒ…‚ÌMOTUL AUTECH Z‚ªŒˆŸŒãŽÔŒŸ‚Å•s‡ŠiBŒˆŸŒ‹‰Ê‚ÍŽ¸Ši‚É,https://news.yahoo.co.jp/articles/8e822d85ce1fd039607fea78df6260cea584e9c1,8/27(“ú) 20:08
rcg,ƒ‰ƒ“ƒLƒ“ƒOãˆÊ4–¼‚ªŒ¬•À‚Ý–³“¾“_B‘år‚ê‚Ìˆêí‚Åƒmƒoƒ‰ƒbƒN‚ª”ßŠè‚Ì‰—DŸü‚é^FIA F2‘æ12íƒŒ[ƒX2,https://news.yahoo.co.jp/articles/638e2252df028ca09a328dabdeeced1422f8f15d,8/27(“ú) 18:05
rcg,y³Ž®Œ‹‰Êz2023ƒX[ƒp[GT‘æ5í—éŽ­@ŒˆŸ,https://news.yahoo.co.jp/articles/674f5636e98d533d3f3c4cb35a1a359ee3ff1638,8/27(“ú) 17:31
rcg,2023”NF1‘æ14íƒIƒ‰ƒ“ƒ_GP—\‘Iƒgƒbƒv10ƒhƒ‰ƒCƒo[ƒRƒƒ“ƒgi2j,https://news.yahoo.co.jp/articles/4cf704ce8137342e2cccc1e501408d794e15581e,8/27(“ú) 17:31
rcg,2023”NF1‘æ14íƒIƒ‰ƒ“ƒ_GP—\‘Iƒgƒbƒv10ƒhƒ‰ƒCƒo[ƒRƒƒ“ƒgi1j,https://news.yahoo.co.jp/articles/386690bb6f8ca530449bb9436c406bba5fe3c5cf,8/27(“ú) 17:29
rcg,Q2”s‘Þ‚Ìƒnƒ~ƒ‹ƒgƒ“AƒZƒbƒgƒAƒbƒv•ÏX‚àˆêˆö‚©uƒ}ƒVƒ“‚Ö‚ÌŽ©M‚ðŽ¸‚Á‚½vƒ`[ƒ€‚Íg–WŠQh‚ªŒ´ˆö‚Æ‚ÌŒ©‰ð^F1‘æ14í,https://news.yahoo.co.jp/articles/9881cec483cef7e637d8087b7f7a871c475f78f9,8/27(“ú) 15:58
rcg,¡‹GÅŒã‚ÌƒI[ƒoƒ‹í‚Æ‚È‚éƒCƒ“ƒfƒBƒJ[‘æ15í‚Í‰J‚Å‘å•ƒfƒBƒŒƒCB‘ô–‚Íƒvƒ‰ƒNƒeƒBƒX3”ÔŽè,https://news.yahoo.co.jp/articles/5313ce628f4cd02ac21907042205b9feced5efbd,8/27(“ú) 14:39
rcg,ƒX[ƒp[GT‚É‚¨‚¯‚é‰ÎÐ‘Î‰ž‚ð¡Œã‹­‰»‚ÖBê—p‚ÌÁ‰ÎŽÔ—¼“±“ü‚à–ÚŽw‚µ‚½‚¢‚Æâ“Œ‘ã•\,https://news.yahoo.co.jp/articles/30fd14611f96118d5bbc69ac010f3f89d4008b5d,8/27(“ú) 14:09
rcg,ƒmƒŠƒXAƒ|[ƒ‹‚É“Í‚©‚¸—\‘I2”ÔŽèu‚â‚Á‚Ï‚èƒ}ƒbƒNƒX‚Íƒ~ƒX‚µ‚Ä‚­‚ê‚È‚¢‚ËIvƒ}ƒNƒ‰[ƒŒƒ“^F1‘æ14í,https://news.yahoo.co.jp/articles/c8001ab98eb3e7744609e8845c08579867a52a18,8/27(“ú) 13:47
rcg,yƒ^ƒCƒ€Œ‹‰Êz2023ƒX[ƒp[GT‘æ5í—éŽ­@ƒEƒH[ƒ€ƒAƒbƒv‘–s,https://news.yahoo.co.jp/articles/b606a214dcb2cddf2c5e65f119856b6f79d6893c,8/27(“ú) 13:42
rcg,Šâ²•à–²u‚Ù‚Æ‚ñ‚Ç‘O‚ªŒ©‚¦‚¸ƒƒCƒ“ƒXƒgƒŒ[ƒg‚Å‚àŠë‚¤‚³‚ðŠ´‚¶‚Ü‚µ‚½v^FIA F2‘æ12íƒŒ[ƒX1,https://news.yahoo.co.jp/articles/d4684e58d647e679ec96c5722eed0d39882295d9,8/27(“ú) 13:26
rcg,“‹‚Ì‚È‚©‚Å‚ÌƒX[ƒp[GTŠJÃ‚Íul‚¦‚È‚¯‚ê‚Î‚È‚ç‚È‚¢v‚ÆGTAâ“Œ³–¾‘ã•\B—[‚ÌŽžŠÔƒŒ[ƒX‚ÌƒAƒCƒfƒA‚à,https://news.yahoo.co.jp/articles/9a2dfd4c2680465419c068de9d65698697747d8e,8/27(“ú) 13:25
rcg,y‡ˆÊŒ‹‰Êz2023FIA-F4‘IŽèŒ  ‘æ8í—éŽ­ ŒˆŸ,https://news.yahoo.co.jp/articles/e6c6e41f2981c98a6e2748f69fc046f85074041e,8/27(“ú) 12:51
rcg,yF1ƒIƒ‰ƒ“ƒ_GP—\‘I‚Ì—v“_zƒAƒ‹ƒ{ƒ“‚ª4”ÔƒOƒŠƒbƒhŠl“¾BŠ_ŠÔŒ©‚¦‚½ƒEƒCƒŠƒAƒ€ƒY•œŠˆ‚Ì—\’›‚ÆM—ŠŠÖŒW,https://news.yahoo.co.jp/articles/8feb5dc9432ed518c74bd1e41303d9fdbf8252ce,8/27(“ú) 12:41
rcg,ƒ|[ƒ‹‚ÌƒtƒFƒ‹ƒXƒ^ƒbƒyƒ“uƒ^ƒCƒ„‘I‘ð‚ÅŠÔˆá‚¢‚ð”Æ‚µ‚½‚ª‚»‚ê‚àŒoŒ±BÅI“I‚É‚·‚×‚Ä‚¤‚Ü‚­‚¢‚Á‚½vƒŒƒbƒhƒuƒ‹^F1‘æ14í,https://news.yahoo.co.jp/articles/d1afff735eb801d4b52257061f3601a24c315bf3,8/27(“ú) 11:44
rcg,ANEST IWATA RC F‚ªi‰»‚ðŽÀŠ´‚·‚é—\‘I5”ÔŽèBÅãˆÊƒXƒ^[ƒg‚Éuƒ`ƒƒƒ“ƒX‚Í‚ ‚év,https://news.yahoo.co.jp/articles/b690d5eebdc26a116ea60cc059031d68cecfdeb9,8/27(“ú) 11:35
rcg,ƒŒƒbƒhƒuƒ‹•HRC–§’…F•Ï‰»‚·‚é˜H–Ê‚ÅæŽè‚ð‘Å‚Á‚½ƒtƒFƒ‹ƒXƒ^ƒbƒyƒ“‚Ìâ‘Î“I‚È‘¬‚³‚Ö‚ÌŽ©Šo,https://news.yahoo.co.jp/articles/1a18d10185f5d452bc9e6bb92ce634142d3fbedb,8/27(“ú) 9:46
rcg,F1‰“ú‚Ìƒ[ƒ\ƒ“u‰‚ÌƒCƒ“ƒ^[ƒ~ƒfƒBƒGƒCƒg‚É‹Á‚«BŽŸ‚Íƒhƒ‰ƒC‚ÅŠwK‚ðÏ‚Ý‚½‚¢vƒ`[ƒ€‚©‚ç‚Í‡Ši“_^F1‘æ14í—\‘I,https://news.yahoo.co.jp/articles/a0c7ba52f0dcd4b3a834924ff54ed63f40dd1519,8/27(“ú) 9:37
rcg,yŠp“c—T‹BF1‘æ14í•ªÍzŠp“c‚É‰º‚³‚ê‚½ƒAƒ^ƒbƒN–WŠQ‚ÌŒµ‚µ‚¢R‹cB–WŠQ‚ÍƒŒ[ƒXƒGƒ“ƒWƒjƒA‚Ìƒ~ƒX‚©,https://news.yahoo.co.jp/articles/26837e3d5d8602160675507b669febac2ecf0ed8,8/27(“ú) 9:11
rcg,Šp“c‚Í—\‘I14”ÔŽèuƒ}ƒVƒ“‚ÉQ3‚Ì‘¬‚³‚ª‚ ‚Á‚½‚Ì‚ÉAŽ©•ª‚Ì—Í‚ðo‚µØ‚ê‚¸‰÷‚µ‚¢vƒyƒiƒ‹ƒeƒB‚Å17”ÔƒOƒŠƒbƒh‚É^F1‘æ14í,https://news.yahoo.co.jp/articles/e22279a7bedbb09844b30b934c220e8140ff48f6,8/27(“ú) 8:05
rcg,²“¡–œ—ž‰¹‚ª‰—DŸA–Ø‘º•Žj‚ªGTEƒNƒ‰ƒX‚ð§‚·BƒAƒ‰ƒSƒ“‚Í“ú–{lŠ½Šì‚ÌT––‚É^ELMSƒˆ[ƒƒsƒAƒ“Eƒ‹Eƒ}ƒ“EƒVƒŠ[ƒY‘æ3í,https://news.yahoo.co.jp/articles/b8d8dace21006734e1995952d86831662df82dca,8/27(“ú) 7:55
rcg,F1‘æ14íƒIƒ‰ƒ“ƒ_GPŽb’èƒOƒŠƒbƒhFŠp“c—T‹B‚ªƒnƒ~ƒ‹ƒgƒ“‚Ö‚Ì–WŠQ‚Å~Ši‚ÉBƒXƒgƒ[ƒ‹‚ÆƒTƒCƒ“ƒc‚Íƒyƒiƒ‹ƒeƒB‚ð–Æ‚ê‚é,https://news.yahoo.co.jp/articles/9965e5d2ade914cbd746b1705f8089b4329174b8,8/27(“ú) 6:46
rcg,yƒ|ƒCƒ“ƒgƒ‰ƒ“ƒLƒ“ƒOzFIA F2‘æ12íƒUƒ“ƒgƒtƒH[ƒ‹ƒgI—¹Žž“_,https://news.yahoo.co.jp/articles/1e26e517958096ab788c97eae2bd7f123e271461,8/27(“ú) 3:16
rcg,œÜ‚ÌƒŠƒJƒ‹ƒhA“ú—j‚É‚àŽèp‚ÖB•œ‹A–Ú•W‚Í9ŒŽ‚ÌF1ƒVƒ“ƒKƒ|[ƒ‹GP‚©,https://news.yahoo.co.jp/articles/77c67fb49b3534057c3c100202d1bce81e71e728,8/27(“ú) 0:15
rcg,ƒtƒFƒ‹ƒXƒ^ƒbƒyƒ“‚ª¡‹G9“x–Ú‚ÌPPBƒmƒŠƒX‚ª2”ÔŽèAƒAƒ‹ƒ{ƒ“‚ª4”ÔŽèy—\‘IƒŒƒ|[ƒg^F1‘æ14íƒIƒ‰ƒ“ƒ_GPz,https://news.yahoo.co.jp/articles/df149a7d65e352065851f5e25d94d4a89a9e1961,8/26(“y) 23:43
rcg,y³Ž®Œ‹‰Êz2023”NF1‘æ14íƒIƒ‰ƒ“ƒ_GP—\‘I,https://news.yahoo.co.jp/articles/7fac8de34e58300a4cc634941a979d7dfc1a51b8,8/26(“y) 23:29
rcg,—\‘I3”ÔŽè‚ÍŠð‚µ‚¢ŒëŽZBƒOƒbƒhƒXƒ}ƒCƒ‹ ‰‰¹ƒ~ƒN AMGAŒˆŸ‚ÉŽ©M‚Í!?u‚Ü‚Á‚½‚­•ª‚©‚ç‚È‚¢v,https://news.yahoo.co.jp/articles/363f34db8d79fe3478a91a5efb944af72faa2aa4,8/26(“y) 22:45
rcg,—DŸŒó•â‚ðP‚Á‚½–‚‚ÌƒfƒOƒi[B8†ŽÔARTA‘å“’“sŽjŽ÷‚Æ24†ŽÔƒŠƒAƒ‰ƒCƒY²X–Ø‘åŽ÷A—\‘IQ1‚Ì1-2‚©‚çQ2‚Å’É¦‚Ìƒ~ƒX,https://news.yahoo.co.jp/articles/b22b180880be7215e48f361fcebe7cf3227f1ec0,8/26(“y) 22:24
rcg,ˆäŒû‘ìlu‘¬‚·‚¬‚Ä‹t‚É‹Ù’£‚µ‚Ä‚µ‚Ü‚Á‚½vŽR“à‰p‹PuƒXƒv[ƒ“Žè‘O‚Åƒ|[ƒ‹‚ðŠmM‚µ‚½vy‘æ5íGT300—\‘I‰ïŒ©z,https://news.yahoo.co.jp/articles/e703f0b027c01b063e862632a4a057361198c78b,8/26(“y) 22:11
rcg,23†ŽÔMOTUL ZASW50kg‚Å‹ÁˆÙ‚Ì—\‘I2”ÔŽèBˆö‰‚Ì—éŽ­‚Å¼“cŽŸ¶u•sˆÀ‚µ‚©‚È‚©‚Á‚½‚¯‚ÇAŽ©•ª‚ðM‚¶‚Äv,https://news.yahoo.co.jp/articles/54fc2706f71482fd6cc98f8a20af7fe9f0354fb9,8/26(“y) 21:23
rcg,y’Ç‹L—L‚èzr“V‚ÆŽ‹ŠE•s—Ç‚É‚æ‚è4Žü‚ÅÔŠøI—¹B‘SŽÔƒm[ƒ|ƒCƒ“ƒg‚É^FIA F2‘æ12íƒŒ[ƒX1,https://news.yahoo.co.jp/articles/50f8720b6f058e03523cabd7709ba3405950aeba,8/26(“y) 21:14
rcg,‘å’ÃOŽ÷uƒ|[ƒ‹‚ðŠl‚é‚ÆM‚¶‚Ä‚¢‚½v•ŸZm—äu‚±‚ê‚Ü‚Å‰÷‚µ‚¢‹CŽ‚¿‚Å‚¢‚Á‚Ï‚¢vy‘æ5íGT500—\‘I‰ïŒ©z,https://news.yahoo.co.jp/articles/68ce170a358dc1e52767246a034c91de68126e9f,8/26(“y) 21:02
rcg,ƒtƒFƒ‹ƒXƒ^ƒbƒyƒ“Å‘¬Bƒ[ƒ\ƒ“‚Í18”ÔŽèyƒ^ƒCƒ€Œ‹‰Êz2023”NF1‘æ14íƒIƒ‰ƒ“ƒ_GPƒtƒŠ[‘–s3‰ñ–Ú,https://news.yahoo.co.jp/articles/89423585a774c3caab80cacd26097200f32c3a91,8/26(“y) 19:35
rcg,ƒXƒoƒ‹BRZŽR“à‰p‹P‚ªGT300Å‘½14‰ñ–Ú‚Ìƒ|[ƒ‹Bƒ_ƒ“ƒƒbƒv‚ªƒtƒƒ“ƒgƒƒE“Æèy‘æ5íGT300—\‘IƒŒƒ|[ƒgz,https://news.yahoo.co.jp/articles/1d3a01348556307bbc4dca1f943cff08fbe27c02,8/26(“y) 19:16
rcg,JSB1000‚ÍH‹gk—CAST1000‚Í‚‹´IAJ-GP3‚Í”ö–ìOŽ÷‚ªƒgƒbƒv^‘S“ú–{ƒ[ƒh ƒI[ƒgƒ|ƒŠƒXŒöŠJƒeƒXƒg3“ú–Ú,https://news.yahoo.co.jp/articles/426ecff764e6415f75b0377f49ae8ad1ac5f29f5,8/26(“y) 18:49
rcg,16†ŽÔARTA•ŸZm—ä‚ª˜H–Ê‰·“x50“x‚Ìˆê”­Ÿ•‰‚Å2”N‚Ô‚èƒ|[ƒ‹ƒ|ƒWƒVƒ‡ƒ“B“¯ƒ^ƒCƒ€‚ª2“x•À‚Ô’¿Œ»Û‚ày‘æ5íGT500—\‘IƒŒƒ|[ƒgz,https://news.yahoo.co.jp/articles/1630127a37ae34878b828c10dd305f912474429c,8/26(“y) 18:40
rcg,y‡ˆÊŒ‹‰Êz2023FIA-F4‘IŽèŒ  ‘æ7í—éŽ­ ŒˆŸ,https://news.yahoo.co.jp/articles/c740425743fc922cee5fbfa2b0e51912964d3646,8/26(“y) 17:00
rcg,y‡ˆÊŒ‹‰Êz2023ƒX[ƒp[GT‘æ5í—éŽ­ ŒöŽ®—\‘IQ2,https://news.yahoo.co.jp/articles/d3d1a6bed1848eda6cc43c9c68e7a228c37ec23c,8/26(“y) 16:47
rcg,ƒTƒCƒ“ƒcu‚ƒ_ƒEƒ“ƒtƒH[ƒXƒgƒ‰ƒbƒN‚Å‹ê‚µ‚ÞŒXŒüB—\‘IQ3‚Éi‚ß‚È‚¢‚¨‚»‚ê‚à‚ ‚évƒtƒFƒ‰[ƒŠ^F1‘æ14í‹à—j,https://news.yahoo.co.jp/articles/ed01ac4e17ba282edbb3b97fa2152955cd61edbb,8/26(“y) 16:14
rcg,y‡ˆÊŒ‹‰Êz2023ƒX[ƒp[GT‘æ5í—éŽ­ ŒöŽ®—\‘IQ1,https://news.yahoo.co.jp/articles/0acd1029bee00271d7fb16957e0da2a96c9aaa52,8/26(“y) 16:09
rcg,ƒƒ‹ƒZƒfƒXAƒAƒbƒvƒf[ƒg‚Éƒ|ƒWƒeƒBƒu‚ÈŠ´‘z‚àuƒ\ƒtƒgƒ^ƒCƒ„‚Å‚Ìƒ‰ƒ“‚É‰Û‘è‚ª‚ ‚év^F1‘æ14í‹à—j,https://news.yahoo.co.jp/articles/d89cce4d44f7954851f4d86a880ddda65949e69b,8/26(“y) 14:01
rcg,ƒ~ƒVƒ…ƒ‰ƒ“Eƒ‹Eƒ}ƒ“EƒJƒbƒv‘æ4íƒAƒ‰ƒSƒ“‚Å¬ò—mŽj^ƒPƒCEƒRƒbƒcƒHƒŠ[ƒm‘g‚ªƒV[ƒYƒ“‰—DŸ,https://news.yahoo.co.jp/articles/7b11bd4540ea5d09a52fefd07aaf9c05ce823cb0,8/26(“y) 12:24
rcg,16†ŽÔARTA MUGEN NSX-GT‚ªƒX[ƒp[GT‘æ5í—éŽ­‚ÌŒöŽ®—ûKŽñˆÊ”­iBGT300‚ÍSUBARU BRZ R&D SPORT‚ª0.884•b·‚Ìƒgƒbƒv,https://news.yahoo.co.jp/articles/a4b1100ecb58011e4339922336f49283266f73a3,8/26(“y) 11:37
rcg,yƒ^ƒCƒ€Œ‹‰ÊzƒX[ƒp[GT‘æ5í—éŽ­^16†ŽÔARTA MUGEN NSX-GT‚ÆSUBARU BRZ R&D SPORT‚ªŒöŽ®—ûKÅ‘¬ƒ^ƒCƒ€‚ð‹L˜^,https://news.yahoo.co.jp/articles/d16dfccd7e9140530c03f1478e0d17fffb36fffb,8/26(“y) 11:14
rcg,‰“úÅ‘¬‚ÌƒmƒŠƒXuƒ|[ƒ‹‘ˆ‚¢‚ª‚Å‚«‚éŽ©M‚Í100ƒp[ƒZƒ“ƒg‚ ‚é‚ªAƒ‰ƒCƒoƒ‹‚Í‘½‚»‚¤vƒ}ƒNƒ‰[ƒŒƒ“^F1‘æ14í,https://news.yahoo.co.jp/articles/1a0ddca1cec9bd7080915002091f6857a8699aba,8/26(“y) 10:35
rcg,Šp“c—T‹BA‰“ú5”ÔŽèu‚±‚ê‚Ù‚Ç‚Ì‘¬‚³‚ª‚ ‚é‚Æ‚Í—\‘zŠOB—\‘I‚ÉŒü‚¯DŠ´Gv‰ö‰ä‚ÌƒŠƒJƒ‹ƒh‚Ö‚ÌƒG[ƒ‹‚à^F1‘æ14í,https://news.yahoo.co.jp/articles/32b00541ff476e56dd10a1b69a4664f3489c2a94,8/26(“y) 9:19
rcg,2023”NF1“ú–{GP‚Íq‹óŽ©‰q‘à’†•”q‹ó‰¹Šy‘à‰‰‘t‚Ì‚à‚ÆAX“c‘‹M3“™‹ó‘‚‚ª‘‰Ì“Æ¥Bƒuƒ‹[ƒCƒ“ƒpƒ‹ƒX“WŽ¦”òs‚à,https://news.yahoo.co.jp/articles/63ad7e0a19d379e88d14eb0f43b8a0cae9f940a8,8/26(“y) 8:55
rcg,ƒŒƒbƒhƒuƒ‹•HRC–§’…Fð”N‚Ì‚æ‚¤‚Èƒgƒ‰ƒuƒ‹‚Í‚È‚­ƒtƒFƒ‹ƒXƒ^ƒbƒyƒ“‚ª‰“ú2”ÔŽè”­iB’nŒ³‚Ìº‰‡‚ð—Í‚É˜AŸ‚È‚é‚©,https://news.yahoo.co.jp/articles/37230abedf27b234e21baadd5ed9dcb5aa10cd0d,8/26(“y) 7:40
rcg,ƒŠƒJƒ‹ƒhA•s‰^‚ÈƒNƒ‰ƒbƒVƒ…‚É‚æ‚éœÜ‚ÅŒ‡êuƒsƒAƒXƒgƒŠ‚ð”ð‚¯‚é‚½‚ß•Ç‚É‚Ô‚Â‚©‚é‚µ‚©‚È‚©‚Á‚½vF1‘æ14í,https://news.yahoo.co.jp/articles/a0c05078423f3ca3ffe44d1d7d4094e3d5682666,8/26(“y) 7:35
rcg,2024”NWEC“oê—\’è‚ÌVŒ^LMDhwƒAƒ‹ƒs[ƒkA424x‚ªƒVƒFƒCƒNƒ_ƒEƒ“BƒeƒXƒgŠJŽn‚ÅŽÀŽÔ‚ÌŽp‚ª‚¢‚æ‚¢‚æ˜I‚í‚É,https://news.yahoo.co.jp/articles/eb25a69e3d067c2b8f9b1d2499e99704b1b97c22,8/26(“y) 6:59
rcg,yŠp“c—T‹BF1‘æ14í•ªÍzƒŠƒJƒ‹ƒh‚ªƒNƒ‰ƒbƒVƒ…‚Å•‰‚µƒ[ƒ\ƒ“‚ª‘ã–ð‚ÉBŠp“c‚É‹‚ß‚ç‚ê‚é‚³‚ç‚È‚é¬’·,https://news.yahoo.co.jp/articles/7f3ccfb26bf7d3a8a584edddffc795ea359a3f34,8/26(“y) 6:16
rcg,ƒtƒFƒ‹ƒXƒ^ƒbƒyƒ“A‰“ú‚Í0.023•b·‚Ì2”ÔŽèuƒR[ƒi[‚Å‚Ìƒoƒ‰ƒ“ƒX‚ªŠ®àø‚Å‚Í‚È‚¢‚ªAƒ|[ƒ‹‚ÌŽ©M‚Í‚ ‚év^F1‘æ14í,https://news.yahoo.co.jp/articles/d3ddbce981045f49077a864ba0faa59a37af684a,8/26(“y) 6:12
rcg,ƒŠƒAƒ€Eƒ[ƒ\ƒ“‚ÌF1ƒfƒrƒ…[‚ª³Ž®”­•\B¶ŽèœÜ‚Ìƒ_ƒjƒGƒ‹EƒŠƒJƒ‹ƒh‚É‘ã‚í‚èƒIƒ‰ƒ“ƒ_GP‚ÉŽQí,https://news.yahoo.co.jp/articles/82e75cd22a26e20bde8e8b2cc5c345cc332e669e,8/26(“y) 2:27
rcg,F1ƒIƒ‰ƒ“ƒ_GP FP2FƒmƒŠƒX‚ªÅ‘¬BŠp“c—T‹B‚Í0.3•b·‚Ì5”ÔŽèAƒŠƒJƒ‹ƒh‚ÍƒNƒ‰ƒbƒVƒ…‚Å¶Žè‚ðœÜ,https://news.yahoo.co.jp/articles/bc302e3b815e8112460ead841d905e034ebe9ac2,8/26(“y) 0:13
rcg,yƒ^ƒCƒ€Œ‹‰Êz2023”NF1‘æ14íƒIƒ‰ƒ“ƒ_GPƒtƒŠ[‘–s2‰ñ–Ú,https://news.yahoo.co.jp/articles/a749eeb9407a234508dc4651728779bc8802bed0,8/26(“y) 0:00
rcg,D’²‚Ì‰ª–{—T¶‚ª1•ª47•b‘äB’†{‰êŽs‚àŒÕŽ‹á¼X^‘S“ú–{ƒ[ƒh ƒI[ƒgƒ|ƒŠƒXŒöŠJƒeƒXƒg2“ú–Ú,https://news.yahoo.co.jp/articles/b4af7da3dffd0417a30644b8e95d9e8e710c661c,8/25(‹à) 22:41
rcg,ƒŒƒbƒhƒuƒ‹ˆç¬ƒNƒƒtƒH[ƒh‚ª‰PPŠl“¾BŠâ²•à–²‚Í3“x‚ÌÔŠø‚É–|˜M‚³‚ê‚éyFIA F2‘æ12íƒUƒ“ƒgƒtƒH[ƒ‹ƒg—\‘Iz,https://news.yahoo.co.jp/articles/6231263419da5c8fb518b046ab8c7305e7ad50fd,8/25(‹à) 21:56
rcg,F1ƒIƒ‰ƒ“ƒ_GP FP1FƒtƒFƒ‹ƒXƒ^ƒbƒyƒ“Å‘¬‚àA0.2•b·‚Ì2”ÔŽè‚É•œ’²‚ÌƒAƒƒ“ƒ\‚ª‘±‚­BŠp“c—T‹B‚Í9”ÔŽè,https://news.yahoo.co.jp/articles/0e30415d139ba163d22c5c5ba6d5be63e7718dbf,8/25(‹à) 20:55
rcg,yƒ^ƒCƒ€Œ‹‰Êz2023”NF1‘æ14íƒIƒ‰ƒ“ƒ_GPƒtƒŠ[‘–s1‰ñ–Ú,https://news.yahoo.co.jp/articles/f8c61aa1bd2481468e89019896c83f69d8010a17,8/25(‹à) 20:32
rcg,ƒX[ƒp[‘Ï‹v‘æ5í‚à‚Ä‚¬‚ÌƒGƒ“ƒgƒŠ[ƒŠƒXƒg”­•\BÅ‘½7‘ä‚ªƒGƒ“ƒgƒŠ[‚·‚éST-Q‚Í’–Ú‘½”,https://news.yahoo.co.jp/articles/0e15850f8b88fa3371756fef8cac6e3759eae4dc,8/25(‹à) 20:13
rcg,ƒX[ƒp[GTAƒX[ƒp[ƒtƒH[ƒ~ƒ…ƒ‰‚Å‘¶ÝŠ´‚‚Ü‚éƒ‹[ƒL[‘¾“cŠi”ViBGT‘æ5í—éŽ­‚àu‚·‚²‚­—¬‚ê‚ª‚«‚Ä‚¢‚évãˆÊ‘_‚¤,https://news.yahoo.co.jp/articles/6c32b73f2cafdbd91605bb46689a899ff5905a46,8/25(‹à) 20:10
rcg,‘å–{–½24†ŽÔƒŠƒAƒ‰ƒCƒYƒR[ƒ|ƒŒ[ƒVƒ‡ƒ“ ADVAN Z•½ŽèW•½A‰ü—Ç”Åƒ^ƒCƒ„“Š“ü‚ÅƒŠƒxƒ“ƒW‘_‚¤uS‚à‘Ì‚à€”õ‚ª‚Å‚«‚Ä‚¢‚Ü‚·v,https://news.yahoo.co.jp/articles/522ce0f26ccd6de15c7666bc83e6cf413416cfd5,8/25(‹à) 20:07
rcg,ƒxƒ“ƒgƒŒ[‚Ì–¼ƒŒ[ƒVƒ“ƒOƒJ[wƒuƒƒ[x‚ª85“ƒTƒCƒY‚Å•œ“oêBŒö“¹‚à‘–‚ê‚éƒVƒeƒBEVwƒuƒƒ[ƒWƒ…ƒjƒAx,https://news.yahoo.co.jp/articles/c0f3b563ccda76a3488d290594673e0142a59989,8/25(‹à) 18:38
rcg,—éŽ­450kmŒˆíÄ‚ÑBƒX[ƒp[GT‘æ5í‚ÌGT500ƒEƒCƒi[•PP‚ð•ÒW’S“–ƒXƒ^ƒbƒt‚ªƒKƒ`—\‘z,https://news.yahoo.co.jp/articles/d2af8e6fe775e31f9038cfdde3d728bde70da469,8/25(‹à) 18:03
rcg,ƒtƒŠ[‘–sÅ‘¬‚ÍƒtƒFƒ‰[ƒŠˆç¬ƒxƒAƒ}ƒ“BŠâ²•à–²‚Í4”ÔŽèyFIA F2‘æ12íƒUƒ“ƒgƒtƒH[ƒ‹ƒgz,https://news.yahoo.co.jp/articles/010d1f6c9c600f9ffe51e88249c1bd8a3e980782,8/25(‹à) 17:54
rcg,–q–ì”C—Su‚»‚ÌuŠÔ‚Ì‚±‚Æ‚Í‹L‰¯‚ª”ò‚ñ‚Å‚¢‚évƒGƒ“ƒWƒ“‚àŠ„‚ê‚é‘å‚«‚ÈƒNƒ‰ƒbƒVƒ…‚ÅŽ†ˆêd‚ÌK‰^,https://news.yahoo.co.jp/articles/e55c404bba25edeafd71366a4184393f47f8d08a,8/25(‹à) 17:33
rcg,DŒËŠw‚ÌƒNƒ‹ƒ}D‚«ƒCƒxƒ“ƒg‚ªƒCƒIƒ“ƒ‚[ƒ‹–ØX’Ã‚Å‚Ó‚½‚½‚ÑŠJÃB‘æ2‰ñ‚Í•½ŽèW•½‚ÆƒRƒ‰ƒ{ƒŒ[ƒVƒ‡ƒ“,https://news.yahoo.co.jp/articles/04233eeda9d7533994b9aa27549fffd6fd26ae76,8/25(‹à) 16:28
rcg,F1‘æ14í–Ø—j‰ïŒ©FˆêŠÑ«‚Ì‚È‚¢ƒ}ƒVƒ“‚ÉŽè‚ðÄ‚­ƒtƒFƒ‰[ƒŠ‚ÌƒTƒCƒ“ƒcu—‰ð•s‘«‚±‚»‚ªÅ‚àŽ•ž‚·‚×‚«‰Û‘èv,https://news.yahoo.co.jp/articles/1821d44fbb9bd6d42db872e4a2ec8ed3b168f066,8/25(‹à) 15:55
rcg,–q–ì”C—S‚ÌƒX[ƒp[GT‘æ5í—éŽ­‚Å‚Ì‘–s‚ÍuˆãŽt‚Ìf’fŒ‹‰Ê‚ð“¥‚Ü‚¦vŒˆŸ“ú‚Ì‚ÝBTEAM KUNIMITSU‚ª”­•\,https://news.yahoo.co.jp/articles/deefedfad5eed46058601a908c3607d40c520f3f,8/25(‹à) 15:10
rcg,‰f‰æwƒOƒ‰ƒ“ƒc[ƒŠƒXƒ‚xŒöŠJ‚ðj‚µƒv[ƒ}‚ª9ŒŽ3“úi“új‚ÉƒAƒNƒAƒVƒeƒB‚¨‘äê‚ÅƒCƒxƒ“ƒgŠJÃB‘å“’“sŽjŽ÷•DŒËäÊ‚ªo‰‰,https://news.yahoo.co.jp/articles/09aaf062053ead901fbbf1086e0a2f4fda52a156,8/25(‹à) 14:20
rcg,“ÆŽ©‹K’è‚Ì“d“®ƒc[ƒŠƒ“ƒOƒJ[‘IŽèŒ ‚ð–ÚŽw‚·STCCA¶ŽY’x‰„‚ðŒo‚Ä2024”N‚Ü‚Å“±“ü‰„Šú‚Ö,https://news.yahoo.co.jp/articles/2527e7c0640327ab40b9d9bd4e0f5d8a76fec794,8/25(‹à) 14:18
rcg,ƒ{ƒ‹ƒ{ŽjãÅ¬‚Ì“d“®SUVwEX30x”­•\B10ŒŽ‚æ‚èƒTƒuƒXƒNƒŠƒvƒVƒ‡ƒ“A11ŒŽ‚æ‚è’Êí”Ì”„ŠJŽn,https://news.yahoo.co.jp/articles/7f42299b0fb9f6a0b16f6b8005fd39f3dbc82f5f,8/25(‹à) 13:58
rcg,2024”NŒ^ƒ}ƒVƒ“‚ÌŠJ”­‚ÉƒVƒtƒg‚µ‚Â‚Â‚ ‚éƒƒ‹ƒZƒfƒXF1uƒ‰ƒ“ƒLƒ“ƒO2ˆÊ‚ðŽç‚èØ‚é‚±‚Æ‚Í—ˆ‹G‚ÉŒü‚¯‚Äd—v‚È‚±‚Æv,https://news.yahoo.co.jp/articles/b6089dfa6ff34efbe5672c7b31f6ca0937fe8f58,8/25(‹à) 12:58
rcg,ŽjãÅ‹­‚ÌƒVƒ{ƒŒ[EƒRƒ‹ƒxƒbƒggZ06h‚Ì—\–ñŽó’‚ªƒXƒ^[ƒgBæsE”N“à”[ŽÔ‚Ì4‘ä‚Í’Š‘I”Ì”„‚É,https://news.yahoo.co.jp/articles/b07f2ff8be7e636c5a2fa668652972c3d9f42d8e,8/25(‹à) 12:57
rcg,uŽ¸‚¤‚à‚Ì‚Í‰½‚à‚È‚¢vƒIƒŠƒo[Eƒ\ƒ‹ƒxƒ‹ƒOAŽñˆÊŠ×—Ž‚à¬í–Í—l‚ÌWRC2§”e‚ð–ÚŽw‚·,https://news.yahoo.co.jp/articles/da4a95fe1f17d58047fa9d288ea90a658ea9a823,8/25(‹à) 11:17
rcg,u2025”N‚Ìƒhƒ‰ƒCƒo[Œó•â‚Í‘å¨‚¢‚év‚ÆƒŒƒbƒhƒuƒ‹F1‘ã•\BƒyƒŒƒXAƒAƒ‹ƒtƒ@ƒ^ƒEƒŠˆÈŠO‚Ìƒhƒ‰ƒCƒo[‚àŒŸ“¢,https://news.yahoo.co.jp/articles/524ef68f4b70feb92ef8fd1fa4da0706db2d3440,8/25(‹à) 8:55
rcg,‹Á‘¬ƒXƒeƒbƒvƒAƒbƒv‚©‚çƒXƒp‚ÅˆÌ‹Æ’B¬B‘fŠç‚Íu–³Œû‚ÅA•’Ê‚Ì¶Šˆ‚ªD‚«vyWEC•xŽm‚Ì’–ÚŠ”i2jƒŠƒ‹EƒƒhƒDz,https://news.yahoo.co.jp/articles/13db7f656deda51cee9a76f1bbdd3859278d73ec,8/25(‹à) 7:08
rcg,Šp“c—T‹BAƒŠƒtƒŒƒbƒVƒ…‚µAŒã”¼í‚ÉŒü‚¯‚Ä€”õ‚Í–œ‘Suƒxƒ‹ƒM[‚ÌD’²‚³‚ðˆÛŽ‚µ‚ÄA—Ç‚¢ƒŒ[ƒX‚ð‚µ‚½‚¢v^F1‘æ14í,https://news.yahoo.co.jp/articles/f4b2a4ee6ea9042a81a7bc0e0ef44fa2ad5490da,8/25(‹à) 6:53
rcg,ƒVƒ‡ƒEƒGƒCAX-Fifteen‚ÌƒOƒ‰ƒtƒBƒbƒNƒ‚ƒfƒ‹wCROSS LOGOx‚ð2023”N11ŒŽ‚É”­”„,https://news.yahoo.co.jp/articles/97aa4d31699cacbf5709f66aa77e311c4607939f,8/25(‹à) 6:10
rcg,ƒ„ƒ}ƒn‰ª–{—T¶‚ªA‚½‚¾‚Ð‚Æ‚è1•ª48•b‘ä‚É“ü‚ê‚Äƒgƒbƒv^‘S“ú–{ƒ[ƒh ƒI[ƒgƒ|ƒŠƒXŒöŠJƒeƒXƒg1“ú–Ú,https://news.yahoo.co.jp/articles/997dcae500937ac809336024d128bb4b83d5868e,8/24(–Ø) 22:31
rcg,y—§ì—S˜H„Ÿ„ŸƒX[ƒp[GTÅ‘¬’j‚Æ‚Ì‹L‰¯zi2j“y‰®•Žmu—§ì‚ÍŽ©•ª‚ðŠÑ‚«A‚Ü‚í‚è‚ª‚»‚ê‚ð”F‚ß‚½v,https://news.yahoo.co.jp/articles/752a2c68a7107a9caad785b75a3b000df3bbf36f,8/24(–Ø) 21:47
rcg,Max Racing‚ÌƒX[ƒp[GT“P‘Þ‚É²“¡ŒöÆ‚ÆŽO‘î~ŽŒ‚ªƒ`[ƒ€SNS‚©‚çƒƒbƒZ[ƒW‚ðŠñ‚¹‚é,https://news.yahoo.co.jp/articles/2277a5b04132f5f30a676e8646b6d44c0099e5e9,8/24(–Ø) 20:51
rcg,‘åŒ^‰»‚·‚é‹ó—Íƒp[ƒcBí“¬—Í‚Ì‚‚¢ƒhƒDƒJƒeƒB‚©‚çƒzƒ“ƒ_‚ÉˆÚÐ‚·‚éƒUƒ‹ƒR^MotoGP‚ÌŒäˆÓŒ©”Ô‚É•·‚­ƒI[ƒXƒgƒŠƒAGP,https://news.yahoo.co.jp/articles/b0cda3a8aa1942e1bbe64c3cb05c2e257ecc4d07,8/24(–Ø) 19:10
rcg,Œ|”\ŠE‚«‚Á‚Ä‚ÌgF1ƒKƒ`¨h“°–{Œõˆê‚ªŒê‚è‚Â‚­‚·ƒ‚[ƒ^[ƒXƒ|[ƒcƒg[ƒN”Ô‘g‚ª9ŒŽ8“ú•ú‘—‚ÖB¬—Ñ‰Â–²ˆÌ‚ào‰‰,https://news.yahoo.co.jp/articles/b94eb0417d55ba736352f8fa07b0e03cd48a1aee,8/24(–Ø) 19:02
rcg,ƒn[ƒXF1Aƒqƒ…ƒ‹ƒPƒ“ƒxƒ‹ƒO‚Æƒ}ƒOƒkƒbƒZƒ“‚Ì2024”NŽc—¯‚ð”­•\uŒ˜ŽÀ‚Èƒxƒeƒ‰ƒ“ƒyƒAB•ÏX‚·‚é——R‚ª‚È‚¢v‚Æ‘ã•\,https://news.yahoo.co.jp/articles/05dd0ef3404bc9b91b50e1ef463b3a08871eb640,8/24(–Ø) 18:31
rcg,ƒˆƒ‹ƒOEƒ~ƒ…[ƒ‰[‚ª5”N‚Ô‚è‚É—ˆ“úBƒX[ƒp[GT‘æ5í—éŽ­‚ð‘O‚Éƒuƒ‹[ƒmEƒXƒyƒ“ƒOƒ‰[‚Æ‚Æ‚à‚ÉBMW M Team Studie‚ªŠ½Œ}ƒp[ƒeƒBŠJÃ,https://news.yahoo.co.jp/articles/a176abe1b4e44025e02b1f25bc91ab2d915c3421,8/24(–Ø) 17:43
rcg,ƒoƒbƒPƒ‹ƒh‚ÌƒWƒ‡[ƒJ[g–¢Á‰»h‚Å‰¤ŽÒƒ‰[ƒ\ƒ“Ÿ—˜B•œ‹Aƒtƒ@ƒEƒXƒg‚à•\²‘ä‚Ö^Nitrocross‘æ2-3í,https://news.yahoo.co.jp/articles/23f892fb3da3f5871a729dfbf54948e67b3f13a3,8/24(–Ø) 17:16
rcg,–L“cŽs‚ªwƒ‰ƒŠ[ƒWƒƒƒpƒ“2023xŒöŽ®ƒOƒbƒY‚ð‚Ó‚é‚³‚Æ”[Å‚Ì•Ô—ç•i‚É’Ç‰ÁBŠÏíƒ`ƒPƒbƒg‚àŽó•t’†,https://news.yahoo.co.jp/articles/66f2da7522923090f24a59d6635289d3742da83d,8/24(–Ø) 16:42
rcg,ƒŒƒbƒhƒuƒ‹F1‘ã•\u’Ç‚í‚ê‚é—§ê‚É‚àƒvƒŒƒbƒVƒƒ[‚Í‚ ‚évBƒ‰ƒCƒoƒ‹‚©‚ç‚ÌƒXƒ^ƒbƒtˆø‚«”²‚«‚à”Y‚Ý‚Ì‚Ð‚Æ‚Â,https://news.yahoo.co.jp/articles/103c34bf635e8fadd51131c5162668168770c3b6,8/24(–Ø) 15:35
rcg,‰¤ŽÒSVG‚ÌNASCAR’§í‚ÅˆÚÐŽsê‚ªŠˆ«‰»B“¯‹½ƒXƒ^ƒiƒEƒFƒC‚Íƒtƒ‹ƒ^ƒCƒ€•œ‹A‚Ö^RSC,https://news.yahoo.co.jp/articles/51e7073e20c9afeb27f777e2a3a78d1fb51746c4,8/24(–Ø) 15:05
rcg,ƒgƒ€ƒX‰‚Ì‘å‹K–Í“WŽ¦‰ï•ŽŽæ‰ï‚ªƒI[ƒgƒoƒbƒNƒXƒZƒuƒ“‚Æ‹¤“¯ŠJÃBƒJƒXƒ^ƒ€ƒJ[‹ÆŠE‚ÌŠˆ«‰»‚ð‘_‚¤,https://news.yahoo.co.jp/articles/fdc5008b45b4015f79e0cd2c55d3e9b0a7433c46,8/24(–Ø) 14:25
rcg,ƒXƒoƒ‹A5‘ã–ÚwƒtƒHƒŒƒXƒ^[x‚Ìˆê•”‰ü—Çƒ‚ƒfƒ‹‚ð”­•\B“àŠO‘•‚Ì‘•”õ‚ð[ŽÀ‚³‚¹8ŒŽ24“ú‚æ‚è”­”„,https://news.yahoo.co.jp/articles/a730406804257f8c6abbb61e92659e6da7530203,8/24(–Ø) 14:00
rcg,ƒX[ƒp[GTA‘æ5í—éŽ­‚ÌŒöŽ®—ûK‚¨‚æ‚Ñƒhƒ‰ƒCƒo[ƒCƒ“ƒ^ƒrƒ…[‚ð–³—¿ƒ‰ƒCƒu”zM,https://news.yahoo.co.jp/articles/f46014a62b40ce0f20ebe8b5da20e86c61a5957a,8/24(–Ø) 13:38
rcg,2008”NF1ƒ^ƒCƒgƒ‹‚ÉŠÖ‚·‚éƒ}ƒbƒT‚Ì‘i×‚ÉAƒtƒFƒ‰[ƒŠ‘ã•\‚Í•¡ŽG‚ÈS‹«BŒ‹‰Ê‚ÌŒ©’¼‚µ‚É‚Í”Û’è“I,https://news.yahoo.co.jp/articles/61405547b6f918229825d1a3297acfc2407d501c,8/24(–Ø) 12:41
rcg,ƒJƒCEƒŠƒ“ƒhƒXƒgƒ[ƒ€AWRCƒtƒBƒ“ƒ‰ƒ“ƒh‚ÅŸ—˜‚ÌƒGƒoƒ“ƒX‚ðÌŽ^uƒhƒ‰ƒCƒrƒ“ƒO‚ª‚Æ‚Ä‚à—Ç‚­‚È‚Á‚Ä‚¢‚év,https://news.yahoo.co.jp/articles/fe366614db261d1cd898097aa78f2d378bd9b221,8/24(–Ø) 12:36
rcg,ƒtƒFƒ‰[ƒŠAF1ƒ‹[ƒL[‹K‘¥‚ÉŠî‚Ã‚«AƒIƒ‰ƒ“ƒ_‚ÌFP1‚ÅƒVƒ…ƒƒ‹ƒcƒ}ƒ“‚ð‹N—p,https://news.yahoo.co.jp/articles/79d3a2860362c0e63cf2c82180690d23d7e44b00,8/24(–Ø) 7:42
rcg,ƒtƒBƒAƒbƒgAn¬‹É‚Ü‚éw500x‚ÌTwinAir“‹ÚŽÔ‚Éƒ”ƒBƒ“ƒe[ƒW‚È‘•‚¢‚Ìgƒhƒ‹ƒ`ƒFEƒrƒAƒ“ƒRh‚ðÝ’è,https://news.yahoo.co.jp/articles/6e3fcc4c803d7088d2338cf455586d18d4dad226,8/24(–Ø) 7:20
rcg,u—‚ÌŽq‚Å‚Í‚È‚­ƒhƒ‰ƒCƒo[‚Æ‚µ‚Ävˆµ‚Á‚Ä‚­‚ê‚½•ƒBLMP2‰í•\²‘ä‚ÌŽÀ—ÍŽÒyWEC•xŽm‚Ì’–ÚŠ”i1jƒhƒŠƒA[ƒkEƒpƒ“z,https://news.yahoo.co.jp/articles/b12142b9b5c2eaa2a53bfc9508acf01fca61f53f,8/24(–Ø) 7:01
rcg,ƒsƒAƒXƒgƒŠA•‘‘ä— ‚ÅŽ©g‚ðŽx‚¦‚éŒ³F1ƒhƒ‰ƒCƒo[‚ÌƒEƒG[ƒo[‚ÍuŽR‚Ì‚æ‚¤‚ÉƒAƒCƒfƒA‚ðŽ‚Á‚Ä‚¢‚év‚ÆŒê‚é,https://news.yahoo.co.jp/articles/a9be9e7c54073dc01b1dcd89c09aa4d9eead9349,8/24(–Ø) 6:15
rcg,F1“ú–{GP‚ð‘O‚ÉŠp“c—T‹BƒRƒ‰ƒ{ƒOƒbƒY‚ª“oêBƒtƒ@ƒ“–Úü‚Åì‚ç‚ê‚½VƒAƒCƒeƒ€‚Í—éŽ­ƒT[ƒLƒbƒg‚Å‚à”—ÊŒÀ’è”Ì”„,https://news.yahoo.co.jp/articles/b651a4b6396399fb01c7c4188fae7b98c872ee28,8/23(…) 19:08
rcg,ƒVƒ‡ƒEƒGƒCAMotoGP“ú–{GP‘O‚Ì9ŒŽ26“ú‚É“s“à‚ÅƒCƒxƒ“ƒg‚ðŠJÃBƒ}ƒ‹ƒPƒXŒZ’í‚ÆƒWƒƒƒ“ƒAƒ“ƒgƒjƒI‚ªŽQ‰Á,https://news.yahoo.co.jp/articles/33d049a85e12814cecb1965c5359933b0d3139fa,8/23(…) 18:35
rcg,NASCAR‹A‚è‚ÌƒuƒƒfƒBEƒRƒXƒeƒbƒLA‘IŽèŒ ƒŠ[ƒhŠg‘å‚ÌT––Š®‘S§”e‚ð’B¬^RSC‘æ8íƒUEƒxƒ“ƒh,https://news.yahoo.co.jp/articles/e382a768f4c2c66eb40be199ef7d73e75d0146e4,8/23(…) 17:08
rcg,ƒxƒ“ƒgƒŒ[AƒRƒ“ƒ`ƒlƒ“ƒ^ƒ‹GT‚Ì’a¶20Žü”N‚ðj‚¤g¢ŠE‚É1‘äh‚ÌGTƒXƒs[ƒh‚ðŒöŠJ,https://news.yahoo.co.jp/articles/7a7447c90aad8e84294adf61ecc2d1b9d30ed6be,8/23(…) 16:58
rcg,GT300ƒNƒ‰ƒX‚ÉÕŒ‚BMax Racing‚ª‰ÎÐ‚©‚ç‚Ì•œ‹A‚È‚ç‚¸ƒX[ƒp[GT‚©‚ç‚Ì“P‘Þ‚ð”­•\,https://news.yahoo.co.jp/articles/b7615c5be1b965d5e40a78e5905a4d008f55f6a0,8/23(…) 14:03
rcg,ŒÀ’è550‘äBƒgƒˆƒ^AGRƒJƒ[ƒ‰‚ÌÅVƒ‚ƒfƒ‹‚Ì’Š‘I\ž‚ÝŽó•t‚ð8ŒŽ23“ú‚©‚çŠJŽn,https://news.yahoo.co.jp/articles/2dc813ec71553cc198a054c794572a12404711e6,8/23(…) 13:30
rcg,ƒJƒƒTƒLAƒX[ƒp[ƒlƒCƒLƒbƒhZƒVƒŠ[ƒYwZ650x‚ÌÅVƒ‚ƒfƒ‹‚ð9ŒŽ22“ú‚©‚ç”­”„,https://news.yahoo.co.jp/articles/32e10feba0f785fb7f248dec165af9337fd352fe,8/23(…) 13:10
rcg,ƒJƒƒTƒLAVƒOƒ‰ƒtƒBƒbƒNÌ—p‚ÌNinja650ƒVƒŠ[ƒY‚ð9ŒŽ22“ú‚©‚ç”­”„,https://news.yahoo.co.jp/articles/ce53c476c4f38d7898f3b0e6a579f653a60f78dc,8/23(…) 13:01
rcg,gÅ‘¬ƒuƒƒ“ƒYhƒxƒ“EƒL[ƒeƒBƒ“ƒO‚ªƒ†ƒiƒCƒeƒbƒhEƒI[ƒgƒXƒ|[ƒc‚É‰Á“üB2024”N‚ÍIMSA LMP2‚ªƒƒCƒ“,https://news.yahoo.co.jp/articles/8bb04053e4d42b7c0b0d7c9257727699e149d781,8/23(…) 12:34
rcg,–c‘å‚ÈŽžŠÔ‚ðF1‚É”ï‚â‚µAŽ©g‚ÌŒ’N‚âŒoŒ±‚ð—Dæ‚Å‚«‚¸Bg‚»‚ê‚Å‚à‚â‚é‰¿’l‚Í‚ ‚é‚Ì‚©h‚Æ‹^–â‚ð•ø‚¦‚½ƒtƒFƒ‹ƒXƒ^ƒbƒyƒ“,https://news.yahoo.co.jp/articles/c20f2b73087393b6018947a7edb2bf398bb0dd3d,8/23(…) 12:31
rcg,‚¢‚Ü‚¾Œ_–ñXV‚ÉŽŠ‚ç‚È‚¢ƒnƒ~ƒ‹ƒgƒ“‚Æƒƒ‹ƒZƒfƒXF1B——R‚ÍƒXƒ|ƒ“ƒT[ŠÖ˜A‚ÌðŒ‚©,https://news.yahoo.co.jp/articles/9ef732f785ed8d802a916980ff375aa376b4304e,8/23(…) 8:26
rcg,ƒ_ƒ“ƒuƒƒWƒIAƒƒ‹ƒZƒfƒXF1‚Ì‘ã•\‘ã—‚ÉBƒEƒHƒ‹ƒt•sÝ‚ÌÛ‚Íƒ`[ƒ€‚ð“—¦,https://news.yahoo.co.jp/articles/6d2360287c3f4a50364a92bfaee656aad3217e2b,8/23(…) 7:32
rcg,ƒgƒˆƒ^‚Ì•zw‚ÉƒZƒoƒXƒ`ƒƒƒ“EƒIƒWƒG‚ª•œ‹AB‘¨10‘ä‚Ìƒ‰ƒŠ[1ŽÔ—¼‚ªWRCƒAƒNƒƒ|ƒŠƒXEƒ‰ƒŠ[‚ÉƒGƒ“ƒgƒŠ[,https://news.yahoo.co.jp/articles/a51fde3da4682b7df0f3a73125ac31398b85c75e,8/23(…) 7:20
rcg,F1¸Ši‚ð–ÚŽw‚·ƒUƒEƒo[ˆç¬‚Ìƒvƒ‹ƒVƒF[ƒ‹BŽ©g‚Ì¬’·‚ðŽÀŠ´‚àuW’†‚ðŒ‡‚©‚³‚¸“w—Í‚ð‘±‚¯‚È‚¯‚ê‚Î‚È‚ç‚È‚¢v,https://news.yahoo.co.jp/articles/95411a529803590d2d8a65c265fe10e5221c4c22,8/23(…) 6:10
rcg,ƒˆƒnƒ“EƒUƒ‹ƒRA2024”N‚Íƒvƒ‰ƒ}ƒbƒN‚©‚çLCRƒzƒ“ƒ_‚ÉˆÚÐBƒzƒ“ƒ_‚Í2019”N‚Ì‘ã–ðˆÈ—ˆ^MotoGP,https://news.yahoo.co.jp/articles/2de65d9ecbe5224801f0c0cc40e53611bcf807a5,8/22(‰Î) 21:10
rcg,‚Ù‚Ú—ÊŽYŽd—l‚ÌVŒ^ƒgƒ‰ƒCƒgƒ“‚ªƒAƒWƒAƒNƒƒXƒJƒ“ƒgƒŠ[ƒ‰ƒŠ[‚Å3ˆÊŠl“¾B‘SŽÔŠ®‘–‚Éu•ûŒü«‚ÍŠÔˆá‚Á‚Ä‚¢‚È‚¢v‚ÆŽO•Hƒ‰ƒŠ[ƒA[ƒg‘‰ª‘ŠÄ“Â,https://news.yahoo.co.jp/articles/6d274d5e723e99be8808515d98f5f918176087e9,8/22(‰Î) 20:41
rcg,Moto3F²X–Ø•à–²A6í˜A‘±‚Ì•\²‘äuŽc‚è‚Ìƒ`ƒƒƒ“ƒsƒIƒ“ƒVƒbƒv‚ðí‚¤ã‚Åd—v‚È‚±‚Æv^‘æ10íƒI[ƒXƒgƒŠƒAGP,https://news.yahoo.co.jp/articles/ea45577af859e3a8606c2d9ab8efa040b8b8a031,8/22(‰Î) 20:28
rcg,Moto2F¬–¸—•‚ª¡‹G2“x–Ú‚Ì•\²‘äu‚à‚¤­‚µ—Ç‚¢Œ‹‰Ê‚ðŠú‘Ò‚µ‚Ä‚¢‚½‚ªA3ˆÊ‚ÍŠð‚µ‚¢v^‘æ10íƒI[ƒXƒgƒŠƒAGP,https://news.yahoo.co.jp/articles/c27b56e054b1eaa0e511f84a560af9bab87232ac,8/22(‰Î) 20:06
rcg,‹êß17”NAÂ–Ø‘ñ–‚ªƒAƒWƒAƒNƒƒXƒJƒ“ƒgƒŠ[ƒ‰ƒŠ[‰—DŸB”X‚Ìƒsƒ“ƒ`‚ð_‚ª‚©‚Á‚½K‰^‚ÆŽÀ—Í‚Å‘Þ‚¯‚éu‚¨‹F‚è‚ªŒø‚¢‚½‚Ì‚©‚Èv,https://news.yahoo.co.jp/articles/b2c2a8f5fe6173b91c12ee695c505a256754a702,8/22(‰Î) 17:43
rcg,ƒAƒ‹ƒtƒ@ƒƒƒIF1Aƒ‚ƒ“ƒcƒ@‚Æ—éŽ­‚ÅƒAƒbƒvƒf[ƒg‚ðŒv‰æu‚Ù‚ñ‚Ì­‚µ‚ÌŒüã‚Å‚Í•s\•ªB0.2`0.3•b‚Ì‰ü‘P‚ª•K—vv,https://news.yahoo.co.jp/articles/a2dfa7f763a98591fb09d9792a5e61cd9c3a6fd3,8/22(‰Î) 16:28
rcg,ƒn[ƒX‘ã•\AƒAƒƒŠƒJ‚Å‚ÌF1Ž‹’®—¦Œ¸­‚É“®‚¶‚¸Bƒ`[ƒ€‚É‚ÍŒ»Ý‚à‘½‚­‚ÌŠÖS‚ªŠñ‚¹‚ç‚ê‚Ä‚¢‚é‚ÆŒê‚é,https://news.yahoo.co.jp/articles/7c5c0e618850c97884b63b1c0cb8c2f3f181caf9,8/22(‰Î) 14:39
rcg,Œ´Žn“IV8ƒTƒEƒ“ƒh‚Ì— ‚É‚ ‚égÅæ’[h‚Íu“ú–{‚àŽæ‚è“ü‚ê‚é‚×‚«vB¬—Ñ‰Â–²ˆÌ‚ªG”­‚³‚ê‚½w’m‚ç‚ê‚´‚éNASCAR‚Ì¢ŠEx,https://news.yahoo.co.jp/articles/d111a1cd923be502a59531c28cd8cf127144e715,8/22(‰Î) 14:08
rcg,ƒEƒCƒŠƒAƒ€EƒoƒCƒƒ“‚ªgƒUEƒOƒŒƒ“h‚Åƒ[ƒhƒR[ƒX‰Ÿ—˜B¡‹G5Ÿ–Ú‚É“ž’B^NASCAR‘æ25í,https://news.yahoo.co.jp/articles/e9ebab3b004fb2e5746941d47facf06c9510186a,8/22(‰Î) 13:25
rcg,ƒJƒƒTƒLAƒX[ƒp[ƒlƒCƒLƒbƒhZƒVƒŠ[ƒYwZ650x‚ÌÅVƒ‚ƒfƒ‹‚ð9ŒŽ22“ú‚©‚ç”­”„,https://news.yahoo.co.jp/articles/b200687f94feffb74882331589f835faea8139f1,8/22(‰Î) 13:10
rcg,ƒtƒFƒ‹ƒXƒ^ƒbƒyƒ“A•ê‘F1ƒIƒ‰ƒ“ƒ_GP‚ÅŽg—p‚·‚éƒXƒyƒVƒƒƒ‹ƒfƒUƒCƒ“ƒwƒ‹ƒƒbƒg‚ð”â˜I,https://news.yahoo.co.jp/articles/6144f5484dba646a895fef95f5a544a2ce15394d,8/22(‰Î) 12:34
rcg,ƒCƒ“ƒfƒB500‰¤ŽÒƒjƒ…[ƒK[ƒfƒ“Aƒ|ƒ‹ƒVƒF963‚Ì‘æ3ƒhƒ‰ƒCƒo[‚ÉBƒvƒ`Eƒ‹Eƒ}ƒ“‚ÅGTPƒfƒrƒ…[,https://news.yahoo.co.jp/articles/f5e883e5b06fa088a826ba1bfe49f69f8143d9db,8/22(‰Î) 12:24
rcg,RX1eŠJÃ‹xŽ~‚Ì‚È‚©ARX2eÅIí‚Å‰¤À‚É’§‚ñ‚¾ƒRƒ`ƒ…ƒŠƒ“ƒXƒL[‚Í“Í‚©‚¸^WorldRX‘æ6í,https://news.yahoo.co.jp/articles/13f3453a0262fbb2df8507c1dce841c20bc7985e,8/22(‰Î) 10:42
rcg,wƒgƒˆƒ^EƒJƒ[ƒ‰FXiAE82Œ^jxƒVƒrƒbƒN‚Æ‚ÌgFF‘ÎŒˆh‚ÉæŸ‚µ‚½ƒzƒbƒgƒnƒbƒ`y–Y‚ê‚ª‚½‚«–ÁŽÔ‚½‚¿z,https://news.yahoo.co.jp/articles/b3343b4165a7164e9e5815e535324857059c0a16,8/22(‰Î) 9:42
rcg,‹S–å‚Ì‚à‚Ä‚¬‚ÅƒI[ƒo[ƒeƒCƒN˜A”­wƒe[ƒ‹EƒgƒDE4ˆÊx‚Ì‹{“cä»•üBƒXƒ^[ƒg‚Å‚«‚¸uƒpƒjƒbƒN‚É‚È‚Á‚½v^ƒX[ƒp[ƒtƒH[ƒ~ƒ…ƒ‰‘æ7í,https://news.yahoo.co.jp/articles/e76514983c94d559921d9af0147f1c1ae4a55fd6,8/22(‰Î) 9:37
rcg,2{2ƒV[ƒ^[‚ÌgƒEƒ‹ƒgƒ‰GThƒRƒ“ƒZƒvƒgwƒ‰ƒ“ƒ{ƒ‹ƒM[ƒjEƒ‰ƒ“ƒUƒh[ƒ‹xŒ©ŽQBÅ‚o—Í‚Í1360psˆÈã,https://news.yahoo.co.jp/articles/10eb952fc3fdc69b0dd06c50a3d87810bddd8569,8/22(‰Î) 7:22
rcg,ƒŒƒbƒhƒuƒ‹F1‘ã•\Aƒ`[ƒ€‚ð—£‚ê‚½ƒŠƒJƒ‹ƒh‚Égˆ«‚¢•Èh‚ª‚Â‚¢‚Ä‚¢‚½‚Æ–¾‚©‚·uƒuƒŒ[ƒLƒ“ƒO‹Zp‚ªŒ€“I‚É•Ï‚í‚Á‚½v,https://news.yahoo.co.jp/articles/71dd32927bc840cec1bdd0bca3f83f1ec1fb51b4,8/22(‰Î) 6:24
rcg,¡”N‚ÌŠç‚Í’N‚ÉH wƒhƒ‰ƒCƒo[EƒIƒuEƒUEƒCƒ„[2023x‚Ìˆê”Ê“Š•[‚Í10ŒŽ18“úƒXƒ^[ƒg,https://news.yahoo.co.jp/articles/b6f7a80295eb5f47502066cd78efcf1c93753f07,8/21(ŒŽ) 21:13
rcg,ƒŠƒ“ƒN•ƒR[‚ªÈŠªBŒ_–ñXV‚ÌƒEƒ‹ƒeƒBƒA‚ª’nŒ³íŠ®‘SŸ—˜AƒLƒ“ƒtƒ@‚à‰—DŸ^TCRƒ[ƒ‹ƒhƒcƒA[‘æ5í,https://news.yahoo.co.jp/articles/0056a686fe5c7f07adb67220fded0395ca575573,8/21(ŒŽ) 20:34
rcg,H‚¢ˆá‚¤‚»‚ê‚¼‚ê‚Ìg‹——£Š´hB•½ì—ºvsŽR–{®‹MA27Žü–Ú‚Ì90“xƒR[ƒi[‚ð‚ß‚®‚éU–h^ƒX[ƒp[ƒtƒH[ƒ~ƒ…ƒ‰‘æ7í‚à‚Ä‚¬,https://news.yahoo.co.jp/articles/e103db70819ebf04a49010a6c0a38814a7e14dd0,8/21(ŒŽ) 19:54
rcg,–¿ŽåƒRƒyƒcƒL[‚ª’nŒ³í11Ÿ‚Ì‹àŽš“ƒB‘åƒNƒ‰ƒbƒVƒ…‚ÌƒwƒCƒfƒ“Eƒpƒbƒhƒ“‚ª‰‚Ì‰¢Bƒ^ƒCƒgƒ‹Šl“¾^ERC‘æ7í,https://news.yahoo.co.jp/articles/c9209bc3d9d59f55fe0bb0a4f81d638c66a74e09,8/21(ŒŽ) 19:06
rcg,F1ƒ‰ƒXƒxƒKƒXGP‚Ü‚Å‚ ‚Æ3ƒJŒŽB˜H–Ê‚Ì•Ü‘•‚Í‚Ù‚ÚŠ®—¹AíÝƒsƒbƒg‚âƒpƒhƒbƒNŽ{Ý‚È‚Ç‚à85“‚ªŠ®¬,https://news.yahoo.co.jp/articles/2c9b96b612af4f53b8e70426230b948a36330cbb,8/21(ŒŽ) 17:56
rcg,Å‚•ô‚ÌØAgƒGƒOƒ[ƒNƒeƒBƒuƒ‰ƒEƒ“ƒWƒV[ƒgh‚Ìi‰»^ƒgƒˆƒ^VŒ^ƒAƒ‹ƒtƒ@[ƒhAƒ”ƒFƒ‹ƒtƒ@ƒCƒAŽŽæ,https://news.yahoo.co.jp/articles/0afeb623eaa8ee9b18166935ca3361a7cd916c20,8/21(ŒŽ) 17:55
rcg,gŽ¸‚í‚ê‚½ƒ[ƒ^ƒXh‚ª”¼¢‹I‚Ì‚Æ‚«‚ðŒo‚ÄV“oêBƒ[ƒ^ƒXAŒÀ’è10‘äwƒ^ƒCƒv66x‚ð¢ŠE‰ŒöŠJ,https://news.yahoo.co.jp/articles/d3f2feffefc3bde45f2be4f7a6f8f52a2ff463a5,8/21(ŒŽ) 17:42
rcg,ƒUƒ“ƒgƒtƒH[ƒ‹ƒg‚ÌŽ©Ž¡‘Ì‚Æ’nŒ³‚Ìƒ^ƒNƒV[‰^“]Žè‚ç‚ª‹¦‹cBF1ƒIƒ‰ƒ“ƒ_GPŠúŠÔ’†‚Ì‰c‹Æ‚ð‚ß‚®‚èA–WŠQ‚àŽ«‚³‚È‚¢\‚¦,https://news.yahoo.co.jp/articles/dfa2463da953c5c549146786f725a1bb5eb44098,8/21(ŒŽ) 16:14
rcg,ƒNƒAƒ‹ƒ^ƒ‰ƒA’†”ÕˆÈ~‚Ì”Ò‰ñ‚Å8ˆÊu‘_‚Á‚Ä‚¢‚½ƒ|ƒWƒVƒ‡ƒ“‚Ü‚Åã‚ª‚é‚±‚Æ‚ª‚Å‚«‚È‚©‚Á‚½v^MotoGP‘æ10íƒI[ƒXƒgƒŠƒAGPŒˆŸ,https://news.yahoo.co.jp/articles/76383787241110f7c44eb4f6526846c8be33561f,8/21(ŒŽ) 14:15
rcg,ƒAƒƒ“ƒ\A‚à‚µ‰ß‹Ž‚É–ß‚ê‚é‚È‚çgƒtƒFƒ‰[ƒŠF1‚Å‚Ìƒ^ƒCƒgƒ‹Šl“¾h‚ð–]‚ÞB‚à‚Á‚ÆƒLƒƒƒŠƒA‚ðŠy‚µ‚Þ‚×‚«‚¾‚Á‚½‚ÆŒã‰÷‚à,https://news.yahoo.co.jp/articles/ecfd4391a9fdc825c8e4ae3560ba0d901e6ec8ea,8/21(ŒŽ) 13:41
rcg,ƒ}ƒZƒ‰ƒeƒBA730”n—Í‚ÌƒT[ƒLƒbƒgê—pŽÔwMCƒGƒNƒXƒgƒŒ[ƒ}x‚ð¢ŠE‰ŒöŠJBŒÀ’è62‘ä‚Í‚·‚Å‚ÉŠ®”„,https://news.yahoo.co.jp/articles/5cedb3624f4747619e110fe6ac45d29e90b3a365,8/21(ŒŽ) 13:29
rcg,ƒXƒeƒtƒ@ƒ“Eƒ‰ƒeƒ‹AƒXƒp24ŽžŠÔ‚ÆIMSAƒOƒŒƒ“6ŽžŠÔ‚ÌƒoƒbƒeƒBƒ“ƒO‰ðŒˆô‚ÉuTd‚È‚ª‚ç‚àŠyŠÏŽ‹v,https://news.yahoo.co.jp/articles/1cc0d7eb6e77b9b00299d7d56c09e5184e40e7cf,8/21(ŒŽ) 13:13
rcg,ŒˆŸƒŒ[ƒX‚Å¡‹G‰Š®‘–‚ÌM.ƒ}ƒ‹ƒPƒXu‚à‚Á‚Æã‚ð–ÚŽw‚µ‚Ä“w—Í‚ð‘±‚¯‚È‚¯‚ê‚Î‚È‚ç‚È‚¢v^MotoGP‘æ10íƒI[ƒXƒgƒŠƒAGP,https://news.yahoo.co.jp/articles/624f0cd0e59d312abd144931f78daa9955518914,8/21(ŒŽ) 12:41
rcg,’†ã‹M»AŠ®‘–‚àƒŠƒ„ƒOƒŠƒbƒv‚É‹êíuƒf[ƒ^‚ð’~Ï‚·‚é‚±‚Æ‚ÅŽŸ‚ÉŒq‚ª‚é‚ÆM‚¶‚Ä‚¢‚év^MotoGP‘æ10íƒI[ƒXƒgƒŠƒAGPŒˆŸ,https://news.yahoo.co.jp/articles/01ab92ced1b39a6a108cff54e8c414d277266f7a,8/21(ŒŽ) 11:28
rcg,ƒ}ƒNƒ‰[ƒŒƒ“AŒ_–ñ•s—šs‚Æ‚µ‚ÄƒpƒƒE‚É‘Î‚·‚é–@“IŽè‘±‚«‚ðŠJŽnBƒCƒ“ƒfƒB‚¨‚æ‚ÑF1ƒvƒƒOƒ‰ƒ€‚ÉŠÖ‚·‚é‘¹ŠQ”…ž¿‹‚Ö,https://news.yahoo.co.jp/articles/799782ef7b40b08630b1b7f59a0b63bfaeb11cbc,8/21(ŒŽ) 9:32
rcg,ƒˆƒnƒ“EƒUƒ‹ƒRAƒvƒ‰ƒ}ƒbƒNEƒŒ[ƒVƒ“ƒO‚Æ2023”NŒÀ‚è‚ÅŒ_–ñI—¹‚Ö^MotoGP,https://news.yahoo.co.jp/articles/2c74f49191c19502f4a698ec1d70e05ef8e07546,8/21(ŒŽ) 0:28
rcg,‰ƒNƒ‰ƒbƒVƒ…•‰gŒˆŸƒ[ƒƒ|ƒCƒ“ƒgh‚ÌƒŠƒAƒ€Eƒ[ƒ\ƒ“u–ìK‚³‚ñ‚Í–l‚É‘Î‚µ‚ÄƒXƒy[ƒX‚ðŽc‚µ‚½‚ÆŽv‚¤v^ƒX[ƒp[ƒtƒH[ƒ~ƒ…ƒ‰‘æ7í,https://news.yahoo.co.jp/articles/3d1cc30b3feb59418ab0d3d18281bd607a5ee968,8/20(“ú) 23:29
rcg,u‚à‚¤‚¨• ‚¢‚Á‚Ï‚¢vu‚È‚©‚È‚©’‡—Ç‚­‚È‚ê‚È‚¢vuƒNƒ‰ƒbƒ`‚ðŒq‚°‚Ä‚µ‚Ü‚Á‚½vySF Mix Voices ‘æ7íŒˆŸgŽ–Œ•ëhz,https://news.yahoo.co.jp/articles/a14da15290a784450b09748e32c41392263e2994,8/20(“ú) 23:15
rcg,yƒ|ƒCƒ“ƒgƒ‰ƒ“ƒLƒ“ƒOz2023ƒX[ƒp[ƒtƒH[ƒ~ƒ…ƒ‰‘æ7í‚à‚Ä‚¬I—¹Žž“_,https://news.yahoo.co.jp/articles/cbc40c2f3c15e129ea70d9539882646bbb823321,8/20(“ú) 22:43
rcg,ƒoƒjƒƒƒCƒA‚ª”ÕÎ‚Ì‘Ì§‚ÅŠ®‘S§ˆ³BKTM‚Ìƒz[ƒ€‚Åƒrƒ“ƒ_[‚ªƒhƒDƒJƒeƒB‚Ì•\²‘ä“Æè‚ð‘jŽ~^‘æ10íƒI[ƒXƒgƒŠƒAGP,https://news.yahoo.co.jp/articles/f8891a09ac25718984d3becfcafbebd32b15a1b3,8/20(“ú) 22:05
rcg,y‡ˆÊŒ‹‰Êz2023MotoGP‘æ10íƒI[ƒXƒgƒŠƒAGPŒˆŸ,https://news.yahoo.co.jp/articles/f30a328b9eba54898514e3b8bb8aeb20c1ccae99,8/20(“ú) 21:47
rcg,–ìK’q‹IuƒŒ[ƒXŒã‚É˜a‰ð‚µ‚½‚ÆŽv‚Á‚Ä‚¢‚Ü‚·v“c’†—mŽŠÄ“Âuƒ[ƒ\ƒ“‚Æ‚Í‚µ‚Á‚©‚è‚Æ˜b‚µž‚ñ‚Å‚¢‚«‚½‚¢vyƒX[ƒp[ƒtƒH[ƒ~ƒ…ƒ‰‘æ7íŒˆŸ‰ïŒ©z,https://news.yahoo.co.jp/articles/04ad987db7da80b302ef8720d976b8010a8944f3,8/20(“ú) 20:24
rcg,y‡ˆÊŒ‹‰Êz2023Moto2‘æ10íƒI[ƒXƒgƒŠƒAGPŒˆŸ,https://news.yahoo.co.jp/articles/5a3e638837634e3ca8593847080d87bfbc6dfd7c,8/20(“ú) 19:59
rcg,‘½dƒNƒ‰ƒbƒVƒ…‚ÉŠª‚«ž‚Ü‚ê’ˆ‚ð•‘‚Á‚½–q–ì”C—SBŒŸ¸‚ÌŒ‹‰Ê‘å‚«‚È‰ö‰ä‚È‚µ‚àAˆê”ÓŒo‰ßŠÏŽ@‚Ö^ƒX[ƒp[ƒtƒH[ƒ~ƒ…ƒ‰‘æ7í‚à‚Ä‚¬,https://news.yahoo.co.jp/articles/def86751cc4ace128bcc7b02c53e1c071e8a594f,8/20(“ú) 19:53
rcg,’J–{‰¹“ø˜YA‘S“ú–{ƒ[ƒh‚à‚Ä‚¬2&4ƒŒ[ƒX‚Å‚ÌƒNƒ‰ƒbƒVƒ…‚ÅˆÓŽ¯•s–¾‚Ìd‘Ì,https://news.yahoo.co.jp/articles/ce20f774e58d10616dba9b4a0544d56b70a94be4,8/20(“ú) 19:44
rcg,GTƒ[ƒ‹ƒhƒ`ƒƒƒŒƒ“ƒWEƒAƒWƒA‰ªŽRƒŒ[ƒX2‚Íƒ}ƒGƒUƒEƒŒ[ƒVƒ“ƒO‰—DŸBGT4‚ÍBMW‚ªáJ‰Ê‚½‚µƒ`ƒƒƒ“ƒsƒIƒ“Šl“¾,https://news.yahoo.co.jp/articles/b15c23179b39164e1e362f15bb1e58bef4f926e0,8/20(“ú) 19:26
rcg,–ìK’q‹I‚ªƒ|[ƒ‹EƒgƒDEƒEƒCƒ“‚Å¡‹G2Ÿ–ÚB1Žü–Ú‚É2‘ä‚ª’ˆ‚ð•‘‚¤‘½dƒNƒ‰ƒbƒVƒ…‚ª”­¶yƒX[ƒp[ƒtƒH[ƒ~ƒ…ƒ‰‘æ7íŒˆŸƒŒƒ|[ƒgz,https://news.yahoo.co.jp/articles/fe24bcb7a747685f843af09f1c2665f8b71eb176,8/20(“ú) 19:02
rcg,y‡ˆÊŒ‹‰Êz2023Moto3‘æ10íƒI[ƒXƒgƒŠƒAGPŒˆŸ,https://news.yahoo.co.jp/articles/9a83f8933d1cb24f32c7dc73cb0b6b53a63e9b2c,8/20(“ú) 18:47
rcg,y³Ž®Œ‹‰Êz2023ƒX[ƒp[ƒtƒH[ƒ~ƒ…ƒ‰‘æ7í‚à‚Ä‚¬ ŒˆŸƒŒ[ƒX,https://news.yahoo.co.jp/articles/cc1735575d4b41d37e1df510e3fd7e8e051ce968,8/20(“ú) 16:54
rcg,…–ì‚Æ‚Ìƒgƒbƒv‘ˆ‚¢‚ð§‚µ‚½’†{‰ê‚ª¡‹G6Ÿ–Ú^2023‘S“ú–{ƒ[ƒh‘æ5í‚à‚Ä‚¬2•4 JSB1000ŒˆŸ,https://news.yahoo.co.jp/articles/5073d9e59a840fe08d1e86ac67a806e6092097c9,8/20(“ú) 16:09
rcg,ƒƒ‹ƒZƒfƒXA‘æ2¢‘ã‚ÌAMG GT‚ð”­•\B2{2ƒŒƒCƒAƒEƒgÌ—p‚Å—D‚ê‚½‰õ“K«‚Æ‰^“]“Á«‚ðŽÀŒ»,https://news.yahoo.co.jp/articles/aec74bc3361574f2e2abea73c8af58d99c790284,8/20(“ú) 15:16
rcg,y‡ˆÊŒ‹‰Êz2023‘S“ú–{ƒ[ƒh‘æ5í‚à‚Ä‚¬2•4 JSB1000 ŒˆŸƒŒ[ƒX,https://news.yahoo.co.jp/articles/6399ce3bfdb19a7ae03315b8f34541fd6451b84a,8/20(“ú) 14:02
rcg,‘OàV—Fì‘ŠÄ“Â—¦‚¢‚éƒ}ƒGƒUƒEƒŒ[ƒVƒ“ƒO‚ªGTƒ[ƒ‹ƒhƒ`ƒƒƒŒƒ“ƒWEƒAƒWƒA‰ªŽR‚ÌƒŒ[ƒX2‚ÅŠð‚µ‚¢‰—DŸB‘OàV‘ŠÄ“Â‚à—Y‹©‚Ñ,https://news.yahoo.co.jp/articles/dacb1eb6ab3e0aff086ba464202927d9141a44f9,8/20(“ú) 13:16
rcg,VŒ^ƒgƒ‰ƒCƒgƒ“Aƒfƒrƒ…[í‚Å3ˆÊŠl“¾Bƒ`[ƒ€ŽO•Hƒ‰ƒŠ[ƒA[ƒg‚Í3‘ä‘SŽÔ‚ªŠ®‘–‚µgƒ`[ƒ€Üh‚ðŽóÜ^ƒAƒWƒAƒNƒƒXƒJƒ“ƒgƒŠ[ƒ‰ƒŠ[,https://news.yahoo.co.jp/articles/f7e24b7f6673a60bf2c9af029a2115092ced8136,8/20(“ú) 12:43
rcg,ƒ„ƒ}ƒnFƒNƒ‹ƒ^ƒ‰ƒu‚Ç‚¤‚â‚Á‚Ä“]“|‚ð–Æ‚ê‚½‚©‚Í–l‚É‚à‚í‚©‚ç‚È‚¢v^MotoGP‘æ10íƒI[ƒXƒgƒŠƒAGPƒXƒvƒŠƒ“ƒg,https://news.yahoo.co.jp/articles/cb3f9bf0b3183e205d7e60d7742ec4b22e541df1,8/20(“ú) 11:50
rcg,ƒzƒ“ƒ_FM.ƒ}ƒ‹ƒPƒXuŒˆŸ‚ÉŒü‚¯‚Ä–¾Šm‚ÈƒAƒCƒfƒA‚ª¶‚Ü‚ê‚½v^MotoGP‘æ10íƒI[ƒXƒgƒŠƒAGPƒXƒvƒŠƒ“ƒg,https://news.yahoo.co.jp/articles/3c429715eb3b3065c5aae3d3cc60ae87b881fbaf,8/20(“ú) 10:55
rcg,ŒˆŸ“ú‚à–Ò‹‘±‚­B“ú—jƒtƒŠ[‘–s‚Í¬—Ñ‰Â–²ˆÌ‚ªŽñˆÊB‹{“c10”ÔŽèAƒ[ƒ\ƒ“14”ÔŽè^ƒX[ƒp[ƒtƒH[ƒ~ƒ…ƒ‰‘æ7í‚à‚Ä‚¬,https://news.yahoo.co.jp/articles/3f4fc9f2756409f2a8bf2e153d4c4f4b9330f9fa,8/20(“ú) 10:36
rcg,“]“|ƒŠƒ^ƒCƒA‚Ì’†ã‹M»uŒˆŸ‚ÍV‚½‚ÈƒZƒbƒeƒBƒ“ƒO‚Å’§‚Ý‚½‚¢v^‘æ10íƒI[ƒXƒgƒŠƒAGP2“ú–Ú,https://news.yahoo.co.jp/articles/e6c482f27e1726ebc12ef42db562fbde436d7120,8/20(“ú) 10:01
rcg,yƒ^ƒCƒ€Œ‹‰ÊzƒX[ƒp[ƒtƒH[ƒ~ƒ…ƒ‰‘æ7í‚à‚Ä‚¬ “ú—jƒtƒŠ[‘–s,https://news.yahoo.co.jp/articles/929d5ede9d984dd5573dd1a4481856b8ce58cd29,8/20(“ú) 9:57
rcg,"yF1ƒ`[ƒ€‚ðŽx‚¦‚élX(5)ƒ‹[ƒXEƒoƒXƒRƒ€/ƒAƒ‹ƒtƒ@ƒƒƒIz’µ‚Ë”n‚Ì""ƒXƒpƒC""‚Æ‚µ‚Ä—L–¼‚É‚È‚Á‚½AŽÀÑ‚ ‚éí—ªÓ”CŽÒ",https://news.yahoo.co.jp/articles/ad831e17809ba4030fa8a46fc603d96f8ffc64f0,8/20(“ú) 8:15
rcg,u¡‚Ì‚Æ‚±‚ëF1‚Ù‚Ç–l‚ðŒÀŠE‚Ü‚Å‰Ÿ‚µã‚°‚é‚à‚Ì‚Í‚È‚¢vˆø‘ÞŒã‚Ì¶Šˆ‚É–ž‘«‚·‚éƒxƒbƒeƒ‹BŽŸ‚Ìi˜H‚Í–¢’è,https://news.yahoo.co.jp/articles/f2ebbb963eaaf0edf7aebc918e1b947319379b2f,8/20(“ú) 7:00
rcg,y‘¬•ñzŒ³GPƒ‰ƒCƒ_[Â–Ø‘ñ–‚ªƒAƒWƒAƒNƒƒXƒJƒ“ƒgƒŠ[ƒ‰ƒŠ[‰—DŸB•s‹ü‚Ì’§íA14“x–Ú‚ÅŒ‹ŽÀ,https://news.yahoo.co.jp/articles/333fe93068924c76df5959fdfe480ff2b881a490,8/20(“ú) 1:05
rcg,y‡ˆÊŒ‹‰Êz2023MotoE‘æ6íƒI[ƒXƒgƒŠƒA‘å‰ï ƒŒ[ƒX2,https://news.yahoo.co.jp/articles/aa4303f85aed53f502d115ff8ff9a0d17bea9b03,8/19(“y) 23:26
rcg,“]“|‚ª‘ŠŽŸ‚¢‚¾ƒXƒvƒŠƒ“ƒg‚ÍAƒoƒjƒƒƒCƒA‚ª“Æ‘–‚Å§‚·BKTM‚Ìƒrƒ“ƒ_[‚Í2ˆÊ‚ÉH‚¢ž‚Þ^‘æ10íƒI[ƒXƒgƒŠƒAGP,https://news.yahoo.co.jp/articles/ef1b98147a4f67bec878161bed9a378e34cc7033,8/19(“y) 22:43
rcg,uƒrƒŠ‚¾‚¯‚Í”ð‚¯‚½‚¢vBƒ‰ƒ“ƒLƒ“ƒOŽñˆÊ‚Ì‹{“cä»•üAƒ‰ƒCƒoƒ‹‚Ìæs‹–‚·‚àg’´‹êŽè‚Ì‚à‚Ä‚¬h‚Å‚ÌQ2io‚ÉˆÀ“g^ƒX[ƒp[ƒtƒH[ƒ~ƒ…ƒ‰‘æ7í,https://news.yahoo.co.jp/articles/18116522f1a83c27423546e46e7fa98efbb6b2a5,8/19(“y) 22:41
rcg,y‡ˆÊŒ‹‰Êz2023MotoGP‘æ10íƒI[ƒXƒgƒŠƒAGP ƒXƒvƒŠƒ“ƒgƒŒ[ƒX,https://news.yahoo.co.jp/articles/94fe8fc42fa8a66a079a0a80c76f6507aad2b8b3,8/19(“y) 22:25
rcg,gŠ¿hDŒËŠw‚ª°‚Ìƒ`ƒFƒbƒJ[BBMW M4‚ª—DŸ–Ú‘O‚ÅGT4ƒWƒƒƒpƒ“‰‚ÌŸ—˜‚ð“¦‚·‚àA‚»‚ÌŽp‚ªŠ´“®‚ðŒÄ‚Ô,https://news.yahoo.co.jp/articles/63f5de81c3dd1f3fe7f6f343b1dc9b34b52fedea,8/19(“y) 22:21
rcg,y‡ˆÊŒ‹‰Êz2023Moto2‘æ10íƒI[ƒXƒgƒŠƒAGP—\‘I‘‡,https://news.yahoo.co.jp/articles/047b69d80ebbb6028b8be442c9496c716b58e641,8/19(“y) 21:33
rcg,u70l‚ª—ˆ‚Ä‚­‚ê‚évuŽæ‚èŽc‚³‚ê‚Ä‚µ‚Ü‚Á‚½vuŒã‚ë‚É‚Â‚¢‚Ä“®‚«‚ðŠm”F‚·‚évySF Mix Voices ‘æ7í—\‘Ii2jz,https://news.yahoo.co.jp/articles/15f81bcbe19deceda5118782eedb717d29f28c2f,8/19(“y) 21:06
rcg,y‡ˆÊŒ‹‰Êz2023Moto3‘æ10íƒI[ƒXƒgƒŠƒAGP—\‘I‘‡,https://news.yahoo.co.jp/articles/07652d6954571f445644f3837e74a3c87d471617,8/19(“y) 20:41
rcg,uƒpƒƒXƒe‚ª“®‚©‚È‚¢vuA‘g‚ÆB‘g‚Å‚¾‚¢‚Ôˆá‚¤vu‚½‚¾‘Š‘Î“I‚É‡ˆÊ‚ª—Ç‚¢vySF Mix Voices ‘æ7í—\‘Ii1jz,https://news.yahoo.co.jp/articles/1e5ff2f69f6d00b4e66b4209965cb5e5c32dcbb9,8/19(“y) 20:27
rcg,‘å“’“sŽjŽ÷‚ªgŒ‡êƒ‰ƒEƒ“ƒh‚Å“¾‚½ƒy[ƒXhB•œ‹Aí—\‘I4”ÔŽè‚àu‘O‚ÉƒvƒŒƒbƒVƒƒ[‚ð‚©‚¯‚é“WŠJ‚É‚à‚Å‚«‚év^ƒX[ƒp[ƒtƒH[ƒ~ƒ…ƒ‰‘æ7í—\‘I,https://news.yahoo.co.jp/articles/94d8bcf604b1a60e6a131d85f93f6c34f0a30687,8/19(“y) 19:59
rcg,y‡ˆÊŒ‹‰Êz2023MotoE‘æ6íƒI[ƒXƒgƒŠƒA‘å‰ï ƒŒ[ƒX1,https://news.yahoo.co.jp/articles/5e0f4be3b49c60688cd1e383e52abad8a4a68e9c,8/19(“y) 19:36
rcg,JSB1000ŽQí‰”N“x‚Åƒ|[ƒ‹Šl“¾‚ÌƒI[ƒgƒŒ[ƒX‰F•”B’Ã“c‘ñ–çuŒã”¼í‚Í•\²‘ä‚É“Í‚­ƒŒ[ƒX‚É‚µ‚½‚¢v,https://news.yahoo.co.jp/articles/113c2d65562ea3709c17f0eabe76d05095ece846,8/19(“y) 19:25
rcg,GTƒ[ƒ‹ƒhƒ`ƒƒƒŒƒ“ƒWEƒAƒWƒA‰ªŽR‚ÌƒŒ[ƒX1‚ÍƒNƒ‰ƒtƒgEƒoƒ“ƒu[‚Ìƒƒ‹ƒZƒfƒX‚ª§‚·BGT4ƒWƒƒƒpƒ“‚Å‚ÍÅIŽü‚Éƒhƒ‰ƒ},https://news.yahoo.co.jp/articles/0f005a04a69adbe2433c4f72895cc3b0627e3c19,8/19(“y) 19:16
rcg,ƒtƒH[ƒhAŽjãÅ‹­800”n—Í‚Ìƒ}ƒXƒ^ƒ“ƒOgGTDh‚ð”­•\Bƒjƒ…ƒ‹ƒuƒ‹ƒNƒŠƒ“ƒN7•ªØ‚è‚ð–ÚŽw‚·ŒÀ’èƒ[ƒhƒJ[,https://news.yahoo.co.jp/articles/0c8be1e25dcc465c761ddfd944989510749882c4,8/19(“y) 18:56
rcg,y‡ˆÊŒ‹‰Êz2023MotoGP‘æ10íƒI[ƒXƒgƒŠƒAGP  —\‘I‘‡,https://news.yahoo.co.jp/articles/d796fb1cdd50160422d2753fd0d97a5c982a485a,8/19(“y) 18:36
rcg,yƒ^ƒCƒ€Œ‹‰Êz2023MotoGP‘æ10íƒI[ƒXƒgƒŠƒAGP  ƒtƒŠ[‘–s2‰ñ–Ú,https://news.yahoo.co.jp/articles/02044f075a17521d1c8560d0a0fcdd6ab6caf74f,8/19(“y) 17:45
rcg,–ìK’q‹I‚ª¡‹G3“x–Ú‚ÌPPŠl“¾B‘¾“cŠi”Vi‚ªƒtƒƒ“ƒgƒƒE‚É•À‚ÔyƒX[ƒp[ƒtƒH[ƒ~ƒ…ƒ‰‘æ7í‚à‚Ä‚¬—\‘IƒŒƒ|[ƒgz,https://news.yahoo.co.jp/articles/0fdc7679b50ef4c8ee88fa162cd913b9af65ea96,8/19(“y) 17:25
rcg,–ìK’q‹Iuƒ~ƒX‚ð‚µ‚Ä‚Å‚àU‚ß‚«‚ë‚¤‚ÆvƒŠƒAƒ€Eƒ[ƒ\ƒ“uƒjƒbƒNEƒLƒƒƒVƒfƒB‚ÌƒTƒ|[ƒg‚É‚ÍŠ´ŽÓ‚µ‚Ä‚¢‚évyƒX[ƒp[ƒtƒH[ƒ~ƒ…ƒ‰‘æ7í—\‘I‰ïŒ©z,https://news.yahoo.co.jp/articles/3bd963aa4873713ae7982f728537ff0f9e8d0803,8/19(“y) 17:25
rcg,ƒŒƒbƒhƒuƒ‹KTMƒtƒ@ƒNƒgƒŠ[EƒŒ[ƒVƒ“ƒOAƒuƒ‰ƒbƒhEƒrƒ“ƒ_[‚Æ2026”N‚Ü‚ÅŒ_–ñ‚Ì‰„’·‚ð”­•\^MotoGP,https://news.yahoo.co.jp/articles/397f7868c847f00c6d6bc4bbed1a586a5e844e7f,8/19(“y) 16:42
rcg,D’²‚Ì’Ã“c‘ñ–ç‚ªƒ„ƒ}ƒn‚Ì‰åé‚ð•ö‚µ2016”NˆÈ—ˆ‚Ìƒ|[ƒ‹Šl“¾^2023‘S“ú–{ƒ[ƒh‘æ5í‚à‚Ä‚¬2•4 JSB1000—\‘I,https://news.yahoo.co.jp/articles/c09ab8e15e4c1a5052a52a405d243602f1d42de6,8/19(“y) 16:34
rcg,IMSAAGTŒˆí‘æ2ƒ‰ƒEƒ“ƒh‚Ì’Ç‰ÁBoP‚ð”­•\Bƒƒ‹ƒZƒfƒXAMG‚Æƒ|ƒ‹ƒVƒF911‚ªVIR‚Åd—Ê‚Æo—Í‘,https://news.yahoo.co.jp/articles/b38c345ea15b3d8008498b1492b299af288daf94,8/19(“y) 16:21
rcg,y³Ž®Œ‹‰Êz2023ƒX[ƒp[ƒtƒH[ƒ~ƒ…ƒ‰‘æ7í‚à‚Ä‚¬ ŒöŽ®—\‘I,https://news.yahoo.co.jp/articles/57c88767170d70274347bd8535f068ffca717bbb,8/19(“y) 15:34
rcg,y‡ˆÊŒ‹‰Êz2023‘S“ú–{ƒ[ƒh‘æ5í‚à‚Ä‚¬2•4 JSB1000—\‘I,https://news.yahoo.co.jp/articles/8bf69bdd559b71d8ced0462fb06e5e2fcb08bc29,8/19(“y) 15:27
rcg,ƒ[ƒJ[‚ÌŠ_ª‰z‚¦ŠJ”­ŽQ‰Á‚Ì‚¯–¾½B‹ß“¡^•F‰ï’·‚ÍuƒjƒbƒTƒ“ƒhƒ‰ƒCƒo[‚É‚à‚¢‚ë‚¢‚ë‚Èƒ`ƒƒƒ“ƒX‚ðv^ƒX[ƒp[ƒtƒH[ƒ~ƒ…ƒ‰,https://news.yahoo.co.jp/articles/b07ddcb2df96794eeeb06453e824af7d0b1fed52,8/19(“y) 14:23
rcg,VŒ^ƒgƒ‰ƒCƒgƒ“‚ª‰‚ÌƒXƒe[ƒWƒEƒCƒ“BŽO•Hƒ‰ƒŠ[ƒA[ƒg‚Ìƒˆ[ƒ^[A‘‡3”ÔŽè‚ÅÅI“ú‚Ö^ƒAƒWƒAƒNƒƒXƒJƒ“ƒgƒŠ[ƒ‰ƒŠ[,https://news.yahoo.co.jp/articles/8f25b07f370e4a605c47f3f69ac63aacecff9ba5,8/19(“y) 12:13
rcg,ƒ„ƒ}ƒnFƒgƒbƒv10“ü‚è‚ÌƒNƒAƒ‹ƒ^ƒ‰ƒuVƒGƒAƒ‚Íƒf[ƒ^Šm”F‚ª•K—v‚¾‚ªA‰ü‘P‚ªŒ©‚ç‚ê‚Ä‚¢‚év^MotoGP‘æ10íƒI[ƒXƒgƒŠƒAGP‰“ú,https://news.yahoo.co.jp/articles/48972860eab9703ffd799bdffd1eaf63ccb67bdf,8/19(“y) 12:10
rcg,17‘ä‚ª0.9•b‚É“ü‚é¬í–Í—l‚Ì‚È‚©A‰¤ŽÒE–ìK’q‹I‚ªˆê”ÔŽžŒv^ƒX[ƒp[ƒtƒH[ƒ~ƒ…ƒ‰‘æ7í‚à‚Ä‚¬“y—jƒtƒŠ[,https://news.yahoo.co.jp/articles/2b9736beda95348978ab540794d4dd1a5228eaee,8/19(“y) 11:07
rcg,VƒGƒAƒƒp[ƒc“±“ü‚Ìƒzƒ“ƒ_BM.ƒ}ƒ‹ƒPƒXu¸_“I‚ÉŒµ‚µ‚­A‚Ü‚¾‰ü—Ç‚·‚×‚«“_‚ª‚ ‚év^MotoGP‘æ10íƒI[ƒXƒgƒŠƒAGP‰“ú,https://news.yahoo.co.jp/articles/d71c2059f4004e117ac88bac31f057772e9d3374,8/19(“y) 11:07
rcg,yƒ^ƒCƒ€Œ‹‰ÊzƒX[ƒp[ƒtƒH[ƒ~ƒ…ƒ‰‘æ7í‚à‚Ä‚¬ “y—jƒtƒŠ[‘–s,https://news.yahoo.co.jp/articles/bacef350f0a5dc5e2869a3bca60e6b56f5a4f4ee,8/19(“y) 10:53
rcg,y—§ì—S˜H„Ÿ„ŸƒX[ƒp[GTÅ‘¬’j‚Æ‚Ì‹L‰¯zi1j“¹ã—´u–l‚½‚¿¢‘ã‚Ìƒgƒˆƒ^‚Ìƒiƒ“ƒo[ƒƒ“v,https://news.yahoo.co.jp/articles/4303cf2dbed0268d8152588e829c53fdba05d859,8/19(“y) 10:38
rcg,’†ã‹M»A—lX‚ÈƒpƒbƒP[ƒW‚ÌƒeƒXƒg‚ðŒp‘±u‰Û‘è‚ÍƒŠƒ„‚Ìƒgƒ‰ƒNƒVƒ‡ƒ“•s‘«v^MotoGP‘æ10íƒI[ƒXƒgƒŠƒAGP‰“ú,https://news.yahoo.co.jp/articles/55e4955192d5ad41ea0669d054a294c03d9807c3,8/19(“y) 9:45
rcg,uƒtƒFƒ‹ƒXƒ^ƒbƒyƒ“‚É‚ÍM‚¶‚ç‚ê‚È‚¢‚æ‚¤‚È¬’·‚ÌƒvƒƒZƒX‚ª‚ ‚Á‚½v‚Æƒ}ƒ‹ƒRBgƒŒ[ƒX‚ð“Ç‚Þ”\—Íh‚Ì‚‚³‚É’…–Ú,https://news.yahoo.co.jp/articles/d99ec12b0ee96afcae483b7f50fe6d8b587618cc,8/19(“y) 9:00
rcg,ƒsƒŒƒŠF1Aƒtƒ‹ƒEƒGƒbƒgƒ^ƒCƒ„‚Ö‚Ì”á”»‚ðŽó‚¯A1Ží—Þ‚Ì‰J“V—pƒ^ƒCƒ„gƒX[ƒp[EƒCƒ“ƒ^[ƒ~ƒfƒBƒGƒCƒgh“±“ü‚ð’ñˆÄ,https://news.yahoo.co.jp/articles/c5d6550a25d6525cc21e31ac7c8068f34a4ac2fc,8/19(“y) 8:41
rcg,ƒWƒFƒ“ƒ\ƒ“Eƒoƒgƒ“‚ªƒ|ƒ‹ƒVƒF963‚ÅIMSAƒfƒrƒ…[‚ÖBÅIíƒvƒ`Eƒ‹Eƒ}ƒ“‚ÉJDCƒ~ƒ‰[‚©‚ç‚ÌŽQí”­•\,https://news.yahoo.co.jp/articles/020d5acac1512abb649a63219d62f076f8e8fc16,8/19(“y) 7:18
rcg,ƒ}ƒNƒ‰[ƒŒƒ“F1uƒV[ƒYƒ“I—¹Žž‚É’†’cƒgƒbƒv‚É‚È‚ê‚½‚ç–ž‘«vƒuƒ‰ƒEƒ“‚Í‹ó—ÍƒAƒbƒvƒOƒŒ[ƒh‚É•¶‹å‚È‚µ,https://news.yahoo.co.jp/articles/16b8cf9b84cd720b91bd08937f4724f22ec092db,8/19(“y) 6:58
rcg,ƒxƒ[ƒbƒ`‚ªƒgƒbƒv‚Åƒ_ƒCƒŒƒNƒgQ2ioBƒzƒ“ƒ_¨‚ÍV‹ó—Íƒp[ƒc“±“ü‚àAÅãˆÊ‚Í13”ÔŽè‚ÌM.ƒ}ƒ‹ƒPƒX^‘æ10íƒI[ƒXƒgƒŠƒAGP,https://news.yahoo.co.jp/articles/b84ca8a2ccb7bf882f2c5e7e55c4420b8cc42584,8/18(‹à) 23:34
rcg,yƒ^ƒCƒ€Œ‹‰Êz2023MotoGP‘æ10íƒI[ƒXƒgƒŠƒAGP ƒvƒ‰ƒNƒeƒBƒX,https://news.yahoo.co.jp/articles/4cae920d24f0d6a8bd1de3d3ca6f404086579957,8/18(‹à) 23:14
rcg,JAFƒ‚[ƒ^[ƒXƒ|[ƒcƒWƒƒƒpƒ“A2024”N2ŒŽ‚ÌŠJÃ‚ªŒˆ’èB“Œ‹žE‚¨‘äê“ÁÝ‰ïê‚É‚Ä,https://news.yahoo.co.jp/articles/b1c15f948559240d75352d3095c48d671f194e05,8/18(‹à) 23:10
rcg,’†ã‹M»A—lX‚ÈƒpƒbƒP[ƒW‚ÌƒeƒXƒg‚ðŒp‘±u‰Û‘è‚ÍƒŠƒ„‚Ìƒgƒ‰ƒNƒVƒ‡ƒ“•s‘«v^MotoGP‘æ10íƒI[ƒXƒgƒŠƒAGP‰“ú,https://news.yahoo.co.jp/articles/adf39948b58de23775746f92339c250279c0364d,8/18(‹à) 21:42
rcg,ƒAƒvƒŠƒŠƒAEƒŒ[ƒVƒ“ƒOAƒƒŒƒ“ƒcƒHEƒTƒoƒh[ƒŠ‚ÆƒeƒXƒgƒ‰ƒCƒ_[Œ_–ñ‚ð2024”N‚Ü‚ÅXV^MotoGP,https://news.yahoo.co.jp/articles/026e45c40e03ee666c26e261dd400f3071e43869,8/18(‹à) 20:48
rcg,Œ³NASCARƒJƒbƒv‰¤ŽÒƒJƒCƒ‹Eƒ‰[ƒ\ƒ“A‰‚ÌƒCƒ“ƒfƒB500‚ÉŒü‚¯ƒAƒƒEEƒ}ƒNƒ‰[ƒŒƒ“‚ÌƒJƒ‰[‚ðŒöŠJ,https://news.yahoo.co.jp/articles/54865d98b0f0794c7acab0faae5490418431c36c,8/18(‹à) 19:53
rcg,’nŒ³ƒŒ[ƒX‚Æ‚È‚é9ŒŽ‚ÌWEC¢ŠE‘Ï‹v‘IŽèŒ ‘æ6í•xŽm‚Ö–Ø‘º•Žj‚ªŽ©MuŽè‚²‚½‚¦A‚«‚Ä‚Ü‚·‚æv,https://news.yahoo.co.jp/articles/e727bffcdc4eb73ad5c99765a249177ab0f1a807,8/18(‹à) 19:51
rcg,—ˆ‹GRSC‚ÅSVGŒã”C‚Ì‰‘ã‰¤ŽÒƒEƒBƒ‹Eƒuƒ‰ƒEƒ“‚ª—\‘IÅ‘¬‚©‚ç‚Ì˜AŸŒ€^TCRƒI[ƒXƒgƒ‰ƒŠƒA‘æ4í,https://news.yahoo.co.jp/articles/0fd8e53a8610df42340f7328f16e6bf7f320acf5,8/18(‹à) 19:37
rcg,RLL‚ªƒV[ƒYƒ““r’†‚ÅƒWƒƒƒbƒNEƒn[ƒxƒC‚ð‰ðŒÙBŽŸíƒQ[ƒgƒEƒFƒC‚É‚ÍƒRƒi[EƒfƒCƒŠ[‚ªo‘–‚Ö,https://news.yahoo.co.jp/articles/601fb81733c73c875ef4da00cfeaf44bc936b4d8,8/18(‹à) 19:13
rcg,yƒ^ƒCƒ€Œ‹‰Êz2023MotoGP‘æ10íƒI[ƒXƒgƒŠƒAGP ƒtƒŠ[‘–s1‰ñ–Ú,https://news.yahoo.co.jp/articles/0d14d2cdb0da357ddca4e97fd4fe65d71a24983c,8/18(‹à) 18:40
rcg,‘S“ú–{ƒ[ƒhƒ‰ƒCƒ_[‚ÆŠÖŒWŽÒ‚ª‚à‚Ä‚¬2&4‚ð‘O‚É”WŒû—yŠó‚Ö–Ù“˜,https://news.yahoo.co.jp/articles/c360b42ce5ecb712080c38125b09b80133c51beb,8/18(‹à) 18:26
rcg,ƒWƒƒƒbƒNEƒGƒCƒgƒPƒ“‚ªIMSAƒtƒ‹ŽQíƒV[ƒg‚ðŠl“¾BƒVƒ€ƒY‚É‘ã‚í‚èAƒfƒ‰[ƒj‚ÆAXRƒLƒƒƒfƒ‰ƒbƒN‚ðƒVƒFƒA,https://news.yahoo.co.jp/articles/bcdeede82323cdd292849fdcce7d8c43a92549a3,8/18(‹à) 18:20
rcg,ã‚è’²Žq‚ÌDOCOMO TEAM DANDELION RACING‚Í‘æ7í‚à‚Ä‚¬‚Å‚àg‘ä•—‚Ì–Úh‚Æ‚È‚é‚©u–â‘è‚Í‚±‚Ì‹‚³vyƒX[ƒp[ƒtƒH[ƒ~ƒ…ƒ‰z,https://news.yahoo.co.jp/articles/4337977ee1e6d9a8d280bc4b0ea4772197ae5578,8/18(‹à) 18:15
rcg,ƒVƒ€ƒYA2024”N‚ÍƒRƒ‹ƒxƒbƒg‚ÅGTDƒvƒ‚ÉŽQí‚ÖBWTR•œ‹A‚ÌƒWƒ‡[ƒ_ƒ“‚ÌŒã”C‚É”²“F,https://news.yahoo.co.jp/articles/f32159d1495e660cc52b583f88b51149d7e25574,8/18(‹à) 17:29
rcg,‘æ5í—éŽ­‚©‚ç‘æ3ƒhƒ‰ƒCƒo[‚ð–±‚ß‚éK2 R&D LEON RACING‚Ì•àVŽ¡Ž÷‚ªƒX[ƒp[GTƒ‹[ƒL[ƒeƒXƒg‚É‡Ši,https://news.yahoo.co.jp/articles/f0e11f32309864ef6b4127066b668f7993efae26,8/18(‹à) 16:43
rcg,ƒAƒ‹ƒs[ƒkF1A¡‹G‚Ì–Ú•W‚Í•Ï‚í‚ç‚¸g‘IŽèŒ 4ˆÊh‚Ì‚Ü‚ÜBƒV[ƒYƒ“Œã”¼‚àƒAƒbƒvƒf[ƒg‚ð—\’è,https://news.yahoo.co.jp/articles/3b56f70ac423655128df25060aea44779036083a,8/18(‹à) 14:51
rcg,ƒAƒLƒ…ƒ‰‰‚ÌEVwZDXx500”n—Í‚ð•ú‚ÂwZDXƒ^ƒCƒvSx‚ª¢ŠE‰ŒöŠJBŽŸ¢‘ãƒXƒ|[ƒcEV‚ÌƒfƒUƒCƒ“EƒXƒ^ƒfƒBƒ‚ƒfƒ‹‚à,https://news.yahoo.co.jp/articles/1ebf485b779d3dd93b29453bd7063b5a5be413ce,8/18(‹à) 14:23
rcg,ƒ‹Eƒ}ƒ“‚ð§‚µ‚½ƒtƒFƒ‰[ƒŠAŽc‚è2í‚Åƒgƒˆƒ^‚ð’Ç‚¢‰z‚¹‚é‚©Bu­‚µ‰^‚ª•K—vv‚ÆƒJƒ‰ƒh^WEC,https://news.yahoo.co.jp/articles/cff5362cee8f0b1d029c3512c36bd223bd0de183,8/18(‹à) 12:30
rcg,ƒ‰ƒIƒX‚Ìg‹Éˆ«˜Hh‚ÅŽO•Hƒ‰ƒŠ[ƒA[ƒg‚Ìƒˆ[ƒ^[‚ª‘‡3”ÔŽè‚ÉBŽñˆÊ‚ÍˆË‘Rƒgƒˆƒ^‚ÌÂ–Ø‘ñ–^AXCRƒŒƒO4,https://news.yahoo.co.jp/articles/f026b3a8cd2824aa9fe26e0e937a4477b7148118,8/18(‹à) 11:17
rcg,ƒgƒ€ƒXAŠg’£«‚Ì‚‚¢ƒx[ƒXƒRƒ“ƒvƒŠ[ƒgƒJ[wTOMfS GR86 TSx‚ð”­•\B‘å‹K–ÍŽŽæ‰ï‚àŠJÃ,https://news.yahoo.co.jp/articles/6bba6c42b4b99e71df97a4cbf487f4f1be2bd4e4,8/18(‹à) 11:00
rcg,ƒtƒFƒ‰[ƒŠŒ³‰ï’·A•\²‘äŠl“¾‚ðŠì‚ñ‚¾ƒ`[ƒ€‚ÌŽp¨‚ð‹^–âŽ‹uƒGƒ“ƒcƒH‚È‚çŒˆ‚µ‚ÄŽó‚¯“ü‚ê‚È‚©‚Á‚½‚¾‚ë‚¤v,https://news.yahoo.co.jp/articles/2330da464929d5e3f561a4c87c2c4f5499508097,8/18(‹à) 11:00
rcg,Žá‚«ƒtƒFƒ‹ƒXƒ^ƒbƒyƒ“‚Æ‚ÌŒ_–ñA”ò‚Ñ‹‰‚ÅF1‚Éæ‚¹‚é‚±‚Æ‚Íu‚©‚È‚è—E‹C‚Ì‚¢‚é‚±‚Æ‚¾‚Á‚½v‚Æƒ}ƒ‹ƒR,https://news.yahoo.co.jp/articles/aea6313318efed74c66a2c13eb4c2de42e9f470e,8/18(‹à) 9:30
rcg,ƒ}ƒbƒT‚ª2008”N‚Ìƒ^ƒCƒgƒ‹‘rŽ¸‚É‚Â‚¢‚ÄF1‚ÆFIA‚É‘Î‚µ‘¹ŠQ”…ž¿‹‚ÖBgƒNƒ‰ƒbƒVƒ…ƒQ[ƒgh‚ð‰B•Á‚µ‚½‚Æ‚ÌŽå’£,https://news.yahoo.co.jp/articles/910fa6252e70d5d52ce8493b7c5e13becde5460b,8/18(‹à) 8:46
rcg,“ì•ÄSCB“Š“ü—\’è‚ÌV¢‘ãŽÔ—¼‹K’èwAudace SNG01x”­•\B500PS‹‰‚Ì4‹C“›2.1Lƒ^[ƒ{‚ð“‹Ú,https://news.yahoo.co.jp/articles/1f7607935a6b7fc0e7dda882670d8b9695566cdb,8/17(–Ø) 19:12
rcg,g¹’nh‚Å‚ÌƒJƒbƒv2í–Úƒgƒbƒv10‚ªŒã‰Ÿ‚µ‚©B—ˆ‹GNASCAR’§í‚ª”ZŒú‚ÈSVG‚ÌŒã”C‚Í‰‘ãTCR‰¤ŽÒ‚É,https://news.yahoo.co.jp/articles/b3c6a59a253ec26a460906f1cacaea0cc1b8ebd9,8/17(–Ø) 18:32
rcg,‘Š–ÍŒ´ŽsAŠp“c—T‹B‚ÌƒgƒƒtƒB[‚âƒŒ[ƒVƒ“ƒOƒMƒA‚ð“Á•Ê“WŽ¦Bƒtƒ@ƒ“‚©‚ç‚Ì‰ž‰‡ƒƒbƒZ[ƒWŽû˜^‚àŽÀŽ{,https://news.yahoo.co.jp/articles/f6160ed5bed8c2c1206da746af6107f2804258a9,8/17(–Ø) 18:23
rcg,2˜AŸ’†‚ÌƒAƒXƒgƒ“ƒ}[ƒeƒBƒ“AÅVBoP‚Ì•W“I‚ÉBVIR‚Å–ñ12”n—Í‚Ìƒpƒ[ƒ_ƒEƒ“^IMSA,https://news.yahoo.co.jp/articles/c1d46eebaca26e9adc89a179276bc57ef9336b77,8/17(–Ø) 17:46
rcg,HRC“n•ÓŽÐ’·‚ª”WŒû—yŠó‚É’Ç“‰ƒRƒƒ“ƒgu‰½Ž–‚É‚àˆÓ—~“I‚ÉŽæ‚è‘g‚ÞŽp¨‚ªˆóÛ“I‚ÅA‚±‚ê‚©‚ç‚ÌŠˆ–ô‚ªŠy‚µ‚Ý‚¾‚Á‚½v,https://news.yahoo.co.jp/articles/686efb4ac79b63dfda68c58adee21c23fb3139ef,8/17(–Ø) 16:42
rcg,ƒ‰ƒbƒZƒ‹AF1ƒXƒvƒŠƒ“ƒg‚Ìƒpƒ‹ƒNƒtƒFƒ‹ƒ‹K‘¥‚É•s–žuƒ}ƒVƒ“‚ÌƒZƒbƒgƒAƒbƒv•ÏX‚ð‹–‚·‚×‚«v,https://news.yahoo.co.jp/articles/acbcdb0af1726b5848433b63f08c7fa234059ad9,8/17(–Ø) 16:34
rcg,SRTƒoƒCƒp[‚ÅGTLM‰¤ŽÒ‚Æ‚È‚Á‚½ƒNƒmEƒEƒBƒbƒgƒ}[‚ªˆø‘Þ‚ð”­•\BBMWAƒ}ƒNƒ‰[ƒŒƒ“‚È‚Ç‚Å‚àŠˆ–ô,https://news.yahoo.co.jp/articles/0b5b188f88729407d3cecfbd22210fc0f44524c2,8/17(–Ø) 16:07
rcg,SF23‚Ígƒs[ƒNh‚ðo‚¹I@ƒŠƒAƒ€Eƒ[ƒ\ƒ“w‰c‚ª“¾‚½ƒn[ƒh•ƒ\ƒtƒg—¼–Ê‚Ìi‰»‚ÆAƒX[ƒp[ƒtƒH[ƒ~ƒ…ƒ‰I”Õí‚ÌgS”zh,https://news.yahoo.co.jp/articles/208b6e37774aeaefb52c91a308c1f90bb0541188,8/17(–Ø) 13:25
rcg,’nŒ³ŒoÏ‚É‘å‚«‚È‰e‹¿‚ð‚à‚½‚ç‚µ‚½F1ƒ}ƒCƒAƒ~GPBŠÏŒõ“sŽs‚É‚¨‚¯‚éƒOƒ‰ƒ“ƒvƒŠŠJÃ‚Ì—˜“_‚à–¾‚ç‚©‚É,https://news.yahoo.co.jp/articles/f257a094a44bbda1cd49200d7815f6c5e92ece45,8/17(–Ø) 12:39
rcg,ƒgƒˆƒ^‚ÌÂ–Ø‘ñ–‚ªŽñˆÊ‚É•‚ãBŽO•Hƒ‰ƒŠ[ƒA[ƒg¨‚Í4A8”ÔŽè‚Å‘O”¼í‚ðI‚¦‚é^ƒAƒWƒAƒNƒƒXƒJƒ“ƒgƒŠ[ƒ‰ƒŠ[2023,https://news.yahoo.co.jp/articles/9b96c576f9e5beffbb4fc18b1ea7aa004673c03f,8/17(–Ø) 11:59
rcg,ƒAƒ‹ƒs[ƒkF1Œ³‘ã•\ƒTƒtƒiƒEƒA[‚ªƒ‹ƒm[ã‘w•”‚ð”á”»u¬Œ÷‚É•K—v‚ÈƒvƒƒZƒX‚ð—‰ð‚µ‚Ä‚­‚ê‚È‚©‚Á‚½v,https://news.yahoo.co.jp/articles/dc5269979f527bade4a4f8cb35363ed94527793a,8/17(–Ø) 9:36
rcg,yæ]•ñz”WŒû—yŠó‚ªƒAƒWƒAƒ[ƒh‘æ4íASB1000‚Ì‘½dƒNƒ‰ƒbƒVƒ…‚Å–S‚­‚È‚é,https://news.yahoo.co.jp/articles/a355ef27957c14c7087dffae4f459dcb5ae0e3bd,8/17(–Ø) 9:11
rcg,ƒAƒ‹ƒtƒ@ƒƒƒIF1A9ŒŽ‚É‰Á“ü‚·‚éVTDƒL[‚ÉuƒpƒtƒH[ƒ}ƒ“ƒX‰ü‘P‚Æ‹Zp•”–å‚ÌŒ`¬‚Ì‰‡•v‚ð‹‚ß‚é,https://news.yahoo.co.jp/articles/b3ce82f47f5a0f827c228a6fd1eaa19dc8138316,8/17(–Ø) 7:05
rcg,ƒn[ƒX‘ã•\AV‹KŽQ“ü‚É‚æ‚égˆÀ’è«‚Ì‘rŽ¸h‚ðŠëœœu‘¼ƒ`[ƒ€‚ð“ü‚ê‚½‚ç‚Ç‚±‚©‚ªŠë‹@‚ÉŠ×‚é‚©‚à‚µ‚ê‚È‚¢v,https://news.yahoo.co.jp/articles/87b361a2cd2fb3f9a0a8a94deec52ad5172c3a6b,8/17(–Ø) 6:19
rcg,ƒGƒXƒeƒoƒ“EƒOƒGƒŠƒGƒŠ‚ªVŒ^wƒgƒˆƒ^EƒJƒ[ƒ‰GRS TCRx‚É“‹æB¢ŠEí•¹Ã“ì•Äƒ‰ƒEƒ“ƒhoê‚Ö,https://news.yahoo.co.jp/articles/53dc127b86b73618789974400bc446b05214642b,8/16(…) 18:33
rcg,‰J—‚Ý‚Ì”g—‚Æ¬“×‚ð§‚µABMW‚Ìƒqƒ‹‚ªƒNƒ‰ƒVƒbƒN˜AŸBD’²ƒTƒbƒgƒ“‚à¡‹G8Ÿ–Ú^BTCC‘æ7í,https://news.yahoo.co.jp/articles/8b905d5086b7d686e1acd0faf18c67d69463e502,8/16(…) 18:05
rcg,2026”N‚ÌƒAƒEƒfƒB‚ÌF1ŽQ“ü‚ð‘O‚Éƒ{ƒbƒ^ƒX‚Ìl‚¦•û‚É•Ï‰»u‚»‚Ìˆê’[‚ð’S‚¦‚é‚Æ‚µ‚½‚ç—ã‚Ý‚É‚È‚év,https://news.yahoo.co.jp/articles/ea452e4db3ef1640b68ef4e6e296cb3ff3030089,8/16(…) 17:11
rcg,ƒ~ƒbƒNEƒVƒ…[ƒ}ƒbƒn[F1•œ‹A‚Ì‰Â”\«‚ðŽw“E‚·‚éºBŒó•â‚ÍƒEƒCƒŠƒAƒ€ƒY‚©,https://news.yahoo.co.jp/articles/a7458ab56ff3195d5c08f07714a6ea3ba2f713a6,8/16(…) 15:55
rcg,ƒqƒ…ƒ‹ƒPƒ“ƒxƒ‹ƒOAƒhƒCƒc‚Å‚ÌF1l‹C‚Ì’á‰º‚ÍuŽ©“®ŽÔŽY‹Æ‚ª‹CŒó•Ï“®‚ÌŒ´ˆö‚¾‚Æ”FŽ¯‚³‚ê‚Ä‚¢‚é‚±‚Æv‚àˆêˆö‚¾‚ÆŒê‚é,https://news.yahoo.co.jp/articles/1a01bd524bbdbd2c6be6e8ccfc55f183362ce0c6,8/16(…) 14:04
rcg,ƒX[ƒp[ƒtƒH[ƒ~ƒ…ƒ‰A’Ë‰zL‘å‚Æ‚¯–¾½‚ð2023”NŠJ”­ƒhƒ‰ƒCƒo[‚É‹N—pB”N“à‚É2‰ñA‡Œv3“úŠÔ‚ÌŠJ”­ƒeƒXƒg‚ðŽÀŽ{,https://news.yahoo.co.jp/articles/28325341fabcb0ba09422596137b1b8f7e3797bd,8/16(…) 14:00
rcg,ƒAƒXƒgƒ“ƒ}[ƒeƒBƒ“wDB12ƒ”ƒHƒ‰ƒ“ƒex”­•\B–ÚŽw‚µ‚½‚Ì‚Í‹†‹É‚ÌƒI[ƒvƒ“ƒgƒbƒvEƒX[ƒp[ƒcƒAƒ‰[,https://news.yahoo.co.jp/articles/4b1d8bf6975715dd9d1bb3aa0dbbed2c20d8b8dd,8/16(…) 13:42
rcg,ƒ`[ƒ€ŽO•Hƒ‰ƒŠ[ƒA[ƒgA‘O”N”eŽÒƒˆ[ƒ^\‚ª4”ÔŽè‚É•‚ãBƒŒƒO1‚Ìˆê•”‚ª–³Œø‚Æ‚È‚èãˆÊ‚ÍÚ‹ßí‚É^AXCR2023 ƒŒƒO2,https://news.yahoo.co.jp/articles/b3d9c28d083595a07e166f842a37ca9efadebcb1,8/16(…) 11:52
rcg,yF1ƒ`[ƒ€‚ðŽx‚¦‚élX(4)ƒ}ƒCƒPƒ‹EƒCƒ^ƒŠƒA[ƒmzŠp“c—T‹B‚ÌƒpƒtƒH[ƒ}ƒ“ƒXƒR[ƒ`Bí‚É•t‚«“Y‚¢Ag‘ÌE¸_–Ê‚ðƒPƒA,https://news.yahoo.co.jp/articles/7d5f289276f255d0ed38e0ef643922630823cf02,8/16(…) 9:37
rcg,2024”N‚ÉF1ƒ}ƒCƒAƒ~GP‚ðƒiƒCƒgƒŒ[ƒX‰»‚·‚é‰Â”\«‚Íu”ñí‚É’á‚¢v‚Æ‰ï’·‚ª”­Œ¾B³“–‚È——R‚ª‚ ‚ê‚Î‹c˜_‚ðŒp‘±,https://news.yahoo.co.jp/articles/b4aa41059ff3a7704e27ef054acd5524c4fecf4e,8/16(…) 7:14
rcg,uW14‚É‚ÍƒXƒC[ƒgƒXƒ|ƒbƒg‚ª‚È‚¢vƒƒ‹ƒZƒfƒXF1‘ã•\Aƒ}ƒVƒ“‚ÉŽè‚±‚¸‚éƒ‰ƒbƒZƒ‹‚ªŽ©M‚ðŽ¸‚¤‰Â”\«‚à‚ ‚é‚ÆŒœ”O,https://news.yahoo.co.jp/articles/43fdf4676d495b70e19f0da19bcc2961dbfb7236,8/16(…) 6:12
rcg,ƒX[ƒp[‘Ï‹vST-QƒNƒ‰ƒX‚É’§‚ÞTeam HRCA’…ŽÀ‚Èi‰»‚ð‹‚°‘æ5í‚à‚Ä‚¬‚Ìƒz[ƒ€ƒŒ[ƒX‚Ö,https://news.yahoo.co.jp/articles/4e78af8bf65ebf58f9ff55a65bc880e92bc43832,8/15(‰Î) 20:12
rcg,‘“àÅ‘å‹‰‚ÌEVƒJ[ƒgê‚ðŠÜ‚Þ•¡‡Ž{ÝwƒVƒeƒBƒT[ƒLƒbƒg“Œ‹žƒxƒCx‚ª“Œ‹žEÂŠC‚É’a¶‚ÖB2023”N10ŒŽ‰º{ŠJ‹Æ,https://news.yahoo.co.jp/articles/584a32e933f7f21aee1afab68180e8f39de9e56a,8/15(‰Î) 18:55
rcg,‰ù‚©‚µ‚³‚ÆŽaV‚³‚ð•¹‚¹Ž‚ÂƒGƒ“ƒPƒCEƒlƒIƒNƒ‰ƒbƒVƒbƒNÅVìwƒAƒ‹ƒ”ƒB[ƒ^x”­•\B¡H”­”„‚Ö,https://news.yahoo.co.jp/articles/0a0a0ceb3800c56f19b9ac1f98e177dcd64c88a7,8/15(‰Î) 17:35
rcg,ƒX[ƒp[GT‘æ5í—éŽ­‚ÌGT300ƒNƒ‰ƒXŒöŽ®—\‘IQ1‘g•ª‚¯‚ª”­•\,https://news.yahoo.co.jp/articles/998473d8048ef116f19cae7e375fded8204f3df8,8/15(‰Î) 17:17
rcg,g‹°—³ƒ|ƒ‹ƒVƒFh‚Ìƒsƒ“ƒNŽd—l‚ªIMSA‚É“oêBWEC•xŽm‚É—ˆ“ú‚·‚é911 RSR‚Å‚Í—Î‚ÌwƒŒƒLƒV[x‚ª•œŠˆ‚Ö,https://news.yahoo.co.jp/articles/e903fcaedde981d153bab084028ea634fb74de43,8/15(‰Î) 16:21
rcg,ƒvƒWƒ‡[AŽåŽ²w308x‚É‚àãŽ¿‚Èƒuƒ‹[‚ÌƒiƒbƒpƒŒƒU[ƒV[ƒg‚ð‘•”õ‚µ‚½“Á•ÊŽd—lŽÔ‚ðÝ’è,https://news.yahoo.co.jp/articles/01ca2bbceba38a4a99ce5ade2c5e04896a5afcad,8/15(‰Î) 14:58
rcg,uƒ}ƒNƒ‰[ƒŒƒ“F1‚ÅŸ‚¿‚½‚¢‚µAƒ^ƒCƒgƒ‹‚ðŠl‚è‚½‚¢vƒmƒŠƒXAƒ`[ƒ€‚Ì‰ü‘P‚É‚æ‚è–Ú•W’B¬‚É‚àŽ©M‚ªŽ‚Ä‚é‚ÆŒê‚é,https://news.yahoo.co.jp/articles/d554dbc417888d6fee7367bf47fbd6761c5aa92c,8/15(‰Î) 14:06
rcg,Œ©‚½–Ú‚ÍSUV‚Å‚àA’†g‚ÍƒŒ[ƒVƒ“ƒOƒJ[‚É‹¤’Ê‚·‚éƒAƒvƒ[ƒ`^ƒtƒHƒ‹ƒNƒXƒ[ƒQƒ“ID.4ŽŽæ,https://news.yahoo.co.jp/articles/e2a12ce53eb3f30eec68c8d98bfeaf2e0091eb9f,8/15(‰Î) 13:32
rcg,ƒAƒWƒAƒNƒƒXƒJƒ“ƒgƒŠ[ƒ‰ƒŠ[2023ŠJ–‹Bg‰¤ŽÒhŽO•Hƒ‰ƒŠ[ƒA[ƒg‚Í‘år‚ê‚Ì‹£‹Z‰“ú‚ðI‚¦6”ÔŽè,https://news.yahoo.co.jp/articles/e01505c7e982d921bb6827519b0489c55bd727cc,8/15(‰Î) 12:33
rcg,ƒtƒFƒ‹ƒXƒ^ƒbƒyƒ“A¡‹G‘O”¼í‚ÌgÅ‚àŠy‚µ‚ñ‚¾ƒŒ[ƒXh‚ÉF1ƒ}ƒCƒAƒ~GP‚ð‘IouƒŒ[ƒX‘S‘Ì‚ð‚¤‚Ü‚­‚Ü‚Æ‚ß‚ç‚ê‚½v,https://news.yahoo.co.jp/articles/5419457aeded1bdf439293628ebbdf61dd65f1b0,8/15(‰Î) 12:32
rcg,wƒtƒFƒ‰[ƒŠ333SPx24ŽžŠÔƒŒ[ƒX‚Ì§”e‚ð‘_‚Á‚½ƒI[ƒvƒ“ƒvƒƒgy–Y‚ê‚ª‚½‚«–ÁŽÔ‚½‚¿z,https://news.yahoo.co.jp/articles/22dd8d59be1f3faf634b523160adffc4251cb78e,8/15(‰Î) 9:32
rcg,ƒ„ƒ}ƒn‚Æƒzƒ“ƒ_‚ÌVƒp[ƒcB‰J‚ÌƒVƒ‹ƒo[ƒXƒgƒ“‚Ì‰e‹¿‚Í^MotoGP‚ÌŒäˆÓŒ©”Ô‚É•·‚­ƒCƒMƒŠƒXGP,https://news.yahoo.co.jp/articles/8afd35b7bc8557bb09733c82e9b265c8dba826cb,8/15(‰Î) 7:23
rcg,ƒAƒ‹ƒtƒ@ƒ^ƒEƒŠF1‚ð‰ðŒÙ‚³‚ê‚½ƒfEƒtƒŠ[ƒX‚ðƒƒ‹ƒZƒfƒX‘ã•\‚ª—iŒìu”Þ‚É‚Í‚à‚¤­‚µŽžŠÔ‚ª•K—v‚¾‚Á‚½v,https://news.yahoo.co.jp/articles/1d49dc2037c5373bd408aad8f42ac4bf1b7f9302,8/15(‰Î) 6:46
rcg,ŽüŠ¥‰FAƒAƒ‹ƒtƒ@ƒƒƒIF1‚Å‚Ì«—ˆ‚É‚Â‚¢‚Äƒ`[ƒ€‚Æ‚Ì˜b‚µ‡‚¢‚ªis’†u‰Ä‹x‚ÝI—¹‘O‚ÉŒ©’Ê‚µ‚ð–¾Šm‚É‚µ‚½‚¢v,https://news.yahoo.co.jp/articles/a707278b85c7515d2e5ca1eb8e342723ea531332,8/15(‰Î) 5:56
rcg,GTAAƒX[ƒp[GT‘æ5í—éŽ­‚Å‚Ìƒhƒ‰ƒCƒrƒ“ƒOƒ‚ƒ‰ƒ‹ƒnƒU[ƒh§“x‚Ì’Ê’Bˆê——‚ð”­•\B2–¼‚ªŒöŽ®—ûK‚Å1ŽžŠÔŽQ‰Á‹ÖŽ~,https://news.yahoo.co.jp/articles/75af3ad25a162116cb54c1276435a954e3683e5a,8/14(ŒŽ) 21:59
rcg,ƒ‰ƒ“ƒ{ƒ‹ƒM[ƒjSC63AƒVƒFƒCƒNƒ_ƒEƒ“‚ðI‚¦–{ŠiƒeƒXƒg‚ðŠJŽnB2024”NWEC•IMSA‚Éƒfƒrƒ…[‚Ö,https://news.yahoo.co.jp/articles/8d849b1d2dc9ef2a02283268978eae55301529a2,8/14(ŒŽ) 21:25
rcg,‹êí‚ª‘±‚­MƒXƒ|[ƒcAƒMƒŠƒVƒƒ‚Ü‚Å‚Ì‰Ä‹x‚Ý‚ªuƒŠƒZƒbƒg‚·‚évâD‚ÌŠúŠÔ‚Æƒ~ƒ‹ƒi[‘ã•\^WRC,https://news.yahoo.co.jp/articles/f4f676a062adb3e532d7e778aeff1c46cc25852a,8/14(ŒŽ) 19:02
rcg,ƒX[ƒp[GT‘æ5í—éŽ­‚ÌƒGƒ“ƒgƒŠ[ƒŠƒXƒg‚ª”­•\B—¼ƒNƒ‰ƒX‡Œv40‘ä‚ªŽQí,https://news.yahoo.co.jp/articles/dce11c844e2a3a6f5c7b0a6149016582354e01cb,8/14(ŒŽ) 17:29
rcg,K2 R&D LEON RACINGAƒX[ƒp[GT‘æ5í—éŽ­‚Æ‘æ7íƒI[ƒgƒ|ƒŠƒX‚É•àVŽ¡Ž÷‚ð‘æ3ƒhƒ‰ƒCƒo[‚É“o˜^,https://news.yahoo.co.jp/articles/f24bb2e7afd46d7a36fbbf5cd650aa6c3ce6decf,8/14(ŒŽ) 16:28
rcg,ƒAƒŒƒbƒNƒXEƒŠƒ“ƒXA‘æ10íƒI[ƒXƒgƒŠƒAGP‚àŒ‡êBƒCƒPƒ‹EƒŒƒNƒI[ƒi‚ªˆø‚«‘±‚«‘ã–ðŽQí‚Ö^MotoGP,https://news.yahoo.co.jp/articles/69872c2c29b9e2ebd69cff894892739ab38abf9c,8/14(ŒŽ) 16:00
rcg,ƒtƒƒ“ƒgƒƒE“Æè‚Ìƒ‹ƒm[Eƒtƒ‹[ƒGƒ“ƒXGT‚ªT––2ƒq[ƒg‚ðŠ®‘S§ˆ³^TC2000‘æ8í,https://news.yahoo.co.jp/articles/b77c91bf17cf41e0939cc283ec9d1ec27a6cc77b,8/14(ŒŽ) 15:20
rcg,ƒOƒŒƒV[ƒjAƒhƒDƒJƒeƒB‚ÆŒ_–ñ‚ð‰„’·BƒAƒŒƒbƒNƒXEƒ}ƒ‹ƒPƒX‚àŒp‘±‚ÅA2024”N‚ÌMotoGPƒ‰ƒCƒ“ƒAƒbƒv15l‚ªŠm’è,https://news.yahoo.co.jp/articles/4aef737caf7d20cffc59d1d67b56cb7aebbbafb0,8/14(ŒŽ) 15:13
rcg,ƒ‰ƒbƒZƒ‹AFIA F3‚É‚¨‚¯‚éƒR[ƒXã‚Ì‰ß–§ó‹µ‚ðŒœ”Ouˆê“x‚É30‘ä‚Ìƒ}ƒVƒ“‚ðƒR[ƒX‚Éo‚·‚×‚«‚Å‚Í‚È‚¢v,https://news.yahoo.co.jp/articles/fbc57389c104fe4ee0eacc356c2b1a54e514c53e,8/14(ŒŽ) 15:00
rcg,ƒvƒWƒ‡[AŽå—ÍBƒZƒO‚Ìw208^2008x‚ÉãŽ¿Š´‚ð‚‚ß‚½“Á•ÊŽd—lŽÔgGTƒvƒŒƒ~ƒAƒ€EƒGƒfƒBƒVƒ‡ƒ“hÝ’è,https://news.yahoo.co.jp/articles/f259847b365ade8fefa1fb14ded1605f6efbd035,8/14(ŒŽ) 14:59
rcg,”g—‚Ìƒfƒrƒ…[í‚Å¬—Ñ‰Â–²ˆÌ‚ª“¾‚½g‚¢‚¢ƒŒ[ƒX‚ª‚Å‚«‚éhŽè‰ž‚¦u‚º‚ÐÄ’§í‚µ‚½‚¢vyNASCAR‘æ24íŒãƒRƒƒ“ƒg‘S•¶z,https://news.yahoo.co.jp/articles/b564e50bd9a853c463bf0526f302ff979cd60fe3,8/14(ŒŽ) 13:27
rcg,ƒ`[ƒ€WRTALMGT3ŽQí‚ÉŒü‚¯GTƒXƒ^ƒbƒt‚Ì‘ˆõ‚ðŒv‰æBGTWCƒˆ[ƒƒbƒp‚àŒp‘±—\’è,https://news.yahoo.co.jp/articles/c114100bee4ca2d85f10320849c47656c6769c7d,8/14(ŒŽ) 12:55
rcg,uƒAƒ“ƒhƒŒƒbƒeƒB‚ÍƒAƒ‹ƒs[ƒkF1‚ð”ƒŽû‚·‚×‚«v‚Æƒwƒ‹ƒ€[ƒgEƒ}ƒ‹ƒRB‘o•û‚ÉƒƒŠƒbƒg‚ª‚ ‚é‚ÆŽå’£,https://news.yahoo.co.jp/articles/9a6abe82874ff7f2e3746ee1a89d45dae2c5e391,8/14(ŒŽ) 12:39
rcg,ƒpƒƒE‚ªƒ}ƒNƒ‰[ƒŒƒ“‚Ö‚ÌˆÚÐ’†Ž~‚ÅŒ_–ñ–â‘è‚ªÄ”­uF1ƒeƒXƒg‚ðŠÜ‚Þ‘½Šz‚Ì“ŠŽ‘‚ª–³‘Ê‚É‚È‚Á‚½v‚ÆŽ¸–]‚·‚éƒuƒ‰ƒEƒ“CEO,https://news.yahoo.co.jp/articles/040044714b0e095a08ae3d567357ca75d6fb241f,8/14(ŒŽ) 10:20
rcg,ƒEƒCƒŠƒAƒ€ƒYF1‘ã•\AƒpƒbƒgEƒtƒ‰ƒCŠl“¾‚Ìd—v«‚ðŽw“EuƒJƒ‹ƒ`ƒƒ[‚Ì•Ï‰»‚Ì‚È‚©‚Å‘gD‚ð®‚¦‚Ä‚­‚ê‚él•¨v,https://news.yahoo.co.jp/articles/4f723148fe1f4b081d160dc7247c8121b2c07e78,8/14(ŒŽ) 7:02
rcg,ƒfƒrƒ…[í‚Ì¬—Ñ‰Â–²ˆÌ‚ÉNASCAR‚Ìô—çBŒã•û‚©‚ç‚Ì’Ç“ËŽó‚¯2“x‚ÌƒXƒsƒ“‚àA”S‚è‚Ì33ˆÊŠ®‘–,https://news.yahoo.co.jp/articles/6868c86374663da670ff62e19f5d75b64f6a8d78,8/14(ŒŽ) 6:20
rcg,g¢ŠEh‚Ö‚ÌŽŸ‚È‚éƒXƒeƒbƒv‚ÖBWEC‘æ6í•xŽm‚ÉAFƒRƒ‹ƒZ‚©‚ç¬ò—mŽj‚ÆƒPƒCEƒRƒbƒcƒHƒŠ[ƒm‚ªƒXƒ|ƒbƒgŽQí,https://news.yahoo.co.jp/articles/3f88304b2eebf6d097e256d03efd1d04f1dbd54c,8/13(“ú) 17:01
rcg,ƒCƒ“ƒfƒBƒJ[‘æ14íƒCƒ“ƒfƒBƒAƒiƒ|ƒŠƒX^ˆêŽžÅŒã”ö‚ÌƒXƒRƒbƒgEƒfƒBƒNƒ\ƒ“‚ªí—ª“I’†‚Å‘å‹t“]B’ÊŽZ54Ÿ–Ú‚ðü‚é,https://news.yahoo.co.jp/articles/e02f461d4adace57676e1c75c8540afb32d7a9c7,8/13(“ú) 13:56
rcg,ƒfƒCƒgƒi24ŽžŠÔ‚Å•s³”­Šo‚ÌMSRAƒAƒLƒ…ƒ‰ARX-06‚Å‚ÌIMSAŽQíŒp‘±‚ÉˆÃ‰_‚©,https://news.yahoo.co.jp/articles/0b0e75dce40a2412b1e3aae766d386280bc978c6,8/13(“ú) 13:16
rcg,‘å·‹µ‚ÅƒOƒŠƒbƒh•s‘«‚ª—\‘z‚³‚ê‚éIMSAA2024”N‚Ì”NŠÔƒGƒ“ƒgƒŠ[”­•\‚ðÅIí‚Ég‘O“|‚µh,https://news.yahoo.co.jp/articles/c46547d83fb25d6a7170aef97820c9b1573dc114,8/13(“ú) 12:30
rcg,¬—Ñ‰Â–²ˆÌA‘Ò–]‚ÌNASCARƒfƒrƒ…[‚Íu‹Á‚«‚Ì˜A‘±vB–ñ1•b·‚Ì—\‘I28”ÔŽè‚Éu‚Ü‚¾‚Ü‚¾Šª‚«•Ô‚¹‚év,https://news.yahoo.co.jp/articles/1a2dbe774ad4d5fac0289873ec3f7e626e88d391,8/13(“ú) 11:17
rcg,JRCAA‹‰J”íŠQ‚ðŽó‚¯‚½“‚’ÃŽs‚Ö‚Ì‹`‰‡‹à•åWŠˆ“®‚ðŽÀŽ{B‘S“ú–{ƒ‰ƒŠ[ŠJÃ’nˆæ‚Ì‘Šú•œ‹»‚ðŽx‰‡,https://news.yahoo.co.jp/articles/eec77712408d5a3010800663658a21bd2415542f,8/13(“ú) 8:10
rcg,yF1ƒ`[ƒ€‘ã•\‚ÌŒ»êŽ–îFƒAƒ‹ƒs[ƒkzŒƒ“®‚Ì3TŠÔ‚ðŒo‚Ä—£’E‚ªŒˆ‚Ü‚Á‚½ƒTƒtƒiƒEƒA[‚ÌÅŒã‚ÌŽdŽ–,https://news.yahoo.co.jp/articles/fafd0a1beb4e15ea5eef361511e9bd2f55d555a8,8/13(“ú) 7:30
rcg,ƒŒƒbƒhƒuƒ‹F1‘ã•\A‹B‘R‚Æ‚µ‚½‘Ô“x‚ÅgŽè‹­‚¢hƒtƒFƒ‹ƒXƒ^ƒbƒyƒ“‚É‘Î‰ž‚·‚é’S“–ƒGƒ“ƒWƒjƒA‚Ìƒ‰ƒ“ƒrƒA[ƒ[‚ðÌŽ^,https://news.yahoo.co.jp/articles/03d055c1b2afaf2556a0a680c5bba9d9d968eb93,8/13(“ú) 6:00
rcg,15”ÔŽèƒXƒ^[ƒg‚ÌƒfƒBƒNƒ\ƒ“‚ª‹t“]—DŸy‡ˆÊŒ‹‰ÊzƒCƒ“ƒfƒBƒJ[‘æ14íŒˆŸƒCƒ“ƒfƒBƒAƒiƒ|ƒŠƒX,https://news.yahoo.co.jp/articles/c66eb45c99b19fcf32e479c77998e011b54a42dd,8/13(“ú) 5:59
rcg,SBKFƒhƒ~ƒjƒNEƒGƒK[ƒ^[Aƒ„ƒ}ƒn‚Æ2024”N‚Ü‚ÅŒ_–ñXVBŠ‘®‚·‚éƒ`[ƒ€‚Í–¢”­•\,https://news.yahoo.co.jp/articles/4af9d1d340465c3b85701b64caaa544513a2482f,8/12(“y) 22:16
rcg,ŽO•Hƒ‰ƒŠ[ƒA[ƒgA2˜A”e‚Ö‚Ì’§í‚ª‚¢‚æ‚¢‚æƒXƒ^[ƒgBŽñ”]w‚ªVŒ^ƒgƒ‰ƒCƒgƒ“‚ÌŽdã‚ª‚è‚ÉŽ©M‚ÌƒRƒƒ“ƒg^AXCR2023,https://news.yahoo.co.jp/articles/b3879f731d3bb1596534863318eb1fa4d078349a,8/12(“y) 19:00
rcg,VŒ^wƒgƒ‰ƒCƒgƒ“x‚ÌƒVƒFƒCƒNƒ_ƒEƒ“‚ªŠ®—¹Bƒ`[ƒ€ŽO•Hƒ‰ƒŠ[ƒA[ƒgAƒAƒWƒAƒNƒƒXƒJƒ“ƒgƒŠ[ƒ‰ƒŠ[2˜A”e‚ÉŒü‚¯”­i,https://news.yahoo.co.jp/articles/3876bc76827d00f2099c06ae642efca597d7b848,8/12(“y) 17:25
rcg,Ÿ“c‹MŒ³gŸÓg‚ÌƒAƒ^ƒbƒNh‚Í•KŒ©B3ˆÊ‘ˆ‚¢‚ÌŸ”s‚ð•ª‚¯‚½SS‚ÌƒIƒ“ƒ{[ƒh‰f‘œ‚ªŒöŠJ^WRCƒtƒBƒ“ƒ‰ƒ“ƒh,https://news.yahoo.co.jp/articles/95ed5434513148e885bf376a3eda2ba339997619,8/12(“y) 15:12
rcg,yŠâ²•à–²ƒCƒ“ƒ^ƒrƒ…[zu–l‚Ì–²‚ÍƒŒƒbƒhƒuƒ‹AƒAƒXƒgƒ“ƒ}[ƒeƒBƒ“‚ÅF1‚Éæ‚é‚±‚Æ‚Å‚Í‚È‚¢vFIA F2I”Õí‚ÉŒü‚¯‚Ä,https://news.yahoo.co.jp/articles/0d5bcb3e84a33c97c867ff5bbc0275bba0aeb17a,8/12(“y) 15:04
rcg,ƒ`[ƒ€ƒƒCƒg‚ª¬—Ñ‰Â–²ˆÌ‚ÌNASCAR‰ƒeƒXƒg‚ðâŽ^uŒÀŠE‚É‘Î‚·‚éŠ´Šo‚É‚Í–{“–‚ÉŠ´–Á‚ðŽó‚¯‚½v,https://news.yahoo.co.jp/articles/a9af20127625c9e8141149f16d22850db46e90f6,8/12(“y) 14:21
rcg,ƒgƒ€Eƒuƒƒ“ƒNƒrƒXƒg‚ª—ˆ‹GƒCƒ“ƒfƒBƒJ[‚ÉMSR‚©‚çƒtƒ‹ƒ^ƒCƒ€ŽQíB4“x‚ÌwƒCƒ“ƒfƒB500x‰¤ŽÒƒGƒŠƒIEƒJƒXƒgƒƒlƒxƒX‚Íƒ`[ƒ€Œo‰cw‚Ö,https://news.yahoo.co.jp/articles/96c33b3625cd77347e152324d631139643995420,8/12(“y) 13:52
rcg,ƒ`[ƒ€ƒƒCƒg‹{“c‚àu“VË“Iv‚Æ•]‚·ƒ_ƒ“ƒvó‘Ô‚Å‚Ì’Øˆä‚Ì‘–‚èBSW72ƒLƒ‚Ìau TOM'S—\‘IÅŒã”ö‚©‚ç‹ºˆÐ‚Ì4ˆÊ,https://news.yahoo.co.jp/articles/38f289dfa1840bf4d0c6c246a29f30700185e3c4,8/12(“y) 12:30
rcg,F1ƒV[ƒg‚ðŽ¸‚Á‚½ƒfEƒtƒŠ[ƒXAƒŒ[ƒX‚©‚ç‚¢‚Á‚½‚ñ—£‚êAŠw‹Æ‚É—ã‚Þ,https://news.yahoo.co.jp/articles/6398e3ad450b6d45141fd0a24e8c60e44c247aea,8/12(“y) 10:12
rcg,ƒ_ƒjƒJEƒpƒgƒŠƒbƒNu—«ƒhƒ‰ƒCƒo[‚Í’j«‚Æˆê‚ÉƒŒ[ƒX‚ð‚·‚é‚×‚«vŒµ‚µ‚¢ŠÂ‹«‚Ég‚ð’u‚©‚È‚¯‚ê‚Î‚È‚ç‚È‚¢‚ÆŽå’£,https://news.yahoo.co.jp/articles/4a39582159de9eef41fe5848692ac2edcd139f62,8/12(“y) 7:30
rcg,ƒŠƒJƒ‹ƒhu–l‚Ì‘Ì—Í‚ª‘¼‚Ìƒhƒ‰ƒCƒo[‚Æ“¯‚¶‚Å‚È‚¢‚Ì‚Í–¾”’vF1‚ÌƒTƒ}[ƒuƒŒƒCƒN’†‚É‹­‰»‚ð}‚é,https://news.yahoo.co.jp/articles/72b2a79453811dafda8f238abc582d528a08cf8e,8/12(“y) 6:50
rcg,ƒCƒ“ƒfƒBƒJ[‘æ14íƒCƒ“ƒfƒBƒAƒiƒ|ƒŠƒX—\‘I^D’²ƒOƒ‰ƒnƒ€EƒŒƒCƒz[ƒ‹‚ª—\‘I“ú‚ð§ˆ³B’ÊŽZ4“x–Ú‚Ìƒ|[ƒ‹‚É‹P‚­,https://news.yahoo.co.jp/articles/91db516e409a183ad351922e3865b497202dd0f4,8/12(“y) 3:33
rcg,ƒŒƒCƒz[ƒ‹‚ª¡‹G‰‚Ìƒ|[ƒ‹Šl“¾y‡ˆÊŒ‹‰ÊzƒCƒ“ƒfƒBƒJ[‘æ14íƒCƒ“ƒfƒBƒAƒiƒ|ƒŠƒX—\‘I‘‡Œ‹‰Ê,https://news.yahoo.co.jp/articles/5dd83206a8913b4ff407dda71e35e45e858f1bce,8/12(“y) 2:45
rcg,ƒJƒ‹EƒNƒ‰ƒbƒ`ƒ[Aƒ‚ƒrƒŠƒeƒBƒŠƒ][ƒg‚à‚Ä‚¬‚ÅMotoGP“ú–{GP‚ÉŒü‚¯‚Äƒvƒ‰ƒCƒx[ƒgƒeƒXƒgŽÀŽ{,https://news.yahoo.co.jp/articles/d376414eed3eda97310168ed6e582a55d92432df,8/11(‹à) 18:17
rcg,—éŽ­ƒp[ƒLƒ“ƒOƒGƒŠƒA‚Éƒ[ƒ^ƒXEƒzƒ“ƒ_99T‚ª“WŽ¦B’†“ˆŒåAƒAƒCƒ‹ƒgƒ“EƒZƒi‚ª‹ì‚Á‚½–¼ŽÔ,https://news.yahoo.co.jp/articles/e344442defcde6869ae9ef61d52c6306c33d4175,8/11(‹à) 15:01
rcg,ƒ`[ƒ€ƒƒCƒg‹{“c‚àu“VË“Iv‚Æ•]‚·ƒ_ƒ“ƒvó‘Ô‚Å‚Ì’Øˆä‚Ì‘–‚èBSW72ƒLƒ‚Ìau TOM'S—\‘IÅŒã”ö‚©‚ç‹ºˆÐ‚Ì4ˆÊ,https://news.yahoo.co.jp/articles/10f13101d6cf3c5248a90e0c4ed4765b06cec437,8/11(‹à) 12:30
rcg,ƒsƒAƒXƒgƒŠAƒŒƒbƒhƒuƒ‹F1‚Ì‰\‚ÍgŒõ‰hh‚Æ‚µ‚Â‚Â‚àu¡‚¢‚éêŠ‚É–ž‘«‚µ‚Ä‚¢‚év‚ÆŽå’£,https://news.yahoo.co.jp/articles/40f9d63752b12afa2d841a910347ea3f6ebafc8b,8/11(‹à) 12:12
rcg,yF1ƒ`[ƒ€‚Ìí‚¢•ûF¬¼—ç—YƒRƒ‰ƒ€‘æ12‰ñz3“x‚ÌPUƒgƒ‰ƒuƒ‹‚ðæ‚è‰z‚¦‚½ƒjƒRBƒ^ƒCƒ„‚ÌŽg‚¢•û‚Ì‰ü‘P“_‚ª–¾Šm‚É,https://news.yahoo.co.jp/articles/21ac719b172ed35a320f41260141e61250a15a92,8/11(‹à) 11:16
rcg,u“Æ’f‚Å‚µ‚½v“y—j“úÅŒã‚ÌSS‚ÅŸ•‰‚Éo‚½Ÿ“c‹MŒ³B•\²‘ä‘ˆ‚¢‚É”s‚ê‚½ƒXƒjƒlƒ“‚Í—Ž’_u€”õ‚ª‚Å‚«‚Ä‚¢‚È‚©‚Á‚½v,https://news.yahoo.co.jp/articles/d4be294a8e0bc86201f1e493397fe27b0b474352,8/11(‹à) 11:15
rcg,ƒyƒŒƒX‚ÉŠÖ‚·‚éƒTƒ‰ƒŠ[ƒJƒbƒg‚Ì‰\‚ðƒŒƒbƒhƒuƒ‹F1Žñ”]‚ª”Û’èuŒ_–ñðŒ‚ÍŒµ–§‚É®‚¦‚ç‚ê‚Ä‚¢‚év,https://news.yahoo.co.jp/articles/5ec53c2ad2e005d1809174c644523c223e521feb,8/11(‹à) 7:40
rcg,ƒX[ƒp[ƒtƒH[ƒ~ƒ…ƒ‰ŽQí’†‚Ìƒ[ƒ\ƒ“Aƒ}ƒVƒ“‚ÍuƒXƒs[ƒh‚â‹““®A‹ó—Í‚Ì“_‚ÅF1‚ÉŽ—‚Ä‚¢‚év‚ÆŒê‚é,https://news.yahoo.co.jp/articles/bf3e39926729d8a2541459395058df5bf97516ae,8/11(‹à) 6:11
rcg,ƒX[ƒp[GT‘æ4í•xŽm‚ÌZFƒAƒ[ƒh‚Í‹t“]—DŸ‚ðü‚Á‚½11†ŽÔGAINER‚ªŽóÜ,https://news.yahoo.co.jp/articles/d8e92316c31a6e6f53d029864514c765e06c57f2,8/11(‹à) 1:44
rcg,SBK‰¤ŽÒƒAƒ‹ƒoƒEƒoƒEƒeƒBƒXƒ^AMotoGP‘æ18íƒ}ƒŒ[ƒVƒAGP‚ÉƒƒCƒ‹ƒhƒJ[ƒhŽQíŒˆ’è,https://news.yahoo.co.jp/articles/3d2d7636766d827f01104f4fe045b26f83d151ea,8/10(–Ø) 23:28
rcg,TOHO RacingA—éŽ­8‘ÏŽ¸Ši‚ÍuÄŒŸØ‚Å‰•à“I‚ÈŒvŽZƒ~ƒX‚ª”­ŠoBƒ`[ƒ€‚ÉÓ”C‚ª‚ ‚év,https://news.yahoo.co.jp/articles/a64574d575853bbfe51184383015a151edde8311,8/10(–Ø) 22:41
rcg,2024”N‚Ì‘S“ú–{ƒ[ƒhŽb’èƒJƒŒƒ“ƒ_[‚ª”­•\‚ÉBŠJ–‹í‚Í—éŽ­2•4A‘S8í‚Ì—\’è,https://news.yahoo.co.jp/articles/e01cb2633e411bc8e127b30bce9b6ce75e24e2c3,8/10(–Ø) 20:45
rcg,‘½Ê‚È‘I‘ðŽˆ‚©‚çgÅ‚h‚Ìˆê‘ä‚ð‘I‚Ô^ƒgƒˆƒ^VŒ^ƒAƒ‹ƒtƒ@[ƒhAƒ”ƒFƒ‹ƒtƒ@ƒCƒAw“üƒKƒCƒh,https://news.yahoo.co.jp/articles/f2edc07e413290e3a0747fdbe1591c03cfec21ee,8/10(–Ø) 20:00
rcg,ƒAƒXƒgƒ“ƒ}[ƒeƒBƒ“F1‘ã•\‚ªŠú‘ÒŠO‚ê‚È¬Ñ‚ÌƒXƒgƒ[ƒ‹‚ð—iŒìBŠJ–‹‘O‚Ì‰ö‰ä‚È‚Ç‚àŽÞ—Ê,https://news.yahoo.co.jp/articles/5aec5780b5f5a83ea0bc4c92cea1c678db03804a,8/10(–Ø) 17:00
rcg,ƒ~ƒcƒrƒVwƒGƒNƒXƒtƒH[ƒXx‚ð¢ŠE‰”â˜IB‰õ“K«‚âŽÀ—p«A—D‚ê‚½‘–”j«‚ð”õ‚¦‚½VŒ^ƒRƒ“ƒpƒNƒgSUV,https://news.yahoo.co.jp/articles/9d8cf1ab2598f1b5b3b35389ad159217668ae60f,8/10(–Ø) 16:40
rcg,¢ŠEƒ`ƒƒƒ“ƒsƒIƒ“‚ªBTCCƒTƒvƒ‰ƒCƒY•œ‹ABƒƒuEƒnƒt‚ªƒ`[ƒ€Eƒn[ƒh‚ÌƒNƒvƒ‰‚ÅƒmƒbƒNƒqƒ‹‚ÉŽQí,https://news.yahoo.co.jp/articles/103fa57a7fd43e8f7c94499b33edd60b44c4f026,8/10(–Ø) 16:19
rcg,ƒ‹Eƒ}ƒ“”eŽÒƒ}ƒCƒNEƒƒbƒPƒ“ƒtƒFƒ‰[‚àNASCAR“dŒ‚ŽQíB¡T––‚ÌIMSˆÈ~2í‚Éoê‚Ö,https://news.yahoo.co.jp/articles/94589fc3d03a4f369ddcb098312bf3ebb9f4506e,8/10(–Ø) 13:55
rcg,ƒyƒŒƒXA¡ƒV[ƒYƒ“Œã”¼‚Í•ñV‚ªŒ¸Šz‚³‚ê‚é‰Â”\«‚àBŒ_–ñ‚É•ñV‚ðŒ©’¼‚·ð€‚ª‘¶Ý‚·‚é‚ÆŠCŠOƒƒfƒBƒA‚ª•ñ“¹,https://news.yahoo.co.jp/articles/6af3c5b1d5915223b39abae450ca8a3e4fdf84b6,8/10(–Ø) 13:45
rcg,ƒvƒƒgƒ^ƒCƒvƒJ[‚Ìƒ‰ƒCƒ“ƒAƒbƒvÝ’è‚É‹ê”Y‚·‚éBMWAIMSAƒhƒ‰ƒCƒo[‚ðWEC‚ÉˆÚÐ‚³‚¹‚é‚±‚Æ‚àŒŸ“¢,https://news.yahoo.co.jp/articles/c3dbf475694a7d62b642558c7050e5ffe6dc9837,8/10(–Ø) 13:25
rcg,ƒJƒƒTƒLAƒX[ƒp[ƒXƒ|[ƒcwNinja ZX-25Rx‚Ì2024”Nƒ‚ƒfƒ‹‚ð9ŒŽ15“ú‚©‚ç”­”„,https://news.yahoo.co.jp/articles/08174ba46a9ce27ab864961873425028f657bfb3,8/10(–Ø) 13:00
rcg,ƒJƒƒTƒLAwZ400xwZ250x‚ÌƒJƒ‰[•ƒOƒ‰ƒtƒBƒbƒN‚ð•ÏX‚µ‚½2024”Nƒ‚ƒfƒ‹‚ð9ŒŽ15“ú‚É”­”„,https://news.yahoo.co.jp/articles/94cf04c91d1c7bca147f9d4d0dd0ce76148d3982,8/10(–Ø) 13:00
rcg,ƒJƒƒTƒLAwNinja400xwNinja250x‚Ì2024”Nƒ‚ƒfƒ‹‚ð9ŒŽ15“ú‚©‚ç”­”„,https://news.yahoo.co.jp/articles/e56bc3eba6c6317e2cbbd510d42d6b43ab310078,8/10(–Ø) 13:00
rcg,ƒtƒFƒ‹ƒXƒ^ƒbƒyƒ“‚ªGT3ƒ`[ƒ€‚Ì—§‚¿ã‚°‚ðŒv‰æB2025”N‚©‚ç‚Ì‘IŽèŒ ŽQ“ü‚ð–ÚŽw‚·,https://news.yahoo.co.jp/articles/7594a903ac60a586d09d98bdba740bdb0d0e0883,8/10(–Ø) 12:49
rcg,ƒ}ƒVƒ“‘å”j‚ÌƒNƒ‰ƒbƒVƒ…‚àBWRCÅ”N­‰¤ŽÒ‚Æ—DŸŒoŒ±ŽÒ‚ª‘µ‚Á‚ÄƒŠƒ^ƒCƒAB–¾ˆÃ•ª‚©‚ê‚½gƒtƒ‰ƒCƒ“ƒOEƒtƒBƒ“h‚½‚¿‚Ì•ê‘ŠMùƒ‰ƒŠ[,https://news.yahoo.co.jp/articles/5e778ca0e1007838603b32a291c0a2b11825df0b,8/10(–Ø) 11:10
rcg,F1—\‘I‚Å‚Ìƒgƒ‰ƒtƒBƒbƒN‚ð–â‘èŽ‹‚·‚éƒhƒ‰ƒCƒo[‚½‚¿uƒVƒ“ƒOƒ‹ƒ‰ƒbƒv§‚Ì•œŠˆ‚ª—LŒøv‚ÆƒAƒƒ“ƒ\,https://news.yahoo.co.jp/articles/d04829399fa50110a8711456e972450c1e839c6d,8/10(–Ø) 8:25
rcg,ƒXƒvƒŠƒ“ƒg14ˆÊ‚©‚çŠl“¾‚µ‚½ŒˆŸƒŒ[ƒX‚Ì2ˆÊBƒoƒjƒƒƒCƒA‚ÌƒRƒ“ƒXƒ^ƒ“ƒg‚È‹­‚³^‘æ9íƒCƒMƒŠƒXGP,https://news.yahoo.co.jp/articles/e065c98dafc5f90c8a212e30f159f02de494ff87,8/9(…) 23:50
rcg,ƒNƒAƒ‹ƒ^ƒ‰ƒAVƒGƒAƒ‚Å’§‚ñ‚¾ŒˆŸ‚ÅˆêŽž7”ÔŽè•‚ã‚àA•Ï‚í‚ç‚Ê‰ü‘P“_‚ðŽw“E^‘æ9íƒCƒMƒŠƒXGP,https://news.yahoo.co.jp/articles/281b9d9abf96901ad5d680dff6722ddca74977bf,8/9(…) 20:40
rcg,WTRƒAƒLƒ…ƒ‰A˜A‘±•\²‘ä‚Å2í‚ðŽc‚µGTPƒ|ƒCƒ“ƒgƒŠ[ƒ_[‚ÉBuƒŠƒYƒ€‚ðŽæ‚è–ß‚µ‚½v^IMSA,https://news.yahoo.co.jp/articles/44132ba4c53ebae4b7a1f2069c8a8a6fa69f53ff,8/9(…) 19:10
rcg,‘–”j«‚ð–‚¢‚½ƒCƒMƒŠƒX‚Ì’n–¼‚ðŠ¥‚·wƒfƒBƒtƒFƒ“ƒ_[x“Á•ÊŽd—lŽÔgƒC[ƒXƒi[Eƒ_[ƒNƒGƒfƒBƒVƒ‡ƒ“h“oê,https://news.yahoo.co.jp/articles/d211d9d8650d59499846f8dad22eb9d2fa0b34f2,8/9(…) 18:42
rcg,ƒ|ƒ‹ƒVƒFA911 GT3 R‚ÌVŽÔ”Ì”„‚ðˆêŽž’âŽ~BƒTƒvƒ‰ƒCƒ`ƒF[ƒ“–â‘è‚ÅAŠù‘¶ƒJƒXƒ^ƒ}[‚ÌŠˆ“®‚ð—Dæ,https://news.yahoo.co.jp/articles/8e6fc81df53bda44d8fe09e304ebc8a28aba3cc2,8/9(…) 17:21
rcg,FIA‰ï’·AF1VƒŒƒMƒ…ƒŒ[ƒVƒ‡ƒ“‚É‚¨‚¢‚Äƒ}ƒVƒ“‚ÌŒy—Ê‰»‚ð–ÚŽw‚·‚Æ”­Œ¾u‚»‚ê‚ªF1‚É‚Æ‚Á‚Ä³‚µ‚¢•ûŒü«v,https://news.yahoo.co.jp/articles/ef21d24b11e00e88df47a7ce14ed750118873316,8/9(…) 15:14
rcg,WEC‚âƒjƒ…ƒ‹24ŽžŠÔ“™‚Æ“ú’ö‚ªd•¡BIMSA‚Ì2024”NƒJƒŒƒ“ƒ_[‚É“ª‚ð”Y‚Ü‚¹‚éƒ|ƒ‹ƒVƒF‚ÆBMW,https://news.yahoo.co.jp/articles/ac2c3107d7eb14e1365befb7a1d104048fda714b,8/9(…) 14:00
rcg,ƒtƒFƒ‰[ƒŠF1‘ã•\uƒ‹ƒm[PU‚Ì«”\‚Í‚»‚ê‚Ù‚Ç—ò‚Á‚Ä‚¢‚È‚¢v‹~Ïô“K—p‚É”Û’è“I,https://news.yahoo.co.jp/articles/09bdff7d89bf9b2f8201c763929084438aac6ded,8/9(…) 12:49
rcg,¬ŽR”ü•P‚ªƒX[ƒp[GTŽjã‰‚Ì“ú–{l—«ƒhƒ‰ƒCƒo[ŒˆŸŠ®‘–B–³üƒgƒ‰ƒuƒ‹‚âˆ«“VŒóæ‚è‰z‚¦u—Ç‚¢ƒŒ[ƒX‚ª‚Å‚«‚½v,https://news.yahoo.co.jp/articles/7db062b5e6ca9a54118891ad8d4b852c5e904987,8/9(…) 11:56
rcg,ƒŠƒJƒ‹ƒhEƒ]ƒ“ƒ^‚ªƒ|[ƒ‹EƒgƒDEƒEƒCƒ“AƒƒbƒV‚àŸ—˜‚Åƒgƒˆƒ^w‰c‚ªŠ®‘S§”e^SCB‘æ6í,https://news.yahoo.co.jp/articles/57c6bfaf03b937ed2c09e613eba21e985da0d7b6,8/9(…) 11:42
rcg,A.ƒGƒXƒpƒ‹ƒKƒ‚Ì¡‹G‰—DŸ‚ÆƒAƒvƒŠƒŠƒA¨‚ªÈŠª‚µ‚½ƒgƒbƒv5B‚»‚Ì—vˆö‚Æ‚È‚Á‚½VƒAƒCƒeƒ€^‘æ9íƒCƒMƒŠƒXGP,https://news.yahoo.co.jp/articles/91e91a31f9d66496dddea2b67b7c552212026284,8/9(…) 9:20
rcg,yF1ƒCƒ“ƒ^ƒrƒ…[zŽR–{‰ëŽjŽu3”N–Ú‚ÌŠp“c‚Í‚³‚ç‚É¬’·‚µ‚Ä‚¢‚évF2ŽQí’†‚ÌŠâ²‚É‚à¸Ši‚Ìƒ`ƒƒƒ“ƒX‚Í‚ ‚é‚ÆŒê‚é,https://news.yahoo.co.jp/articles/fc7a9790dbe11f789d6639bd5bbc4fe8e9245277,8/9(…) 7:23
rcg,J-P.ƒfEƒIƒŠƒxƒCƒ‰A‘Ò–]‚ÌWECƒnƒCƒp[ƒJ[ƒfƒrƒ…[B«—ˆ‚ÍuŸ‚Ä‚éƒpƒbƒP[ƒWv‚Å‚ÌƒrƒbƒOƒŒ[ƒXŽQí–ÚŽw‚·,https://news.yahoo.co.jp/articles/632c2073a6451551bf9a8bf664abb4a7bc0e2689,8/9(…) 7:09
rcg,ƒŒƒbƒhƒuƒ‹‚Æl‹C—«Vtuber–©‚ ‚­‚ AŽ‚”’‚Ú‚½‚ñ‚ªA‰Ä‚Ì“Á•ÊƒRƒ‰ƒ{ƒLƒƒƒ“ƒy[ƒ“‚ðWŠJÃ,https://news.yahoo.co.jp/articles/b5e7300842da5519f5c7b8371e85670b8f42f6fa,8/9(…) 7:00
rcg,‘Ò–]‚Ì¡‹G‰•\²‘äBuŽ©M‚ðŽ¸‚¢‚©‚¯‚½vŸ“c‹MŒ³‚ª’ZŠúŠÔ‚Å”ò–ô‚ðŽÀŒ»‚³‚¹‚½——R^WRCƒtƒBƒ“ƒ‰ƒ“ƒh,https://news.yahoo.co.jp/articles/876ebeb6f6c71fdd7e2b84686336cbb02efa6eaa,8/9(…) 6:45
rcg,ƒŒƒbƒhƒuƒ‹A2024”N‚©‚çƒWƒ…ƒjƒAƒhƒ‰ƒCƒo[‚Ì”‚ðíŒ¸BFIA F2ˆÈ‰º‚ÌƒJƒeƒSƒŠ[‚ðdŽ‹‚·‚é•ûj‚Ö,https://news.yahoo.co.jp/articles/cc80e89d8cc3a275c808ca95ccac963ad44d4a1d,8/9(…) 6:10
rcg,ƒWƒƒƒK[AŽå—ÍwFƒy[ƒXx‚ÌÅ‚•ôSVR‚É“ú–{“ÆŽ©25‘ä‚Ì“Á•ÊŽd—lŽÔgCURATED FOR JAPANh‚ðÝ’è,https://news.yahoo.co.jp/articles/d5a77e5fef0700e37a415c4197b2294eb639855b,8/8(‰Î) 20:57
rcg,RFK‚ªƒtƒH[ƒhw‰c‚ÌŽå–ð‚É!? ƒNƒŠƒXEƒuƒbƒVƒƒ[‚ªŒŽ—j‡‰„‚Å‚à–ôi‚Ì2í˜A‘±Ÿ—˜^NASCAR‘æ23í,https://news.yahoo.co.jp/articles/14dc2b08b2e45e60f3bc96fe2c50376152e810d2,8/8(‰Î) 20:23
rcg,y³Ž®‡ˆÊŒ‹‰Êz2023—éŽ­8ŽžŠÔ‘Ï‹vƒ[ƒhƒŒ[ƒXŒˆŸ,https://news.yahoo.co.jp/articles/e0118ac7a11539445592ce42c9f68d2fc7a8ac60,8/8(‰Î) 20:10
rcg,—éŽ­8‘ÏFŽb’è2ˆÊTOHO RacingŽ¸ŠiBSDG Honda‚ª2ˆÊATSRƒzƒ“ƒ_‚ª3ˆÊŒJ‚èã‚°‚É,https://news.yahoo.co.jp/articles/cfd08ba1aee0f04001fc07bdd5c7634e053d3764,8/8(‰Î) 20:00
rcg,ƒjƒbƒNEƒLƒƒƒVƒfƒBAƒtƒH[ƒ~ƒ…ƒ‰EƒV[ƒYƒ“10‚Ígƒ[ƒNƒXh‚ÌƒWƒƒƒK[TCSƒŒ[ƒVƒ“ƒO‚ÉˆÚÐBƒGƒ“ƒrƒWƒ‡ƒ“EƒŒ[ƒVƒ“ƒO‚É‚Íƒƒrƒ“Eƒtƒ‰ƒCƒ“ƒX‚ª•œ‹A,https://news.yahoo.co.jp/articles/ece1d1739d62acf6811058330f003d446463ff61,8/8(‰Î) 19:32
rcg,ƒXƒoƒ‹^STIASUBARU RALLY CHALLENGE‚Ì¡‹GŠˆ“®‹xŽ~‚ð”­•\BVˆä•qO‚ÍVŒ^WRX S4‚ÅŽQí‚Ö,https://news.yahoo.co.jp/articles/2561f93dca061eb7b385d2343ae3dbfc14915aed,8/8(‰Î) 17:15
rcg,4í’†3“x–Ú‚Ìƒyƒiƒ‹ƒeƒB‚È‚ª‚ç¡‹G‰•\²‘äB16†ŽÔARTA MUGEN NSX-GT‚ªŒã”¼í‚ÉŒü‚¯‚Ä’Í‚ñ‚¾Žè‰ž‚¦,https://news.yahoo.co.jp/articles/12dcd1e6fffae70919bd0a93993e1affc7a4fd39,8/8(‰Î) 16:35
rcg,yF1ƒCƒ“ƒ^ƒrƒ…[zƒ^ƒCƒgƒ‹‘ˆ‚¢‚ð2“xŒoŒ±‚µ‚½ƒtƒFƒ‹ƒXƒ^ƒbƒyƒ“‚Ì‹­‚³‚Íu‚ ‚éˆÓ–¡“–‘R‚Ì‚±‚Æv‚ÆŒ³ƒzƒ“ƒ_ŽR–{‰ëŽjŽ,https://news.yahoo.co.jp/articles/ff2701e3ab298b73ce35060a18745c689e57077c,8/8(‰Î) 16:15
rcg,u¡“x‚Íƒ‰ƒŠ[2v‹vX‚ÌWRCŽQí‚ðŠy‚µ‚ñ‚¾ƒ‰ƒgƒoƒ‰‘ã•\A9ŒŽ‚Ìƒ‰ƒŠ[–kŠC“¹‚ÅÄ‚Ñ‘IŽè‚É^‘S“ú–{ƒ‰ƒŠ[,https://news.yahoo.co.jp/articles/ae58781e96c53abeb1f29cafa9d9152c9f3143a5,8/8(‰Î) 15:15
rcg,ƒƒ‹ƒZƒfƒXF1‘ã•\Aƒ}ƒEƒ“ƒeƒ“ƒoƒCƒN‚Å‚ÌŽ–ŒÌ‚Å¶˜r‚ðœÜBÈ‚ÌƒX[ƒW[EƒEƒHƒ‹ƒt‚ªSNS‚Å–¾‚©‚·,https://news.yahoo.co.jp/articles/e24bbbde28c47489386df8c92cb309810d8f2eab,8/8(‰Î) 14:00
rcg,ƒXƒYƒLAƒXƒ|[ƒcƒAƒhƒxƒ“ƒ`ƒƒ[ƒcƒAƒ‰[‚ÌVŒ^VƒXƒgƒ[ƒ€250SX‚ð8ŒŽ24“ú‚©‚ç”­”„,https://news.yahoo.co.jp/articles/2afe7182b5b5277e2e6f318a659430dd8b6d366c,8/8(‰Î) 13:00
rcg,y’†–ìMŽ¡‚ÌF1•ªÍ^‘æ13ízƒxƒ‹ƒM[–K–â‚ÅŠ´‚¶‚½“ú–{lƒhƒ‰ƒCƒo[‚Ì¬’·BD’²ƒ}ƒNƒ‰[ƒŒƒ“‚Æ‘ÎÛ“I‚ÈƒtƒFƒ‰[ƒŠ,https://news.yahoo.co.jp/articles/321985d62e9ad52fbb299109de028874ac81f463,8/8(‰Î) 12:00
rcg,wƒjƒbƒTƒ“EƒXƒJƒCƒ‰ƒCƒ“x‚É1000‘äŒÀ’ègNISMOhA Žd—l‚ÌgNISMO Limitedh‚ª“oê,https://news.yahoo.co.jp/articles/24c5fccd51fad264341204ca1a1035302adf88a4,8/8(‰Î) 11:40
rcg,wƒ}ƒcƒ_RX-7iFD3SŒ^^2004`2006”Njx‰ŽuŠÑ“O‚Ìƒ[ƒ^ƒŠ[ƒXƒ|[ƒc‚ª‚Â‚¢‚ÉŽè‚É‚µ‚½‰hŠ¥y–Y‚ê‚ª‚½‚«–ÁŽÔ‚½‚¿z,https://news.yahoo.co.jp/articles/71b396fa307c8b15c79f84d5edb5ea682368a59e,8/8(‰Î) 9:30
rcg,y‘Sƒhƒ‰ƒCƒo[“ÆŽ©Ì“_^F1‘æ13íz‹­‚Ý‚Å‚ ‚é‘¬‚³‚ÆƒŒ[ƒXƒeƒNƒjƒbƒN‚ð”­ŠöA¬n“x‚à‘‚µ‚½Šp“c—T‹B,https://news.yahoo.co.jp/articles/04c66a953de7ff197f3b74caa0ead0e7d3d60226,8/8(‰Î) 7:51
rcg,ƒ|ƒ‹ƒVƒFEƒyƒ“ƒXƒL[7†ŽÔ‚ª¡‹G‰—DŸBMSRƒAƒLƒ…ƒ‰‚ª–Ò’Ç‚àAˆê•à‹y‚Î‚¸^IMSA‘æ8í,https://news.yahoo.co.jp/articles/2d14c05f68eb13684e5c4f46d8493a76e5705548,8/8(‰Î) 7:30
rcg,TGR WRCƒ`ƒƒƒŒƒ“ƒWƒvƒƒOƒ‰ƒ€2Šú¶A2“x–Ú‚ÌWRCŽQí‚Å‰õ‘–‚ðŒ©‚¹‚é‚à3–¼‘Sˆõ‚ÉƒAƒNƒVƒfƒ“ƒg,https://news.yahoo.co.jp/articles/a7be4a099c8fd8e61784eb633fa5faf776eaeca6,8/8(‰Î) 7:20
rcg,ƒAƒ‹ƒtƒ@ƒƒƒIAVŒ^SUVwƒgƒi[ƒŒx‚Éƒvƒ‰ƒOƒCƒ“ƒnƒCƒuƒŠƒbƒh‚ÌgQ4h‚ð’Ç‰ÁÝ’è,https://news.yahoo.co.jp/articles/0fbc9c68c0021df882a494a8e3b75ec568b25a12,8/8(‰Î) 6:55
rcg,Œ³ƒ‹ƒm[F1‘ã•\‚ªƒhƒ‰ƒCƒo[ƒ‰ƒCƒ“ƒAƒbƒv‚ÉŠÖ‚µ‚ÄŽ©˜_uƒ`[ƒ€‚É‚Í‚¿‚å‚Á‚Æ‚µ‚½ƒ{ƒX‚Ì‚æ‚¤‚Èƒhƒ‰ƒCƒo[‚ª•K—vv,https://news.yahoo.co.jp/articles/e132408dfee166d2bd8fc18421dda645df352a1c,8/8(‰Î) 5:22
rcg,GTƒ[ƒ‹ƒhƒ`ƒƒƒŒƒ“ƒWEƒAƒWƒA‘æ5ƒ‰ƒEƒ“ƒh‰ªŽR‚É31‘ä‚ÌGT3AGT4ƒWƒƒƒpƒ“‚É8‘ä‚ªWŒ‹B‹‰Øƒhƒ‰ƒCƒo[‚à,https://news.yahoo.co.jp/articles/bbc0983ae41ae407de600edf6a0a9a09d45cac87,8/8(‰Î) 0:50
rcg,ƒCƒ“ƒfƒBƒJ[‘æ13íƒiƒbƒVƒ…ƒrƒ‹^Šú‘Ò‚ÌV¯ƒJ[ƒNƒEƒbƒh‚ª8”ÔŽè‚©‚ç‹t“]—DŸB¡‹G2Ÿ–Ú‚ðü‚é,https://news.yahoo.co.jp/articles/46eef12b2270d216585feedf2583c54a5122ba83,8/7(ŒŽ) 20:29
rcg,ƒXƒeƒCƒAƒEƒg‚Å‹t“]‘_‚Á‚½BRZ‚ÆGRƒX[ƒvƒ‰‚ªÅIŽü‚ÉÚGu‚ ‚êˆÈã“®‚¯‚È‚©‚Á‚½vu‘Ç‚ªŒø‚©‚È‚¢ó‘ÔvyƒX[ƒp[GT‘æ4íGT300z,https://news.yahoo.co.jp/articles/4236dbe3676d8ea4361bb3484bf6e810e65078e5,8/7(ŒŽ) 18:58
rcg,ƒ|[ƒ‹ƒXƒ^[ƒg‚Ì24†ŽÔƒŠƒAƒ‰ƒCƒY ZAŒˆŸ‚Í‰J‚ÉŠ®”sB•½ŽèW•½uª–{“I‚É‰½‚©‚ªŠÔˆá‚Á‚Ä‚¢‚é‚ÆŽv‚¤ƒŒƒxƒ‹v,https://news.yahoo.co.jp/articles/54fe1ecb12386314f34c1ef08447a9da0fef0aca,8/7(ŒŽ) 18:15
rcg,—éŽ­8‘ÏFƒ`ƒFƒbƒJ[ƒ‰ƒCƒ_[‚ð–±‚ß‚½•½–ìƒ‹ƒiuÅIƒ‰ƒbƒv‚Íð”N‚©‚ç4•b‹ß‚­k‚ß‚é‚±‚Æ‚ªo—ˆ‚Ä‚æ‚©‚Á‚½‚Å‚·v,https://news.yahoo.co.jp/articles/8d7cf2be007accf15363b4d96bd86494fd1775fa,8/7(ŒŽ) 17:40
rcg,¡‹G‰‚Ì•\²‘äŠl“¾‚µ‚½Ÿ“c‹MŒ³uƒAƒhƒoƒCƒX‚ð‚­‚ê‚½AƒJƒbƒŒ‚É‚àŠ´ŽÓvƒgƒˆƒ^A1-3‚ÅWRCƒtƒBƒ“ƒ‰ƒ“ƒh‚ð’÷‚ßŠ‡‚é,https://news.yahoo.co.jp/articles/c63c3f3836f5d6c808646e667c5a63d34396b564,8/7(ŒŽ) 14:40
rcg,—í‚Ì‚È‚©‚Å–£‚¹‚½Dƒoƒgƒ‹BŽR–{®‹Mvs‘¾“cŠi”ViAƒzƒ“ƒ_NSX-GT“¯Žm‚ÌŒƒ‚µ‚¢•\²‘ä‘ˆ‚¢,https://news.yahoo.co.jp/articles/a19c4bab436c9c79ff58ec6d3ddac129d2ed8761,8/7(ŒŽ) 14:15
rcg,¬—Ñ‰Â–²ˆÌANASCARƒfƒrƒ…[‚ð‘O‚É1“xŒÀ‚è‚ÌŽÀ‘–ƒeƒXƒg‚ðŠ®—¹uŽv‚Á‚½‚æ‚è“®‚«‚ª•ª‚©‚è‚â‚·‚¢v,https://news.yahoo.co.jp/articles/466a4ee6f738c097e654495a1a0f9b43931d7578,8/7(ŒŽ) 13:51
rcg,ƒn[ƒXF1•ƒqƒ…ƒ‹ƒPƒ“ƒxƒ‹ƒOAVF-23‚ÌƒfƒOƒ‰ƒf[ƒVƒ‡ƒ“–â‘è‚ÌŒ´ˆö‚ð—‰ð‚àuó‹µ‰ü‘P‚É‚Í’·‚¢ŽžŠÔ‚ª‚©‚©‚év,https://news.yahoo.co.jp/articles/aa820410cf43954eb476f133119e214cdf4edfa3,8/7(ŒŽ) 13:15
rcg,"‰ÎÐŒ´ˆö’²¸‚ÅRX1e‚Íˆø‚«‘±‚«ŠJÃ‹xŽ~BƒXƒ^[‘å‹“oê‚ÌRX2e‚Í""â‘Î‰¤ŽÒ""‚ªæøçW^WorldRX‘æ5í",https://news.yahoo.co.jp/articles/e0bdad7088ce33e2a69860f5e869846a8d1cbb46,8/7(ŒŽ) 12:53
rcg,F1‚Ì2023”N‘æ2Žl”¼Šú‚ÌŽû“ü‚Í‘O”N”ä‚Å3“Œ¸ŽûBƒGƒ~ƒŠƒAEƒƒ}[ƒjƒƒGP‚Ì’†Ž~‚ª‰e‹¿,https://news.yahoo.co.jp/articles/0f93e1657860fc5274887096e5ab53fc4dd1d04c,8/7(ŒŽ) 12:12
rcg,ƒ„ƒ}ƒnFƒNƒAƒ‹ƒ^ƒ‰ƒAŒˆŸ15ˆÊuŒµ‚µ‚¢Œ‹‰Ê‚Æ‚È‚Á‚½‚ªAVƒGƒAƒƒp[ƒc‚ÌŽè‰ž‚¦‚ðŠm”Fv^‘æ9íƒCƒMƒŠƒXGP,https://news.yahoo.co.jp/articles/88c5c55d662987668d484e13c91d01b483aa4a84,8/7(ŒŽ) 11:47
rcg,ƒGƒoƒ“ƒXuÍ’j‚³‚ñ‚Æ—DŸ‚µA‹MŒ³‚Æ‚àˆê‚É•\²‘ä‚É—§‚Ä‚½‚Ì‚Í“Á•Ê‚È‚±‚Æv^2023”NWRCƒtƒBƒ“ƒ‰ƒ“ƒh ƒfƒC4ŒãƒRƒƒ“ƒg,https://news.yahoo.co.jp/articles/af2077209d164a356b9b377aafb9b15ad6a4b47b,8/7(ŒŽ) 11:40
rcg,Moto3²X–Ø•à–²A2ˆÊŠl“¾‚Åƒ‰ƒ“ƒN2”ÔŽè‚É•‚ãBˆ³“|“I‚ÈˆÀ’èŠ´‚ðØ–¾^‘æ9íƒCƒMƒŠƒXGPŒˆŸ,https://news.yahoo.co.jp/articles/86fcc48930e62f4eecc8308e639aaded6c9b683d,8/7(ŒŽ) 10:55
rcg,ƒzƒ“ƒ_Fƒ}ƒ‹ƒNEƒ}ƒ‹ƒPƒXAƒWƒ‡ƒAƒ“Eƒ~ƒ‹‚Æ‚à‚É“]“|ƒŠƒ^ƒCƒA‚ÉI‚í‚é^‘æ9íƒCƒMƒŠƒXGPŒˆŸ,https://news.yahoo.co.jp/articles/0eaeade2dfaff5803fca4b1d541d71fe2001f4be,8/7(ŒŽ) 10:32
rcg,’†ã‹M»AŒˆŸ16ˆÊB•sˆÀ’è‚È“VŒó‚Æƒ}ƒVƒ“ƒZƒbƒeƒBƒ“ƒO‚É‹êí^‘æ9íƒCƒMƒŠƒXGPŒˆŸ,https://news.yahoo.co.jp/articles/27017e599b51e5c7e3a3d59d4b2c5f01a3b01c98,8/7(ŒŽ) 9:48
rcg,ƒJƒCƒ‹EƒJ[ƒNƒEƒbƒh‚ª¡‹G2Ÿ–Úy‡ˆÊŒ‹‰ÊzƒCƒ“ƒfƒBƒJ[‘æ13íŒˆŸƒiƒbƒVƒ…ƒrƒ‹,https://news.yahoo.co.jp/articles/65370e60dc6f5c2922c06ed876370646161400c0,8/7(ŒŽ) 7:21
rcg,–L“cÍ’j‰ï’·‚Ì”OŠèŠ‚¤B‘ã•\‘ãs‚Ìg‚â‚è‚½‚­‚È‚¢ŽdŽ–h‚àŠ®‹u•\²‘ä‚É˜A‚ê‚Ä‚¢‚Á‚Ä‚­‚ê‚Ä‚ ‚è‚ª‚Æ‚¤v^WRC‘æ9íŒãƒRƒƒ“ƒg‘S•¶,https://news.yahoo.co.jp/articles/a9b00a149a4a01b47c335e420457f18b6ed3c1a3,8/7(ŒŽ) 6:33
rcg,ƒUƒEƒo[F1A2024”N‚Éƒ{ƒbƒ^ƒX•ŽüŠ¥‰F‚Ìƒ‰ƒCƒ“ƒAƒbƒvˆÛŽ‚ðŠó–]‚àuƒEƒCƒ“ƒEƒCƒ“‚Ìó‹µ‚Å‚È‚¯‚ê‚Î‚È‚ç‚È‚¢v,https://news.yahoo.co.jp/articles/2d58227ba90e02a2dfc156142277b6e18db822c7,8/7(ŒŽ) 5:55
rcg,HRC“n•ÓŽÐ’·A2”N˜A‘±—DŸ‚ðü‚Á‚½Team HRC‚Éu˜A”e‚Ìdˆ³‚ª‚©‚©‚é’†AŒ‹‰Ê‚ðŽc‚µ‚Ä‚­‚ê‚Ä‚Æ‚Ä‚àŒÖ‚è‚ÉŽv‚Á‚Ä‚¢‚Ü‚·v,https://news.yahoo.co.jp/articles/bcc0aae7f4ceed308e7f55c8de105779052b65dd,8/7(ŒŽ) 5:30
rcg,SDG Honda Racing‚Ì‰Y–{C[u‚Ó‚½‚è‚Ìƒ`[ƒ€ƒƒCƒg‚ÉŒb‚Ü‚ê‚ÄA–{“–‚ÉŠð‚µ‚¢‹CŽ‚¿‚Å‚¢‚Á‚Ï‚¢‚Å‚·v^—éŽ­8‘Ï ŒˆŸƒgƒbƒv3‰ïŒ©,https://news.yahoo.co.jp/articles/fe179fd9bd35b78ef1af6062f6fa29463d3fb91b,8/6(“ú) 23:54
rcg,GAINER•x“c—³ˆê˜Yuƒhƒ“ƒsƒVƒƒ‚Ìƒ^ƒCƒ~ƒ“ƒOvÎì‹žŽ˜u‚·‚×‚Ä‚ªŠ®àøvy‘æ4íGT300ŒˆŸ‰ïŒ©z,https://news.yahoo.co.jp/articles/ebacc25029d9a0fdc88b4535f8cafd3debdf1ea3,8/6(“ú) 23:50
rcg,TOHO Racing‚Ì´¬—´ˆêu‰|ŒË‘IŽè‚ª“ü‚Á‚Ä‚­‚ê‚½‚¨‚©‚°‚ÅA¡”N‚ÍŽ©M‚ðŽ‚Á‚Ä’§‚ß‚Ü‚µ‚½v^—éŽ­8‘Ï ŒˆŸƒgƒbƒv3‰ïŒ©,https://news.yahoo.co.jp/articles/fbbd40f9298b74f005de5078ac831e5dd114dd68,8/6(“ú) 23:33
rcg,y‡ˆÊŒ‹‰Êz2023Moto2‘æ9íƒCƒMƒŠƒXGP ŒˆŸ,https://news.yahoo.co.jp/articles/99d74d47a87d39806d3cfe3e09f9e2a857d04504,8/6(“ú) 23:13
rcg,Team HRC‚Ì’·“‡“N‘¾u‘f’¼‚É‚Ü‚¸‚Íƒzƒb‚Æ‚µ‚½B•\²‘ä‚É–ß‚Á‚Ä‚±‚ç‚ê‚Ä‚·‚²‚­Š´ŽÓ‚µ‚Ä‚¢‚Ü‚·v^—éŽ­8‘Ï ŒˆŸƒgƒbƒv3‰ïŒ©,https://news.yahoo.co.jp/articles/1c45bc7dea8a3530aac035764adadc547f5dd85d,8/6(“ú) 23:11
rcg,áJ‚ð‰Ê‚½‚µ‚½Niterra Z‚¯uç‘ã‘IŽè‚ª–l‚ÌƒNƒ‹ƒ}‚ÅƒR[ƒi[‚ðŒ©‚És‚Á‚Ä‚­‚ê‚½vy‘æ4íGT500ŒˆŸ‰ïŒ©z,https://news.yahoo.co.jp/articles/1f8db0095027788668935ea9e412fc4740c0f53b,8/6(“ú) 22:57
rcg,”g—‚ÌƒŒ[ƒX“WŠJBA.ƒGƒXƒpƒ‹ƒKƒ‚ªÅIƒ‰ƒbƒv‚ÅƒoƒjƒƒƒCƒA‚ð‰º‚µA—DŸ‚ðü‚é^‘æ9íƒCƒMƒŠƒXGP,https://news.yahoo.co.jp/articles/127a6fe75959a8293362a641eaf3b0d8a07e61d2,8/6(“ú) 22:07
rcg,y‡ˆÊŒ‹‰Êz2023MotoGP‘æ9íƒCƒMƒŠƒXGP ŒˆŸ,https://news.yahoo.co.jp/articles/31b3624e4b52d84ce15e51008ed94b7f6dc63765,8/6(“ú) 21:51
rcg,Team HRC‚ª2023—éŽ­8‘Ï‚Å2”N˜A‘±—DŸA”ÕÎ‚Ì‘Ì§‚ÅŠ®‘S§ˆ³BTSRƒzƒ“ƒ_‚ªƒ‰ƒ“ƒLƒ“ƒOŽñˆÊ•‚ã,https://news.yahoo.co.jp/articles/0f05f5203fc6284dc7ffe5531d7b8b0d35dc514b,8/6(“ú) 21:50
rcg,‰J‚Ìƒ~ƒVƒ…ƒ‰ƒ“ày—ô‚ÅNiterra MOTUL Z‚ª¡‹G‰—DŸB‹‰J‚ÉÔŠø‚ ‚è‚Ì“WŠJ‚Åƒ`ƒFƒbƒJ[Œã‚àr‚ê‚éyƒX[ƒp[GT‘æ4íGT500ŒˆŸƒŒƒ|[ƒgz,https://news.yahoo.co.jp/articles/710681151b75478ce20b15f3502e54cc56637ec1,8/6(“ú) 21:40
rcg,–¼ŽèE’JŒûM‹PAŽÀŽ¿ŽñˆÊ‚Å‚ÌƒXƒsƒ“‚ÍuŠ®‘S‚ÉŽ©•ª‚ÌŽ¸‘ÔvB•ÐŽR‰E‹žŠÄ“Â‚Íg•šüh‚àŽw“E^ƒX[ƒp[GT‘æ4í•xŽm,https://news.yahoo.co.jp/articles/b8ac2e4d33efe2bd962097c662506e9c92988c09,8/6(“ú) 21:39
rcg,ƒŒƒCƒ“‚©ƒXƒŠƒbƒN‚©BI”Õ‚Ìƒ^ƒCƒ„ƒEƒH[ƒY‚ð§‚µ‚½GAINER TANAX GT-R‚ª‘å‹t“]—DŸy‘æ4íGT300ŒˆŸƒŒƒ|[ƒgz,https://news.yahoo.co.jp/articles/544ab18e2c9dc69ecf1ca3a1066f3b0f9bb0fda8,8/6(“ú) 20:59
rcg,y‡ˆÊŒ‹‰Êz2023”NWRC‘æ9íƒ‰ƒŠ[EƒtƒBƒ“ƒ‰ƒ“ƒh SS22Œã,https://news.yahoo.co.jp/articles/2cfb8d82272a64f0f5d5517deeffa567eaf952cb,8/6(“ú) 20:51
rcg,u‰½‚à‚È‚­‚È‚Á‚Ä‚µ‚Ü‚Á‚½B‚Å‚à‚Ü‚½ì‚è‚½‚¢vƒX[ƒp[GT‘æ4í•xŽm‚Å‚Ì‰ÎÐ‚ÉHOPPY team TSUCHIYA“y‰®•ŽmŠÄ“Â‚ª’¾’É,https://news.yahoo.co.jp/articles/9b1ae53ec17c00ff0c6155e72af0ddc0fd7d552b,8/6(“ú) 20:45
rcg,Ÿ“c‹MŒ³Aƒ‰ƒŠ[ƒWƒƒƒpƒ“ˆÈ—ˆ‚Ì•\²‘äŠl“¾B—DŸ‚ÍƒGƒoƒ“ƒXAƒgƒˆƒ^‚Ìgƒz[ƒ€h‚Å¡‹G2Ÿ–Ú^WRCƒtƒBƒ“ƒ‰ƒ“ƒh,https://news.yahoo.co.jp/articles/210300fd34ed018d32e88168a6965c8d867e4f50,8/6(“ú) 20:34
rcg,•\²‘ä‚Ìƒzƒ“ƒ_NSX2‘ä‚Éƒyƒiƒ‹ƒeƒBBGT500ƒNƒ‰ƒX³Ž®Œ‹‰Ê‚ª”­•\^ƒX[ƒp[GT‘æ4íŒˆŸ,https://news.yahoo.co.jp/articles/36ba06a67465468eaecc6aca4adfdd8a2a3aa66c,8/6(“ú) 20:12
rcg,y‡ˆÊŒ‹‰Êz2023Moto3‘æ9íƒCƒMƒŠƒXGP ŒˆŸ,https://news.yahoo.co.jp/articles/e8c6f33b3e8a4479187452d83b223569978efd07,8/6(“ú) 20:00
rcg,Team HRC‚ª2˜A”e’B¬yŽb’è‡ˆÊŒ‹‰Êz2023—éŽ­8ŽžŠÔ‘Ï‹vƒ[ƒhƒŒ[ƒXŒˆŸ,https://news.yahoo.co.jp/articles/905cad5a2a4c2b4ccbbf4482b324be4443186050,8/6(“ú) 19:34
rcg,y—éŽ­8‘Ïz‚¢‚æ‚¢‚æÅŒã‚Ì1ŽžŠÔ‚É“Ë“üB2”ÔŽè‚ÌƒˆƒVƒ€ƒ‰SERT Motul‚ªƒŒƒCƒ“ƒ^ƒCƒ„‘I‘ð‚·‚é‚à“]“|‚Å•\²‘äŒ—ŠO‚É^7ŽžŠÔ“r’†Œo‰ß,https://news.yahoo.co.jp/articles/85820c470f3d8e93f29de896916cd47382cc5df4,8/6(“ú) 18:49
rcg,y—éŽ­8‘Ïz‰‚ÌSC‚ª“±“ü‚³‚ê‚é“WŠJ‚ÉBƒŒ[ƒX‚Í‚¢‚æ‚¢‚æI”Õ‚É“Ë“ü^6ŽžŠÔ“r’†Œo‰ß,https://news.yahoo.co.jp/articles/c2842df2aba512cf7db4cf3efeb2e254060371ab,8/6(“ú) 17:41
rcg,y³Ž®Œ‹‰Êz2023ƒX[ƒp[GT‘æ4í•xŽm@ŒˆŸ,https://news.yahoo.co.jp/articles/79130ae0f91641ee91a9c702e3b1d9f7988ffc25,8/6(“ú) 17:39
rcg,y—éŽ­8‘ÏzTeam HRC’·“‡“N‘¾‚ª”²ŒQ‚Ìƒy[ƒX‚Å‰õ‘–B3”ÔŽè‚É‚ÍƒI[ƒgƒŒ[ƒX‰F•”‚ª•À‚Ô^5ŽžŠÔ“r’†Œo‰ß,https://news.yahoo.co.jp/articles/acc1be65ae9bf08d7bd7c734f4f5c08bc83a08bd,8/6(“ú) 16:49
rcg,y—éŽ­8‘ÏzƒŒ[ƒX‚ÍŽc‚è”¼•ªBƒtƒ‹ŽQí‘gƒgƒbƒv‚ÍƒˆƒVƒ€ƒ‰SERTATeam HRC‚ÍŽñˆÊ“Æ‘–^4ŽžŠÔ“r’†Œo‰ß,https://news.yahoo.co.jp/articles/83219f27f6133c133b27568081b21e8c3b685720,8/6(“ú) 15:42
rcg,y—éŽ­8‘ÏzTeam HRC‚ªˆ³“|“I‘¬‚³‚Å2”ÔŽèˆÈ~‚ðƒ‰ƒbƒvƒ_ƒEƒ“‚ÉBYARTƒ„ƒ}ƒn‚Í‘f‘‚¢ƒsƒbƒgì‹Æ‚Å•œ‹A^3ŽžŠÔ“r’†Œo‰ß,https://news.yahoo.co.jp/articles/45d9c654bca36774c9624e82274f028354f90be5,8/6(“ú) 15:02
rcg,y“r’†Œo‰ßz2023ƒX[ƒp[GT‘æ4í•xŽm@SC“±“üŽž“_,https://news.yahoo.co.jp/articles/7cb3e6feadbd42facc8fa1b71205ed1627dae8a1,8/6(“ú) 14:59
rcg,uƒ}ƒ‹ƒN‚Ì‚æ‚¤‚ÉU‚ß‚½vƒAƒŒƒbƒNƒXEƒ}ƒ‹ƒPƒXAƒhƒDƒJƒeƒBˆÚÐŒã‰‚Ì—DŸ^‘æ9íƒCƒMƒŠƒXGP,https://news.yahoo.co.jp/articles/78c186bf536b25b846f8f92c01f60c7a836b33fa,8/6(“ú) 14:55
rcg,y—éŽ­8‘Ïz2”ÔŽè‚ÌYARTƒ„ƒ}ƒn‚Éƒgƒ‰ƒuƒ‹”­¶BŽñˆÊTeam HRC‚Ì’·“‡“N‘¾‚ªƒxƒXƒgƒ‰ƒbƒvXV^2ŽžŠÔ“r’†Œo‰ß,https://news.yahoo.co.jp/articles/37009711726e4e6225e76891628e8aea7e157516,8/6(“ú) 13:48
rcg,ƒgƒˆƒ^A1-3ˆÛŽ‚µ‚½‚Ü‚ÜÅI“ú‚ÖB–L“cÍ’j‘ã•\‘ãsuƒGƒ‹ƒtƒBƒ“‚ªƒ`[ƒ€‚É‘å‚«‚È—Í‚ð—^‚¦‚Ä‚­‚ê‚½v^WRCƒtƒBƒ“ƒ‰ƒ“ƒh,https://news.yahoo.co.jp/articles/d30781ff572e6e3623ff3c8762fa4ae35fe71840,8/6(“ú) 13:10
rcg,y—éŽ­8‘ÏzTeam HRC‚ªŽñˆÊ’DŽæBD”­i‚ÌTSRƒzƒ“ƒ_‚Í’É¦‚Ì“]“|‚Å‘å‚«‚­Œã‘Þ^1ŽžŠÔ“r’†Œo‰ß,https://news.yahoo.co.jp/articles/a0847fdbba593977f5ea72dd529450e44d2439f1,8/6(“ú) 12:48
rcg,yƒ^ƒCƒ€Œ‹‰Êz2023ƒX[ƒp[GT‘æ4í•xŽm@ƒEƒH[ƒ€ƒAƒbƒv‘–s,https://news.yahoo.co.jp/articles/001b1f38e55d766efb4838cb5f8e95dd1ccdd2e6,8/6(“ú) 12:40
rcg,2025”NˆÈ~‚ÌƒX[ƒp[GTŠCŠOŠJÃ•œŠˆ‚ÖuŒó•â‚Í‚Ó‚½‚Â‚ ‚év‚Æâ“Œ‘ã•\B‚Ü‚¸—L—Í‚ÍƒZƒpƒ“‚©,https://news.yahoo.co.jp/articles/ec4a895d4c1a2307cb68a0b39c5b904414bc00f9,8/6(“ú) 12:19
rcg,Š—¶®–í‚ªƒX[ƒp[GT‘æ4í•xŽm‚ð‹}ç¯Œ‡êBLEON PYRAMID AMG‚ÍŽÂŒ´‘ñ˜N‚Ì‚Ý‚ÅŒˆŸo‘–‚Ö,https://news.yahoo.co.jp/articles/b94f8ad8f72ce43c895e4b777a515e0503e8a90b,8/6(“ú) 12:02
rcg,ƒXƒjƒlƒ“‚Æ3”ÔŽè‚ð‘ˆ‚¤Ÿ“c‹MŒ³u‚Å‚«‚éŒÀ‚èƒvƒbƒVƒ…‚µ‚Ü‚µ‚½v^2023”NWRCƒtƒBƒ“ƒ‰ƒ“ƒh ƒfƒC3ŒãƒRƒƒ“ƒg,https://news.yahoo.co.jp/articles/d35f7fa71456cb6e290a2a73e7c51c2c6068eafb,8/6(“ú) 11:59
rcg,y—éŽ­8‘Ïz‘S50‘ä‚É‚æ‚éƒŒ[ƒX‚ªŠJŽnBƒˆƒVƒ€ƒ‰SERT Motul‚ªƒƒPƒbƒgƒXƒ^[ƒg,https://news.yahoo.co.jp/articles/154391b4bae7ee3ab1b3a91cdff6d457e7f30df6,8/6(“ú) 11:50
rcg,Ÿ“c‹MŒ³‚ÆƒXƒjƒlƒ“‚Ì3”ÔŽè‘ˆ‚¢‚ª”’”MBŽñˆÊƒGƒoƒ“ƒX‚ÍƒfƒC3‚ð‚Ù‚Ú§ˆ³‚µÅI“ú‚Ö^WRC‘æ9íƒtƒBƒ“ƒ‰ƒ“ƒh,https://news.yahoo.co.jp/articles/80dd7bce54fc5d41d3957bbb3ad672e3b4a3bb94,8/6(“ú) 10:45
rcg,y‡ˆÊŒ‹‰Êz2023FIA-F4‘IŽèŒ  ‘æ6í•xŽm ŒˆŸ,https://news.yahoo.co.jp/articles/8d58c293e10610af3311d4c95736ca07b2778c3b,8/6(“ú) 10:30
rcg,u­‚µ–³—‚ð‚µ‚Ä‚¢‚év‰ö‰ä‚©‚ç•œ‹A‚Ì‘å“’“sŽjŽ÷‚Ìó‹µBâD‚Ì—DŸƒ`ƒƒƒ“ƒX‚ð’Í‚ñ‚¾ARTA MUGEN‚Ì2‘ä‚É•·‚­,https://news.yahoo.co.jp/articles/6a0ff920303d80726369a41a89e425cea29d3f96,8/6(“ú) 10:00
rcg,ƒ„ƒ}ƒnFƒNƒAƒ‹ƒ^ƒ‰ƒAƒXƒvƒŠƒ“ƒg‚ð21ˆÊ‚ÅI‚¦‚éu‹êí‚ª‘±‚¢‚Ä‚¢‚é‚ªAŒã”¼í‚ÌÄŠJ‚ÉŽ©M‚ðŽ‚Á‚Ä‚¢‚év^‘æ9íƒCƒMƒŠƒXGP 2“ú–Ú,https://news.yahoo.co.jp/articles/826e2db4462de1705c49097a753411883b63f151,8/6(“ú) 9:57
rcg,yƒ^ƒCƒ€Œ‹‰Êz2023—éŽ­8ŽžŠÔ‘Ï‹vƒ[ƒhƒŒ[ƒX ƒEƒH[ƒ€ƒAƒbƒv,https://news.yahoo.co.jp/articles/a6741a1cffd5ad37d7d65c314f20726be5adf4e6,8/6(“ú) 9:37
rcg,y‡ˆÊŒ‹‰Êz2023”NWRC‘æ9íƒ‰ƒŠ[EƒtƒBƒ“ƒ‰ƒ“ƒh SS18Œã,https://news.yahoo.co.jp/articles/43910b0e9ff00d29ff5e2f006ab819f26360fa8e,8/6(“ú) 9:27
rcg,ƒzƒ“ƒ_Fƒ~ƒ‹‚Æƒ}ƒ‹ƒPƒXAƒEƒGƒbƒg‚ÌƒXƒvƒŠƒ“ƒg‚ÅŠ®‘–‚ð‰Ê‚½‚·^‘æ9íƒCƒMƒŠƒXGP 2“ú–Ú,https://news.yahoo.co.jp/articles/fe38a447a72b7f88f7fd1414cd978d410d9d3fac,8/6(“ú) 9:20
rcg,ƒXƒvƒŠƒ“ƒg20ˆÊ‚Ì’†ã‹M»u—\‘zˆÈã‚Ì‹êíBƒ`[ƒ€‚Æ˜AŒg‚µ‚ÄŒˆŸ‚É’§‚Þv^‘æ9íƒCƒMƒŠƒXGP 2“ú–Ú,https://news.yahoo.co.jp/articles/3f6fe2405f08fbbd92934926f1ed414d7f3d4c89,8/6(“ú) 8:42
rcg,ƒnƒ~ƒ‹ƒgƒ“‚ÆŽc—¯‚É‚Â‚¢‚ÄŒðÂ’†‚Ìƒƒ‹ƒZƒfƒXF1uƒAƒ“ƒoƒTƒ_[Œ_–ñ‚É‚Â‚¢‚Ä‚Í˜b‚µ‚Ä‚¢‚È‚¢Bˆø‘Þ‚Í‚Ü‚¾‚Ü‚¾æv,https://news.yahoo.co.jp/articles/0f9c2de0948a482221d5ef646ea05cc541faddcc,8/6(“ú) 7:10
rcg,F1‰—DŸ‚©‚ç20”N‚ÌƒAƒƒ“ƒ\uƒŒ[ƒXl¶‚Ì‚È‚©‚Å‚Ð‚Æ‚Â‚àŒã‰÷‚Í‚È‚¢v,https://news.yahoo.co.jp/articles/70cb7e74a01806c9cbc9ca5598028130e9a61f08,8/6(“ú) 6:35
rcg,y‡ˆÊŒ‹‰Êz2023MotoE‘æ5íƒCƒMƒŠƒX‘å‰ï ƒŒ[ƒX2,https://news.yahoo.co.jp/articles/35ba06bea09f58fdcc178914e9a416424ff9cc07,8/6(“ú) 0:33
rcg,ƒXƒYƒLMotoGPƒJƒ‰[‚ð1Žü‚Ì‚½‚ß‚É—pˆÓB’Ã“c‘ñ–çuƒtƒ@ƒ“‚ÉƒƒbƒZ[ƒW‚ð‘¡‚è‚½‚©‚Á‚½v^—éŽ­8‘Ïƒgƒbƒv10ƒgƒ‰ƒCƒAƒ‹,https://news.yahoo.co.jp/articles/c73838032acd5d28582cda3eb49d6f383c4aa12e,8/5(“y) 23:53
rcg,‚¯–¾½u‚¢‚¢•ûŒü‚É‹Á‚¢‚½vNiterra Z‚ª–]ŠO‚Ì—\‘I4”ÔŽèBMOTUL Z¼“cŽŸ¶‚à•œ‹A‘–s‚Éu–³Ž–‚É‘–‚ê‚Äƒzƒb‚Æ‚µ‚½v,https://news.yahoo.co.jp/articles/55ee39fae8568de3b15fbc76f1dc8e063899e40a,8/5(“y) 23:45
rcg,ƒAƒŒƒbƒNƒXEƒ}ƒ‹ƒPƒXAƒXƒvƒŠƒ“ƒg‚Å‰—DŸB“ú–{ƒ[ƒJ[‚Í15ˆÊˆÈ‰º‚É’¾‚Þ^‘æ9íƒCƒMƒŠƒXGP,https://news.yahoo.co.jp/articles/197e6c8583ee2bfa425351ed12efedc0058808fb,8/5(“y) 23:43
rcg,uƒJƒbƒR‚æ‚­Œˆ‚ß‚½‚©‚Á‚½‚È‚ ccv•xŽmƒ‰ƒXƒgƒAƒ^ƒbƒN‚Ì—§ìBQ1’S“–‚ÌÎ‰YuSNSƒAƒJƒEƒ“ƒgíœ‚ðŠoŒå‚µ‚Ä—Õ‚ñ‚¾v,https://news.yahoo.co.jp/articles/3b5bf2f1d1b9b5034f608c0534bc951b2cb64fc2,8/5(“y) 23:31
rcg,y‡ˆÊŒ‹‰Êz2023MotoGP‘æ9íƒCƒMƒŠƒXGP ƒXƒvƒŠƒ“ƒgƒŒ[ƒX,https://news.yahoo.co.jp/articles/5c27633430187da222d247f394b81d0ea119ce47,8/5(“y) 23:27
rcg,ŽR“à‰p‹PAƒX[ƒp[GT‘æ4í•xŽm‚Å‚ÌÅ‘½ƒ|[ƒ‹ƒ|ƒWƒVƒ‡ƒ“‹L˜^XV‚Í‚È‚ç‚¸‚àuŠÈ’P‚Å‚Í‚È‚¢‚©‚ç‚±‚»‰¿’l‚ª‚ ‚év,https://news.yahoo.co.jp/articles/54af58ce1ca738eb00532e1b15996b9aa141ee7d,8/5(“y) 23:00
rcg,—éŽ­8‘ÏF—Bˆê‚Ì—«ƒ‰ƒCƒ_[•½–ìƒ‹ƒiAƒ}ƒVƒ“ƒgƒ‰ƒuƒ‹‚Å—\‘I‚Í•sŠ®‘S”RÄuŽ©ŒÈƒxƒXƒgXV‚ð‘_‚Á‚Ä‚¢‚½‚Ì‚Å‰÷‚µ‚¢v,https://news.yahoo.co.jp/articles/7772b62e4da108000fb761865d99f0d57f5b1bf4,8/5(“y) 22:48
rcg,y‡ˆÊŒ‹‰Êz2023Moto2‘æ9íƒCƒMƒŠƒXGP —\‘I‘‡,https://news.yahoo.co.jp/articles/b0b12c89d8912c7e9e4115f8bd6ddffc70cf20e0,8/5(“y) 22:23
rcg,•Ð‰ª—´–çu¡“ú‚È‚ç‰´‚Å‚àŠl‚ê‚é‚ñ‚¶‚áv’JŒûM‹Pu‰^‚Å‚àŽÀ—Í‚Å‚à‚¢‚¢vy‘æ4íGT300—\‘I‰ïŒ©z,https://news.yahoo.co.jp/articles/4b3814b77cd0e445e4613e153f4da81e2a984bb8,8/5(“y) 22:17
rcg,y‡ˆÊŒ‹‰Êz2023Moto3‘æ9íƒCƒMƒŠƒXGP —\‘I‘‡,https://news.yahoo.co.jp/articles/7ad6c0d3c329928828d94a4d0b94c91570d9eac5,8/5(“y) 21:44
rcg,ŒˆŸ‚ÍgŠ®‘Sƒhƒ‰ƒC‚©–{~‚è‚Ì‰Jh‚ðŠó–]H@ŽOŽÒŽO—lAƒuƒŠƒaƒXƒgƒ“¨‚Ì—\‘Iƒ^ƒ‰EƒŒƒo^ƒX[ƒp[GT‘æ4í•xŽmGT300,https://news.yahoo.co.jp/articles/ff124c7ad282d16cfdf24b0b4ee94eeb8712ac48,8/5(“y) 21:36
rcg,ƒX[ƒp[GT‘æ4í•xŽm‚ÌGT300—\‘I3”ÔŽè‚Ìapr LC500h GT‚ª•s‰^‚Èƒ^ƒCƒ€íœBÅŒã”öƒXƒ^[ƒg‚É,https://news.yahoo.co.jp/articles/3e1cbec221a3b80bd826c0ef9db37bbea9a11f92,8/5(“y) 21:03
rcg,³^³–Áƒ|[ƒ‹Šl“¾‚Ì²X–Ø‘åŽ÷u—¬‚ê‚ðŽæ‚è–ß‚³‚È‚«‚á‚¢‚¯‚È‚¢vy‘æ4íGT500—\‘I‰ïŒ©z,https://news.yahoo.co.jp/articles/6bc877a9b017203fa744416b374a67e0c4e20026,8/5(“y) 20:56
rcg,TOHO Racing‚Ì´¬u‘–‚ç‚¹‚Ä‚à‚ç‚¦‚ÄAŠy‚µ‚©‚Á‚½‚µŠð‚µ‚©‚Á‚½v^—éŽ­8‘Ï —\‘Iƒgƒbƒv3‰ïŒ©,https://news.yahoo.co.jp/articles/c8223cbe8d2ce0e7cc15dccbc751de7576cacf69,8/5(“y) 20:49
rcg,2”ÔŽè‚ÌYARTƒ„ƒ}ƒnA‰ƒAƒ^ƒbƒN‚Íu‚à‚¤­‚µƒAƒOƒŒƒbƒVƒu‚É‘–‚ê‚Î‚æ‚©‚Á‚½v ^—éŽ­8‘Ï —\‘Iƒgƒbƒv3‰ïŒ©,https://news.yahoo.co.jp/articles/7435c92caba5e44347cc7a3e102ae74513e70a2b,8/5(“y) 20:40
rcg,y‡ˆÊŒ‹‰Êz2023MotoE‘æ5íƒCƒMƒŠƒX‘å‰ï ƒŒ[ƒX1,https://news.yahoo.co.jp/articles/b68b0de58daf3bc44cf8ffaeb41f1f4bd010970c,8/5(“y) 20:38
rcg,y‡ˆÊŒ‹‰Êz2023MotoGP‘æ9íƒCƒMƒŠƒXGP —\‘I‘‡,https://news.yahoo.co.jp/articles/f1617b5be86dcb29a340665651a47efe20e801b4,8/5(“y) 19:32
rcg,ƒOƒbƒhƒXƒ}ƒCƒ‹ ‰‰¹ƒ~ƒN AMG‚ª—\‘I“ú‚ðŠ®‘S§ˆ³B’JŒûM‹P‚ª6”N‚Ô‚è‚Ìƒ|[ƒ‹Šl“¾y‘æ4íGT300—\‘IƒŒƒ|[ƒgz,https://news.yahoo.co.jp/articles/7010e3e15f32a287c83f55fe4cb5f359f6c98873,8/5(“y) 19:09
rcg,yƒ^ƒCƒ€Œ‹‰Êz2023MotoGP‘æ9íƒCƒMƒŠƒXGP ƒtƒŠ[‘–s2‰ñ–Ú,https://news.yahoo.co.jp/articles/4cd7c7928eafb160300d185a2ef3bd2282db29c3,8/5(“y) 18:47
rcg,ƒŠƒAƒ‰ƒCƒYADVAN Z‚ª‘Oí‚ÌáJ‚ð‰Ê‚½‚·ƒ|[ƒ‹ƒ|ƒWƒVƒ‡ƒ“BãˆÊ3‘ä‚ªƒRƒ“ƒ}1•b·‚Ì‹Í·ƒoƒgƒ‹yƒX[ƒp[GT‘æ4í•xŽmGT500—\‘IƒŒƒ|[ƒgz,https://news.yahoo.co.jp/articles/0b51fd9d268691ff0e30c3ab6fafc4e0744d73eb,8/5(“y) 18:35
rcg,HRC‚Ì’·“‡u‚·‚²‚­ƒzƒb‚Æ‚µ‚Ä‚¢‚Ü‚·vƒrƒGƒ‹ƒQu–l‚ð‘I‚ñ‚Å‚­‚ê‚ÄŠ´ŽÓv^—éŽ­8‘Ï —\‘Iƒgƒbƒv3‰ïŒ©,https://news.yahoo.co.jp/articles/e6ef4a0d0cdb23f0b02316f6ab009b6820178395,8/5(“y) 18:33
rcg,2017”NˆÈ—ˆ‚Ìƒgƒbƒv10ƒgƒ‰ƒCƒAƒ‹Bƒ|[ƒ‹‚Í2˜A‘±‚ÅTeam HRC with “ú–{—X•ÖBYARTƒ„ƒ}ƒnATOHO Racing‚Ìƒgƒbƒv3^—éŽ­8‘Ï,https://news.yahoo.co.jp/articles/8e1f2094c7ac5446c7adda5e05fde23b2fb3eceb,8/5(“y) 18:15
rcg,y‡ˆÊŒ‹‰Êz2023—éŽ­8ŽžŠÔ‘Ï‹vƒ[ƒhƒŒ[ƒX ŒöŽ®—\‘I,https://news.yahoo.co.jp/articles/6c5f4c8e887c284f69ebae628a34470bb5456921,8/5(“y) 17:15
rcg,y³Ž®Œ‹‰Êz2023ƒX[ƒp[GT‘æ4í•xŽm ŒöŽ®—\‘IQ2,https://news.yahoo.co.jp/articles/64e1a160ce468a19bc0dd4c211f3206c24cb15fe,8/5(“y) 16:50
rcg,y‡ˆÊŒ‹‰Êz2023FIA-F4‘IŽèŒ  ‘æ5í•xŽm ŒˆŸ,https://news.yahoo.co.jp/articles/de7950e861cca45cc01679a1fc42d8f5d26e9d1d,8/5(“y) 16:30
rcg,y³Ž®Œ‹‰Êz2023ƒX[ƒp[GT‘æ4í•xŽm ŒöŽ®—\‘IQ1,https://news.yahoo.co.jp/articles/7f137e322c8960c7d385e7e615eba04a0de76a38,8/5(“y) 16:10
rcg,yƒ^ƒCƒ€Œ‹‰Êz2023—éŽ­8ŽžŠÔ‘Ï‹vƒ[ƒhƒŒ[ƒX “y—j“úƒtƒŠ[‘–s,https://news.yahoo.co.jp/articles/699cc98165a76a0bd8c08379b9b0543cde5fedf0,8/5(“y) 15:52
rcg,Žº‰®‹`G‚ª¡”N‚àƒX[ƒp[GT‘æ4íŠJÃ‚Ì•xŽmƒXƒs[ƒhƒEƒFƒC‚É”ò—ˆBƒo[ƒ`ƒƒƒ‹‚Æ—Z‡‚µ‚½ƒtƒ‰ƒCƒg‚ð”â˜I,https://news.yahoo.co.jp/articles/81f9d6cc83c36ecab790c85d3f6234114da13d3e,8/5(“y) 14:23
rcg,Ÿ“c‹MŒ³3”ÔŽèAƒGƒoƒ“ƒX‚ªƒfƒC2ŽñˆÊBƒgƒˆƒ^¨‚Í‰J’†‚ÌƒTƒoƒCƒoƒ‹ƒ‰ƒŠ[‚Å3‘ä‚ªƒgƒbƒv5“ü‚è^WRCƒtƒBƒ“ƒ‰ƒ“ƒh,https://news.yahoo.co.jp/articles/eedaa8db082c08426fd59fc841fb9a80f00b40f4,8/5(“y) 14:19
rcg,—éŽ­8‘ÏFS-PULSE DREAM RACING-ITEC‚ÌƒWƒ‡ƒVƒ…EƒEƒH[ƒ^[ƒX‚ª‰ö‰ä‚ÅŒ‡ê‚É,https://news.yahoo.co.jp/articles/5a6cc1beeffed0ad3894925a4f6f66a0896f4fd9,8/5(“y) 13:46
rcg,‰“ú20”ÔŽè‚Ì’†ã‹M»uƒf[ƒ^‚ð‚µ‚Á‚©‚è•ªÍ‚µ‚ÄAˆê•à‘Oi‚µ‚½‚¢v^‘æ9íƒCƒMƒŠƒXGP,https://news.yahoo.co.jp/articles/81be88313fd9cedc550c1f4a9554035a00c57356,8/5(“y) 13:35
rcg,2023—éŽ­8‘ÏFƒgƒbƒv10ƒgƒ‰ƒCƒAƒ‹ioƒ`[ƒ€‚ªŒˆ’èBƒ^ƒCƒ€ƒAƒ^ƒbƒN‚Í16Žž‚©‚çƒXƒ^[ƒg,https://news.yahoo.co.jp/articles/2ec02c1a18ccd77954f24b8bed3889d024003620,8/5(“y) 13:25
rcg,ƒƒ‹ƒZƒfƒXF1Aƒ}ƒVƒ“‚ÌƒoƒEƒ“ƒVƒ“ƒOÄ”­‚É‚Â‚¢‚Ä’²¸uƒAƒbƒvƒOƒŒ[ƒh‚ªŒ´ˆö‚Å‚Í‚È‚¢v‚Æ‹Zpƒ{ƒX,https://news.yahoo.co.jp/articles/d11e11814ef349e4986019170832a854a242c79a,8/5(“y) 13:05
rcg,ŽñˆÊ‚©‚çˆê“]ccu”ñí‚É•s‰^‚ÈƒNƒ‰ƒbƒVƒ…v‚Æƒƒoƒ“ƒyƒ‰^2023”NWRC‘æ9íƒtƒBƒ“ƒ‰ƒ“ƒh ƒfƒC2ŒãƒRƒƒ“ƒg,https://news.yahoo.co.jp/articles/b9a5860add2b213b8571cf7789007a47f60b8e83,8/5(“y) 12:58
rcg,—\‘I2‚ÍYARTƒ„ƒ}ƒn‚Ì3l‚ª2•ª05•b‘ä‚Åˆ³ŠªBTeam HRC‚Í2”ÔŽèAƒXƒYƒL¨3ƒ`[ƒ€‚ªƒgƒbƒv10“ü‚è^—éŽ­8‘Ï,https://news.yahoo.co.jp/articles/859e3554c51829623ee2df45da5ccde47e577cc3,8/5(“y) 12:42
rcg,y‡ˆÊŒ‹‰Êz2023—éŽ­8ŽžŠÔ‘Ï‹vƒ[ƒhƒŒ[ƒX ŒöŽ®—\‘I2‰ñ–Ú,https://news.yahoo.co.jp/articles/7c8bf5ec1bed0683ce2d364edf70e08955ea3f72,8/5(“y) 12:04
rcg,u‚©‚È‚èK‰^‚È“–‚½‚è•ûv‚Ù‚Ú‘S‘¹ó‘Ô‚¾‚Á‚½MOTUL AUTECH ZAƒ‚ƒmƒRƒbƒNŒðŠ·‚ÅƒJƒ€ƒoƒbƒN,https://news.yahoo.co.jp/articles/5a2512a0dc2f9530e336e2ed11a138b925791f21,8/5(“y) 11:35
rcg,2023ƒX[ƒp[GT‘æ4í•xŽm‚ÌŒöŽ®—ûK‚ÍARTA MUGEN‚ªƒƒ“Eƒc[B16†ŽÔ‚ªŽñˆÊ”­i,https://news.yahoo.co.jp/articles/00e9e5ebd2e299df12dfd03b536c4b2a91f018f2,8/5(“y) 11:20
rcg,•ê‘ŠMùƒƒoƒ“ƒyƒ‰•ƒ‰ƒbƒs‚ªƒNƒ‰ƒbƒVƒ…Aƒ^ƒiƒN‚àƒŠƒ^ƒCƒA‚Ì”g—BŸ“c‹MŒ³‚Í3”ÔŽè^WRCƒtƒBƒ“ƒ‰ƒ“ƒh ƒfƒC2,https://news.yahoo.co.jp/articles/5225e5c8fa05138d302fe00bcce3278c3f6dd178,8/5(“y) 10:59
rcg,yƒ^ƒCƒ€Œ‹‰ÊzƒX[ƒp[GT‘æ4í•xŽm^16†ŽÔARTA‚Æ‰‰¹ƒ~ƒNAMG‚ªŒöŽ®—ûKÅ‘¬ƒ^ƒCƒ€‚ð‹L˜^,https://news.yahoo.co.jp/articles/c4c89f951fc4e76e4fb80f42a2cccb0da673e800,8/5(“y) 10:48
rcg,y‡ˆÊŒ‹‰Êz2023”NWRC‘æ9íƒ‰ƒŠ[EƒtƒBƒ“ƒ‰ƒ“ƒh SS10Œã,https://news.yahoo.co.jp/articles/4a521780a8e8a20195b325c0be0da341874f9698,8/5(“y) 10:20
rcg,ƒ„ƒ}ƒnFƒNƒAƒ‹ƒ^ƒ‰ƒA11”ÔŽè‚ÅQ2io‚ð“¦‚·B‰“ú‚ÍƒZƒbƒeƒBƒ“ƒOŒüã‚ð’Ç‹^‘æ9íƒCƒMƒŠƒXGP,https://news.yahoo.co.jp/articles/6b3b79f856b9a5494cc4e8a08f3a0fc86ee881a8,8/5(“y) 10:06
rcg,ƒzƒ“ƒ_Fƒ}ƒVƒ“‚ÌƒZƒbƒgƒAƒbƒv‚ÉW’†‚µ‚½ƒ}ƒ‹ƒPƒX‚Í13”ÔŽèBƒPƒK‚©‚ç•œ‹A‚Ìƒ~ƒ‹‚Í18”ÔŽè‚ÅI‚¦‚é^‘æ9íƒCƒMƒŠƒXGP‰“ú,https://news.yahoo.co.jp/articles/966dda3db7b062ad5d47e552c40a1f20cd86eec1,8/5(“y) 9:27
rcg,ƒzƒ“ƒ_‚ªƒCƒMƒŠƒXGP‚Å“Š“ü‚µ‚½VƒGƒAƒBƒgƒ‰ƒC‚µ‚½’†ã‹M»‚Ì•]‰¿‚Í^MotoGP‘æ9í,https://news.yahoo.co.jp/articles/8d46d7a9c1f8096819aec5970f0b00f6f1a731b6,8/5(“y) 9:00
rcg,IMSA‚Ì2024”NƒJƒŒƒ“ƒ_[”­•\AƒfƒgƒƒCƒgŽsŠX’n‚ª‰Á‚í‚éBWEC‚È‚ÇƒrƒbƒOƒCƒxƒ“ƒg‚Æ‚Ì“ú’öd•¡‘½”,https://news.yahoo.co.jp/articles/bac234b0854fcbb2bddb6237752c494bae31326c,8/5(“y) 8:40
rcg,ƒŒƒbƒhƒuƒ‹‘ã•\‚ÆƒyƒŒƒXA—\‘IQ3Œã‚Ì•s‰¸‚È–³ü‚Ì”wŒi‚É‚Íuç’k‚ª‚ ‚Á‚½v‚Æ–¾‚©‚·^F1‘æ13í,https://news.yahoo.co.jp/articles/c233787bac4c4ef43c6a1133e5d28f9a14b2eac0,8/5(“y) 8:00
rcg,ƒI[ƒgƒŒ[ƒX‰F•”‚ÌƒVƒƒ[ƒŠƒ“AƒJƒƒTƒLƒvƒ‰ƒUŠâŒË—º‰îAƒ`[ƒ€’·–ì‚ÌŸNŽR–Î¸‚ªŒ‡ê‚É^—éŽ­8‘Ï,https://news.yahoo.co.jp/articles/8310474e2bc445c8206334815363f2b0ecd2665c,8/5(“y) 7:47
rcg,Œ³ƒ‹ƒm[F1‘ã•\AƒAƒ‹ƒs[ƒkCEO‚Ì—§‚Ä‚½g100ƒŒ[ƒXŒv‰æh‚Í–³ô‚¾‚Á‚½‚ÆŽå’£u‚±‚¤‚¢‚¤Œv‰æ‚Å‚Í“¹‚ðŒë‚év,https://news.yahoo.co.jp/articles/dd21d22dbd33f0bd7a02a80fe209d9e4df0e1daf,8/5(“y) 6:31
rcg,ƒ}ƒZƒ‰ƒeƒBMC20‚âƒgƒˆƒ^GRƒJƒ[ƒ‰A‚³‚ç‚É‚Íƒgƒˆƒ^‹~‹}ŽÔƒnƒCƒƒfƒBƒbƒN‚ª’Ç‰Á‚³‚ê‚éGT7‚ÌƒAƒbƒvƒf[ƒg‚ª8ŒŽ7“ú‚É”zM,https://news.yahoo.co.jp/articles/699ca86c4459758bae3d2384a52bbe825dab78b7,8/5(“y) 1:40
rcg,ƒvƒ‰ƒNƒeƒBƒXƒgƒbƒv‚ÍA.ƒGƒXƒpƒ‹ƒKƒBƒzƒ“ƒ_‚ÍVƒGƒAƒ‚ð“Š“ü^‘æ9íƒCƒMƒŠƒXGP,https://news.yahoo.co.jp/articles/ab3276b891fad1c5e8e6b7538ea03441c598c425,8/5(“y) 0:24
rcg,yƒ^ƒCƒ€Œ‹‰Êz2023MotoGP‘æ9íƒCƒMƒŠƒXGP ƒvƒ‰ƒNƒeƒBƒX,https://news.yahoo.co.jp/articles/6722f42c55b4c0d5108b2606d881d71ddaacfc0c,8/5(“y) 0:06
rcg,FIA F2^FIA F3A2024”NŠJÃƒXƒPƒWƒ…[ƒ‹‚ð”­•\BƒJƒ^[ƒ‹‚Å‚ÌFIA F2‰ŠJÃ‚ªŒˆ’è,https://news.yahoo.co.jp/articles/42e9a1d42e497af6b4064978c2c6c9936d151868,8/4(‹à) 23:00
rcg,8†ŽÔARTA MUGEN NSX-GT‚É‚Í’N‚ªæ‚é‚Ì‚©B‹C‚É‚È‚é‘å“’“sŽjŽ÷‚Æ–Ø‘ºˆÌD‚É•·‚­,https://news.yahoo.co.jp/articles/d17e74d5b5e55070a758dd81b318a75391ad9978,8/4(‹à) 20:52
rcg,¼“cŽŸ¶u‚¢‚ë‚¢‚ë‚È‚±‚Æ‚ª“ª‚Ì’†‚ð„‚Á‚½v‘sâƒNƒ‰ƒbƒVƒ…‚ÆŽÔˆÖŽq¶Šˆ‚Å‚ÌƒŠƒnƒrƒŠ‚ðŒo‚Ä•œ‹A‚Ö,https://news.yahoo.co.jp/articles/0a1fbf749f87e89a15a35f9b437a96494bcfb7d0,8/4(‹à) 20:30
rcg,yƒ^ƒCƒ€Œ‹‰Êz2023—éŽ­8ŽžŠÔ‘Ï‹vƒ[ƒhƒŒ[ƒX –éŠÔƒtƒŠ[‘–s,https://news.yahoo.co.jp/articles/2714b0dc23c50f94dfd130472d9db2bebfec7225,8/4(‹à) 19:59
rcg,ƒ`[ƒ€‚ÌV‚½‚È’§í‚Ì‹’“_‚ÉBƒVƒFƒCƒhƒŒ[ƒVƒ“ƒOFUJIƒtƒ@ƒNƒgƒŠ[‚ª‚¢‚æ‚¢‚æ–¾“úŽn“®,https://news.yahoo.co.jp/articles/adb63d069fe06ed4d061cfe197f77385d7cdc197,8/4(‹à) 19:57
rcg,F1 TopicFƒzƒ“ƒ_‚ÌŠJ–‹12˜AŸ‚ÉAŒ»ê‚ÌHRCƒXƒ^ƒbƒt‚©‚çŠ½Šì‚ÆˆÀ“g‚Ìºuƒ[ƒ‚©‚çŠJ”­‚ÉŒg‚í‚Á‚½‚Ì‚ÅŠð‚µ‚¢v,https://news.yahoo.co.jp/articles/ea895f9cf702c5e0e568e0b42d934db2f247930d,8/4(‹à) 19:52
rcg,yƒX[ƒp[GTz¬•é‘ìŽj‚àƒeƒ“ƒVƒ‡ƒ“MAXB‘Ò–]‚ÌgƒGƒ{2h“±“ü‚Åƒ‰ƒ“ƒ{ƒ‹ƒM[ƒjEƒEƒ‰ƒJƒ“‚Íu•Ê‚ÌƒNƒ‹ƒ}v‚Éi‰»,https://news.yahoo.co.jp/articles/aa62bc3a7e81e8a9e5c8e20ebfee9fb15442d4df,8/4(‹à) 19:40
rcg,yƒ^ƒCƒ€Œ‹‰Êz2023MotoGP‘æ9íƒCƒMƒŠƒXGP ƒtƒŠ[‘–s1‰ñ–Ú,https://news.yahoo.co.jp/articles/0d4e6652650942c25335bf38a779e2f01f008d4a,8/4(‹à) 19:34
rcg,u¡Œã‚àƒ‚[ƒ^[ƒXƒ|[ƒc‚ð·‚èã‚°‚é’‡ŠÔvˆø‘Þ‚Ì—§ì—S˜H‚Éƒgƒˆƒ^²“¡PŽ¡ŽÐ’·AGTAâ“Œ³–¾‘ã•\A˜eãŽõˆêŠÄ“ÂAÎ‰YG–¾‚ªŠ´ŽÓ‚ÌŒ¾—t,https://news.yahoo.co.jp/articles/6b3285ce985a670b7f2f8aed61090bbae0c83002,8/4(‹à) 18:15
rcg,^‰Ä‚Ì•xŽmŒˆíBƒX[ƒp[GT‘æ4í‚ÌGT500ƒEƒCƒi[•PP‚ð•ÒW’S“–ƒXƒ^ƒbƒt‚ªƒKƒ`—\‘z,https://news.yahoo.co.jp/articles/340610f0ee27927e7f84ba52edfa16179a5fc970,8/4(‹à) 18:07
rcg,ƒ}ƒcƒ_AƒOƒ‰ƒ“ƒc[ƒŠƒXƒ‚7‚ðŽg—p‚µ‚½eƒXƒ|[ƒc‘å‰ï‚ðŠJÃB2024”N‚ÍƒŠƒoƒŠ[•”–å‚à’Ç‰Á,https://news.yahoo.co.jp/articles/f15db42d82705ce984ad0081f16f20f8141f5c65,8/4(‹à) 17:45
rcg,—\‘I1‰ñ–Ú‚©‚ç’·“‡“N‘¾‚ª—Bˆê‚Ì2•ª05•b‘äBYARTƒ„ƒ}ƒn‚ª”—‚éƒ^ƒCƒ€‚Å2”ÔŽè‚É‚Â‚¯‚é^—éŽ­8‘Ï,https://news.yahoo.co.jp/articles/62f3c38c2d586f12d317093d7d2e37c8756e1c34,8/4(‹à) 17:40
rcg,ƒsƒŒƒŠAF1ƒIƒ‰ƒ“ƒ_GP•ƒCƒ^ƒŠƒAGP‚Ìƒ^ƒCƒ„ƒRƒ“ƒpƒEƒ“ƒh‘I‘ð‚ð”­•\Bƒ‚ƒ“ƒcƒ@‚Å‚ÍATAƒtƒH[ƒ}ƒbƒg‚ªÌ—p,https://news.yahoo.co.jp/articles/d042bacd4336cc5d3e7919eb749b4f35186ce0b3,8/4(‹à) 17:31
rcg,‹à—j“úÅ‘¬‚ÍHRC‚Ì’·“‡“N‘¾y‡ˆÊŒ‹‰Êz2023—éŽ­8ŽžŠÔ‘Ï‹vƒ[ƒhƒŒ[ƒX ŒöŽ®—\‘I1‰ñ–Ú,https://news.yahoo.co.jp/articles/a6abbe09623e9324be77991f7f36267e3f4b293a,8/4(‹à) 17:15
rcg,uˆø‘Þ‚·‚é‚Ì‚Í‰‚ß‚Ä‚È‚Ì‚Åv—§ìß‚ ‚è—Ü‚ ‚è‚Ìˆø‘Þ‰ïŒ©u¡‚ÌŽ©•ª‚ª‚ ‚é‚Ì‚ÍƒX[ƒp[GT‚ª‚ ‚Á‚½‚©‚ç‚±‚»v,https://news.yahoo.co.jp/articles/7707da72e590c519a9e7b9eaf884bdc932124628,8/4(‹à) 17:06
rcg,–k•ÄƒXƒoƒ‹AVŠJ”­‚ÌVBŒ^wWRXƒ‰ƒŠ[ƒJ[x‚ð”­•\B—ˆ‹G2024”N‚ÍƒpƒXƒgƒ‰[ƒi‚àíü•œ‹A‚Ö,https://news.yahoo.co.jp/articles/be7337178ad8c50a3ca3870e9b4a97d05d46ec67,8/4(‹à) 16:32
rcg,wƒ~ƒjEƒNƒƒXƒI[ƒo[x‚ÉƒXƒRƒbƒgƒ‰ƒ“ƒh‚Ì‘s‘å‚ÈŒiŠÏ‚ðŽv‚í‚¹‚éŒÀ’èŽÔgƒnƒCƒ‰ƒ“ƒhEƒGƒfƒBƒVƒ‡ƒ“h“oê,https://news.yahoo.co.jp/articles/a6ec53b1394ddc4bd6efceef97ebad6078a70265,8/4(‹à) 15:35
rcg,yƒ^ƒCƒ€Œ‹‰Êz2023—éŽ­8ŽžŠÔ‘Ï‹vƒ[ƒhƒŒ[ƒX ‹à—j“úƒtƒŠ[‘–s,https://news.yahoo.co.jp/articles/386aafee7e65526969ad0646b8f7d740e5465bca,8/4(‹à) 13:47
rcg,ƒgƒˆƒ^Aƒƒoƒ“ƒyƒ‰‚ª’nŒ³í‰“ú3”ÔŽèBƒhƒ‰ƒCƒo[•œ‹A‚Ìƒ‰ƒgƒoƒ‰uÄ‚Ñƒ‰ƒŠ[EƒtƒBƒ“ƒ‰ƒ“ƒh‚ðƒXƒ^[ƒg‚·‚é‚±‚Æ‚ª‚Å‚«‚ÄŠð‚µ‚¢v,https://news.yahoo.co.jp/articles/e4cfde7292216a34a259710022c548bd457de66b,8/4(‹à) 13:28
rcg,WRCƒtƒBƒ“ƒ‰ƒ“ƒhŠJ–‹B‰“ú‚ÍMƒXƒ|[ƒc‚Ìƒ^ƒiƒN‚ªŽñˆÊAŸ“c‹MŒ³‚Í3.1•b·‚Ì7”ÔŽè,https://news.yahoo.co.jp/articles/3ae712e7a741a61d0bf2b5c21842b7604cc0378f,8/4(‹à) 11:20
rcg,‹êí‚ª‘±‚­ƒ„ƒ}ƒn‚Æƒzƒ“ƒ_B“ú–{ƒ[ƒJ[•œŠˆ‚Ìˆ•ûâ³iŒã•Òj^ŒäˆÓŒ©”Ô‚É•·‚­MotoGP,https://news.yahoo.co.jp/articles/0267540f48f4cf4517164dd462fb5235e908b82a,8/4(‹à) 11:06
rcg,GR86•BRZAŒZ’íŽÔ‚Å‚à‹ó—ÍƒAƒvƒ[ƒ`‚Í‚³‚Ü‚´‚ÜBƒvƒƒgƒ^ƒCƒvƒJ[÷‚è‚Ì‘¢Œ`‚ày2023”NGT300ŠJ”­‹£‘ˆ‚»‚Ì3z,https://news.yahoo.co.jp/articles/47e29109fbb7f9947d536241c4cf039a9351a22f,8/4(‹à) 10:43
rcg,yƒ^ƒCƒ€Œ‹‰Êz2023—éŽ­8ŽžŠÔ‘Ï‹vƒ[ƒhƒŒ[ƒX ‡“¯ƒeƒXƒg 2‰ñ–Ú ƒZƒbƒVƒ‡ƒ“6,https://news.yahoo.co.jp/articles/044c253876bd37a1c502e420b733f41363253aa1,8/4(‹à) 10:21
rcg,y‡ˆÊŒ‹‰Êz2023”NWRC‘æ9íƒ‰ƒŠ[EƒtƒBƒ“ƒ‰ƒ“ƒh SS1Œã,https://news.yahoo.co.jp/articles/1df27f1966f3abd7c5a4da2798fe8d505b47ce80,8/4(‹à) 10:17
rcg,ƒvƒƒXƒguƒAƒ‹ƒs[ƒkF1‚ÌŒ»ó‚É”ß‚µ‚Ý‚Æ‹ê’É‚ðŠ´‚¶‚évƒƒbƒVŒ³CEO‚ðu–³”\v‚Æ’É—ó”á”»,https://news.yahoo.co.jp/articles/ef68d0e199f029e9142e56f7d071cc31197c7c3a,8/4(‹à) 8:40
rcg,V–¼ÌŒˆ’è‚ª‹ß‚Ã‚­ƒAƒ‹ƒtƒ@ƒ^ƒEƒŠF1Bƒqƒ…[ƒSEƒ{ƒX‚ªVƒp[ƒgƒi[Œó•â‚É•‚ã,https://news.yahoo.co.jp/articles/49238888ae0514f0128e9fc2088936d1cc016c18,8/4(‹à) 7:55
rcg,—éŽ­8‘ÏFKWT‚Ì“n•ÓˆêŽ÷u3l‚ÌŽÀ—Í·‚ª‚È‚¢‚Ì‚ª‹­‚ÝvV¶TRICK STAR‚ÌŠˆ–ô‚É’–Ú,https://news.yahoo.co.jp/articles/147cfb67210bfa1dd82c0f5ac117400f9a2e5b05,8/4(‹à) 7:23
rcg,—éŽ­8‘ÏF‹}‚«‚åTSRƒzƒ“ƒ_‚©‚çŽQí‚Ìƒ}ƒbƒPƒ“ƒW[BƒeƒXƒg‚Íu‚¤‚Ü‚­‚¢‚Á‚½BƒvƒŒƒbƒVƒƒ[‚ÍŠ´‚¶‚Ä‚¢‚È‚¢v,https://news.yahoo.co.jp/articles/221bce1d5ba95d47cb36d8a064d1684124dcecac,8/3(–Ø) 22:53
rcg,Žñ“sŒˆí‚Í’nŒ³ƒXƒyƒVƒƒƒŠƒXƒg‚Ì‹À‰ƒB‘åæ”yƒoƒbƒ\‚ð~‚µ‚½ƒNƒ‹ƒjƒ‡[ƒ‰‚ª‰—DŸ^ERC‘æ6í,https://news.yahoo.co.jp/articles/50a5bc599426ac878605b0acbd41b47e3b1b0ddd,8/3(–Ø) 22:25
rcg,NASCARƒJƒbƒv2í–Ú‚É’§‚ÞRSC‰¤ŽÒSVG‚ªA“¯T––‚Éƒgƒ‰ƒbƒN‚É‚à‰ŽQíBƒI[ƒoƒ‹ƒfƒrƒ…[‚Ö,https://news.yahoo.co.jp/articles/dfdf8715fb41a73a509c0bf40b361a91b1bf8607,8/3(–Ø) 22:10
rcg,TOYOTA GAZOO Racing WRTAƒ†ƒoƒXƒLƒ…ƒ‰Žs‚ÆTMF‚Æ‚Æ‚à‚ÉƒJ[ƒ{ƒ“ƒjƒ…[ƒgƒ‰ƒ‹ŽÐ‰ïŽÀŒ»‚ÉŒü‚¯‚½Šî–{‡ˆÓ‘‚ð’÷Œ‹,https://news.yahoo.co.jp/articles/a9f88787d76742ebdcefa7e0cfa066a5f9503328,8/3(–Ø) 21:43
rcg,ƒgƒˆƒ^‚Ìƒƒoƒ“ƒyƒ‰A•ê‘ƒ‰ƒŠ[‚ÌƒVƒFƒCƒNƒ_ƒEƒ“‚ÅÅ‘¬ƒ^ƒCƒ€BŸ“c‹MŒ³‚Íg‘æ2‚Ìƒz[ƒ€h‚Å5”ÔŽè^WRC‘æ9íƒtƒBƒ“ƒ‰ƒ“ƒh,https://news.yahoo.co.jp/articles/cd3e7e30ceb18f5fa5cc79a1fdc288a1fb5a5ac5,8/3(–Ø) 21:21
rcg,yƒ^ƒCƒ€Œ‹‰Êz2023”NWRC‘æ9íƒ‰ƒŠ[EƒtƒBƒ“ƒ‰ƒ“ƒh ƒVƒFƒCƒNƒ_ƒEƒ“,https://news.yahoo.co.jp/articles/c86bde08db20fb4f1ea17eb706dec1ed99523570,8/3(–Ø) 20:15
rcg,u‹¤‚É‘–‚éŠ½‚Ñ‚ðv‚ªƒe[ƒ}B11ŒŽ4`5“ú‚ÉwMAZDA FAN FESTA 2023 IN OKAYAMAxŠJÃ,https://news.yahoo.co.jp/articles/060265b63dfb42c80fdefd9d34eaddce348a042f,8/3(–Ø) 19:21
rcg,2024”N‚ÌƒX[ƒp[ƒtƒH[ƒ~ƒ…ƒ‰‚Í—éŽ­2•4ƒŒ[ƒX‚ÅŠJ–‹B”NŠÔ7‘å‰ï‚ð—\’è,https://news.yahoo.co.jp/articles/28be491f31818f9974919559d88e677cc60f7d22,8/3(–Ø) 17:30
rcg,JAF“ú–{Ž©“®ŽÔ˜A–¿‚ª2024”NFIA‘ÛƒXƒ|[ƒcƒJƒŒƒ“ƒ_[“o˜^\¿‚ð”­•\BŠe¢ŠE‘IŽèŒ ‚Ì“ú’ö‚ª–¾‚ç‚©‚É,https://news.yahoo.co.jp/articles/e5d4936109921944076c9f1221f3659aa8f1a459,8/3(–Ø) 17:30
rcg,ƒX[ƒp[GT‚Ì2024”NƒJƒŒƒ“ƒ_[‚ª”­•\B—ˆ‹G‚à‘“à6‰ÓŠA‘S8í‚ÅŠJÃ‚Ö,https://news.yahoo.co.jp/articles/6b70518cf0504de757475978218554695c1de0e2,8/3(–Ø) 17:03
rcg,2024”N‚ÌGTƒ[ƒ‹ƒhƒ`ƒƒƒŒƒ“ƒWEƒAƒWƒA‚ÌƒJƒŒƒ“ƒ_[‚ª³Ž®”­•\BSUGO‚ÅƒWƒƒƒpƒ“ƒJƒbƒv’P“ÆŠJÃ‚Ö,https://news.yahoo.co.jp/articles/a54f1efdeaed8158d5cb3a91d72e7be3f6afcdd9,8/3(–Ø) 15:53
rcg,—éŽ­8‘ÏFBMWƒ[ƒNƒXAƒ^ƒCƒ„‚ÆƒZƒbƒeƒBƒ“ƒO‚ð•ÏXB–ñ2•b‚Ìƒ^ƒCƒ€XV‚Å4”ÔŽè‚ÉƒWƒƒƒ“ƒvƒAƒbƒv,https://news.yahoo.co.jp/articles/bc0478def3024c4758eb47960a7064505e058dfb,8/3(–Ø) 15:34
rcg,ƒX[ƒp[GTA7”N‚Ô‚è‚Ì—DŸ‚Å‚à‘½‚­‚ðŒê‚ç‚È‚¢‘–{—YŽ‘‚Ì’j‹C‚Æ‘å‚«‚È•Ï‰»Bâ“ŒŠÄ“Â‚Ì‹­‚·‚¬‚éãJ,https://news.yahoo.co.jp/articles/83f65989f75e0eb032bd5f32fe063b295846d11f,8/3(–Ø) 14:44
rcg,ƒXƒoƒ‹‚ª2023”NH”­”„‚ÌVŒ^SUVwƒŒƒ”ƒH[ƒO ƒŒƒCƒoƒbƒNx‚ÌƒfƒUƒCƒ“‚ðˆê•”ŒöŠJB9ŒŽ‚©‚ç—\–ñŠJŽn,https://news.yahoo.co.jp/articles/49fb34857a87132a60f928648cc20d7eae6ed52e,8/3(–Ø) 14:35
rcg,ƒAƒ‹ƒtƒ@ƒƒƒIA2024”NˆÈ~‚Íƒn[ƒX‚Æ’ñŒg‚©BƒtƒFƒ‰[ƒŠƒGƒ“ƒWƒ“‚ÌƒŠƒuƒ‰ƒ“ƒh‚ÅF1Šˆ“®Œp‘±‚Ì‰Â”\«,https://news.yahoo.co.jp/articles/fe8eed075d7d422d0167050c8c1025b0cd9dc04d,8/3(–Ø) 14:32
rcg,ƒ~ƒfƒBƒAƒ€ƒ^ƒCƒ„‚Å‚ÌƒyƒŒƒX‚Íuƒ}ƒbƒNƒX‚Ì‚æ‚¤‚É’²Žq‚ªo‚È‚©‚Á‚½v‚Æ‘ã•\BŒ´ˆö‹†–¾‚ÉŽæ‚è‘g‚Þ^F1‘æ13í,https://news.yahoo.co.jp/articles/568f1fc06e1be7e4db7179ac79d536a5a70cf660,8/3(–Ø) 14:00
rcg,ƒzƒ“ƒ_AŠÛ–ÚÌ—p‚ÌwN-BOXx‚Æl‹C‚ÌwN-BOXƒJƒXƒ^ƒ€xŠeVŒ^ƒ‚ƒfƒ‹‚ðæsŒöŠJ,https://news.yahoo.co.jp/articles/7a29ce82add4095b71a90a54f60edc4727772d34,8/3(–Ø) 13:24
rcg,g’nŒ³h‚ÅƒXƒyƒVƒƒƒ‹ƒwƒ‹ƒƒbƒg“Š“ü‚ÌŸ“c‹MŒ³‚ÆA3”N‚Ô‚èWRC•œ‹Aƒ‰ƒgƒoƒ‰‚ªˆÓ‹Cž‚ÝŒê‚é^‘æ9íƒ‰ƒŠ[EƒtƒBƒ“ƒ‰ƒ“ƒh,https://news.yahoo.co.jp/articles/d2c9381f1a39018ffe81062f9d59421183616905,8/3(–Ø) 12:11
rcg,ƒRƒ“ƒrƒj‚Å”ƒ‚¦‚éwƒtƒFƒAƒŒƒfƒBZ ƒJƒXƒ^ƒ}ƒCƒYƒhƒGƒfƒBƒVƒ‡ƒ“x‹ž¤1^64ƒ~ƒjƒJ[‚Ì‘æ15’e‚ª”­”„ŠJŽn,https://news.yahoo.co.jp/articles/35cbf62fcb085fa0ee3fda393f46537afb0c0c6a,8/3(–Ø) 10:47
rcg,–ìK’q‹I‚ªw‚¢‚Î‚ç‚«‘åŽgx‚ÉA”CB‘æ7í‚à‚Ä‚¬‚ð‘O‚ÉƒX[ƒp[ƒtƒH[ƒ~ƒ…ƒ‰ŠÖŒWŽÒ‚ªˆïéŒ§’mŽ–‚ð•\Œh–K–â,https://news.yahoo.co.jp/articles/c7dc2a589dc3a9138707226092b30c4def58998f,8/3(–Ø) 9:52
rcg,Œ³ƒAƒEƒfƒB‚Ìƒƒrƒ“Eƒtƒ‰ƒCƒ“ƒX‚ªBMW‚Æƒtƒ@ƒNƒgƒŠ[Œ_–ñBLMDh‚ÌƒeƒXƒg‚ÉŽQ‰Á‚Ö,https://news.yahoo.co.jp/articles/767ea4548dda20d02df933fdfae5658dff5f5e10,8/3(–Ø) 8:45
rcg,F1ƒ^ƒCƒ„ƒeƒXƒgFƒoƒ“ƒh[ƒ“‚ªƒAƒXƒgƒ“ƒ}[ƒeƒBƒ“‚Å‰‘–sAƒEƒGƒbƒg‚ÌƒXƒp‚ÅuÅ‚‚ÌŒoŒ±v,https://news.yahoo.co.jp/articles/a2bc45e6622bc844bded52876f981c107605e19f,8/3(–Ø) 8:44
rcg,ƒnƒ“ƒKƒŠ[Œã‚ÌƒZƒbƒgƒAƒbƒv•ÏX‚ª‘tŒ÷BƒAƒƒ“ƒ\‚Íu‹£‘ˆ—Í‚ªã‚ª‚Á‚½v‚ÆƒpƒtƒH[ƒ}ƒ“ƒX‚É–ž‘«^F1‘æ13í,https://news.yahoo.co.jp/articles/cdf8f8150e10c44dda6617fb219893b9df291e8f,8/3(–Ø) 7:05
rcg,‰‘ãƒGƒNƒXƒgƒŠ[ƒ€E‰¤ŽÒƒ‚ƒŠ[EƒeƒCƒ‰[‚ªRX2eŽQíB#YellowSquad‚©‚ç2í‚É‰oê‚Ö^WorldRX,https://news.yahoo.co.jp/articles/67af6025cc0af4ced8473d7989ec02fd01f70b7c,8/3(–Ø) 7:00
rcg,ƒAƒ‹ƒs[ƒkF1‚ð—£‚ê‚éƒTƒtƒiƒEƒA[uƒ`[ƒ€‚Å“­‚­‘P—Ç‚ÈƒXƒ^ƒbƒt‚ðŒã‚ÉŽc‚µ‚Ä‚¢‚­‚Ì‚Í”ß‚µ‚¢v‚ÆŒê‚é,https://news.yahoo.co.jp/articles/d3f12fe9f91dcf01110a437465ca6e8beaeb339a,8/3(–Ø) 6:14
rcg,ƒAƒŒƒbƒNƒXEƒŠƒ“ƒXA2024”N‚©‚çƒ‚ƒ“ƒXƒ^[ƒGƒiƒW[Eƒ„ƒ}ƒnMotoGP‚É‰Á“üBƒNƒAƒ‹ƒ^ƒ‰ƒ‚Æƒ`[ƒ€ƒƒCƒg‚É,https://news.yahoo.co.jp/articles/05330f8336236f9fa1b19694f5c464505cd6c426,8/2(…) 19:53
rcg,–³“GŠÍ‘àNAPAƒŒ[ƒVƒ“ƒOUK‚ªƒ|[ƒ‹Šl“¾‚©‚ç2í˜A‘±‚Ì•\²‘ä“ÆèBBMW‚àˆê–î•ñ‚¢‚é^BTCC‘æ6í,https://news.yahoo.co.jp/articles/0caf0514c617d8a49ff4cd0bef9a5cc78cbb6668,8/2(…) 19:50
rcg,ƒ‚ƒ‹ƒrƒfƒŠAƒ‚ƒ“ƒXƒ^[ƒGƒiƒW[Eƒ„ƒ}ƒnMotoGP‚Æ2023”NŒÀ‚è‚Åƒp[ƒgƒi[ƒVƒbƒv‚ð‰ðÁ‚Ö,https://news.yahoo.co.jp/articles/ba59d70b84622f9c2edc83a0210ef6cc509f36ab,8/2(…) 19:11
rcg,•—“´ACFDA—¼‹K’èƒnƒCƒuƒŠƒbƒhBŽOŽÔŽO—l‚Ì“ÆŽ©ŠJ”­‚ª“Á’¥‚ÌGRƒX[ƒvƒ‰y2023”NGT300ŠJ”­‹£‘ˆ‚»‚Ì2z,https://news.yahoo.co.jp/articles/ce756be60b384d935ed6246ea3964b9ffbc8f0ad,8/2(…) 18:45
rcg,yƒ^ƒCƒ€Œ‹‰Êz2023—éŽ­8ŽžŠÔ‘Ï‹vƒ[ƒhƒŒ[ƒX ‡“¯ƒeƒXƒg 2‰ñ–Ú ŒßŒã,https://news.yahoo.co.jp/articles/f128e55b587d4189e9daf5d6b93632a3276b91c7,8/2(…) 18:27
rcg,ƒzƒ“ƒ_A12ŒŽ3“ú‚Éƒ‚ƒrƒŠƒeƒBƒŠƒ][ƒg‚à‚Ä‚¬‚Åwƒzƒ“ƒ_ƒŒ[ƒVƒ“ƒOƒTƒ“ƒNƒXƒf[2023x‚ðŠJÃBF1ƒhƒ‰ƒCƒo[‚à“oê—\’è,https://news.yahoo.co.jp/articles/86b7ddc77dfd19b90330ff957e11c2e8e130330c,8/2(…) 16:53
rcg,ƒ|ƒ‹ƒVƒFAw911x60Žü”N‚ð‹L”O‚·‚éw911S/Tx‚ðŽó’ŠJŽnBÅŒy—Êƒ{ƒfƒB‚Éƒ}ƒjƒ…ƒAƒ‹‹ì“®‚Ìƒsƒ…ƒAƒXƒ|[ƒcƒ‚ƒfƒ‹,https://news.yahoo.co.jp/articles/f350e58a556308ff85e648e7562e5ba89158c553,8/2(…) 16:41
rcg,‰ªŽR‘ÛƒT[ƒLƒbƒg‚Å‚ÌwGT4ƒWƒƒƒpƒ“x‚É‚³‚ç‚É3‘ä‚ªoê‚ÖB8‘ä‚ªƒGƒ“ƒgƒŠ[,https://news.yahoo.co.jp/articles/15bbcdbf086c93a35573a8474eae21672690144d,8/2(…) 16:16
rcg,ƒwƒ‹ƒ€[ƒgEƒ}ƒ‹ƒRAgF1ƒ^ƒCƒgƒ‹‚Ì–²‚©‚çŠo‚ß‚½hƒyƒŒƒX‚Í‚à‚¤ˆê“xƒxƒXƒg‚ÈƒpƒtƒH[ƒ}ƒ“ƒX‚ð”­Šö‚Å‚«‚é‚Í‚¸‚ÆŽå’£,https://news.yahoo.co.jp/articles/4c3afe2365b389b52f81f0f9d65ade57e9b83528,8/2(…) 14:16
rcg,ƒJƒƒTƒLAƒX[ƒp[ƒlƒCƒLƒbƒhƒ‚ƒfƒ‹wZ H2xwZ H2 SEx‚ÌÅVƒ‚ƒfƒ‹‚ð8ŒŽ31“ú‚©‚ç”Ì”„,https://news.yahoo.co.jp/articles/dd3803d537c13f17db81a0e370082553c1fcdaf3,8/2(…) 13:00
rcg,ƒJƒƒTƒLwNInja ZX-10RxƒVƒŠ[ƒYAVƒOƒ‰ƒtƒBƒbƒNÌ—pƒ‚ƒfƒ‹‚ð8ŒŽ31“ú‚©‚ç”­”„,https://news.yahoo.co.jp/articles/89c5b2a10db79f00aa1963f96915976bc149be1e,8/2(…) 13:00
rcg,yƒ^ƒCƒ€Œ‹‰Êz2023—éŽ­8ŽžŠÔ‘Ï‹vƒ[ƒhƒŒ[ƒX ‡“¯ƒeƒXƒg 2‰ñ–Ú Œß‘O,https://news.yahoo.co.jp/articles/5ca8995d2ad4f2e42371ef2a08569a08746df76a,8/2(…) 12:56
rcg,ƒgƒˆƒ^Aƒ‰ƒ“ƒhƒNƒ‹[ƒU[g70h‚Ì‘“à•œŠˆ‚ð”­•\B¡“~‚ÉŒp‘±”Ì”„ƒ‚ƒfƒ‹‚Æ‚µ‚Ä“ú–{‚ÉÄ“±“ü,https://news.yahoo.co.jp/articles/408edd4ab5db6e3ea4a52641ae872295b9b111f8,8/2(…) 11:44
rcg,ƒgƒˆƒ^AVŒ^ƒ‰ƒ“ƒhƒNƒ‹[ƒU[g250h‚ð¢ŠE‰ŒöŠJB“Á•ÊŽd—lŽÔ‚È‚Ç2024”N‘O”¼‚©‚ç”­”„—\’è,https://news.yahoo.co.jp/articles/7cb190f4b5b47a97215ca7a461b31c705cf8f639,8/2(…) 11:20
rcg,ƒƒ‹ƒZƒfƒX‚Ìˆç¬ƒhƒ‰ƒCƒo[AƒxƒXƒeƒB‚ªF1ƒtƒŠ[ƒvƒ‰ƒNƒeƒBƒXƒfƒrƒ…[‚ÖBƒƒLƒVƒRGP‚ÅW14‚ð‰ƒhƒ‰ƒCƒu,https://news.yahoo.co.jp/articles/c6c21f95a405766dc5c9ad4a59d56c81731b1a67,8/2(…) 10:34
rcg,ƒtƒ‰ƒ“ƒX‚ÌAMGƒ†[ƒU[‚ªƒgƒˆƒ^‚ÆÚGBu‚Ç‚Ìƒ[ƒJ[‚Å‚ ‚ë‚¤‚Æv2024”N‚ÌLMGT3ŽQí–ÚŽw‚·^WEC,https://news.yahoo.co.jp/articles/aa9963e6b4789758c28976d5c8085dc7156ab245,8/2(…) 9:08
rcg,ƒXƒp‚Å‚Ì2024”N—pF1ƒ^ƒCƒ„ƒeƒXƒg‚ªƒXƒ^[ƒgBƒEƒGƒbƒg‚Ì‚È‚©Aƒ}ƒNƒ‰[ƒŒƒ“‚ÆƒAƒXƒgƒ“ƒ}[ƒeƒBƒ“‚ª‘–s,https://news.yahoo.co.jp/articles/73e495deda677212ab6fdf4abd81a02c4fdcbc31,8/2(…) 8:05
rcg,‰¤ŽÒ‚Æ‚µ‚Ä•ê‘‰ŠMù‚Ìƒƒoƒ“ƒyƒ‰uŠÈ’P‚Å‚Í‚È‚¢‚ªA‚â‚ê‚é‚¾‚¯‚Ì‚±‚Æ‚ð‚â‚év^2023”NWRC‘æ9íƒtƒBƒ“ƒ‰ƒ“ƒh Ž–‘OƒRƒƒ“ƒg,https://news.yahoo.co.jp/articles/e267078b9f9366ab7d585e58b02b70611eee4a41,8/2(…) 7:25
rcg,ƒAƒ‹ƒs[ƒkV•›ŽÐ’·A—£’E‚·‚éƒTƒtƒiƒEƒA[‚Æ‚Íu•¨Ž–‚ði‚ß‚éã‚Å‚Ìl‚¦•û‚ª“¯‚¶‚Å‚Í‚È‚©‚Á‚½v‚ÆŒê‚é,https://news.yahoo.co.jp/articles/eb4e6242daee380465c081c5eb7357755d48bb9b,8/2(…) 5:55
rcg,ƒ^ƒ‰ƒ“Eƒ}ƒbƒPƒ“ƒW[AF.C.C. TSR Honda France‚©‚ç—éŽ­8‘Ï‚ÉŽQíŒˆ’èBƒWƒ‡ƒVƒ…EƒtƒbƒN‚Ì‘ã–ð,https://news.yahoo.co.jp/articles/986dfcfcd92250aa2050dc572fd459eabe2bd7e6,8/1(‰Î) 20:22
rcg,‘“à—Bˆê‚ÌƒAƒvƒŠƒŠƒAŽg‚¢wTeam TATARA apriliax‚ªNSTƒNƒ‰ƒX‚Å2023—éŽ­8‘Ï‚Éƒ`ƒƒƒŒƒ“ƒW,https://news.yahoo.co.jp/articles/7fcd53573d30f36f3bb58c9286615f25fbd03936,8/1(‰Î) 19:22
rcg,ƒ‰ƒgƒoƒ‰A3”N‚Ô‚è‚ÌWRC•œ‹Aí‚ð‘O‚ÉGRƒ„ƒŠƒXEƒ‰ƒŠ[1‚ðƒeƒXƒgBƒJƒ‰[ƒŠƒ“ƒO‚àŒöŠJ^‘æ9íƒtƒBƒ“ƒ‰ƒ“ƒh,https://news.yahoo.co.jp/articles/d11067e41e91b5225f04ce20ca64bbf79f9cb7d2,8/1(‰Î) 18:35
rcg,RFKw‰c‚ª–ôiBƒNƒŠƒXEƒuƒbƒVƒƒ[‚Æƒ`[ƒ€‚É‚Æ‚Á‚ÄI”Õí‚Å‚Ì¡‹G‰Ÿ—˜‚É^NASCAR‘æ22í,https://news.yahoo.co.jp/articles/065655babbd8c739cadda4158223b6c3a53864b4,8/1(‰Î) 18:17
rcg,‰e‹¿‘å‚ÍŠOŠÏ‚æ‚èƒtƒƒA•ÏXBGTA-GT300ŽÔ—¼‚É“±“ü‚³‚ê‚½V‹K’è‚ð‚¨‚³‚ç‚¢y2023”NGT300ŠJ”­‹£‘ˆ‚»‚Ì1z,https://news.yahoo.co.jp/articles/0a87673b2d71e095ecd9710f4a53b0a5a824fd8c,8/1(‰Î) 17:35
rcg,D'station RacingA2023-24ƒV[ƒYƒ“‚ÌƒAƒWƒAƒ“Eƒ‹Eƒ}ƒ“EƒVƒŠ[ƒY‚É’§í‚Ö,https://news.yahoo.co.jp/articles/7090bdc3ab9d07ebd46b6d7bf8053a64f13c57b6,8/1(‰Î) 17:24
rcg,ƒRƒXƒeƒbƒL•SVG‚Ìg–k•Ä’§í‘gh‚ªT––‚ð§”eB‰¤ŽÒ‚Í2024”N‚ÌuNASCAR“]Œüv‚àŽ¦´^RSC‘æ7í,https://news.yahoo.co.jp/articles/df5e768bb4ba3af058575af778795435761905fc,8/1(‰Î) 16:44
rcg,ƒ~ƒcƒrƒV‚ÌVŒ^ƒRƒ“ƒpƒNƒgSUVA8ŒŽ10“ú‚Ìƒ[ƒ‹ƒhƒvƒŒƒ~ƒA‚Éæ‹ì‚¯ŠOŠÏƒfƒUƒCƒ“‚ªæsŒöŠJ,https://news.yahoo.co.jp/articles/7368a14d3eeb4d64c05b745bfdcdee00fca0c6a0,8/1(‰Î) 15:53
rcg,ƒŒƒbƒhƒuƒ‹F1A‚Ü‚½‚àƒgƒƒtƒB[‚ª‰ó‚ê‚éB‹L”OŽB‰eŽž‚Éƒsƒbƒgƒ{[ƒh‚Ì‰º•~‚«‚É^F1‘æ13í,https://news.yahoo.co.jp/articles/619cb692d33365c15cebe3fc60783bfed2f570c8,8/1(‰Î) 15:29
rcg,ƒsƒŒƒŠ‚Ìƒtƒ‹ƒEƒGƒbƒgƒ^ƒCƒ„‚É‚Â‚¢‚ÄAF1ƒhƒ‰ƒCƒo[‚ç‚ª‚³‚ç‚È‚é‰ü‘P‚ð—v‹uƒCƒ“ƒ^[‚æ‚è1Žü6`7•b’x‚¢v,https://news.yahoo.co.jp/articles/e47a27444a7906ca21ba56c5d965920395779147,8/1(‰Î) 14:23
rcg,wƒ}ƒcƒ_CX-60x‚ª‰¿Ši‰ü’èB299–œ‰~ƒOƒŒ[ƒh‚à’lã‚°AgPHEV S Packageh‚Í”pŽ~‚É,https://news.yahoo.co.jp/articles/e518613d07a40d5067f4c1af2434796dd280677c,8/1(‰Î) 13:38
rcg,ê—pƒ`ƒ…[ƒjƒ“ƒO‚ÌgƒjƒXƒ‚h‚ª’Ç‰ÁBƒjƒbƒTƒ“AƒtƒFƒAƒŒƒfƒBZ‚Ì2024”Nƒ‚ƒfƒ‹‚ð”­•\,https://news.yahoo.co.jp/articles/d0dd81581e82bedb9f75c64ac92a1fb05baa6e9d,8/1(‰Î) 12:23
rcg,ˆê‹C‚É14–¼‚ªg‰ðŒÙhBƒAƒEƒfƒB‚Ìƒ[ƒNƒXŠˆ“®I—¹‚ÉŒË˜f‚¤ƒtƒ@ƒNƒgƒŠ[ƒhƒ‰ƒCƒo[‚½‚¿,https://news.yahoo.co.jp/articles/b9fd8f6e2a62dadb0b056b54a4574741019a2c94,8/1(‰Î) 12:12
rcg,ƒgƒˆƒ^‚Ìg•Šñ‚¹h‚Å2í˜A‘±‚Ì‘S‘¹BDƒXƒe[ƒVƒ‡ƒ““¡ˆä½’¨‚ª’ñŒ¾‚·‚éwWEC‚Ì‘–sƒ}ƒi[Œüãôx,https://news.yahoo.co.jp/articles/6abca1156e4b5ff90788c9b8ff5059a2a5d53187,8/1(‰Î) 11:57
rcg,ƒ~ƒcƒIƒJAwƒqƒ~ƒRx‚Ì’•¶Žó•tI—¹‚ð”­•\BŒÀ’è10‘ä‚Ìg2024”Nƒ‚ƒfƒ‹h‚ªŠ®”„‚É,https://news.yahoo.co.jp/articles/b05971bfb334d7a754f17bd9c9d7d43552d44e2c,8/1(‰Î) 11:48
rcg,wƒ}ƒcƒ_MX-R01x‹P‚©‚µ‚¢‰hŒõ‚ÌŒã‚É¶‚Ü‚ê‚½ƒ}ƒcƒ_‚Ìg”ñƒ[ƒ^ƒŠ[hCƒJ[y–Y‚ê‚ª‚½‚«–ÁŽÔ‚½‚¿z,https://news.yahoo.co.jp/articles/8fdf569797baa1838dedef04c6e921dbb4875745,8/1(‰Î) 8:46
rcg,ƒsƒAƒXƒgƒŠuƒ^[ƒ“1‚Å‚Íƒm[ƒY‚ð“ü‚ê‚Ä‚¢‚½‚©‚çAƒJƒ‹ƒƒX‚ªØ‚èž‚ñ‚Å‚«‚Ä‹Á‚¢‚½vƒ}ƒNƒ‰[ƒŒƒ“ F1‘æ13íŒˆŸ,https://news.yahoo.co.jp/articles/76b8650ea999d500af22070a25986c910b5a0d88,8/1(‰Î) 7:40
rcg,ƒ}ƒOƒkƒbƒZƒ“u‘¼‚Ì’N‚æ‚è‚àƒfƒOƒ‰ƒf[ƒVƒ‡ƒ“‚ª‘å‚«‚¢‚±‚Æ‚ªA¡“ú‚ÌŒ‹‰Ê‚ð¶‰E‚µ‚½Å‘å‚Ì—vˆövƒn[ƒX F1‘æ13íŒˆŸ,https://news.yahoo.co.jp/articles/44ec6d6b1c50a06caf229e64db64ceabdc523fa1,8/1(‰Î) 7:30
rcg,ƒAƒ‹ƒ{ƒ“uƒfƒOƒ‰ƒf[ƒVƒ‡ƒ“‚ª–{“–‚É‚Ð‚Ç‚­‚Ä‹êíB“üÜŒ—ŠO‚Ö‚Ì“]—Ž‚É‚Í‹Á‚¢‚½vƒEƒCƒŠƒAƒ€ƒY F1‘æ13íŒˆŸ,https://news.yahoo.co.jp/articles/7af1c59cda9d0c56ef504059c580d2ee8cbcb534,8/1(‰Î) 7:20
rcg,’nŒ³ƒtƒBƒ“ƒ‰ƒ“ƒh‚Åƒ‰ƒgƒoƒ‰‘ã•\‚ªƒhƒ‰ƒCƒo[•œ‹ABƒgƒˆƒ^AWRCƒ`[ƒ€‚Ìgƒz[ƒ€ƒ‰ƒŠ[h‚Å¡‹G7Ÿ–Ú‚ð–ÚŽw‚·,https://news.yahoo.co.jp/articles/9215ac2648c0ea20009cd4d11f0dc0859ff79f84,8/1(‰Î) 7:15
rcg,ƒ{ƒbƒ^ƒXu‚Ü‚¸‚Ü‚¸‚ÌƒŒ[ƒXBŽ©•ª‚Ìƒy[ƒX‚Æ‘I‚ñ‚¾í—ª‚É–ž‘«vƒAƒ‹ƒtƒ@ƒƒƒI F1‘æ13íŒˆŸ,https://news.yahoo.co.jp/articles/78aa5c65e2e493e2002c9f2d891bb82f5bc67998,8/1(‰Î) 7:10
rcg,ƒKƒXƒŠ[u‰J‚Ì‰Â”\«‚É“q‚¯‚Ä‘æ1ƒXƒeƒBƒ“ƒg‚ð‰„‚Î‚µ‚½‚ªA“üÜ‚É‚Í‚ ‚Æˆê•à‹y‚Î‚¸vƒAƒ‹ƒs[ƒk F1‘æ13íŒˆŸ,https://news.yahoo.co.jp/articles/b6a1d0304eb04e977e09f771802ed03286dd14d9,8/1(‰Î) 7:00
rcg,—éŽ­8‘ÏFTSRƒzƒ“ƒ_‚ÌƒWƒ‡ƒVƒ…EƒtƒbƒNAŽQíƒLƒƒƒ“ƒZƒ‹BƒgƒŒ[ƒjƒ“ƒO‚Å‰EŒ¨‚ðœÜ,https://news.yahoo.co.jp/articles/3402457fad705167c1d8e4d9c4a2ea023edd9695,7/31(ŒŽ) 22:08
rcg,2023”NF1‘æ13íƒxƒ‹ƒM[GPŒˆŸƒgƒbƒv10ƒhƒ‰ƒCƒo[ƒRƒƒ“ƒgi2j,https://news.yahoo.co.jp/articles/cdbe1f54f5224719c635d88ee96604587c17a9e3,7/31(ŒŽ) 20:14
rcg,2023”NF1‘æ13íƒxƒ‹ƒM[GPŒˆŸƒgƒbƒv10ƒhƒ‰ƒCƒo[ƒRƒƒ“ƒgi1j,https://news.yahoo.co.jp/articles/5d3ce19aeac0768774f06828f9f45e5c2d363b32,7/31(ŒŽ) 20:13
rcg,—\‘IŒã‚ÌBoP•ÏX‚à‚È‚ñ‚Ì‚»‚ÌBƒƒ‹ƒZƒfƒXAMGAƒjƒ…ƒ‹ƒuƒ‹ƒNƒŠƒ“ƒN‚Å1-2’B¬^GTWCƒˆ[ƒƒbƒp‘æ6í,https://news.yahoo.co.jp/articles/eec0c53f1dee48b28128824a090220954179a00e,7/31(ŒŽ) 19:43
rcg,ƒAƒXƒgƒ“ƒ}[ƒeƒBƒ“‚ªƒ_ƒuƒ‹“üÜ‚Åƒ‰ƒ“ƒLƒ“ƒO3ˆÊ‚ðŽç‚éuƒ}ƒVƒ“‚Ì‰ü—Ç‚ªŒø‰Ê“I‚¾‚Á‚½v‚ÆƒAƒƒ“ƒ\^F1‘æ13í,https://news.yahoo.co.jp/articles/b96d29eeabaaa7380d22c500a340ca871a37d798,7/31(ŒŽ) 18:46
rcg,yF1ƒxƒ‹ƒM[GPŒˆŸ‚Ì—v“_zAT04‚ð‚æ‚è[‚­—‰ð‚·‚éŠp“c‚ª“üÜ‚Ìˆê•ûA‘Oí‚Æ‚Íˆê•Ï‚µ‚½‹““®‚É”Y‚Ü‚³‚ê‚½ƒŠƒJƒ‹ƒh,https://news.yahoo.co.jp/articles/e8cdf77a04454a410579d8af7545ae45cc72ddb1,7/31(ŒŽ) 18:32
rcg,ƒIƒRƒ“8ˆÊu•s‰^‚ª‘±‚¢‚½‚¾‚¯‚É“üÜ‚Å‚«‚Ä‚¤‚ê‚µ‚¢BƒI[ƒo[ƒeƒCƒN‚ªŒˆ‚Ü‚Á‚ÄŠy‚µ‚©‚Á‚½vƒAƒ‹ƒs[ƒk^F1‘æ13í,https://news.yahoo.co.jp/articles/f6a8f2cf6de68946c07677a66bc3dacf6bde2927,7/31(ŒŽ) 18:14
rcg,‹êí‚ª‘±‚­ƒ„ƒ}ƒn‚Æƒzƒ“ƒ_B“ú–{ƒ[ƒJ[•œŠˆ‚Ìˆ•ûâ³i’†•Òj^ŒäˆÓŒ©”Ô‚É•·‚­MotoGP,https://news.yahoo.co.jp/articles/2f39c61a5a9d38514cc0acefa48c717f2d85b507,7/31(ŒŽ) 18:06
rcg,ƒmƒŠƒXu‚Æ‚É‚©‚­ƒy[ƒX‚ª’x‚­‚Ä‹ê˜J‚µ‚½B7ˆÊ‚ÍÅ‘P‚ÌŒ‹‰Êvƒ}ƒNƒ‰[ƒŒƒ“^F1‘æ13í,https://news.yahoo.co.jp/articles/4c43904b67edd093505fd60a4a83d107df23c708,7/31(ŒŽ) 18:04
rcg,FL5Œ^ƒzƒ“ƒ_EƒVƒrƒbƒNEƒ^ƒCƒvR TCR‚ª‘“à‰“oê‚ÌƒX[ƒp[‘Ï‹v‘æ4íƒI[ƒgƒ|ƒŠƒX‚Å”â˜I‚µ‚½«”\‚Ì‚‚³uŽdã‚ª‚ê‚Î‚³‚ç‚Éí“¬—Í‚ð”­Šöv,https://news.yahoo.co.jp/articles/9c60fc52ab3d1678393cab744d23ad61ea56bcf4,7/31(ŒŽ) 17:50
rcg,ƒCƒFƒ“ƒcƒ@[Eƒ‚[ƒ^[ƒXƒ|[ƒc‚ª4”N‚Ô‚è‚ÌFIA F3—DŸB2019”N‚ÌŠp“c—T‹BˆÈ—ˆy‡ˆÊŒ‹‰Ê^‘æ9íz,https://news.yahoo.co.jp/articles/e98b07a29049d2624a3154bfd7657f9e0baa0a85,7/31(ŒŽ) 17:35
rcg,ƒAƒCƒ‹ƒgƒ“EƒZƒi‚ÌF1ƒ‚ƒiƒRGP—DŸŽÔ‚ðŠ®‘SÄŒ»Bƒvƒ‰ƒbƒcAwƒ[ƒ^ƒX99Txƒ‚ƒfƒ‹ƒLƒbƒg‚ð”­”„‚Ö,https://news.yahoo.co.jp/articles/8059c0e372982536154d4ebc26e470f73a424c7f,7/31(ŒŽ) 16:14
rcg,ƒoƒEƒ“ƒVƒ“ƒO‚ÌÄ”­‚É‹ê‚µ‚ñ‚¾ƒnƒ~ƒ‹ƒgƒ“u‹Ž”N‚Ý‚½‚¢‚ÅS”zvVƒtƒƒA‚ªŒ´ˆö‚Ì‰Â”\«‚àFƒƒ‹ƒZƒfƒX^F1‘æ13íŒˆŸ,https://news.yahoo.co.jp/articles/54c06414463d2dfbbc93832591429bf9e9e81630,7/31(ŒŽ) 15:55
rcg,ƒWƒFƒCƒNEƒfƒjƒX‚ªƒtƒH[ƒ~ƒ…ƒ‰EƒV[ƒYƒ“9‰¤ŽÒ‚É‹P‚­Bƒ`[ƒ€ƒ^ƒCƒgƒ‹‚ÍÅIíŸ—˜‚ÌƒGƒ“ƒrƒWƒ‡ƒ“‚ª‰‘ÕŠ¥,https://news.yahoo.co.jp/articles/882e8a90b3b462f9625bfd365657fd4a8c04e1d2,7/31(ŒŽ) 15:16
rcg,BMWƒ‚ƒgƒ‰ƒbƒhA’a¶100Žü”N‹L”OƒRƒŒƒNƒVƒ‡ƒ““oêB2023H‚ÌVìƒMƒA•ƒK[ƒƒ“ƒg‚ð”­”„,https://news.yahoo.co.jp/articles/f130fd6621641713344e6a51331b0848893ad9dd,7/31(ŒŽ) 15:13
rcg,KDDIATGR TEAM au TOMfS‚ÌNFT‘æ2’e‚ð”Ì”„B‘S30Ží—Þ‚ÉŠg[,https://news.yahoo.co.jp/articles/f43e8e1bc203d4dddd6e617e867c791fe1725775,7/31(ŒŽ) 15:05
rcg,ƒŒƒbƒhƒuƒ‹•HRC–§’…FƒtƒFƒA‚Èƒ`[ƒ€ƒƒCƒgƒoƒgƒ‹‚ð“WŠJB¡‹G5‰ñ–Ú‚Ì1-2ƒtƒBƒjƒbƒVƒ…‚ÅŠJ–‹12˜AŸ‚ð’B¬,https://news.yahoo.co.jp/articles/7e9d1e8da6f2bca7c44c8ed9679bf60c7b2cb163,7/31(ŒŽ) 14:30
rcg,ƒ‹ƒNƒŒ[ƒ‹Aƒnƒ~ƒ‹ƒgƒ“‚ðŠñ‚¹•t‚¯‚¸•\²‘äBƒTƒCƒ“ƒc‚ÍuƒsƒAƒXƒgƒŠ‚Ìƒ~ƒX‚ÅÚG‚µ‚½v‚Æ”á”»FƒtƒFƒ‰[ƒŠ^F1‘æ13í,https://news.yahoo.co.jp/articles/05fa9acf7f60d8d625e2fd0beaaf622fa0e6845a,7/31(ŒŽ) 13:55
rcg,ƒGƒ}EƒLƒ~ƒ‰ƒCƒlƒ“‚ªSTCC•œ‹AB“d“®‰»‰”N“x‚ÉwBMW i4x‚ðƒhƒ‰ƒCƒuBˆê•”ƒeƒB[ƒU[‚àŒöŠJ,https://news.yahoo.co.jp/articles/649f3852b01209a18d34d1e9786f7fc36f844d5d,7/31(ŒŽ) 13:20
rcg,yŠp“c—T‹BF1‘æ13í•ªÍzƒhƒ‰ƒCŠñ‚è‚ÌƒZƒbƒgƒAƒbƒv‚ª‘tŒ÷‚µ“üÜBƒAƒ‹ƒs[ƒk‚Æ‚Ìƒoƒgƒ‹’†‚Í—âÃ‚È”»’f‚Åƒ^ƒCƒ„‚ð˜J‚í‚é,https://news.yahoo.co.jp/articles/b0196d514dfad3e00de4a1eba7493ff99778d528,7/31(ŒŽ) 13:08
rcg,BMWA…‘f”R—¿“d’r‚ÌŽÀŒ±ŽÔ—¼wBMW iX5ƒnƒCƒhƒƒWƒFƒ“x‚ð“ú–{‚ÅŽÀØŽÀŒ±‚ÖBŒö“¹‘–s‚ðŠJŽn,https://news.yahoo.co.jp/articles/9a16d8bb13e6cdc5555379559d824050637fe85a,7/31(ŒŽ) 12:53
rcg,ƒAƒEƒfƒBA“ú–{‰“±“ü‚ÌƒXƒ|[ƒcƒOƒŒ[ƒhwSQ7xwSQ8xVÝ’èB4ƒŠƒbƒ^[V8ƒcƒCƒ“ƒ^[ƒ{Ì—p‚ÅÅ‚507ps,https://news.yahoo.co.jp/articles/f3910566a2103270564e34ef8b9648e04e84bec2,7/31(ŒŽ) 12:27
rcg,ƒAƒEƒfƒBA“ú–{‰“±“ü‚ÌƒXƒ|[ƒcƒOƒŒ[ƒhwSQ7xwSQ8xVÝ’èB4ƒŠƒbƒ^[V8ƒcƒCƒ“ƒ^[ƒ{Ì—p‚ÅÅ‚507ps,https://news.yahoo.co.jp/articles/f3910566a2103270564e34ef8b9648e04e84bec2,7/31(ŒŽ) 12:27
rcg,ÚG‚ÅƒŠƒ^ƒCƒA‚ÌŠâ²•à–²uƒ~ƒX‚ÅI‚í‚Á‚½BŽ©•ª‚É‘Î‚·‚é“{‚è‚µ‚©‚ ‚è‚Ü‚¹‚ñv^FIA F2‘æ11íƒŒ[ƒX2,https://news.yahoo.co.jp/articles/46cf17a7dfd937e5379d311b19b708e901df7445,7/31(ŒŽ) 12:00
rcg,~Ši‚ÌƒtƒFƒ‹ƒXƒ^ƒbƒyƒ“‚ª8˜AŸuƒ}ƒVƒ“‚Ì‘¬‚³‚ðM‚¶‚Ä‚¢‚½vƒGƒ“ƒWƒjƒA‚Æ‚ÌŒû˜_‚É‚Â‚¢‚Ä‚ÍuS”z‚È‚¢‚æv^F1‘æ13í,https://news.yahoo.co.jp/articles/a78c4565cc16364a13ed6aa054994886bee1ce81,7/31(ŒŽ) 11:05
rcg,ƒŒƒC‚ªƒŒ[ƒX1‚Å¡‹G‰—DŸBƒ`ƒFƒRƒ‰ƒEƒ“ƒh‚Íƒ‰ƒ“ƒLƒ“ƒOƒgƒbƒv3‚ª1Ÿ‚¸‚Â•ª‚¯‡‚¤^SBK‘æ8í,https://news.yahoo.co.jp/articles/4965e2ba58ae4bda5d870a3b7a4c87b5d3bac33a,7/31(ŒŽ) 9:21
rcg,a‘Ø‚É‹ê‚µ‚Ý‘±‚¯‚½ƒŠƒJƒ‹ƒhuƒ}ƒVƒ“‚Ö‚Ì—‰ð‚ð‚à‚Á‚Æ[‚ß‚é•K—v‚ª‚ ‚éBŠF‚Æˆá‚Á‚Ä’·‚¢‹x‚Ý‚ÍŽæ‚ç‚È‚¢‚æv^F1‘æ13í,https://news.yahoo.co.jp/articles/9a5431576df5cfc2e6c73e90af7a29979d316de4,7/31(ŒŽ) 8:31
rcg,Šp“c—T‹B‚ª“üÜuƒ}ƒVƒ“‚ªD’²‚Å‰õ“K‚É‘–‚ê‚½B—Ç‚¢Œ`‚Å‹x‚Ý‚É“ü‚ê‚évƒ`[ƒ€‚ÍuƒX[ƒp[ƒWƒ‡ƒuv‚Æ‚½‚½‚¦‚é^F1‘æ13í,https://news.yahoo.co.jp/articles/1d10fb597ddac4e0f53d057380892819c593efcf,7/31(ŒŽ) 6:52
rcg,ƒtƒFƒ‹ƒXƒ^ƒbƒyƒ“‚ª¡‹G10Ÿ–ÚBŠp“c—T‹B‚ª8í‚Ô‚è‚Ì“üÜBƒŒƒbƒhƒuƒ‹‚ªŠJ–‹˜AŸV‹L˜^‚ðŽ÷—§yŒˆŸƒŒƒ|[ƒg^F1‘æ13íƒxƒ‹ƒM[GPz,https://news.yahoo.co.jp/articles/8dba7eb50e85615499f4543dc70bd5465eec0c62,7/30(“ú) 23:30
rcg,y³Ž®Œ‹‰Êz2023”NF1‘æ13íƒxƒ‹ƒM[GPŒˆŸ,https://news.yahoo.co.jp/articles/2f4dad6e0ec49d1539fd5c416d627fc9e3b20c3e,7/30(“ú) 23:29
rcg,uƒhƒ“ƒsƒVƒƒv‚Ì’†¡ ROOKIE AMG GT3‚ÆuƒKƒbƒJƒŠccv‚ÌHELM MOTORSPORTS GTR GT3B‰^–½‚ð•ª‚¯‚½113Žü–Ú‚ÌFCY,https://news.yahoo.co.jp/articles/c957943b9c90bb2c261cf0a61941cb899062b5c0,7/30(“ú) 22:40
rcg,y‡ˆÊŒ‹‰Êz2023SBK‘æ8íƒ`ƒFƒR ŒˆŸƒŒ[ƒX2,https://news.yahoo.co.jp/articles/b9814d97dd84380c8e29491aba66c30b0dc56982,7/30(“ú) 21:52
rcg,Šâ²•à–²‚ÉŽŸí5ƒOƒŠƒbƒh~Ši‚Ìƒyƒiƒ‹ƒeƒB‰º‚éBƒnƒEƒK[‚Æ‚ÌÚG‚É‚æ‚è^FIA F2‘æ11íƒŒ[ƒX2,https://news.yahoo.co.jp/articles/3227aff68ecbc363c8f3995f41dc7a49bd515127,7/30(“ú) 21:37
rcg,2023ƒX[ƒp[‘Ï‹v‘æ4íƒI[ƒgƒ|ƒŠƒX‚Í’†¡ ROOKIE AMG GT3‚ª‹t“]‚Å¡‹G2Ÿ–Ú‚Ì‘‡—DŸBHELM MOTORSPORTS GTR GT3‚Í‰÷‚µ‚¢2ˆÊ,https://news.yahoo.co.jp/articles/5fbcd7a32bce14b15010f7fef4550a0444a3ef31,7/30(“ú) 20:45
rcg,y‡ˆÊŒ‹‰Êz2023ƒX[ƒp[‘Ï‹v‘æ4íƒI[ƒgƒ|ƒŠƒX@ŒˆŸ,https://news.yahoo.co.jp/articles/287cd8f97f75761e594c3405a28abc621cc2e03e,7/30(“ú) 19:50
rcg,yƒ|ƒCƒ“ƒgƒ‰ƒ“ƒLƒ“ƒOzFIA F2‘æ11íƒXƒpEƒtƒ‰ƒ“ƒRƒ‹ƒVƒƒƒ“I—¹Žž“_,https://news.yahoo.co.jp/articles/5824f7bf80aefea4b8022e4605fb0aa718950dfd,7/30(“ú) 19:19
rcg,ƒhƒD[ƒnƒ“‚ª11”ÔŽè‚©‚ç‘å‹t“]Ÿ—˜B2ˆÊƒvƒ‹ƒVƒF[ƒ‹‚ªƒ‰ƒ“ƒLƒ“ƒOŽñˆÊ•‚ãBŠâ²•à–²‚ÍÚG‚ÅƒŠƒ^ƒCƒA^FIA F2‘æ11íƒŒ[ƒX2,https://news.yahoo.co.jp/articles/7764250a5b3e683bbb273d66c338ad58ee78b1aa,7/30(“ú) 18:13
rcg,2023”NF1‘æ13íƒxƒ‹ƒM[GPƒXƒvƒŠƒ“ƒg ƒgƒbƒv8ƒhƒ‰ƒCƒo[ƒRƒƒ“ƒgi2j,https://news.yahoo.co.jp/articles/a14a72538009a7a50d831d1662aa6959b42aa1a9,7/30(“ú) 17:46
rcg,2023”NF1‘æ13íƒxƒ‹ƒM[GPƒXƒvƒŠƒ“ƒg ƒgƒbƒv8ƒhƒ‰ƒCƒo[ƒRƒƒ“ƒgi1j,https://news.yahoo.co.jp/articles/be031171b51286e5fd79ba679da6710c75746d43,7/30(“ú) 17:45
rcg,yF1ƒxƒ‹ƒM[GPƒXƒvƒŠƒ“ƒg‚Ì—v“_z2”ÔŽè“üÜAŽ~‚Ü‚ç‚È‚¢VlƒsƒAƒXƒgƒŠ‚Ì–ôiBi•à‚ðŠì‚Ôˆê•û‚ÅTd‚ÈŽp¨‚àŒ©‚¹‚é,https://news.yahoo.co.jp/articles/3cb9cf58f09f66146ab8f24cd1df4313c5992610,7/30(“ú) 17:10
rcg,ƒ‹ƒNƒŒ[ƒ‹5”ÔŽèuƒsƒbƒgƒŒ[ƒ“‚Å‚Ìƒ^ƒCƒ€ƒƒX‚Åƒ|ƒWƒVƒ‡ƒ“‚ðŽ¸‚Á‚½vƒtƒFƒ‰[ƒŠ^F1‘æ13íƒXƒvƒŠƒ“ƒg,https://news.yahoo.co.jp/articles/88bd64f54f726234ccc3f2ace3e334d9d0a69b92,7/30(“ú) 16:40
rcg,5•bƒyƒiƒ‹ƒeƒB‚Ìƒnƒ~ƒ‹ƒgƒ“uƒyƒŒƒX‚Æ‚ÌÚG‚ÍƒŒ[ƒVƒ“ƒOƒCƒ“ƒVƒfƒ“ƒg‚¾‚ÆŽv‚¤vƒƒ‹ƒZƒfƒX^F1‘æ13íƒXƒvƒŠƒ“ƒg,https://news.yahoo.co.jp/articles/3442b666c28eb55c0e9c2435570130655004d91a,7/30(“ú) 15:40
rcg,ƒuƒŠƒaƒXƒgƒ“A—éŽ­8‘Ï‚Å19ƒ`[ƒ€‚Éƒ^ƒCƒ„‚ðƒTƒ|[ƒg‚µ16˜A”e‚ð–ÚŽw‚·BŠúŠÔ’†‚ÍƒCƒxƒ“ƒg‚âŽÔ—¼“WŽ¦‚à,https://news.yahoo.co.jp/articles/0c210b5d5a519e6953a77161ffc6750a1601e346,7/30(“ú) 15:03
rcg,ƒŒƒbƒhƒuƒ‹•HRC–§’…F2”ÔŽèŒã‘Þ‚à‘z’è“àB“ï‚È‚­ŽñˆÊ‚ÌÀ‚ðŽæ‚è•Ô‚µ‚½ƒtƒFƒ‹ƒXƒ^ƒbƒyƒ“‚ªƒXƒvƒŠƒ“ƒgŠ®Ÿ,https://news.yahoo.co.jp/articles/f9a602ca5cb92a51ac2fd19194bdc8db1b1b973c,7/30(“ú) 14:29
rcg,J SPORTSA2023”N—éŽ­8‘Ï‚ÌŒˆŸ‚ðŠ®‘S¶’†ŒpBƒIƒ“ƒfƒ}ƒ“ƒh‚Å‚Íƒgƒbƒv10ƒgƒ‰ƒCƒAƒ‹‚àƒ‰ƒCƒu”zM,https://news.yahoo.co.jp/articles/664d2e60fb4087df8c6aad542ca28b26c294cdc9,7/30(“ú) 13:44
rcg,ƒXƒvƒŠƒ“ƒg‚ð§‚µ‚½ƒtƒFƒ‹ƒXƒ^ƒbƒyƒ“u‚ ‚¦‚ÄƒsƒbƒgƒXƒgƒbƒv‚ð’x‚ç‚¹‚ÄAˆÀ‘S‚ÉŸ—˜‚ð‘_‚Á‚½vƒŒƒbƒhƒuƒ‹^F1‘æ13í,https://news.yahoo.co.jp/articles/8a7c31d76a72bbe79c039c4b3aee3f74a79e4f01,7/30(“ú) 13:14
rcg,yŠp“c—T‹BF1‘æ13í•ªÍzŒ´ˆö•s–¾‚ÌƒŠƒ„‚Ì‹““®‚É”Y‚Ü‚³‚ê‚½ƒXƒvƒŠƒ“ƒg‚Í18”ÔŽèuŠë‚¤‚­ƒNƒ‰ƒbƒVƒ…‚·‚é‚Æ‚±‚ë‚¾‚Á‚½v,https://news.yahoo.co.jp/articles/a99522578fb83720c18ba5cf5083cdbd2d887c71,7/30(“ú) 12:54
