media_en,media_jp,title_articles,link_articles,date_original
kyodonews,共同通信,池袋駅発車時にビックカメラの曲　山手線でJR東日本,https://news.yahoo.co.jp/articles/4d4835f5d9fab327e28f3ea01a06f03d1bc912e9,3/1(金) 12:19
kyodonews,共同通信,松野氏、還流「20年以上前からの可能性」,https://news.yahoo.co.jp/articles/8efa341e7c8b2d57390c1701efb67e4eed86b030,3/1(金) 12:15
kyodonews,共同通信,宝塚音楽学校、39人が卒業　歌劇団の俳優死亡問題の渦中,https://news.yahoo.co.jp/articles/939121dccb66805e1b626b9cd6ac21334d61df86,3/1(金) 12:14
kyodonews,共同通信,上信越道の多重事故で1人死亡,https://news.yahoo.co.jp/articles/29a32b480a7b19c2d12913df6084f424492aff53,3/1(金) 12:08
kyodonews,共同通信,南三陸の庁舎、震災遺構で保存　宮城、町職員ら43人が犠牲,https://news.yahoo.co.jp/articles/85e50d9da263ca726046fa4785ac38774596a6fe,3/1(金) 12:08
kyodonews,共同通信,東京・お台場、テーマパーク開園　ホームズやアニメに「没入」体験,https://news.yahoo.co.jp/articles/917defd1928c41013471f9d7b5b1d30cc138f525,3/1(金) 12:06
kyodonews,共同通信,上信越自動車道で多重事故、複数けが人,https://news.yahoo.co.jp/articles/7ca01c81715362cb913018dcd8fb047135467bf4,3/1(金) 11:53
kyodonews,共同通信,「政治活動として認められる支出」と松野氏,https://news.yahoo.co.jp/articles/7714b2620a04f66f0ea81c5c5e0840e54fdbd188,3/1(金) 11:51
kyodonews,共同通信,石川県立高校、一斉に卒業式　6000人が巣立ちの日,https://news.yahoo.co.jp/articles/54b4624313a9204d5f665b2848e5f2df43115371,3/1(金) 11:50
kyodonews,共同通信,能登地震の倒壊家屋、元日のまま　「一歩一歩進むしかない」,https://news.yahoo.co.jp/articles/00157e252547e068b42e9ade19eb42e97357b359,3/1(金) 11:47
kyodonews,共同通信,日韓「信頼重ねて歴史解決を」　尹氏、三・一独立運動式典で訴え,https://news.yahoo.co.jp/articles/100d7878ac9537711c86f01c7402afe291d951fc,3/1(金) 11:38
kyodonews,共同通信,東証、午前終値717円高,https://news.yahoo.co.jp/articles/1e10c94e64345079c7d9eb3240e259a421bf1fdf,3/1(金) 11:34
kyodonews,共同通信,柿沢元議員に懲役2年求刑　買収、「万死に値する」と謝罪,https://news.yahoo.co.jp/articles/e34e10a5f5087a881caf5db1dbe49a0de954575f,3/1(金) 11:32
kyodonews,共同通信,京アニ事件、伝える碑を設置へ　遺族ら要望、7月めどに宇治市,https://news.yahoo.co.jp/articles/0d44d36554c7a69abceadd42aa08d2c4db74bd88,3/1(金) 11:23
kyodonews,共同通信,還流資金を現金受領し事務所で保管と松野氏,https://news.yahoo.co.jp/articles/abc7fa76420cb964f82d6153fdfa61f43727f4ca,3/1(金) 11:15
kyodonews,共同通信,東証、一時700円超高,https://news.yahoo.co.jp/articles/44fd3bc8d6008d1208a840cbedce6be233f72e2c,3/1(金) 11:07
kyodonews,共同通信,中国、2月の景況感49.1　5カ月連続で節目割れ,https://news.yahoo.co.jp/articles/5aae0e0fc015bbc84d36c1acec974d2fd8cf6b09,3/1(金) 11:02
kyodonews,共同通信,東証、4万円に迫る,https://news.yahoo.co.jp/articles/838ea9df19b63c635aa7b9f2c5c633ef754a473f,3/1(金) 10:54
kyodonews,共同通信,韓国大統領「統一で自由と人権の価値拡張」,https://news.yahoo.co.jp/articles/c7841f84d2f827c63350f35212fc5bd50f653104,3/1(金) 10:53
kyodonews,共同通信,ネット通販、責任者選任へ　海外製品、事故増に対応,https://news.yahoo.co.jp/articles/d6021b741c9b6c0393a43213bd7656d29d11340d,3/1(金) 10:52
kyodonews,共同通信,韓国大統領、日本との「関係飛躍」に期待,https://news.yahoo.co.jp/articles/640f3ae2fca59e8a8692f62d9e4d7140e99074be,3/1(金) 10:51
kyodonews,共同通信,韓国大統領「信頼重ねて歴史問題解決を」,https://news.yahoo.co.jp/articles/b4fb7272dad41b38dfddc1f5ef7d01e2cee841ba,3/1(金) 10:49
kyodonews,共同通信,青森で漁船乗組員3人死亡　1人不明、ホタテ漁場付近,https://news.yahoo.co.jp/articles/ca0d4d7120457248c28bf67b9427c4fb35b8622b,3/1(金) 10:43
kyodonews,共同通信,メッツ藤浪は今週末までに復帰　家庭の事情で一時帰国,https://news.yahoo.co.jp/articles/86aa1423d887a3b3760bde6d077550c72a8310d3,3/1(金) 10:39
kyodonews,共同通信,東証、一時600円超高,https://news.yahoo.co.jp/articles/d8f01bf6a457b936539c08b1a732f79290fff54e,3/1(金) 10:39
kyodonews,共同通信,東証、一時600円超高,https://news.yahoo.co.jp/articles/d8f01bf6a457b936539c08b1a732f79290fff54e,3/1(金) 10:39
kyodonews,共同通信,米ゴルフ、久常68で暫定30位　コグニザント・クラシック第1R,https://news.yahoo.co.jp/articles/5dd8c0985a40b96049a3d0ad5ca87d88a8c3bb01,3/1(金) 10:36
kyodonews,共同通信,西村議員、還流復活への関与否定　収支報告書や通帳「見ていない」,https://news.yahoo.co.jp/articles/3391f93d87b9960d41c8b79c152d2f666f77f59b,3/1(金) 10:35
kyodonews,共同通信,国境地帯を訪問、移民問題で火花　バイデン、トランプ両氏,https://news.yahoo.co.jp/articles/2fcb2f61e1750fcef2101de2a272604d3b1adad5,3/1(金) 10:33
kyodonews,共同通信,西村氏、森元首相への第三者調査に言及,https://news.yahoo.co.jp/articles/8887f22086107b33f8ae38b51df4500a443ddc08,3/1(金) 10:31
kyodonews,共同通信,明治期の洋館から漫画文化を発信　都内の「旧尾崎テオドラ邸」,https://news.yahoo.co.jp/articles/9da7f3cd6a5fedb38e2628a1b1c31351cfc0069a,3/1(金) 10:30
kyodonews,共同通信,床下遺体、夫婦殺害疑いで再逮捕　フィリピンの男女、警視庁,https://news.yahoo.co.jp/articles/423e9a7f97a240d1df04b2336b8c3951a5f04ab1,3/1(金) 10:27
kyodonews,共同通信,阿部麗也「自分がナンバーワン」　米国でフェザー級王者に挑戦,https://news.yahoo.co.jp/articles/3e8f4ec8e95b4efbf48fa0d2911853cd613f1ad1,3/1(金) 10:19
kyodonews,共同通信,安倍派・下村氏の証人喚問必要と立民枝野氏,https://news.yahoo.co.jp/articles/d006310538d8a167f7c87d00b7701778837ea6c0,3/1(金) 10:16
kyodonews,共同通信,東証、一時500円超高,https://news.yahoo.co.jp/articles/a0e064f26cb05c2dd0950b50bacf906fb3ab3696,3/1(金) 10:14
kyodonews,共同通信,政倫審、不記載陳謝も核心語らず　西村氏「忙しかった」,https://news.yahoo.co.jp/articles/e802e4fccb43268181cc10a2650ff0be42316fdb,3/1(金) 10:12
kyodonews,共同通信,東京円、150円台前半,https://news.yahoo.co.jp/articles/d22211a4e51661a79345b855a57ac4bf8b70d343,3/1(金) 10:11
kyodonews,共同通信,富山湾のホタルイカ漁が解禁　昨年上回る106キロ水揚げ,https://news.yahoo.co.jp/articles/a57af04687f961c58c68d0d6edcd1342f902e6d1,3/1(金) 10:04
kyodonews,共同通信,予算委員長の解任決議案を提出　立民、1日採決の方針批判,https://news.yahoo.co.jp/articles/a235be28ea5b4a64b11f7a5a9ef3cbdf41117aec,3/1(金) 10:02
kyodonews,共同通信,中国へ軍事データを無許可輸出　米国務省発表、ボーイングに罰金,https://news.yahoo.co.jp/articles/88338fb02e96437d2c54a6b3445ebd4e3c61e4c0,3/1(金) 9:54
kyodonews,共同通信,父親を殺害容疑、同居の長男逮捕　神奈川県警、過去に通報も,https://news.yahoo.co.jp/articles/878e60fb2bd17ccd1aadd95351b84c3a418bf983,3/1(金) 9:47
kyodonews,共同通信,安倍元首相指示で22年4月に還流中止決定,https://news.yahoo.co.jp/articles/1165bb3dec50da1b253c526553e20716ee265c29,3/1(金) 9:44
kyodonews,共同通信,支援物資に殺到、100人超死亡　ガザ、イスラエル軍発砲で混乱か,https://news.yahoo.co.jp/articles/80fb50cd53b5139278848498a3f46f6705668703,3/1(金) 9:42
kyodonews,共同通信,日銀総裁、物価目標まだ見通せず　春闘が「大きなポイント」,https://news.yahoo.co.jp/articles/6a80d7add4a0c26d31e253410cd547f60c514825,3/1(金) 9:39
kyodonews,共同通信,東証、午前終値3万9883円　717円高、3日ぶり最高値更新,https://news.yahoo.co.jp/articles/e545cc2c0e8400019e3dfd438f8aa4308a3193ad,3/1(金) 9:38
kyodonews,共同通信,NTT、放送法改正など閣議決定　スマホでNHK視聴に受信料,https://news.yahoo.co.jp/articles/633182215f74bee6bb0633a2c2fc532e4030e142,3/1(金) 9:37
kyodonews,共同通信,G20財務相、再び声明見送り　2会合ぶり、侵攻で対立,https://news.yahoo.co.jp/articles/7d74c03abbc204e12b5f3b594a734f6bf24df01d,3/1(金) 9:31
kyodonews,共同通信,東証、一時400円超高,https://news.yahoo.co.jp/articles/52ddccf5a871d21eff67224b5b32b4300b4ce2b3,3/1(金) 9:25
kyodonews,共同通信,東証、277円高　午前9時15分現在,https://news.yahoo.co.jp/articles/fe52cb34f6650e694827a04a22549ad34d039ec4,3/1(金) 9:25
kyodonews,共同通信,安倍派の収支報告書「見ていない」と西村氏,https://news.yahoo.co.jp/articles/3af7058df29b54550d60c544dc6621cbf77ad212,3/1(金) 9:23
kyodonews,共同通信,青森沖の海中で3人死亡の漁船発見か,https://news.yahoo.co.jp/articles/dd3a52f5b904338eafc9058d3814d3c710a6cb01,3/1(金) 9:19
kyodonews,共同通信,東京株式　　1日午前終値,https://news.yahoo.co.jp/articles/b7b7f2ac38e88d06a4a7c4befa051fd9c236a9b5,3/1(金) 9:16
kyodonews,共同通信,日経平均株価が一時最高値を更新,https://news.yahoo.co.jp/articles/2104f2af943e44c53dd746d0ea07f1f13c3ed9cb,3/1(金) 9:14
kyodonews,共同通信,大谷結婚、日本人選手が祝福　菊池「家庭持って強くなる」,https://news.yahoo.co.jp/articles/093cf251518ac4c3e2d4aad64932fb13c4ba9f9f,3/1(金) 9:13
kyodonews,共同通信,東証、一時200円超高,https://news.yahoo.co.jp/articles/7fa1ac9e8fa7148b6df7999d8d6082cdf165008e,3/1(金) 9:10
kyodonews,共同通信,スポルティング守田はフル出場　ポルトガル杯、準決勝第1戦,https://news.yahoo.co.jp/articles/fa53bfdf5182be61ce9cd44965b3bacddaee47c3,3/1(金) 9:09
kyodonews,共同通信,20日からワシントンで桜祭り　日米友好を願う春の風物詩,https://news.yahoo.co.jp/articles/91f75f574b9401da8bb1bcbd839d16d5ef365346,3/1(金) 9:07
kyodonews,共同通信,1月の失業率、2.4％に改善　求人倍率は1.27倍,https://news.yahoo.co.jp/articles/7f82b7c7155bea148382a2001e0073078ae695ac,3/1(金) 9:06
kyodonews,共同通信,専門学校生の大学編入を促進　単位制移行へ改正法案,https://news.yahoo.co.jp/articles/884b7bdd6e3b6e4906c81a47947262d2ac5b722a,3/1(金) 9:04
kyodonews,共同通信,非常事態、国の指示権拡充　「地方分権が後退」との批判も,https://news.yahoo.co.jp/articles/6d4744787cb3ca91ced982cc94d4d1aae0f9a724,3/1(金) 9:02
kyodonews,共同通信,銃所持をあおる行為に罰則新設　銃刀法改正案、閣議決定,https://news.yahoo.co.jp/articles/dd436ec2a12c469b4221eff59db15e6f43cda0cd,3/1(金) 8:58
kyodonews,共同通信,立民、衆院予算委員長の解任決議案を提出,https://news.yahoo.co.jp/articles/58ac699ce2b90e315f75908f0c8a877cdde32584,3/1(金) 8:57
kyodonews,共同通信,オランダ杯、上田は終盤まで出場　フェイエノールト決勝進出,https://news.yahoo.co.jp/articles/ae75ddfae7a5ed15f147bd76ec2c4c398c2f6c96,3/1(金) 8:54
kyodonews,共同通信,ナスダック　29日終値,https://news.yahoo.co.jp/articles/b7b313a9e0cf45032cd1b7cc693c3f57863ee7a8,3/1(金) 8:50
kyodonews,共同通信,1月の完全失業率は2.4％に改善,https://news.yahoo.co.jp/articles/f93cff078ab52d4da9731056a3737a1869cf1030,3/1(金) 8:46
kyodonews,共同通信,2034年冬季五輪へ正式立候補　米ソルトレークシティー,https://news.yahoo.co.jp/articles/b574b2593159479b1e3e733cea5a46770e91a134,3/1(金) 8:29
kyodonews,共同通信,ボーイングの刑事責任を調査　アラスカ航空事故で米司法省,https://news.yahoo.co.jp/articles/4b3d1e66824e469cfa09b896707d4abfac20fff8,3/1(金) 8:24
kyodonews,共同通信,NY円、150円近辺,https://news.yahoo.co.jp/articles/69f6654a4de6a28b34841fd2b5daa4114bc49e94,3/1(金) 8:13
kyodonews,共同通信,「軟着陸の可能性高まっている」と議長総括,https://news.yahoo.co.jp/articles/274220a52ea29210f37260df6673f4b594eaa1ed,3/1(金) 8:08
kyodonews,共同通信,「経済的な国際協力強化が重要」と議長総括,https://news.yahoo.co.jp/articles/e16879eaad785c1536b1bb2025e26a1ebc805612,3/1(金) 8:07
kyodonews,共同通信,「戦争はリスク」とG20議長総括,https://news.yahoo.co.jp/articles/dccb19a05b4d3b8ce1a449d96ad2cb434d5be76b,3/1(金) 8:06
kyodonews,共同通信,錦織圭が主催者推薦に　テニスのマイアミ・オープン,https://news.yahoo.co.jp/articles/329e858ebc61e01de2c757fb5645db3f761ffa2c,3/1(金) 8:01
kyodonews,共同通信,レイズ上沢、初登板で7失点　ドジャース山本、7日に再び先発,https://news.yahoo.co.jp/articles/6a14bbf24c068035d736bda63b7bc6194d79851a,3/1(金) 7:57
kyodonews,共同通信,NY円、149円92銭～150円02銭,https://news.yahoo.co.jp/articles/fb26c7ebeb5447855064396a8a77f322e04fbe9d,3/1(金) 7:41
kyodonews,共同通信,千葉、埼玉で震度4　M5.2、揺れ相次ぐ,https://news.yahoo.co.jp/articles/28010cb2c5d20a9423013fb8f680f1be4c9a1b22,3/1(金) 7:28
kyodonews,共同通信,NY株4日ぶり反発、47ドル高　ナスダック、SP最高値,https://news.yahoo.co.jp/articles/4d675cbdff042bdb42ee15fc7d8c6aade876a8a5,3/1(金) 7:24
kyodonews,共同通信,物価目標達成が見通せていないと日銀総裁,https://news.yahoo.co.jp/articles/e5fbe034114a323065d9586a67a74a809106c0df,3/1(金) 7:23
kyodonews,共同通信,ロシアのウクライナ侵攻の文言で合意できず,https://news.yahoo.co.jp/articles/4ea614fcb547f9d7e7eb7499b17f93bd54362549,3/1(金) 7:16
kyodonews,共同通信,新年度控え、待たれる復旧　卒業式も、能登地震2カ月,https://news.yahoo.co.jp/articles/e2f17feeb7ffe2d83e52686b69402d1dace94e74,3/1(金) 7:06
kyodonews,共同通信,大学生就活、本格スタート　会社説明会解禁、売り手市場続く,https://news.yahoo.co.jp/articles/c80ae374752830b68dc05a692238d4987d72f3a5,3/1(金) 7:01
kyodonews,共同通信,2日の天気（西日本）,https://news.yahoo.co.jp/articles/a20216d129e675d67e84e736223f3e63a03bc025,3/1(金) 7:00
kyodonews,共同通信,2日の天気（東日本）,https://news.yahoo.co.jp/articles/16b24180f044a213cb9934e78fc1eb6bca5630f7,3/1(金) 7:00
kyodonews,共同通信,G20財務相会議、共同声明見送り,https://news.yahoo.co.jp/articles/ef43b6339ce217b6c756826933b3255a19706ea9,3/1(金) 6:52
kyodonews,共同通信,ビキニ水爆70年、地域社会壊す　帰島進まず、住民ら追悼式,https://news.yahoo.co.jp/articles/d1839d712f2b13dc200143d14bd515cf0638ba9c,3/1(金) 6:43
kyodonews,共同通信,NY株式　　29日終値,https://news.yahoo.co.jp/articles/cf385701aa686349820b3c48e896b4c8fd3780d9,3/1(金) 6:40
kyodonews,共同通信,大谷、結婚相手は「楽しい人」　プロポーズ「普通に言いました」,https://news.yahoo.co.jp/articles/a6957c8b0efe004f8cd349d9c20131e0e2fbe093,3/1(金) 6:32
kyodonews,共同通信,NY株4日ぶり反発、47ドル高,https://news.yahoo.co.jp/articles/57109a147379ae1869a9a044de3b3c51f2dcf758,3/1(金) 6:28
kyodonews,共同通信,結婚発表の大谷選手「一緒にいて楽しい人」,https://news.yahoo.co.jp/articles/1f64b7584908a7ccd1dbb7f239a088a1c059b16c,3/1(金) 6:24
kyodonews,共同通信,米議会、つなぎ予算案を可決　本予算の3月成立目指す,https://news.yahoo.co.jp/articles/0bb1e429e2ed39e0385d595cd8abf899654760dd,3/1(金) 6:17
kyodonews,共同通信,ナワリヌイ氏きょう葬儀　霊きゅう車手配で圧力か,https://news.yahoo.co.jp/articles/c479acaa684409303bc2fd0e9c213b98662c9f25,3/1(金) 6:10
kyodonews,共同通信,ガザ、4日までに休戦困難　米大統領、交渉複雑化も,https://news.yahoo.co.jp/articles/06370dbcb58200025ac995d6b04fd085ddea7988,3/1(金) 5:57
kyodonews,共同通信,千葉、埼玉で震度4,https://news.yahoo.co.jp/articles/617f11d7181a62d247583b30655ba6f92a8db94e,3/1(金) 5:50
kyodonews,共同通信,ロシア独立系紙編集長に罰金　裁判所「軍の信用失墜」,https://news.yahoo.co.jp/articles/fd57b0f74d33e6dff3b5ff380bc2097808e2ff6b,3/1(金) 5:30
kyodonews,共同通信,手島右卿賞に沢村、挾土氏　「書」の芸術性評価,https://news.yahoo.co.jp/articles/fd39ef5bec1026f121908d0131c458c0e17ae14a,3/1(金) 5:05
kyodonews,共同通信,世界貿易機関、閣僚会議を延長　各分野で協議難航,https://news.yahoo.co.jp/articles/cba400a09c90c9d577329eef3209848c8159e44b,3/1(金) 4:49
kyodonews,共同通信,ロシア軍、東部要衝で6キロ前進　英国防省分析,https://news.yahoo.co.jp/articles/b4341c63a2e8d068fb5adcee9c689ebe752b3a61,3/1(金) 4:45
kyodonews,共同通信,地雷に注意「安全教室」　首都キーウ近郊の学校、日本支援,https://news.yahoo.co.jp/articles/7f2d205ec62234a4d54963ba85e1671975969309,3/1(金) 4:38
kyodonews,共同通信,世界貿易機関の閣僚会議、3月1日まで延長,https://news.yahoo.co.jp/articles/ccde4a759f1040f7ff47f030aee23b75a68ca72a,3/1(金) 4:31
kyodonews,共同通信,浅田さんが新アイスショー　6月「永遠の愛」テーマ,https://news.yahoo.co.jp/articles/ff207ad67cd5fa1408d813e381f5d6dd37fd769b,3/1(金) 4:06
kyodonews,共同通信,大谷発案で米国留学プレゼント　ECC、100人招待,https://news.yahoo.co.jp/articles/37af74d8acc7f82e3b363b918d552e4e2ff2b628,3/1(金) 4:05
kyodonews,共同通信,為替相場　　　1日（日本時間12時）,https://news.yahoo.co.jp/articles/d7d9d6251bb1d388030d8f38231e581a3ba334e4,3/1(金) 3:00
kyodonews,共同通信,横浜の住宅で80歳男性死亡　殺人容疑で同居長男逮捕,https://news.yahoo.co.jp/articles/35c940b79bd0dc64a8292d77a74b35312c3ef0b9,3/1(金) 1:39
kyodonews,共同通信,横浜の高齢男性死亡、49歳長男逮捕,https://news.yahoo.co.jp/articles/c4e06650c8b13cef522d14b4a1b6b3d7718f9aae,3/1(金) 1:20
kyodonews,共同通信,前田マヒナはパリ五輪出場権逃す　五輪予選のサーフィンWG,https://news.yahoo.co.jp/articles/7fd32190bd775d8b3cab023578cdbf7d55bddc40,3/1(金) 0:59
kyodonews,共同通信,永原悠路、準々決勝に進出　スケボー・パーク五輪予選,https://news.yahoo.co.jp/articles/994a1cf285b4b68a66534e3262d3cb892c7054ee,3/1(金) 0:50
kyodonews,共同通信,NY株、反発,https://news.yahoo.co.jp/articles/691aa1e6c48a079a37edcf298d547becc5c08f50,3/1(金) 0:23
kyodonews,共同通信,地方移住相談、最多5万9千件　23年、希望地は静岡1位,https://news.yahoo.co.jp/articles/1a5f9489c466ef66d9a903c0dc59ce917520e1f6,3/1(金) 0:14
kyodonews,共同通信,光合成しない植物の新属発見　「ムジナノショクダイ」と命名,https://news.yahoo.co.jp/articles/aadab2715f49b0b34223915b8eca7b15cab93e93,3/1(金) 0:08
kyodonews,共同通信,漁船乗組員3人死亡　1人不明、青森・横浜沖,https://news.yahoo.co.jp/articles/2088e1939599480697c252ec45766a7b08193c2f,2/29(木) 23:58
kyodonews,共同通信,サッカー、ポグバ4年間出場停止　ドーピング違反、「提訴」と声明,https://news.yahoo.co.jp/articles/f6880bc7e5b99b2b6780f8e5ce4c762a85b27f4b,2/29(木) 23:47
kyodonews,共同通信,青森県沖で漁船の3人死亡、1人不明,https://news.yahoo.co.jp/articles/784f4a39be17f390782bf9ef313919e0f34a668a,2/29(木) 23:42
kyodonews,共同通信,NY株、反発して始まる,https://news.yahoo.co.jp/articles/9a0d99137e230d3c04bf8eb1e5f947e0780b3e4f,2/29(木) 23:39
kyodonews,共同通信,4回目放出も制限値下回る　IAEA、原発処理水,https://news.yahoo.co.jp/articles/6abf34c61fd116b1ed990618784c660bb682d1f3,2/29(木) 23:22
kyodonews,共同通信,米1月物価、2.4％上昇　2年11カ月ぶり低さ,https://news.yahoo.co.jp/articles/44662ab86515904701d3c2c28c54cc3e0e70ff23,2/29(木) 23:20
kyodonews,共同通信,シグルドソン氏が他国監督　ハンドボール、後任選定着手,https://news.yahoo.co.jp/articles/b2e3f8c788421c784d3cbd4fe2004c2e8078b990,2/29(木) 23:10
kyodonews,共同通信,NY円、150円近辺,https://news.yahoo.co.jp/articles/fef76c15398c2d653e3d94c12848021f43dec857,2/29(木) 23:08
kyodonews,共同通信,夫婦殺害疑いで再逮捕へ、警視庁　足立の住宅床下遺体、比国籍男女,https://news.yahoo.co.jp/articles/c0fb5bec8225931bf5824e2c6dc6143d7fae310d,2/29(木) 23:04
kyodonews,共同通信,台湾野党、中国高官と面会　金門島の漁船事故言及,https://news.yahoo.co.jp/articles/bb05ded30117ee8cc4a73578a001baaf6bddce3b,2/29(木) 22:55
kyodonews,共同通信,NY円、149円90銭～150円ちょうど,https://news.yahoo.co.jp/articles/60d7073662f283a4bec5e22ea229daa44c491437,2/29(木) 22:48
kyodonews,共同通信,25年度にもアメフト新部　日本大、元部員側に説明,https://news.yahoo.co.jp/articles/521bd65aa2693fa5bc2ed2eb8a6622a3c132c911,2/29(木) 22:45
kyodonews,共同通信,米1月物価、2.4％上昇,https://news.yahoo.co.jp/articles/f51cef0ad822a9759b4167633b73bff04b75bf07,2/29(木) 22:42
kyodonews,共同通信,フィギュア、中田璃士はSP5位　世界ジュニア選手権,https://news.yahoo.co.jp/articles/06ffeb98a330b4dd5f0945d5b042f41ef5395587,2/29(木) 22:40
kyodonews,共同通信,トヨタ、鋼材加工賃を引き上げ　部品の買い取り価格に反映,https://news.yahoo.co.jp/articles/325561f87ed0eb598b67b10a02e8b53e69f4412d,2/29(木) 22:21
kyodonews,共同通信,インドGDP、8.4％増　23年10～12月期も高成長,https://news.yahoo.co.jp/articles/2ce4c5e1b275218554f087e8a15ea7f0efefddc4,2/29(木) 22:15
kyodonews,共同通信,25年度にも日本大アメフト新部,https://news.yahoo.co.jp/articles/635a6852930616d9d8425563784618f87a4786db,2/29(木) 22:12
kyodonews,共同通信,旧土地所有者に初任意聴取　崩落起点、熱海土石流,https://news.yahoo.co.jp/articles/91784ca3ffa00167c64ac9e14fa2ab2bc82fb41c,2/29(木) 22:03
kyodonews,共同通信,羽田基地のヘリ運用、3月再開　海保、固定翼機は未定,https://news.yahoo.co.jp/articles/28ebf5fa1ffd3d36b2e8c3a6690177a1aadeec99,2/29(木) 21:47
kyodonews,共同通信,インドGDP、8.4％増,https://news.yahoo.co.jp/articles/3e5020efc56208aed4b3a0deb8385112d0abd691,2/29(木) 21:43
kyodonews,共同通信,パリ五輪選手村で完成式典　仏大統領「遺産の一つに」,https://news.yahoo.co.jp/articles/4e048a14deedfdfd21991cf35d4e876e104e9bab,2/29(木) 21:43
kyodonews,共同通信,政治改革の特別委設置へ　衆院、自民と維新が一致,https://news.yahoo.co.jp/articles/fe0f5f3b3ec0fa7eb6f120d4b446daf5a092234e,2/29(木) 21:29
kyodonews,共同通信,ウクライナの子に書道の授業　大津から書家・大崎さん,https://news.yahoo.co.jp/articles/f6d9c4219411fd0c1315bbaa8307964812965edd,2/29(木) 21:26
kyodonews,共同通信,仏憲法に中絶の自由明記へ　上下両院が可決,https://news.yahoo.co.jp/articles/8bf105d27c28fdf9eab4bce0237db1a4734ae7bb,2/29(木) 21:25
kyodonews,共同通信,海保が羽田航空基地でヘリの運航再開へ,https://news.yahoo.co.jp/articles/6db49b79b65b7314a90eb1a20ccf91d0475a1aab,2/29(木) 21:22
kyodonews,共同通信,難病・遠位型ミオパチー薬承認へ　世界初、筋力低下の進行抑制期待,https://news.yahoo.co.jp/articles/18133efcb14c5f6455497d8f4ca952a11ebf4b7b,2/29(木) 21:05
kyodonews,共同通信,大谷結婚「電撃発表」海越え衝撃　サプライズに心から祝福,https://news.yahoo.co.jp/articles/d5e31708a30befd07abd29614fd136accf7354c9,2/29(木) 21:04
kyodonews,共同通信,中学生集団避難3月終了へ　輪島に続き珠洲も,https://news.yahoo.co.jp/articles/a84727030890a1c75b26d0b7eaf3c95dd4373648,2/29(木) 21:01
kyodonews,共同通信,LINEヤフー行政指導へ　総務省、情報管理を問題視,https://news.yahoo.co.jp/articles/f690d04471e25d83b1e37354a261c12b50ff0bfa,2/29(木) 20:58
kyodonews,共同通信,資生堂、早期退職1500人募集　国内の1割、収益回復に向け,https://news.yahoo.co.jp/articles/9fcb7d9ad3098430eb6036a38843a0d406a71212,2/29(木) 20:57
kyodonews,共同通信,熱海土石流、旧土地所有者に初の任意聴取,https://news.yahoo.co.jp/articles/d4051a5c3d81a9275bf29da309a2dd2f754c81e5,2/29(木) 20:56
kyodonews,共同通信,巨人が那覇から台湾入り　3月2、3日に親善試合,https://news.yahoo.co.jp/articles/3d06e74716a56fa4e58a7d0fa0c76563f30c366b,2/29(木) 20:31
kyodonews,共同通信,欧州メディアがグーグル提訴　広告巡り32グループ,https://news.yahoo.co.jp/articles/152e61ea26ebbbc05b48d99c67398ebe68b298b8,2/29(木) 20:24
kyodonews,共同通信,大阪府警警部補の男逮捕　不同意わいせつ疑い、奈良,https://news.yahoo.co.jp/articles/79cf159eb5e3b461bcec8af755a8483a64307993,2/29(木) 20:14
kyodonews,共同通信,運転免許、うるう日で発行障害か　神奈川など4県警のシステム,https://news.yahoo.co.jp/articles/e24a3801f5c7a2e80b4f239ef98e51ef3e155d35,2/29(木) 19:39
kyodonews,共同通信,損保カルテル問題で132人処分　大手4社、社長ら報酬減,https://news.yahoo.co.jp/articles/a041767223d1a24c6d5335bca864e7b0e37ffb1b,2/29(木) 19:31
kyodonews,共同通信,能登地震、住まい被害7万5千棟　避難1万1千人、断水継続,https://news.yahoo.co.jp/articles/8c075db02cea4d3e914aa3e1ff7f55f5e5dc879d,2/29(木) 19:21
kyodonews,共同通信,衆院議運委員長も3月1日の本会議開催決定,https://news.yahoo.co.jp/articles/9ddc4e65741fababd7cc50466c6dfd0a1ed1b0bf,2/29(木) 19:15
kyodonews,共同通信,「夫婦で支え合い偉業を」　地元岩手から大谷選手祝福の声,https://news.yahoo.co.jp/articles/0f9db62df396d6676497c6ff6e64d95f4ec844b6,2/29(木) 19:14
kyodonews,共同通信,ガザの死者3万35人と保健当局,https://news.yahoo.co.jp/articles/01d3dafa0bfd9046d1cdf124f9148f746147d827,2/29(木) 19:00
kyodonews,共同通信,治療標的の遺伝子変異15％　がん種ごとに大きな差,https://news.yahoo.co.jp/articles/918b3cbd15cbb1e845592ab69131747f32c3e84f,2/29(木) 19:00
kyodonews,共同通信,ウクライナ侵攻続けるとプーチン大統領,https://news.yahoo.co.jp/articles/0ef8d44c5c35c409d1ced1d8b2c2f6f4791bf00e,2/29(木) 19:00
kyodonews,共同通信,24年度予算案、3月1日の委員会採決決定,https://news.yahoo.co.jp/articles/c1f8f44fd5d61de0733fa6336dfe8e6839871939,2/29(木) 18:59
kyodonews,共同通信,ロシア大統領、侵攻継続を明言　核戦力充実強調,https://news.yahoo.co.jp/articles/bfe6b1a5c06c24fdc008567d43e03f0cec4a5b7c,2/29(木) 18:59
kyodonews,共同通信,首相、政倫審の弁明「新味なし」　野党「予算委と同じ」と指摘,https://news.yahoo.co.jp/articles/c65c41d146ee67f5148f8d4c7847433fe23f9b3d,2/29(木) 18:56
kyodonews,共同通信,日中韓、物流スピード向上へ　担当相会合、取り組み推進,https://news.yahoo.co.jp/articles/d03df1fdb5f8dbe3cf7a601d40376aeda62d798a,2/29(木) 18:54
kyodonews,共同通信,マイナ保険証利用4.60％　1月、2％台が3県,https://news.yahoo.co.jp/articles/53bc51c928b9673713ac0fa2757a0c27f79b7842,2/29(木) 18:52
kyodonews,共同通信,農林水産の被害、推計2千億円　石川県、能登地震で,https://news.yahoo.co.jp/articles/7e64f7da3b670a52a7e1ccaf66b9dbdf3f2961e1,2/29(木) 18:46
kyodonews,共同通信,千葉で震度4,https://news.yahoo.co.jp/articles/e72f6aafc68638b7c2727731cf53c36284f2e26b,2/29(木) 18:45
kyodonews,共同通信,群馬の4歳暴行死、女に懲役7年　夫の元交際相手から預かり,https://news.yahoo.co.jp/articles/3ced2d07ae1a7f32b58c5d7f9a0e753fc7b65801,2/29(木) 18:43
kyodonews,共同通信,西村、畑岡、古江が10位　米女子ゴルフ第1日,https://news.yahoo.co.jp/articles/9ba0b66deff5f9340b05557f106523a628909083,2/29(木) 18:36
kyodonews,共同通信,琴ノ若、徐々にペースアップ　琴勝峰と16番、突きや押しも,https://news.yahoo.co.jp/articles/104d0e0cd4f4b1b0a0c8ed7611f98bd104fd7449,2/29(木) 18:32
kyodonews,共同通信,岩井千怜、65で首位発進　女子ゴルフ開幕戦第1日,https://news.yahoo.co.jp/articles/705c2bf6f5b266968bf7fa5705f0bbf16e0a5f54,2/29(木) 18:30
kyodonews,共同通信,衆院政倫審、過去8人が出席　偽証罪に問われず幕引き利用,https://news.yahoo.co.jp/articles/2db9cf20b6d2400c94f1d58b51aae864659a2b97,2/29(木) 18:24
kyodonews,共同通信,高知の遺族、マーシャルへ　福竜丸乗員、静岡で追悼,https://news.yahoo.co.jp/articles/0713936894788762699ecec63e92c3e546db6ea9,2/29(木) 18:23
kyodonews,共同通信,法隆寺創建時の南端溝？　若草伽藍、大量の瓦出土,https://news.yahoo.co.jp/articles/9a26eaafdb68ef92f44dd99b4a0e1f70630ebddf,2/29(木) 18:11
kyodonews,共同通信,陸自、飛行再開の見通し示さず　オスプレイ墜落で幕僚長,https://news.yahoo.co.jp/articles/26429afb0584a1b2ee0438995e088eb3e8a12487,2/29(木) 18:06
kyodonews,共同通信,月組トップに鳳月さん　宝塚、娘役は天紫さん,https://news.yahoo.co.jp/articles/33565317aaae2d643f2079d6a39d27a5dcb3ab34,2/29(木) 18:04
kyodonews,共同通信,AIと著作権で文化審が「考え方」とりまとめ,https://news.yahoo.co.jp/articles/8cc069c9702ed5f3cb8b249ebe5116e3b8d6c67d,2/29(木) 18:04
kyodonews,共同通信,農林水産関係被害、推計で2千億円,https://news.yahoo.co.jp/articles/3dbbc804a5f5de574ae6258b7b12498ae2ea7b0b,2/29(木) 17:53
kyodonews,共同通信,サッカー北朝鮮監督、国名で反発　韓国メディアの質問拒否,https://news.yahoo.co.jp/articles/504e6d7d37e07f5dccabc9db35dc4c5ed7981ca9,2/29(木) 17:49
kyodonews,共同通信,西岡良仁は2回戦敗退　男子テニス、メキシコ・オープン,https://news.yahoo.co.jp/articles/1a5a5113eb020548b3de1dc9c7f057040e59130e,2/29(木) 17:41
kyodonews,共同通信,AI著作権侵害ケース例示　文化庁、無断学習に「歯止め」,https://news.yahoo.co.jp/articles/3282277d0b33fcc0fe33e04ee90c4b36bb2d95c0,2/29(木) 17:39
kyodonews,共同通信,長崎被爆2世、二審も敗訴　遺伝的影響「証明されず」,https://news.yahoo.co.jp/articles/ec09345229899df3775eb07c124b76823090e62c,2/29(木) 17:38
kyodonews,共同通信,NZたばこ禁止、1年で幕　政権交代で方針一変,https://news.yahoo.co.jp/articles/0621946876d4ba406f29dbd2885b5994f6e7b285,2/29(木) 17:17
kyodonews,共同通信,なでしこ「金」へ、複数布陣が鍵　完成度高めたい、パリ出場決め,https://news.yahoo.co.jp/articles/8d431250ab18cea94d5735ed26ffca81fb9a1b4f,2/29(木) 17:12
kyodonews,共同通信,損保4社の処分人数は計132人,https://news.yahoo.co.jp/articles/3394d12f4661ffb1e998bc2fd11681f8e013aa4f,2/29(木) 17:09
kyodonews,共同通信,トランプ氏免責で審理へ　米最高裁、公判に遅れも,https://news.yahoo.co.jp/articles/f6941ef28b231273df08cef6ba3943311d3b1272,2/29(木) 17:06
kyodonews,共同通信,46都道府県で宿泊客増加　23年、旅行支援や円安背景,https://news.yahoo.co.jp/articles/cf2b81fdaa3ff50456088662dba9f05473ab1fa7,2/29(木) 17:05
kyodonews,共同通信,宝塚月組、次期トップスターに鳳月杏さん,https://news.yahoo.co.jp/articles/867cdbd5a300ad9892179914442704ea7f18b4a8,2/29(木) 17:01
kyodonews,共同通信,SOMPOは49人処分,https://news.yahoo.co.jp/articles/d28eccdd35c549ed08c16a1dce5f0a464c19a0b9,2/29(木) 17:00
kyodonews,共同通信,那須雪崩、禁錮4年を求刑　3教諭らに、8人死亡事故,https://news.yahoo.co.jp/articles/21094f0239c43377983ef24d192c8e3437e54446,2/29(木) 16:59
kyodonews,共同通信,テレビ生中継、記者は制限　政倫審、全面公開で実施,https://news.yahoo.co.jp/articles/9d946d26b84ccbc9aef79c593b981e7235597025,2/29(木) 16:54
kyodonews,共同通信,ドジャースの大谷選手が結婚　インスタで発表、日本人と,https://news.yahoo.co.jp/articles/d8fb27233356ea30bb1e1f03c4a60822b264d885,2/29(木) 16:53
kyodonews,共同通信,ドジャース大谷が結婚発表,https://news.yahoo.co.jp/articles/e04408201bc854eeaa9d5dbeb71ffdbe1cbb833c,2/29(木) 16:52
kyodonews,共同通信,衆院政治倫理審査会が終了,https://news.yahoo.co.jp/articles/dedaf76ad20ad500954a8ac03ee625968076b35f,2/29(木) 16:49
kyodonews,共同通信,G20、戦争の経済影響を懸念　財務相会議、意見隔たりも,https://news.yahoo.co.jp/articles/a9fd7d6babc32b13a42f3b0df3de8ef8458bb4f7,2/29(木) 16:48
kyodonews,共同通信,能登半島、強い揺れに注意　地震活動「当分続く」,https://news.yahoo.co.jp/articles/93009964b420a83d17a3de04e35015109e89f60b,2/29(木) 16:48
kyodonews,共同通信,三井住友海上、社長ら14人処分　カルテル問題で、あいおい12人,https://news.yahoo.co.jp/articles/605e928fda0831449490fe42e5772d3598e155e2,2/29(木) 16:31
kyodonews,共同通信,キオクシア生産拡大へ、市況改善　投資資金確保、反転攻勢,https://news.yahoo.co.jp/articles/49102eb36d447c78ea2e4fe54433fb8a68e7155c,2/29(木) 16:28
kyodonews,共同通信,ガザ死者3万人超と米CNN報道　イスラエル、攻撃拡大方針崩さず,https://news.yahoo.co.jp/articles/d14a176d4493b44ff76cd7e892679a640ce28950,2/29(木) 16:18
kyodonews,共同通信,春場所ワーストの27人　新弟子検査申し込み,https://news.yahoo.co.jp/articles/e3133529a38f9a73a2dcddd4c55529db65510206,2/29(木) 16:13
kyodonews,共同通信,NTT西社長、引責辞任を表明,https://news.yahoo.co.jp/articles/0e933a81761456e8ece1d7596a95ab6277d3560b,2/29(木) 16:12
kyodonews,共同通信,日野、三菱ふそう統合延期　不正影響、契約4月以降に,https://news.yahoo.co.jp/articles/cfc81aeb534fad8458989c2870c8efaa301a4296,2/29(木) 16:07
kyodonews,共同通信,東京海上日動、政策保有株式の売却発表,https://news.yahoo.co.jp/articles/42a954c8ad9a60f4bc25938ca0597097831b33c5,2/29(木) 16:07
kyodonews,共同通信,フレディの英邸宅、売却へ　「クイーン」、57億円,https://news.yahoo.co.jp/articles/68c1decfe9110080cab49f000438f5e596953ea8,2/29(木) 16:06
kyodonews,共同通信,政倫審出席巡り条件付けずと二階派事務総長,https://news.yahoo.co.jp/articles/7f0b52bcf350177ba27a9c8a77fe4404274ed637,2/29(木) 16:03
kyodonews,共同通信,虚偽記載知らなかったと二階派事務総長,https://news.yahoo.co.jp/articles/15372ac28e88f17c908863691f023cc668796e42,2/29(木) 15:57
kyodonews,共同通信,NTT西、森林社長が引責辞任へ　顧客情報928万件流出で3月末,https://news.yahoo.co.jp/articles/915f6f0127ef9ffbe8e66beab12da9024978c741,2/29(木) 15:55
kyodonews,共同通信,東京海上、カルテル問題で57人処分,https://news.yahoo.co.jp/articles/4e978d5158bc0cf53a866786e156de8c5c0bc468,2/29(木) 15:55
kyodonews,共同通信,二階派・武田事務総長が政倫審で弁明,https://news.yahoo.co.jp/articles/77f93c7fae5de644c80c2e15bda5531eceba7610,2/29(木) 15:54
kyodonews,共同通信,野党、森元首相の証人喚問が必要と指摘,https://news.yahoo.co.jp/articles/009cdc135b60aff9fc548c34943c4ebc2db3a237,2/29(木) 15:44
kyodonews,共同通信,裏金実態、政倫審で新証言なし　首相、還流復活説明できず,https://news.yahoo.co.jp/articles/7b1303a0dd3fb8b6432eac63444162a7bf6f84eb,2/29(木) 15:43
kyodonews,共同通信,ノーベル平和賞、285候補　UNRWAなど、10月発表,https://news.yahoo.co.jp/articles/9cd451c048a5a90f34917608660a9adb824a085f,2/29(木) 15:42
kyodonews,共同通信,サッポロ、6.4％賃上げ　ベア過去最高1万2千円,https://news.yahoo.co.jp/articles/908f6a30c549723c744b04aedc7e771dca4c5e82,2/29(木) 15:37
kyodonews,共同通信,ニューズピックスが謝罪　報道機関の写真を無断使用,https://news.yahoo.co.jp/articles/7666e51a406286c570a1ae6c76459ef80e00bd53,2/29(木) 15:36
kyodonews,共同通信,衆院政倫審、首相への質疑終了,https://news.yahoo.co.jp/articles/0c904625270e14384603fa655e9deea011495766,2/29(木) 15:35
kyodonews,共同通信,日野、三菱ふそう経営統合の契約締結延期,https://news.yahoo.co.jp/articles/f15fa48e3185999b1fe257cae84270f3722f6a0d,2/29(木) 15:34
kyodonews,共同通信,ガザ戦闘死者3万人超と米CNN,https://news.yahoo.co.jp/articles/92eed137151e5ad090d03892b286ecaddc800317,2/29(木) 15:34
kyodonews,共同通信,スギ薬局、システム復旧,https://news.yahoo.co.jp/articles/83726d6b77dceb7755562209e2ff80d028b56a1e,2/29(木) 15:29
kyodonews,共同通信,3月の食品値上げ、728品目　8割減、原材料価格が安定,https://news.yahoo.co.jp/articles/8a1225fe439f55378472367b6c5f6be62676f9cf,2/29(木) 15:28
kyodonews,共同通信,43人に「補償せず」と通知　旧ジャニーズ性加害問題,https://news.yahoo.co.jp/articles/3cf566113f9cdd53150a6dfdb92920a0c78ee9c0,2/29(木) 15:25
kyodonews,共同通信,東証続落、41円安　利益確定の売り優勢,https://news.yahoo.co.jp/articles/135e88764e0fb5f84b0a883a4e200b7afa5e93bc,2/29(木) 15:15
kyodonews,共同通信,2世援護非対象、憲法に違反しないと高裁,https://news.yahoo.co.jp/articles/cd9cb68ee54c09e9ab672cb866b13bcd80f489f9,2/29(木) 15:15
kyodonews,共同通信,ニューズピックス、報道写真無断使用で謝罪,https://news.yahoo.co.jp/articles/371e4f11cda2926f66b58433923d3d9d77da4f76,2/29(木) 15:14
kyodonews,共同通信,安倍派還流復活の経緯確認できずと首相,https://news.yahoo.co.jp/articles/3f108dec8ac88f9c082d71d387f2a412a9051c96,2/29(木) 15:13
kyodonews,共同通信,八村17得点、チームは大逆転　NBA、渡辺は得点なし,https://news.yahoo.co.jp/articles/c7e579d366f0f5ba1a99745f013d5e9e30e153a3,2/29(木) 15:13
kyodonews,共同通信,東証終値、41円安,https://news.yahoo.co.jp/articles/2b9a6f86da7aa15468ed1f4a4078bbf3683f5613,2/29(木) 15:08
kyodonews,共同通信,豊田織機、会長ら退任へ　認証不正の引責否定,https://news.yahoo.co.jp/articles/e2f65d8df63d415818013f40faa3a82c64d3a57f,2/29(木) 15:02
kyodonews,共同通信,在任中に政治資金パーティー開催せずと首相,https://news.yahoo.co.jp/articles/a776bfba030bf5f99eaba5b34917400d7e3e6dcd,2/29(木) 15:01
kyodonews,共同通信,南極深海でイシサンゴ初確認　採取成功、海洋環境変化分析へ,https://news.yahoo.co.jp/articles/321b25000529b83281f847b8f8153840eeaa9789,2/29(木) 14:55
kyodonews,共同通信,不記載議員、説明責任踏まえ党処分判断,https://news.yahoo.co.jp/articles/14cef6ea314df36ab9d3ae576fef0cc01bb19658,2/29(木) 14:55
kyodonews,共同通信,NTT西の森林社長が辞任へ,https://news.yahoo.co.jp/articles/a780fcba46ead9abb74d115e1d069ab4877d6c35,2/29(木) 14:49
kyodonews,共同通信,豊田自動織機会長が退任へ,https://news.yahoo.co.jp/articles/f85eb385008c32cbfe29a963b55ee43de80a0256,2/29(木) 14:47
kyodonews,共同通信,関経連・副会長に関電社長　4年半ぶり起用方針,https://news.yahoo.co.jp/articles/01f6a017d999a6ca900d0fe6980806bf9218893b,2/29(木) 14:43
kyodonews,共同通信,政治家も責任負う規正法改正指示と首相,https://news.yahoo.co.jp/articles/d0c448d47b5074a0ae84e562d5c7f6d4a867c40a,2/29(木) 14:39
kyodonews,共同通信,東証、一時値上がりに転じる,https://news.yahoo.co.jp/articles/a8a14c964fe16c95dd6bcd65b1e5b83101c88a1b,2/29(木) 14:36
kyodonews,共同通信,長崎被爆2世訴訟、二審も請求棄却,https://news.yahoo.co.jp/articles/365ed5c56e3674b93a58c79c9919b15bee24dd51,2/29(木) 14:35
kyodonews,共同通信,裏金事件関係議員に説明責任促すと首相,https://news.yahoo.co.jp/articles/745058ccb8b645623c02687eeafe042b5bdf07b2,2/29(木) 14:29
kyodonews,共同通信,オリックス、キャンプ打ち上げ　先発投手陣の再構築へ,https://news.yahoo.co.jp/articles/51206004c0c7e6860d9edf5a01e5e139bce6a524,2/29(木) 14:17
kyodonews,共同通信,裏金事件、国民の疑念招きおわびと首相,https://news.yahoo.co.jp/articles/a5855686f4be378d1efa372ab27e76ffa6bdfccb,2/29(木) 14:14
kyodonews,共同通信,岸田首相が政治倫理審査会に出席し弁明,https://news.yahoo.co.jp/articles/d6479071d76cae1e4d0b33e2a68e66284a42b842,2/29(木) 14:10
kyodonews,共同通信,23年宿泊者数、46都道府県で増加,https://news.yahoo.co.jp/articles/980dd972977c9d8eb425fe6222f6aade5c6680cd,2/29(木) 14:05
kyodonews,共同通信,衆院で政治倫理審査会開催,https://news.yahoo.co.jp/articles/dc4a6c867abda340c1c8dab283751cc38f2dce89,2/29(木) 14:03
kyodonews,共同通信,大阪・堺で住宅火災、2人死亡,https://news.yahoo.co.jp/articles/b2bfb80b923807ae7f34b2ce0c2f7db8bcd13e4d,2/29(木) 13:18
kyodonews,共同通信,豊田自動織機、聴聞に出席せず処分確定へ,https://news.yahoo.co.jp/articles/63ff7dd2cb5a8f4742c8be29a9239cd0f9933468,2/29(木) 13:18
kyodonews,共同通信,豊田織機「型式指定」取り消しへ　国交省が「聴聞」手続き,https://news.yahoo.co.jp/articles/079639bff3a9c4631b19e2a0f6c2b25b3bad1ede,2/29(木) 13:11
kyodonews,共同通信,スギ薬局、うるう年影響しシステム障害,https://news.yahoo.co.jp/articles/c9edd31e1b701978aa50d58e8bc6d10d913d06bd,2/29(木) 12:39
kyodonews,共同通信,運転免許証発行障害、3県警は復旧,https://news.yahoo.co.jp/articles/7030b822019e1fa502f808bde7d59bfb62776c48,2/29(木) 12:37
kyodonews,共同通信,衝突事故で2人死亡、岡山　大型トラックと軽乗用車,https://news.yahoo.co.jp/articles/e46ec49d454fac20268ef54a5fc307f471b061f3,2/29(木) 12:19
kyodonews,共同通信,運転免許システム障害、うるう日が原因か,https://news.yahoo.co.jp/articles/916379250f143ea1fe397e9ef6cf37c2f2478c8d,2/29(木) 12:16
kyodonews,共同通信,輪島の児童590人、2学期から仮設校舎,https://news.yahoo.co.jp/articles/13b69695494433a08f96cd6d20b3b24f718d55bb,2/29(木) 12:06
kyodonews,共同通信,立民、森元首相の国会招致必要　長妻氏「裏金事件キーマン」,https://news.yahoo.co.jp/articles/230cadd8f8aafe08e21d1a057c1c785c2e9fc9f8,2/29(木) 12:04
kyodonews,共同通信,石川県が災害廃棄物処理計画の概要を公表,https://news.yahoo.co.jp/articles/aecdcd8ce35bb3803e52225d8287f328b9db1360,2/29(木) 11:57
kyodonews,共同通信,仲宗根美樹さん死去、79歳　歌手、「川は流れる」大ヒット,https://news.yahoo.co.jp/articles/3d2e0d7517ecb910852fe09fc51e82440b34f593,2/29(木) 11:54
kyodonews,共同通信,東証、午前終値3万8953円　米国株下落を嫌気,https://news.yahoo.co.jp/articles/c563f0bc59b76d17a40aac8a276d686c16e5a6d8,2/29(木) 11:48
kyodonews,共同通信,横領疑い83歳弁護士逮捕　依頼人の小切手2百万円、警視庁,https://news.yahoo.co.jp/articles/e9b0449dbbfd6fbb686243f4f6550b33ba48e93e,2/29(木) 11:46
kyodonews,共同通信,4県警で運転免許発行できず　システム障害、うるう日原因か,https://news.yahoo.co.jp/articles/d25fde3bc569a337e00f651198e5eddaf0a0214e,2/29(木) 11:42
kyodonews,共同通信,ダイハツ、販売会社へ資金支援　3月に、生産停止で対応,https://news.yahoo.co.jp/articles/b67248ea5d8e0faae36fa3f4ee49171ded5f83c9,2/29(木) 11:38
kyodonews,共同通信,「川は流れる」歌手の仲宗根美樹さんが死去,https://news.yahoo.co.jp/articles/59a7ce55e716628a4650cee0c00ffd208f817a9e,2/29(木) 11:34
kyodonews,共同通信,東証、午前終値254円安,https://news.yahoo.co.jp/articles/845f11c75823ede319fe049088570e29a04cb9e9,2/29(木) 11:33
kyodonews,共同通信,物価目標「見通せる状況」　日銀高田氏、出口対応必要,https://news.yahoo.co.jp/articles/31c83e27b101d67d26c22128f7be69d84e20fd9d,2/29(木) 11:33
kyodonews,共同通信,裏金事件で森元首相の聴取必要と立民長妻氏,https://news.yahoo.co.jp/articles/f04c7e991a1cc1e46e249ed87f1204a3218b3328,2/29(木) 11:32
kyodonews,共同通信,依頼人の小切手着服疑い、83歳弁護士逮捕,https://news.yahoo.co.jp/articles/8908f7581171b61507288b20fc6d2735903f02da,2/29(木) 11:29
kyodonews,共同通信,運転免許証発行障害は4県警と警察庁,https://news.yahoo.co.jp/articles/a09f4017e5239d4495cbac9fe3567b33701dbfe1,2/29(木) 11:27
kyodonews,共同通信,政倫審で首相が説明尽くすと官房長官,https://news.yahoo.co.jp/articles/7fdac5b312a615810bcd88ef63296d1d9cff04f0,2/29(木) 11:21
kyodonews,共同通信,4300万円脱税疑いで代表取締役を逮捕,https://news.yahoo.co.jp/articles/27c1d783f7dae405e29340bf2dd75ba670ed1788,2/29(木) 11:21
kyodonews,共同通信,もろさわようこさん死去、99歳　女性史研究家、差別の歴史分析,https://news.yahoo.co.jp/articles/448ff5b959972d45bcfaa9aad059f84878f89e3b,2/29(木) 11:17
kyodonews,共同通信,トランプ氏の出馬資格を剥奪　米イリノイ州、3例目の判断,https://news.yahoo.co.jp/articles/d541d7ed17750135d4f934b12627e3af4adf4920,2/29(木) 11:15
kyodonews,共同通信,不適切指導訴え自殺未遂、滋賀　守山市の当時中学生,https://news.yahoo.co.jp/articles/d4e85c5a3f55119c8208c9c87664f9cc8faf1b9e,2/29(木) 11:08
kyodonews,共同通信,旧統一教会団体の会合出席　西田総務政務官、県議時代,https://news.yahoo.co.jp/articles/0d8a69d66a8abedebd63b355fdff29ee7a9e326e,2/29(木) 10:59
kyodonews,共同通信,物価目標「見通せる状況」と日銀審議委員,https://news.yahoo.co.jp/articles/c6b6babcb7bf8409505063da0f37654c308166fe,2/29(木) 10:56
kyodonews,共同通信,「国民の関心は裏金の使途」と立民・長妻氏,https://news.yahoo.co.jp/articles/e7d0e8360594836bb53e193d96d55ba98ecd8213,2/29(木) 10:55
kyodonews,共同通信,ビッグモーター元役員を釈放,https://news.yahoo.co.jp/articles/f88ee599843b83ba1f3d414b49f1d2a28bdeec17,2/29(木) 10:52
kyodonews,共同通信,女性史研究家のもろさわようこさんが死去,https://news.yahoo.co.jp/articles/65ed71c438810a22bb8cffd3a4fc7e0ce860d9dc,2/29(木) 10:52
kyodonews,共同通信,ダイハツ、販売会社に3月中に資金支援,https://news.yahoo.co.jp/articles/a127604abb6db317cddee9f7ba7304ac59c3eabe,2/29(木) 10:51
kyodonews,共同通信,専門修了の留学生、就職しやすく　政府、在留資格の規定見直し,https://news.yahoo.co.jp/articles/8a6ad33d8caa22e3693368ec13277880072b5fd5,2/29(木) 10:50
kyodonews,共同通信,「オズワルド」畠中さんが手術へ　初期の腎臓がん、ラジオで報告,https://news.yahoo.co.jp/articles/9921283b6a52b1d5a706bc96e3a1b1eab2ee9a94,2/29(木) 10:44
kyodonews,共同通信,針路変更で波浪受け荷崩れ　ハワイ沖の貨物船コンテナ落下,https://news.yahoo.co.jp/articles/a27d9d3d6dd1693c237da2f123faa753d32d5935,2/29(木) 10:43
kyodonews,共同通信,岡山で衝突事故、2人死亡,https://news.yahoo.co.jp/articles/c2ade8a83ee7635bf1935bcff9a39540c1a47c1a,2/29(木) 10:40
kyodonews,共同通信,米イリノイ州でトランプ氏の予備選資格剥奪,https://news.yahoo.co.jp/articles/d3159263d8a72ccde0a982eb96d35a3ba634d5fd,2/29(木) 10:40
kyodonews,共同通信,東京円、150円台後半,https://news.yahoo.co.jp/articles/c06180fa72248ed9f0f9629514390a8b55f485ad,2/29(木) 10:39
kyodonews,共同通信,配線ミスで走行中ドア開閉　安全回路作動せず、大分・豊肥線,https://news.yahoo.co.jp/articles/d016396c0708f36eb8136a6398d9563ed6470b91,2/29(木) 10:37
kyodonews,共同通信,中学教員の不適切指導訴え元生徒自殺未遂,https://news.yahoo.co.jp/articles/440b9956488ae0fcd8e531fda1215ef749de4f2a,2/29(木) 10:37
kyodonews,共同通信,賃上げへ設備投資増、価格転嫁を　衆院予算委公聴会で有識者,https://news.yahoo.co.jp/articles/e950530e6eefc98c60ad4eccdbb71c2d4d66855e,2/29(木) 10:29
kyodonews,共同通信,神奈川と新潟で運転免許証発行できず,https://news.yahoo.co.jp/articles/0b77aaa9db48bb63b67ca3e679865b60f9a8caa7,2/29(木) 10:23
kyodonews,共同通信,セクハラ認定町長が辞職願提出　岐阜・岐南、女性職員らへ99件,https://news.yahoo.co.jp/articles/6d510cc98fe55b3456c87a7ed383ec27a89f4aa5,2/29(木) 10:20
kyodonews,共同通信,外国人留学生の在留資格規定を見直し,https://news.yahoo.co.jp/articles/978e4249059db28b91c2561447011a0f8ae5afe2,2/29(木) 10:09
kyodonews,共同通信,埼玉県議が性的画像を投稿疑い　書類送検、神奈川県警,https://news.yahoo.co.jp/articles/176e76d0724cf6c09e8a12e23c8f36aed201b961,2/29(木) 10:08
kyodonews,共同通信,ロシア凍結資産の活用、米欧に溝　G7、ウクライナ支援充当に課題,https://news.yahoo.co.jp/articles/dcdee7ae7eca85d3398128c4abe0af43a25505ee,2/29(木) 10:02
kyodonews,共同通信,義務化の相続登記、オンライン申請可能に,https://news.yahoo.co.jp/articles/b528d9a75c95766976fb66a167ed91bc85a024d3,2/29(木) 9:56
kyodonews,共同通信,長谷川「金メダル目指す」　五輪決定のなでしこMF,https://news.yahoo.co.jp/articles/442dce22e9a0b06205a5bd891d69f8a9af39fd6f,2/29(木) 9:56
kyodonews,共同通信,性的画像投稿容疑で埼玉県議を書類送検,https://news.yahoo.co.jp/articles/448f3f00cd7795906b4ce26cbca58d03777c8a63,2/29(木) 9:50
kyodonews,共同通信,財務官、為替の過度な変動けん制　G20会議で「望ましくない」,https://news.yahoo.co.jp/articles/cd85e6c613610dee2fc4480b208e989df64c405d,2/29(木) 9:41
kyodonews,共同通信,東証、315円安　午前9時15分現在,https://news.yahoo.co.jp/articles/e87c6f2fc8b613ec4273f7288b27e85d43becbd2,2/29(木) 9:24
kyodonews,共同通信,1月の鉱工業生産、7.5％低下　基調判断を下方修正,https://news.yahoo.co.jp/articles/d991e17fd3204d2696c08a4a12ffc53c91663179,2/29(木) 9:23
kyodonews,共同通信,東証、315円安,https://news.yahoo.co.jp/articles/78d8f1ad50e7d50bea7b1ff5d0ee98b95a118bcc,2/29(木) 9:23
kyodonews,共同通信,レイズ参加上沢「早く投げたい」　29日にオープン戦初登板の予定,https://news.yahoo.co.jp/articles/bae798daefa123f6d2be728a752a84c03ebfff6c,2/29(木) 9:17
kyodonews,共同通信,東証、一時300円安,https://news.yahoo.co.jp/articles/04c81f8f898f65346479f0a909dbc7d33828231d,2/29(木) 9:16
kyodonews,共同通信,東京株式　29日終値,https://news.yahoo.co.jp/articles/e1e4d1c01c679122ae4197f3ba885902945cb2a5,2/29(木) 9:16
kyodonews,共同通信,東証続落して始まり、一時3万9千円割れ,https://news.yahoo.co.jp/articles/27bcc752723055b594d7b16092d392ab30a0e183,2/29(木) 9:08
kyodonews,共同通信,1月の鉱工業生産7.5％低下,https://news.yahoo.co.jp/articles/850dc83c448560612455afa90acef1a632e03ff1,2/29(木) 9:08
kyodonews,共同通信,世銀、信用保証額3倍に　再エネの民間投資後押し,https://news.yahoo.co.jp/articles/5775b572a2e345dc0aab4d6a1f6dbeac1e06c444,2/29(木) 8:53
kyodonews,共同通信,北朝鮮、地方工場の新設開始　金正恩氏、経済振興遅れを反省,https://news.yahoo.co.jp/articles/3b78f88e7f7697e547af5f5ee10c4353837e13f0,2/29(木) 8:51
kyodonews,共同通信,ナスダック　28日終値,https://news.yahoo.co.jp/articles/df4dc476669c670f4de6ad1b6a7efcc59bed39ae,2/29(木) 8:50
kyodonews,共同通信,柔道元五輪代表を逮捕　仮想通貨名目で4千万円詐取疑い,https://news.yahoo.co.jp/articles/8916a471d9b346485cd5425178a7da490c472fc2,2/29(木) 8:41
kyodonews,共同通信,米韓外相、対北朝鮮で連携　日本を含めた3カ国で抑止力強化,https://news.yahoo.co.jp/articles/c153874353b47e71285a13481a8ab51e3ec3a84a,2/29(木) 8:37
kyodonews,共同通信,仮想通貨で詐取疑い、柔道元五輪代表を逮捕,https://news.yahoo.co.jp/articles/cf8315221b00f9e9ed9f2153feb06c3c6e495e51,2/29(木) 8:32
kyodonews,共同通信,透明板で翻訳、外国人を対面案内　都営地下鉄駅に導入、12言語,https://news.yahoo.co.jp/articles/9291b3718dd22533956f8b8c7e40a9ea1ff2c978,2/29(木) 8:31
kyodonews,共同通信,ハリコフ州攻撃、2人死亡　6歳少女と祖父犠牲に,https://news.yahoo.co.jp/articles/cfc51fdfad6a1182a811f8d9ad1769f32e2d0b96,2/29(木) 8:23
kyodonews,共同通信,敗北の日本戦「熾烈な攻防」報道　サッカー女子で北朝鮮,https://news.yahoo.co.jp/articles/f4f7098f6a517a947026777cc8d24bf2467755bc,2/29(木) 8:21
kyodonews,共同通信,町田、フル出場で決勝進出　サッカー、ベルギー杯,https://news.yahoo.co.jp/articles/f59ec9919691a755f4cc9634bc2ece150c671a6d,2/29(木) 8:08
kyodonews,共同通信,「為替の過度な変動望ましくない」と財務官,https://news.yahoo.co.jp/articles/dda1df45c84ff4c0d1eb2189798b54cbda2fcecb,2/29(木) 8:06
kyodonews,共同通信,足首負傷の遠藤はベンチ外　FA杯、リバプール8強,https://news.yahoo.co.jp/articles/6dc6efe489c04141b98da2f56bac26a0c9421556,2/29(木) 8:05
kyodonews,共同通信,トランプ氏の免責特権巡り4月に口頭弁論,https://news.yahoo.co.jp/articles/b76f97d27c669507e9a6776c2d425556ce71cb1d,2/29(木) 7:48
kyodonews,共同通信,NY円、150円台後半,https://news.yahoo.co.jp/articles/7953a4c782b5bdc9d734880f1d7776bd2a9a6cf7,2/29(木) 7:46
kyodonews,共同通信,前田が今季4ゴール目　スコットランドプレミア,https://news.yahoo.co.jp/articles/0bbc6194760b7b4eae576af5029c4c3db12b534f,2/29(木) 7:45
kyodonews,共同通信,職務能力に問題なしとホワイトハウス,https://news.yahoo.co.jp/articles/0c4be907b4b42ef07e3b169ff73d8439ed2f021a,2/29(木) 7:38
kyodonews,共同通信,NY円、150円64～74銭,https://news.yahoo.co.jp/articles/f8c40082aed6f0f95e9a91a5eed04d97f9b2d536,2/29(木) 7:26
kyodonews,共同通信,オレアリーが敗復4回戦へ　五輪予選のサーフィンWG,https://news.yahoo.co.jp/articles/b442f97246f34ef2f4847d8ce40ddaf509ff8642,2/29(木) 7:22
kyodonews,共同通信,米軍、オスプレイ再開計画説明へ　屋久島沖墜落巡り、国防長官に,https://news.yahoo.co.jp/articles/48c373d9aac302678013f2c4104a91f291a3994e,2/29(木) 7:16
kyodonews,共同通信,NY株3日続落、23ドル安　利益確定売りが優勢,https://news.yahoo.co.jp/articles/a753d4f1c305b95160a878e8ec9c5e999334cb3d,2/29(木) 7:02
kyodonews,共同通信,尾道の名物猫「忘れない」、住民が絵本制作　「ミイ」「あいつ」さまざま愛称で親しまれ,https://news.yahoo.co.jp/articles/e2a4b7a59bfffd7c9bfd3ae1dcdd22f746ce50c4,2/29(木) 7:00
kyodonews,共同通信,1日の天気（西日本）,https://news.yahoo.co.jp/articles/f68c79078ae15b5d61d1ef9d8417128b416c865a,2/29(木) 7:00
kyodonews,共同通信,キノコ菌糸から国産マッシュルームレザー　長野の企業、動物革より環境優しく商機に,https://news.yahoo.co.jp/articles/8a1cb5c74c0a1c6956395c0227f0505c51c7cdad,2/29(木) 7:00
kyodonews,共同通信,1日の天気（東日本）,https://news.yahoo.co.jp/articles/45a0216631e626f5db4eb1f420503da83dbfc6da,2/29(木) 7:00
kyodonews,共同通信,米軍、国防長官にオスプレイ再開説明へ,https://news.yahoo.co.jp/articles/28fb322241215d06fcd313183f5d6508adbb8a41,2/29(木) 6:59
kyodonews,共同通信,NY株式　　28日終値,https://news.yahoo.co.jp/articles/b0c89a50b67d6370b5da5649267ea70b125f806a,2/29(木) 6:40
kyodonews,共同通信,米大統領次男、議会で証言　弾劾調査は「政治的茶番」,https://news.yahoo.co.jp/articles/2d3a56cb0d897bd541824aec3e9f657c55ec5407,2/29(木) 6:39
kyodonews,共同通信,NY株3日続落、23ドル安,https://news.yahoo.co.jp/articles/a47ddaf00427da05abeb92ed4bc04bfd577824e9,2/29(木) 6:31
kyodonews,共同通信,ガザ、栄養失調6人死亡　子ども妊婦に拡大の恐れ,https://news.yahoo.co.jp/articles/0c27029e14ca8f5ddd4168208e6275d2f638693f,2/29(木) 6:30
kyodonews,共同通信,WTO、紛争処理制度で交渉難航　閣僚会議3日目、進展なし,https://news.yahoo.co.jp/articles/788d8c0f7a6f26fc600fedb08f4c38b2312b47e1,2/29(木) 6:25
kyodonews,共同通信,EU、23年難民申請18％増　114万人、シリア危機以降最大,https://news.yahoo.co.jp/articles/05f536b7ba7bbed697298bd28b32115493ade692,2/29(木) 6:17
kyodonews,共同通信,山本、初登板は2回1安打無失点　大リーグオープン戦、好投3三振,https://news.yahoo.co.jp/articles/d857dfc30fea8a3f09d4abb3923d8844dfc32afb,2/29(木) 6:11
kyodonews,共同通信,神戸市が高校通学定期無料化　授業料無償化の大阪府に対抗,https://news.yahoo.co.jp/articles/98b2430e08ff2728860b5b53e39feabb9886de00,2/29(木) 5:54
kyodonews,共同通信,山本、オープン戦初登板で2回無失点3三振,https://news.yahoo.co.jp/articles/98c3048128c760b0edf548c251e995ed5353abdf,2/29(木) 5:50
kyodonews,共同通信,衆院政倫審が開催、全面公開　現職首相が初出席、自民裏金事件,https://news.yahoo.co.jp/articles/5dd454698b7277577b9d63c902b2dc73a287fdef,2/29(木) 5:45
kyodonews,共同通信,G20、中東情勢の影響点検　初日討議、声明採択へ調整,https://news.yahoo.co.jp/articles/4ae49945b0f39764d343cc3f0853c042316f89f8,2/29(木) 5:32
kyodonews,共同通信,被災地の融雪装置、稼働できず　配管の損傷確認不可、悩む住民,https://news.yahoo.co.jp/articles/0b325b3165d31b47e87f13df864e969db95f3063,2/29(木) 5:17
kyodonews,共同通信,妻ジルさん、女性票狙い運動強化　バイデン氏政権維持キャンペーン,https://news.yahoo.co.jp/articles/6d8ab60d96f6e04dd7216b1b3beadd0c44a65202,2/29(木) 5:04
kyodonews,共同通信,米共和指導部から11月引退へ　マコネル院内総務、議員職は継続,https://news.yahoo.co.jp/articles/abbc75515f968eddd5d4f6d1feb80fca2f083020,2/29(木) 4:52
kyodonews,共同通信,大谷の次回出場は3月2日　オープン戦、監督が明言,https://news.yahoo.co.jp/articles/7c4a0874242e8b40b0563dcc2e6480017e57e9c8,2/29(木) 4:42
kyodonews,共同通信,81歳バイデン大統領が定期健診　体力不安の払拭が課題に,https://news.yahoo.co.jp/articles/d11cef371e63c14ac812cb5cbadd8dbaef94b868,2/29(木) 4:37
kyodonews,共同通信,為替相場　　　1日（日本時間　2時）,https://news.yahoo.co.jp/articles/cf45d339f15e55c6bbe708cbae31226fb8f97a92,2/29(木) 3:00
kyodonews,共同通信,NY株、続落,https://news.yahoo.co.jp/articles/de3ee7d053411a1e98f7d0acbd58d6534ddd06f3,2/29(木) 0:23
kyodonews,共同通信,都筑有夢路ら敗者復活4回戦へ　五輪予選のサーフィンWG,https://news.yahoo.co.jp/articles/94a32c02c6e74558347f3c739cd0423f38a4dd20,2/29(木) 0:18
kyodonews,共同通信,サウジファンドと5年契約　テニス男子ツアー統括のATP,https://news.yahoo.co.jp/articles/e5d9c6f8197aa0f89c37232ad0bcf1ab9a049c48,2/29(木) 0:10
kyodonews,共同通信,東北新幹線で薬品漏れ想定訓練　JR東日本、仙台駅で避難誘導,https://news.yahoo.co.jp/articles/5ac1ce206dd2266de4836a9cc307d544ca0edfc0,2/29(木) 0:05
kyodonews,共同通信,NY株、続落して始まる,https://news.yahoo.co.jp/articles/07595aa8137d98ed8c52394deb92e14dabae4fb1,2/28(水) 23:44
kyodonews,共同通信,貧困、格差是正を重点協議　G20財務相会議が開幕,https://news.yahoo.co.jp/articles/dc088cefa2767da9aaef0f3fee0a7c2a7062601c,2/28(水) 23:23
kyodonews,共同通信,住宅侵入疑い巡査長逮捕　「下着取ろうと」警視庁,https://news.yahoo.co.jp/articles/82bd194ac456d9df6aba55713424033dacfd10d4,2/28(水) 23:19
kyodonews,共同通信,ヘンリー王子の訴え退ける　警護レベル引き下げ、英高等法院,https://news.yahoo.co.jp/articles/d2fda9d09dda67a87d825d523c9c06ccf89885aa,2/28(水) 23:14
kyodonews,共同通信,NY円、150円台後半,https://news.yahoo.co.jp/articles/7f43a99f4480f7fe0ca1c221af70142fc5e2cd28,2/28(水) 23:05
kyodonews,共同通信,米GDP改定値3.2％増　10～12月期、小幅下方修正,https://news.yahoo.co.jp/articles/5101119cd78ff0a6634c7696d0d32c97b6035c4d,2/28(水) 22:50
kyodonews,共同通信,NY円、150円57～67銭,https://news.yahoo.co.jp/articles/f0573077b861bd78b2178252fb53de1aca57a2c7,2/28(水) 22:48
kyodonews,共同通信,ゼレンスキー氏、サウジを訪問　自身提唱の和平案協議,https://news.yahoo.co.jp/articles/72ecf2f2c3d85f3e1d01c7f9268581b0db16dcc1,2/28(水) 22:47
kyodonews,共同通信,米10～12月期GDP改定値3.2％増,https://news.yahoo.co.jp/articles/86cec7ccb68b846f88a6dc1a2f46ffa52db421af,2/28(水) 22:41
kyodonews,共同通信,住宅侵入疑いで警視庁巡査長逮捕,https://news.yahoo.co.jp/articles/32872acf291e331f796f099e49240e7a3fea5923,2/28(水) 22:40
kyodonews,共同通信,坂本幸雄さん死去　元エルピーダメモリ社長,https://news.yahoo.co.jp/articles/fb8085c0a7cf5501f65be6b9197dd224706010e5,2/28(水) 22:37
kyodonews,共同通信,なでしこ、3月に組み合わせ抽選　1次リーグ初戦は7月25日,https://news.yahoo.co.jp/articles/b48d3666b4dd751b8b4f76f000f52b6470e7441e,2/28(水) 22:28
kyodonews,共同通信,なでしこ、抱き合って歓喜　パリで「一番いい色」狙う,https://news.yahoo.co.jp/articles/7c15ef5228ceef04c2defe0876994c8854d18dba,2/28(水) 22:04
kyodonews,共同通信,バイデン氏に抗議票10万超　共和党、トランプ氏が6戦全勝,https://news.yahoo.co.jp/articles/ecd75ae243c8aca81d98381562e0350cb4817128,2/28(水) 21:45
kyodonews,共同通信,「政倫審で幕引きさせず」　野党、追及姿勢強める,https://news.yahoo.co.jp/articles/caa35ac9fd6e1ac20657987a9c442ae02bcd7b25,2/28(水) 21:36
kyodonews,共同通信,北朝鮮代表に最後まで声援　在日同胞ら称賛「あと1点」,https://news.yahoo.co.jp/articles/d077427f1b61d9b4a8757963034e378be6639e7a,2/28(水) 21:33
kyodonews,共同通信,1級河川の津波対策、整備7割超　堤防・水門を強化、国交省,https://news.yahoo.co.jp/articles/28a2a76fce60f9b0245b82b461653cb3e945d371,2/28(水) 21:28
kyodonews,共同通信,バイデン氏への抗議票10万超える,https://news.yahoo.co.jp/articles/afd73222aff8c62b6982f2cbd1a5655a1a2dc12d,2/28(水) 21:24
kyodonews,共同通信,狂犬病ワクチン、通年化を検討　厚労省、接種率の向上目指す,https://news.yahoo.co.jp/articles/4bcd49ed1ad1137a1fbfe9f228b1091ebce40383,2/28(水) 21:20
kyodonews,共同通信,制裁維持、安定的な関係築く　武藤顕・駐ロシア大使が初会見,https://news.yahoo.co.jp/articles/10110e800492f91f0f9ecd21aed8c50416e571a8,2/28(水) 21:17
kyodonews,共同通信,廃棄物量、50年に1.7倍　コストは年96兆円、国連試算,https://news.yahoo.co.jp/articles/3f315fd4bd5bb9a641d22277b636bd813823a4d8,2/28(水) 21:12
kyodonews,共同通信,シンガポールも出生率が最低　0.97、コロナ禍が影響か,https://news.yahoo.co.jp/articles/acae1403ac6da76e49a1fe4eecf0360bc77751bd,2/28(水) 21:09
kyodonews,共同通信,杉田水脈議員の差別的言動を批判　アイヌ民族団体など、札幌で集会,https://news.yahoo.co.jp/articles/65d5d69d00ac63590e37d8cba24d402df3711989,2/28(水) 21:01
kyodonews,共同通信,アラン・ドロンさん宅に銃72丁　弾薬3000発も、許可なし,https://news.yahoo.co.jp/articles/4cd30bf34c2111e4e9290b16b8b50c372af77ff5,2/28(水) 20:53
kyodonews,共同通信,パリ五輪、団体球技全てで出場権　日本勢、戦後初,https://news.yahoo.co.jp/articles/8d2870fba8857a80030c9d23b40b799c81333c24,2/28(水) 20:50
kyodonews,共同通信,日大アメフト部、再加盟せず　24年度は公式戦不参加へ,https://news.yahoo.co.jp/articles/99195423830eb85834e98b8560f43346a07cc89d,2/28(水) 20:40
kyodonews,共同通信,ガザ57万人「飢餓の手前」　国連警鐘、死者3万人に迫る,https://news.yahoo.co.jp/articles/454ce284d0959af365c9983894e2ba4fdd9ca389,2/28(水) 20:38
kyodonews,共同通信,山梨県知事「泉代表に失望」　政治資金の不記載巡り反論,https://news.yahoo.co.jp/articles/d52c144f86e75fa32ee09e0d44463b94039e30d7,2/28(水) 20:36
kyodonews,共同通信,北海道警の取り調べ映像を公開　黙秘権侵害訴訟の原告側,https://news.yahoo.co.jp/articles/eac4a19754c8d938e8a5d89c5a836110cbf603de,2/28(水) 20:32
kyodonews,共同通信,なでしこ、北朝鮮下してパリ五輪出場決定,https://news.yahoo.co.jp/articles/276939c4e3661a27f966b49260c571579915c6dc,2/28(水) 20:28
kyodonews,共同通信,ウエルシアとツルハ統合へ　薬大手、売上高2兆円,https://news.yahoo.co.jp/articles/bb1b4449a95b5887b8c21089f978c337bd5fb2ea,2/28(水) 20:27
kyodonews,共同通信,岐阜・岐南町長、辞職願提出へ　セクハラ認定、拒否も一転,https://news.yahoo.co.jp/articles/bb5a188b67b472114548c41a500573864bbfe0e5,2/28(水) 20:24
kyodonews,共同通信,スケボー、四十住ら準々決勝へ　パーク五輪予選、第4戦,https://news.yahoo.co.jp/articles/1b1fc26a1d722c0d98549b1fe4a7a4a39e07eda7,2/28(水) 20:21
kyodonews,共同通信,日大アメフト部、24年度は再加盟申請せず,https://news.yahoo.co.jp/articles/6cbb4567de15cccfcb765ecbc635ce8158c89f03,2/28(水) 20:17
kyodonews,共同通信,万博海外館、10月完成「無理」　複数国が超過予測、工程形骸化,https://news.yahoo.co.jp/articles/dd5441aa3ef7f0a27c8bf9e54c8b30364feb3d6a,2/28(水) 20:16
kyodonews,共同通信,「VARなし」で際どい場面も　サッカー女子の五輪最終予選,https://news.yahoo.co.jp/articles/305c529918a32e273857e01d2db39588ad185a97,2/28(水) 20:06
kyodonews,共同通信,脳の「関門」人工的に再現　小型の箱で組織培養,https://news.yahoo.co.jp/articles/de9efade6d916e7fe922ef853102297a9f133ab6,2/28(水) 19:57
kyodonews,共同通信,夫婦の身分差、憲法に抵触せず　法制局、女性皇籍の保持案で,https://news.yahoo.co.jp/articles/aaea85c3c36c55c392769de71b7743c19a812cce,2/28(水) 19:56
kyodonews,共同通信,債務整理の誇大広告でトラブル　被害救済へ対策会議発足,https://news.yahoo.co.jp/articles/35bb34266608ea39ddd77079535e2d8656b24da2,2/28(水) 19:54
kyodonews,共同通信,根絶決議の取り消し認めず　旧統一教会の関連団体、大阪地裁,https://news.yahoo.co.jp/articles/25325bde7827a5e27fa8784e21f178fa51df8879,2/28(水) 19:38
kyodonews,共同通信,日本版DBS制度案、自民に提示　性犯罪歴を照会、拘禁刑20年,https://news.yahoo.co.jp/articles/5aac6647d14b5d3a0742e3df55642dba77288a39,2/28(水) 19:35
kyodonews,共同通信,サッカー女子、日本が五輪切符　アジア最終予選、北朝鮮下す,https://news.yahoo.co.jp/articles/4b59b80d6629646620820925d10643c333e13a17,2/28(水) 19:31
kyodonews,共同通信,時間かけた話し合いが重要　ドラマ制作でTBS社長,https://news.yahoo.co.jp/articles/01cb662a9c43001ac83566959569bc91d71cb52f,2/28(水) 19:30
kyodonews,共同通信,なでしこ、前半1―0でリード,https://news.yahoo.co.jp/articles/a41b4f0fcf3288b7dd93de881aa8fbe224ac7300,2/28(水) 19:24
kyodonews,共同通信,五輪談合の随意契約分を否認　東急エージェンシー側,https://news.yahoo.co.jp/articles/35c52907a20428d25acb5dc58f77b0f50acb4ece,2/28(水) 19:19
kyodonews,共同通信,首相、29日に政倫審へ初出席　全面公開、二階派の武田氏も,https://news.yahoo.co.jp/articles/5413534e44ec2619b7b878478ee2f0c061bc91f4,2/28(水) 19:16
kyodonews,共同通信,首相、4月に米南部訪問を検討　雇用創出、投資アピール,https://news.yahoo.co.jp/articles/cc923d4440df401ff4873dbf98c0950f8571f2ee,2/28(水) 19:02
kyodonews,共同通信,東芝、純損失1070億円　5月中旬までに収益改善策,https://news.yahoo.co.jp/articles/e91c0af3fc72ad4083e1067bce6a01391a885ca9,2/28(水) 18:57
kyodonews,共同通信,戦闘機輸出、国民の理解必要　自公協議、月内合意は断念,https://news.yahoo.co.jp/articles/7ece152c4d2eaf3f68bd170160bf0b5fafc8e257,2/28(水) 18:54
kyodonews,共同通信,岡口判事の弾劾裁判、3月判決　SNS投稿、改めて謝罪,https://news.yahoo.co.jp/articles/175ce13e7eafdc28c0cfc47f895890a7f9a3c7c9,2/28(水) 18:47
kyodonews,共同通信,3月1日にナワリヌイ氏葬儀と広報担当者,https://news.yahoo.co.jp/articles/98265f53619e4aa96505a6dfa6421ce52f10be0e,2/28(水) 18:47
kyodonews,共同通信,雪崩に巻き込まれ1人死亡　新潟・妙高、バックカントリーで,https://news.yahoo.co.jp/articles/d9bfdafdf5725915c0b5a726c0cf1b0cb2d506a5,2/28(水) 18:41
kyodonews,共同通信,なでしこ、パリ五輪最終予選で北朝鮮と対戦,https://news.yahoo.co.jp/articles/da238b3202896f12fc2d4e9cc9c8f3f7aa81a3ef,2/28(水) 18:39
kyodonews,共同通信,調停申し立て、139人に　旧統一教会問題の集団交渉,https://news.yahoo.co.jp/articles/6a2a42c002fcbb227b7b7a2a557fbec4785e6365,2/28(水) 18:38
kyodonews,共同通信,23年の訪日クルーズ客35万人　ピークの14％、寄港先は最多に,https://news.yahoo.co.jp/articles/f4d118ca31eaca836c88764581318883a00ebc88,2/28(水) 18:35
kyodonews,共同通信,独自制裁、拉致巡る論点に　対北朝鮮、調査中止の過去,https://news.yahoo.co.jp/articles/9aafeece44ab64d2856fad89000df445ebdc3af7,2/28(水) 18:29
kyodonews,共同通信,エネオス、社長に宮田知秀氏昇格　役員の飲酒監視ルールを新設,https://news.yahoo.co.jp/articles/237453b7f34e30798b107b886dc37585d9981419,2/28(水) 18:20
kyodonews,共同通信,米女子ゴルフ、稲見らが最終調整　HSBC世界選手権、29日開幕,https://news.yahoo.co.jp/articles/45c01cd5b9ff69cbf79d69215918e62cfcb9555b,2/28(水) 18:14
kyodonews,共同通信,ニコライ・ルイシコフ氏死去　元ソ連首相,https://news.yahoo.co.jp/articles/46ed6554891a02801650de2f70200782b7f33d71,2/28(水) 18:08
kyodonews,共同通信,女子は島田がSP2位、櫛田3位　フィギュア世界ジュニア開幕,https://news.yahoo.co.jp/articles/1b72f13005393c2f79634c06619027b6e19a39b5,2/28(水) 18:04
kyodonews,共同通信,セクハラ認定の岐南町長、即時の辞職は否定,https://news.yahoo.co.jp/articles/587517a4defa1466118b892c34aeee3ad6fb81cb,2/28(水) 18:00
kyodonews,共同通信,トランプ氏は日米同盟重視　前政権の大統領副補佐官,https://news.yahoo.co.jp/articles/be662ac20cd6592d91f70a497b4b771bd0e6a97c,2/28(水) 17:57
kyodonews,共同通信,東京円、150円台後半,https://news.yahoo.co.jp/articles/61ba77f5399fc03f14eddb87f2b4e8f744212604,2/28(水) 17:55
kyodonews,共同通信,航空交通の新システム紹介　羽田衝突で第3回検討委,https://news.yahoo.co.jp/articles/4f2f201071fe23b392f87ddf5137d7896f92c885,2/28(水) 17:51
kyodonews,共同通信,中国のサイバー攻撃情報が流出　IT企業、警察や軍利用,https://news.yahoo.co.jp/articles/6307837589cded980562324778b71250688d7637,2/28(水) 17:49
kyodonews,共同通信,国税庁が「在日特権」否定　税優遇あるか問われ答弁,https://news.yahoo.co.jp/articles/b7806079c4c062005ed357a4abbe305eb3b2215c,2/28(水) 17:48
kyodonews,共同通信,巨人がキャンプ打ち上げ　阿部監督「最後まで競争して」,https://news.yahoo.co.jp/articles/8e81aef9f588c86ccb8d83c4eed9ba44de63214c,2/28(水) 17:45
kyodonews,共同通信,マンション価格、6千万円に迫る　23年新築、全国平均15％上昇,https://news.yahoo.co.jp/articles/f646d4fab824c8a679af6faea7615bf116fac396,2/28(水) 17:39
kyodonews,共同通信,バスケ、毎年1月ドラフト実施へ　Bリーグの制度改革,https://news.yahoo.co.jp/articles/c2a972d14f15a001f29e284f51627e7e2e7543ea,2/28(水) 17:35
kyodonews,共同通信,石川県も3月「応援割」開始へ　北陸新幹線延伸との相乗効果,https://news.yahoo.co.jp/articles/a28c5143e4c8c0b3cc9cd708523546a4c8a1b6c7,2/28(水) 17:30
kyodonews,共同通信,航空石川が輪島市長表敬　「被災地に元気届けたい」,https://news.yahoo.co.jp/articles/b71c9d0c693fbff50decbde5af2ca8ada7899eca,2/28(水) 17:29
kyodonews,共同通信,楽天、早川が開幕投手　4年目で初の大役,https://news.yahoo.co.jp/articles/fb8509162d7e83604b6af4f0d32449774c99d66b,2/28(水) 17:28
kyodonews,共同通信,セクハラ「起こさない」とエネオス新社長,https://news.yahoo.co.jp/articles/a545031030c0e3beb05f0d77225368c876bfde34,2/28(水) 17:28
kyodonews,共同通信,イオン、ウエルシアとツルハの統合発表,https://news.yahoo.co.jp/articles/3ad35db77394c1f402dd1cc86995ff3d5e71a4e6,2/28(水) 17:27
kyodonews,共同通信,JR東、水素電車の走行試験公開　30年度導入へ「合格点」,https://news.yahoo.co.jp/articles/90ed467d91f075c154d343a32c4a051dc1446426,2/28(水) 17:25
kyodonews,共同通信,バスケBリーグ、26年から1月にドラフト,https://news.yahoo.co.jp/articles/3dd468710888df5a77e8a6125f23e6d3a8f99b9a,2/28(水) 17:24
kyodonews,共同通信,オリーブオイル値上げ　日清オイリオ、5月から,https://news.yahoo.co.jp/articles/1f1fa04d85ed1dea4ebb5bb9664f3da777838460,2/28(水) 17:21
kyodonews,共同通信,飲食店で迷惑行為疑い、不起訴　ラーメン山岡家、拡散動画の男性,https://news.yahoo.co.jp/articles/72cd4c7387ba8bc8b26ab3f381079866f637d152,2/28(水) 17:20
kyodonews,共同通信,PB競争活発、物価高に対抗　イオンは23年度1兆円へ,https://news.yahoo.co.jp/articles/44f74a130db030ad01674ff331ddc9a5ca287388,2/28(水) 17:17
kyodonews,共同通信,ソフトバンク和田が初実戦に先発　西武戦1回3安打1失点,https://news.yahoo.co.jp/articles/8a5de7a7375706ed7cce0db0f2e2b6ca9b5f5587,2/28(水) 17:15
kyodonews,共同通信,戦争体験の証言映像を公開　東京都、90年代に撮影,https://news.yahoo.co.jp/articles/98075fb0ffffd7f51ed0d84a2300518ae5a1ef18,2/28(水) 17:14
kyodonews,共同通信,横田基地砲弾発射、活動家男性の無罪確定へ,https://news.yahoo.co.jp/articles/e51ecef068193dd80746a387315f7f7199599f18,2/28(水) 17:11
kyodonews,共同通信,ナワリヌイ氏の葬儀、3月1日に　当局圧力、弁護士を一時拘束,https://news.yahoo.co.jp/articles/ff5745027524d6c7e5df4bafecaac639c5158ad9,2/28(水) 17:11
kyodonews,共同通信,「人権の考え方が甘い」とエネオス新社長,https://news.yahoo.co.jp/articles/7f17d1c55e7da6fdf9f67c4e13a0ca50855a3bcf,2/28(水) 17:07
kyodonews,共同通信,石川県、断水1万9千戸に　輪島市の一部復旧,https://news.yahoo.co.jp/articles/176745399dda26d329e7e23f86272c4eefc5e776,2/28(水) 17:07
kyodonews,共同通信,ゴルフ山下、3年連続女王へ発進　国内ツアー今季初戦、29日開幕,https://news.yahoo.co.jp/articles/bcfa142124bc037bfec9be13c37b1daa84b470ee,2/28(水) 17:04
kyodonews,共同通信,ユニクロで繰り返し万引か　ベトナム国籍の女3人逮捕、大阪,https://news.yahoo.co.jp/articles/6b93a54516c5dbeb2e4925b3e505784a1b372478,2/28(水) 17:04
kyodonews,共同通信,親子3人の鑑定留置終了　ススキノ男性殺害事件,https://news.yahoo.co.jp/articles/e8f7d89fb6dcfbb779ca0450a3551f518c899b38,2/28(水) 17:03
kyodonews,共同通信,スラムダンク作者らに文科大臣賞　芸術選奨、俳優の佐藤浩市さんも,https://news.yahoo.co.jp/articles/5a59e56f5c1259889f8aefe11f3940201dfd2515,2/28(水) 17:01
kyodonews,共同通信,「鬼滅の刃」海賊版DVD販売で無罪判決,https://news.yahoo.co.jp/articles/6ec3fd95efebaa2c9a67fdb9ea38955d795d2430,2/28(水) 16:58
kyodonews,共同通信,金型の無償保管で下請法違反　群馬の自動車エアコンメーカ―,https://news.yahoo.co.jp/articles/612ea4016ca886fdfbb8169c077b29f846da80ba,2/28(水) 16:56
kyodonews,共同通信,フラット35融資金詐欺疑い　3人再逮捕、新たに2人も,https://news.yahoo.co.jp/articles/1f9dd533554712406d0a8ca5bc81040d4daa1f42,2/28(水) 16:55
kyodonews,共同通信,「海外警察」元幹部女性が秘書　松下新平参院議員側「関係ない」,https://news.yahoo.co.jp/articles/a9ca8336c0d936b68cd424fa7b981e4e3d5f1356,2/28(水) 16:54
kyodonews,共同通信,本玉真唯は1回戦敗退　テニスのサンディエゴ・オープン,https://news.yahoo.co.jp/articles/c71dae9e716f76c84f5bfa6ce05a77c6244c6abc,2/28(水) 16:47
kyodonews,共同通信,師匠代行の下で稽古開始　暴力問題の宮城野部屋,https://news.yahoo.co.jp/articles/82cc87a41d492146de53370db50bddb3a6e13717,2/28(水) 16:43
kyodonews,共同通信,K―POP映像楽しめる巨大画面　大阪万博、韓国館が起工式,https://news.yahoo.co.jp/articles/4e11e82843a7392b48a2cecf6ae29d9173f5f56c,2/28(水) 16:41
kyodonews,共同通信,秋篠宮夫妻、育志賞式典に出席　若手研究者支援,https://news.yahoo.co.jp/articles/2c8a98511e90bbb20f5baa565bf30f74edadb00a,2/28(水) 16:36
kyodonews,共同通信,消防重機の半数超が不使用、能登　道路損壊や「慎重捜索」で,https://news.yahoo.co.jp/articles/2b103cdc259f4bd44daa1083384ba814f88b4e5d,2/28(水) 16:34
kyodonews,共同通信,ナワリヌイ氏の弁護士釈放,https://news.yahoo.co.jp/articles/695e3c55fe48659e5edca2c2b7021407fd87bddf,2/28(水) 16:33
kyodonews,共同通信,ゆうちょ銀行社長に笠間氏　8年ぶり交代、池田氏退任,https://news.yahoo.co.jp/articles/695a8202cd57f73a0530255aa0641f652c19c6c3,2/28(水) 16:31
kyodonews,共同通信,ローイング、荒川龍太が五輪決定　2大会連続シングルスカル代表に,https://news.yahoo.co.jp/articles/4e23a627ef04e7b5570d23abc58080ba0f25b149,2/28(水) 16:26
kyodonews,共同通信,石川県でも3月16日から北陸応援割開始,https://news.yahoo.co.jp/articles/4c9f68d9d766932afc9ac21a3e29544e01c267aa,2/28(水) 16:19
kyodonews,共同通信,SNS投稿判事の弾劾裁判判決は3月27日,https://news.yahoo.co.jp/articles/5d27788ba387868b5a5f68151f5a18580744373b,2/28(水) 16:18
kyodonews,共同通信,乾式貯蔵施設を審査申請　女川原発2号機で東北電力,https://news.yahoo.co.jp/articles/7c1076471aecc6e5ce92c1a37fc30d77267c7370,2/28(水) 16:16
kyodonews,共同通信,スノボ村瀬心椛、貫禄Vで安堵　6年ぶり国内大会「重圧あった」,https://news.yahoo.co.jp/articles/2b10f9d24678a024ec0d2c50fd2d7a8d0eb1ef5a,2/28(水) 16:15
kyodonews,共同通信,アニメ「ヒロアカ」の世界を体験　USJ、8月まで開催,https://news.yahoo.co.jp/articles/1ad0f36b2c00e02cb419968bd5f373dc751dfd71,2/28(水) 16:14
kyodonews,共同通信,ローイング荒川龍太がパリ五輪代表に,https://news.yahoo.co.jp/articles/a39d2e6ffe6b5732d9c5a3a8ad90e87f123ce42f,2/28(水) 16:13
kyodonews,共同通信,教育勅語の使用継続を要望　広島市研修巡り保守系団体,https://news.yahoo.co.jp/articles/ca90f16803392b43477b4e4fe0d45be07b8f770d,2/28(水) 16:12
kyodonews,共同通信,輸入停止直撃、村税27％減　ホタテ産地の北海道・猿払,https://news.yahoo.co.jp/articles/ae6fccbfd01daafaf326b0aca86de48cf683d04a,2/28(水) 16:10
kyodonews,共同通信,防衛省制服組トップが退院　過労、自宅で静養,https://news.yahoo.co.jp/articles/00a478f5d261073c9ceaacb87c5f1c0c126189ed,2/28(水) 16:03
kyodonews,共同通信,古川さん3月8日以降に地球帰還　米フロリダ沖に着水へ,https://news.yahoo.co.jp/articles/9922ad3aeda5e69ce3abae55882cd0275b0d2776,2/28(水) 15:51
kyodonews,共同通信,ガソリン値上がり174円70銭　7週ぶり、原油価格が上昇,https://news.yahoo.co.jp/articles/5c7b6c55d4ee6c3bd06345749d29b7dedc18e6c7,2/28(水) 15:48
kyodonews,共同通信,ゆうちょ銀行社長に笠間氏、8年ぶり交代,https://news.yahoo.co.jp/articles/a08e09d73addbba60666c41d8769484641d93084,2/28(水) 15:17
kyodonews,共同通信,政倫審は全面公開で実施,https://news.yahoo.co.jp/articles/27d85763e276bb18f1c2ad91ec4db870119fdb4c,2/28(水) 15:11
kyodonews,共同通信,29日と3月1日の政倫審開催を決定,https://news.yahoo.co.jp/articles/92ee9934570b75b2c0f55483b57ba5c85db5409a,2/28(水) 15:10
kyodonews,共同通信,東証4日ぶり反落、終値31円安　3万9208円、売りやや優勢,https://news.yahoo.co.jp/articles/72045e0fd64efabede4c8f1e5b2c13cffc8aeca9,2/28(水) 15:10
kyodonews,共同通信,東証終値31円安,https://news.yahoo.co.jp/articles/19b547043bacc41e932e3b0e48f69462e903c617,2/28(水) 15:08
kyodonews,共同通信,シャープ、住宅とEVで電気融通　家庭用のシステムに参入,https://news.yahoo.co.jp/articles/4f9d1567bdd106f7c54bc47c073544f42bf818d1,2/28(水) 15:01
kyodonews,共同通信,新築マンション全国平均価格6千万円に迫る,https://news.yahoo.co.jp/articles/7604b0a85c31b64e62a3801a24e899ab338116f2,2/28(水) 14:56
kyodonews,共同通信,春告魚、日本海白く染め　北海道でニシン「群来」,https://news.yahoo.co.jp/articles/a309ab021a8b2a26bd6dbe014849cdc0fb61b903,2/28(水) 14:55
kyodonews,共同通信,ダイハツ滋賀工場、一部再開　3月18日から3車種を生産,https://news.yahoo.co.jp/articles/4e53e9f0c93cb00b04d50b7680060dbb61337fdb,2/28(水) 14:49
kyodonews,共同通信,ソニー、アイボの「里親」募集　医療・介護の場で“癒やし”に,https://news.yahoo.co.jp/articles/e6880a4f97f9f4867ea511b5b7c7119200b17f1a,2/28(水) 14:37
kyodonews,共同通信,ガソリン174円70銭、7週ぶり値上がり,https://news.yahoo.co.jp/articles/79daff58729e891371cc93798697af7612109cd2,2/28(水) 14:25
kyodonews,共同通信,太陽光発電事業の会社代表ら逮捕　法人税3800万円脱税疑い,https://news.yahoo.co.jp/articles/d082500c11e48b152559f32caa4ceae9ab215740,2/28(水) 14:03
kyodonews,共同通信,川崎の美術品水没、市民団体敗訴　東日本台風で地下に収蔵,https://news.yahoo.co.jp/articles/418104407a752187b0b2b4755bd536bef14f9ff3,2/28(水) 13:48
kyodonews,共同通信,トヨタ、1月の国内販売13％減　ダイハツ認証不正影響,https://news.yahoo.co.jp/articles/7cd92f3c2f44932c2b8944f127f803355655f85d,2/28(水) 13:43
kyodonews,共同通信,元陸自候補生、強盗殺人罪で起訴　特定少年、小銃発射3人死傷,https://news.yahoo.co.jp/articles/b3f5778457da733f3282b298491d7a97d761fabc,2/28(水) 13:36
kyodonews,共同通信,西村前経産相が政倫審全面公開応じる意向,https://news.yahoo.co.jp/articles/e130f520e80979923efeca1261b6f65f89679a6e,2/28(水) 13:27
kyodonews,共同通信,美術品水没、住民側の訴え棄却,https://news.yahoo.co.jp/articles/6d085cdefea469658970ed49b4c2a911fd2750d4,2/28(水) 13:26
kyodonews,共同通信,首相が政倫審開催へ申し出,https://news.yahoo.co.jp/articles/f57576f2f8f8ac991c29b67f7fd0814576af80f3,2/28(水) 13:19
kyodonews,共同通信,エネオス、取締役相互の監督強化,https://news.yahoo.co.jp/articles/4b0d331d5c0f31cfdde1fe2acd376cf32fca5fb8,2/28(水) 13:17
kyodonews,共同通信,岡崎署留置死、元警部を略式起訴　業過致死罪、8人は不起訴,https://news.yahoo.co.jp/articles/bac62353a51bd1a2f5b5be7930968c60b83a1c07,2/28(水) 13:17
kyodonews,共同通信,エネオスHD、宮田副社長の社長昇格発表,https://news.yahoo.co.jp/articles/ca25c737cf5123e967b987a0b049d508a60122f6,2/28(水) 13:12
kyodonews,共同通信,5人の政倫審出席が予算案日程協議の前提,https://news.yahoo.co.jp/articles/2247c6b6c662a29c2e16d930d23294697c0cdbf0,2/28(水) 13:11
kyodonews,共同通信,陸自元候補生起訴、「特定少年」で氏名公表,https://news.yahoo.co.jp/articles/fca53da0deeb121021ed9c1d27e94c6d2767f5aa,2/28(水) 13:07
kyodonews,共同通信,野党4党、政倫審開催に向け協議進展で合意,https://news.yahoo.co.jp/articles/7ce3533666540faff3d777e43aa551e3ef4fc47f,2/28(水) 13:04
kyodonews,共同通信,愛知県警岡崎署の留置死、元警部を略式起訴,https://news.yahoo.co.jp/articles/e22644d99005a52b39c94de9c34532b1cb0fdf84,2/28(水) 12:57
kyodonews,共同通信,元衆院議員、無免許運転事故疑い　武藤貴也容疑者を逮捕、茨城県警,https://news.yahoo.co.jp/articles/e4b3240f9f4e21712e585c8496f3c70469a25e09,2/28(水) 12:55
kyodonews,共同通信,三菱商事、ケンタッキー株売却へ　筆頭株主、保有の35％超全て,https://news.yahoo.co.jp/articles/01d1c1cdd7f7b2344385b6e07588b726a3791576,2/28(水) 12:41
kyodonews,共同通信,政倫審、29日開催に向け与野党大筋合意,https://news.yahoo.co.jp/articles/9d97a5baa05e5cc301bf9911805d68ec9dcdac40,2/28(水) 12:39
kyodonews,共同通信,日産、自動運転サービスを展開　地方都市で生活支援,https://news.yahoo.co.jp/articles/fe55cda4b3a853904cdc1f06ea60fb0864c04dfe,2/28(水) 12:32
kyodonews,共同通信,地検支部、小学生兄弟殺害で控訴　自宅に放火、伯父に懲役30年,https://news.yahoo.co.jp/articles/f0bc41d8ea5fedfabbe7731c4dda505c87c5f72b,2/28(水) 12:24
kyodonews,共同通信,韓国、23年の出生率0.72　8年連続減、世界最低水準,https://news.yahoo.co.jp/articles/f40a43ea41d998bfd0643d83009991a353d9e8ac,2/28(水) 12:19
kyodonews,共同通信,日鉄、USWと秘密保持契約締結　USスチール買収で,https://news.yahoo.co.jp/articles/bba3dc276876a1004dd638d359607aa46317102f,2/28(水) 12:19
kyodonews,共同通信,中国碧桂園の法的整理申請　債権者、香港高裁に,https://news.yahoo.co.jp/articles/4bb08d19d2a6fd4d90f88edc951ac09f028f9c22,2/28(水) 12:05
kyodonews,共同通信,韓国、23年出生率は0.72と発表,https://news.yahoo.co.jp/articles/cac48bff06b8169da07dcd300f19b8593ecc9523,2/28(水) 12:03
kyodonews,共同通信,トヨタ賃上げ回答せず　第2回労使協議,https://news.yahoo.co.jp/articles/ba22b50d95709b700185ddd135a3fe3a4213bceb,2/28(水) 12:01
kyodonews,共同通信,輪島市の集団避難、3月終了検討　新学期に備え、中学生220人,https://news.yahoo.co.jp/articles/6617a2734ee43a57bcd3308b891a497a04cadab1,2/28(水) 12:01
kyodonews,共同通信,五輪陸上コーチに5年間資格停止　ベラルーシ女子選手の亡命問題,https://news.yahoo.co.jp/articles/5dc0d704cda5e748a72665f350dfbd7d5621a2db,2/28(水) 11:54
kyodonews,共同通信,3人殺傷、刃物取りに帰宅と供述　札幌コンビニ、事件前にも来店か,https://news.yahoo.co.jp/articles/e73ca542e0ccaad5ff941a3cd5cfbd77f8b71404,2/28(水) 11:51
kyodonews,共同通信,東証、午前終値は3万9191円　利確で反落、先高観から一時上昇,https://news.yahoo.co.jp/articles/b3882556b7a41c2db1d5a59754e1ad46056aff03,2/28(水) 11:44
kyodonews,共同通信,首相、自ら政倫審出席表明　報道公開で「説明責任」,https://news.yahoo.co.jp/articles/5da8561a00469ee4ce3ef2a2dd404dfc2439b1d7,2/28(水) 11:41
kyodonews,共同通信,東電、4回目の処理水放出を開始　中国反発禁輸続く、福島第1原発,https://news.yahoo.co.jp/articles/fa1dfda884dd7c42702c48e7acf26118caccedcb,2/28(水) 11:36
kyodonews,共同通信,東証、午前終値47円安,https://news.yahoo.co.jp/articles/635d4e83f0cc2e1954692512427b75f778e3a2c9,2/28(水) 11:35
kyodonews,共同通信,ジブリパークに魔女の谷、愛知　開園控え公開、全5区完成,https://news.yahoo.co.jp/articles/e53f6b7729cf76484376747292815d54ba2b5b0e,2/28(水) 11:33
kyodonews,共同通信,「知床遊覧船」元船員に罰金命令　別事故で座礁,https://news.yahoo.co.jp/articles/5dd2f8504865827052ed8abb0b14051727a72267,2/28(水) 11:31
kyodonews,共同通信,東電、4回目の処理水海洋放出を開始,https://news.yahoo.co.jp/articles/a8ee6dcb56b1b44ccd68008a325fb78360bb7692,2/28(水) 11:30
kyodonews,共同通信,首相出席政倫審は29日にも開催と立民幹部,https://news.yahoo.co.jp/articles/69f0b57e46b0ba8c6f268c02c7172eaa5c19b096,2/28(水) 11:29
kyodonews,共同通信,三菱商事がケンタッキー株の売却検討,https://news.yahoo.co.jp/articles/39049493c96922d87e90d5d36bf6d48e1b7899a5,2/28(水) 11:27
kyodonews,共同通信,大阪地検、法律事務所を捜索　詐欺救済うたい非弁行為か,https://news.yahoo.co.jp/articles/972c144e5bc55d61ec25afef3a3589582165815b,2/28(水) 11:26
kyodonews,共同通信,「裁判怖くて」不出廷疑い、群馬　保釈中の男逮捕,https://news.yahoo.co.jp/articles/6390c473f22c8343a562234219ee81bd9514877a,2/28(水) 11:23
kyodonews,共同通信,輪島市からの中学生集団避難、3月終了検討,https://news.yahoo.co.jp/articles/757f40ee0eae0a86e10c9c4120715ae07189edfc,2/28(水) 11:23
kyodonews,共同通信,トヨタ全工場稼働へ　豊田織機、生産再開受け,https://news.yahoo.co.jp/articles/58927fcb6be2b75a41254a468cd8072fbbd039d7,2/28(水) 11:18
kyodonews,共同通信,共和党指名、トランプ氏6戦全勝　米大統領、重要州ミシガン予備選,https://news.yahoo.co.jp/articles/491e6f73a07f75d8f26b4253e3cddf7b8f600fa6,2/28(水) 11:17
kyodonews,共同通信,トランプ氏、ミシガン州で勝利と米メディア,https://news.yahoo.co.jp/articles/a51c5541ceb842880d257a77b900e5cbc4adc96a,2/28(水) 11:04
kyodonews,共同通信,政治不信が深刻化する危機感と首相,https://news.yahoo.co.jp/articles/3cf09322ce4970e80a8d2d2a3675e87e3de20fe6,2/28(水) 11:01
kyodonews,共同通信,岸田首相が政倫審に出席すれば現職で初めて,https://news.yahoo.co.jp/articles/1e9e93cfbcf1f3269d5d2d50d8a9ff7ee62a5648,2/28(水) 10:59
kyodonews,共同通信,ホンダ、充電できるFCV　世界初公開、年内発売へ,https://news.yahoo.co.jp/articles/6ecc54711b7dcad46b43f51841e5415d2f10e8e9,2/28(水) 10:59
kyodonews,共同通信,政倫審で説明責任果たすことを期待と首相,https://news.yahoo.co.jp/articles/09093c8e7e9dc3a56149e17d24d60b9351e37981,2/28(水) 10:58
kyodonews,共同通信,空自、福岡でPAC3の展開訓練　改良型、弾道ミサイル迎撃想定,https://news.yahoo.co.jp/articles/6f0902e4e0f7e10e703966764e769064838d62cc,2/28(水) 10:56
kyodonews,共同通信,首相、報道公開で政倫審出席の意向表明,https://news.yahoo.co.jp/articles/435be2d85b6d9050443b74f8257a822745b2991a,2/28(水) 10:53
kyodonews,共同通信,自民、立民国対委員長が会談,https://news.yahoo.co.jp/articles/d3aa059fca221b139a96656dbe0aafa8fa9085d0,2/28(水) 10:48
kyodonews,共同通信,前橋、初の女性新市長が登庁　市制132年、現職破った小川氏,https://news.yahoo.co.jp/articles/c8fd6d6045bff2e78d8f92fe27cbb7470bf52704,2/28(水) 10:47
kyodonews,共同通信,首相、自らが政倫審に出席へ,https://news.yahoo.co.jp/articles/e335f355e1aae1fe07006b2d3073310827e7518a,2/28(水) 10:44
kyodonews,共同通信,コンビニ殺傷「刃物取りに帰宅」と逮捕の男,https://news.yahoo.co.jp/articles/b022916757e3074efe58b5deb3edfc19611a13f9,2/28(水) 10:40
kyodonews,共同通信,3月4日から米韓軍事演習　11日間、機動訓練拡大へ,https://news.yahoo.co.jp/articles/a08dceb126d22969b84a22a5df322868bc7c1c21,2/28(水) 10:40
kyodonews,共同通信,米韓両軍、3月4日から大規模演習,https://news.yahoo.co.jp/articles/29055d9021a202f20d12d4c8a8bbce3ac94b13c1,2/28(水) 10:38
kyodonews,共同通信,久保建英、延長途中まで出場　スペイン国王杯準決勝,https://news.yahoo.co.jp/articles/94de251c002ddcb340e307f7123be47602ba5b67,2/28(水) 10:30
kyodonews,共同通信,安保理、ガザ巡り米ロ非難の応酬　国連側「50万人が飢餓寸前」,https://news.yahoo.co.jp/articles/be781066fc3e0fdf7ce9ac5d3925f6402e0c702d,2/28(水) 10:28
kyodonews,共同通信,ルートンの橋岡が公式戦デビュー　イングランド協会杯で途中出場,https://news.yahoo.co.jp/articles/0fbba93b7949029e7c8a52e3878b064d5f6b8594,2/28(水) 10:11
kyodonews,共同通信,東京円、150円台半ば,https://news.yahoo.co.jp/articles/70dae7c485ccfe0cf388f32c4b83e3cd19d5c8ac,2/28(水) 10:10
kyodonews,共同通信,米共和党ミシガン州予備選、大半で投票終了,https://news.yahoo.co.jp/articles/0578dda5daf20bf4e2ec18399013fee8d445c452,2/28(水) 10:05
kyodonews,共同通信,地上部隊派遣巡る発言に反発　マクロン氏、結束に陰りも,https://news.yahoo.co.jp/articles/8a9ec87016286cf486b56d5509ac102a17d9d403,2/28(水) 10:01
kyodonews,共同通信,トヨタが2工場2ラインの稼働再開へ,https://news.yahoo.co.jp/articles/0e21c17a2821b38fb13b8a175584cc191e361284,2/28(水) 9:42
kyodonews,共同通信,豊田自動織機が自動車エンジンの生産再開へ,https://news.yahoo.co.jp/articles/d135fd618383e26f4384faa70a6e2bbbd3bbaccd,2/28(水) 9:41
kyodonews,共同通信,大谷の本塁打にファン総立ち　注目浴びる中さっそうと,https://news.yahoo.co.jp/articles/c7391cd19169fd47171f18c8639a140b958ec2ac,2/28(水) 9:31
kyodonews,共同通信,東証38円安　午前9時15分現在,https://news.yahoo.co.jp/articles/01be3c08f00450d6ef58bd3bed2e080773e4917f,2/28(水) 9:22
kyodonews,共同通信,東京株式　28日終値,https://news.yahoo.co.jp/articles/1e67fb657bbd0e6edc853adf9b514ab69668d2a0,2/28(水) 9:16
kyodonews,共同通信,日本、パレスチナに教育支援　遠隔授業に5億円供与,https://news.yahoo.co.jp/articles/b1589649ea94fb56ec0c34b48c15039e398fb823,2/28(水) 8:57
kyodonews,共同通信,ナスダック　27日終値,https://news.yahoo.co.jp/articles/a5812deee3587375282ca2a049adea1c42439805,2/28(水) 8:50
kyodonews,共同通信,2段階移住、ゲームで体験してみよう　高知市「住む地域決める流れ、気軽に」,https://news.yahoo.co.jp/articles/2a4ec6afac506ea3f4da293fca27826a5e078240,2/28(水) 8:00
kyodonews,共同通信,ガザ早期休戦に慎重　イスラエルとハマス,https://news.yahoo.co.jp/articles/84f58ae08ddbebd9514dce5b42cf15f82df2f0fe,2/28(水) 7:49
kyodonews,共同通信,NY円、150円44～54銭,https://news.yahoo.co.jp/articles/86dcb345674f21152eeaf339853df0d1f152c083,2/28(水) 7:41
kyodonews,共同通信,前田らが敗者復活3回戦へ　五輪予選のサーフィンWG,https://news.yahoo.co.jp/articles/d9c8ec91ed7607cbf5618914c0ddae44a3a668e0,2/28(水) 7:39
kyodonews,共同通信,ダルは2回2安打無失点　大谷2ラン、3打数1安打2打点,https://news.yahoo.co.jp/articles/ddf90e8ea752bb87cd771e44425bfed20871b7f4,2/28(水) 7:38
kyodonews,共同通信,NY株続落、96ドル安　利益確定売りが優勢,https://news.yahoo.co.jp/articles/61537e8118e4e1235504b71adbbeb88c67c27a28,2/28(水) 7:04
kyodonews,共同通信,29日の天気（西日本）,https://news.yahoo.co.jp/articles/c127a677ec9b5da0600b323674317d309bca0321,2/28(水) 7:00
kyodonews,共同通信,29日の天気（東日本）,https://news.yahoo.co.jp/articles/ea4ca5e6c6dc6e3a28f65c1bd29bdb6e6ca3bb29,2/28(水) 7:00
kyodonews,共同通信,復興の決意照らす灯　地震で全壊、83歳書店主,https://news.yahoo.co.jp/articles/afc48028951105075bb1c90dc37a756f84d333a9,2/28(水) 6:46
kyodonews,共同通信,NY株式　　27日終値,https://news.yahoo.co.jp/articles/669868934c4dc23971b9521914038d32eae09cc6,2/28(水) 6:40
kyodonews,共同通信,大谷、オープン戦初出場で本塁打,https://news.yahoo.co.jp/articles/46930d8d788b29fab3c5e06900aaa3a3f611ccf7,2/28(水) 6:34
kyodonews,共同通信,アップルEV開発打ち切り　米報道、AIに人材移管,https://news.yahoo.co.jp/articles/af8d756d2c645f42ff46240b0b931bf93caaa14e,2/28(水) 6:28
kyodonews,共同通信,NY株続落、96ドル安,https://news.yahoo.co.jp/articles/5e2e1ca0970d1cd3b8d5d648340104f60f52fee1,2/28(水) 6:26
kyodonews,共同通信,ナワリヌイ氏弁護士拘束　告別式計画、当局が圧力,https://news.yahoo.co.jp/articles/3c0231fddbfc4ea4cdbb30895356da2c475cc928,2/28(水) 6:12
kyodonews,共同通信,G20、対立点の言及回避か　声明草案、採択を優先,https://news.yahoo.co.jp/articles/a3af597c404f0f9228732d10b17136bba7c3f82c,2/28(水) 6:07
kyodonews,共同通信,漁業補助金隔たり埋まらず　WTO閣僚会議、協議継続,https://news.yahoo.co.jp/articles/f25db25f46ee0251216d60b938bd26cece004907,2/28(水) 6:02
kyodonews,共同通信,植物由来「ステーキ」だめ　仏、誤解懸念で政令,https://news.yahoo.co.jp/articles/dff036637c5f8f554c740e180748853a11e94cc5,2/28(水) 5:59
kyodonews,共同通信,元ドイツ赤軍派の女を逮捕　逃亡30年超、殺人未遂容疑,https://news.yahoo.co.jp/articles/1654572e4068b960dfc18d08b0948e26da7d300b,2/28(水) 5:27
kyodonews,共同通信,ドジャース大谷「第1号」　オープン戦初出場で2ラン,https://news.yahoo.co.jp/articles/d38c98321da469fd623d1a862ddc8ba2b2f99f71,2/28(水) 5:21
kyodonews,共同通信,大谷、オープン戦初打席は見逃し三振,https://news.yahoo.co.jp/articles/69c1714d3dcedf809a1a230a0bad1c127ad24966,2/28(水) 5:19
kyodonews,共同通信,岡田監督、充実キャンプ　野手“MVP”に前川,https://news.yahoo.co.jp/articles/e2f05b59aa501fc53b52c659da2caf471264827a,2/28(水) 5:00
kyodonews,共同通信,為替相場　　29日（日本時間　2時）,https://news.yahoo.co.jp/articles/151a6509415f1d95582e74bf915fd718538bbcab,2/28(水) 3:00
kyodonews,共同通信,自民「派閥復活させず」　24年運動方針、原案判明,https://news.yahoo.co.jp/articles/dca24eb0db68bbb1ddda789d58721b102f64f4ee,2/28(水) 2:00
kyodonews,共同通信,大賞は藤田俊太郎さん　第31回読売演劇大賞,https://news.yahoo.co.jp/articles/5dae766984040575641a386669355a9e0cba87d7,2/28(水) 0:58
kyodonews,共同通信,NY株、続落,https://news.yahoo.co.jp/articles/53440fcaa3633e12e6070621853f664acac79516,2/28(水) 0:16
kyodonews,共同通信,三笘、腰痛で今季絶望か　復帰に2～3カ月の見通し,https://news.yahoo.co.jp/articles/c5cd7174ecae6f6fada5e306a7cea0373e7cc921,2/28(水) 0:04
kyodonews,共同通信,サッカー三笘、今季絶望か,https://news.yahoo.co.jp/articles/38ca69cc572943bf93dbdaa2b3c9f0c59b752a91,2/28(水) 0:03
kyodonews,共同通信,日独などは「便利なばか」　ロシア外務省局長、G7声明で,https://news.yahoo.co.jp/articles/388889e5326faa449b064fa191b0ead1d2b7239e,2/27(火) 23:58
kyodonews,共同通信,ソニーゲーム子会社900人削減　日本は希望退職者募集,https://news.yahoo.co.jp/articles/0b4769d8b2a18c3895d71d793985a06c2a9aae05,2/27(火) 23:46
kyodonews,共同通信,都筑、敗者復活3回戦へ　五輪予選のサーフィンWG,https://news.yahoo.co.jp/articles/a0e243e3239831f42c6943fe0ccb79e2f38bf227,2/27(火) 23:18
kyodonews,共同通信,ゼレンスキー大統領、サウジ訪問　自身提唱の和平案協議,https://news.yahoo.co.jp/articles/12bd1fb5ba228d0644fa01b20edfc3cd0e16ce67,2/27(火) 23:06
kyodonews,共同通信,ウクライナ大統領、サウジ訪問,https://news.yahoo.co.jp/articles/acf23237c3a439d3dfd339b082b785070808eb15,2/27(火) 23:05
kyodonews,共同通信,NY円、150円台前半,https://news.yahoo.co.jp/articles/ccd2b1ec0ba295186a51c1ccc79a5e30fb6e875e,2/27(火) 22:53
kyodonews,共同通信,NY円、150円21～31銭,https://news.yahoo.co.jp/articles/71e2ff451a3840f7c1a2fdc351221d7dc1b4cfdd,2/27(火) 22:45
kyodonews,共同通信,英皇太子が式典ドタキャン　「個人的な事情」,https://news.yahoo.co.jp/articles/9ba08781586c8e574823d7e2b56389c679a1e831,2/27(火) 22:09
kyodonews,共同通信,商業施設で男性刺されけが　石川・小松、傷害疑い捜査,https://news.yahoo.co.jp/articles/1c2d6cc796fff39ea5dae1218ec6358304a148af,2/27(火) 21:59
kyodonews,共同通信,衆院政倫審、28日の開催見送り　与野党、公開巡り対立,https://news.yahoo.co.jp/articles/081f1967adf81b2e3c6717411d93b23aff140efa,2/27(火) 21:48
kyodonews,共同通信,ロシア凍結資産の活用は「緊急」　米財務長官、下院は支援を,https://news.yahoo.co.jp/articles/2189e7da873660dc0d3e3b4cdb5aa02ae4a4f236,2/27(火) 21:37
kyodonews,共同通信,島田、日本勢初の連覇挑む　フィギュア世界Jr．28日開幕,https://news.yahoo.co.jp/articles/ca03c2c5900b62a9e33fa3e30f2ba8e19cd5c138,2/27(火) 21:35
kyodonews,共同通信,石川・小松の商業施設で男性刺されけが,https://news.yahoo.co.jp/articles/b4054d3c427f557b2257f26d8bb6f059514c42a0,2/27(火) 21:34
kyodonews,共同通信,第三国輸出、与党月内合意を断念　次期戦闘機、公明が慎重,https://news.yahoo.co.jp/articles/d8783c82e25eb364cc6a43c5005ae5cdd630ad3f,2/27(火) 21:27
kyodonews,共同通信,「満タン」で火勢強めたか　パチンコ駐車場火災、直前に給油,https://news.yahoo.co.jp/articles/09bb2e85d50b92af1a6383f5d4a06bb59867ed5f,2/27(火) 21:19
kyodonews,共同通信,駐車場火災、満タン近い燃料が火勢強めたか,https://news.yahoo.co.jp/articles/93cab2902b849e6bce2d23fb4632a2f4af99dadd,2/27(火) 20:48
kyodonews,共同通信,高級腕時計シェアで被害届　横領疑い、愛知県警に,https://news.yahoo.co.jp/articles/e940d974ba616e7253ab5607b0c4514b9442b6d1,2/27(火) 20:10
kyodonews,共同通信,高級腕時計シェアサービス問題で被害届,https://news.yahoo.co.jp/articles/c75191c5b1c728b19708b80520287274305411a7,2/27(火) 20:02
kyodonews,共同通信,ラピダス、AI向け生産受託　半導体、供給先拡大に期待,https://news.yahoo.co.jp/articles/e45de4ca098fd9dbdbc6c5e39375f4b963d7b843,2/27(火) 19:55
kyodonews,共同通信,韓国サッカー暫定監督に黄善洪氏　U―23とフル代表兼任に,https://news.yahoo.co.jp/articles/9d6296b976f0f0c5cb0aa5d8eb689d6fdb384e0f,2/27(火) 19:50
kyodonews,共同通信,能登町沖のベニズワイガニ大幅減　富山湾の海底地滑り影響か,https://news.yahoo.co.jp/articles/f62b91dcb0f1cf1f6339ecf91a5661b0126a1acc,2/27(火) 19:43
kyodonews,共同通信,ロンゲラップ環礁帰島計画が頓挫　住宅群建設も核汚染懸念は根強く,https://news.yahoo.co.jp/articles/283cb7bfe037c5b4cf83acc7153dd239f82c3103,2/27(火) 19:30
kyodonews,共同通信,ロンゲラップ環礁帰島計画が頓挫　住宅群建設も核汚染懸念は根強く,https://news.yahoo.co.jp/articles/283cb7bfe037c5b4cf83acc7153dd239f82c3103,2/27(火) 19:30
kyodonews,共同通信,宝塚歌劇団と遺族、合意至らず　パワハラの訴え、半数認める,https://news.yahoo.co.jp/articles/88f0ce0a9997d8ba0b9dd4707ed16cac48486ea0,2/27(火) 19:28
kyodonews,共同通信,機密保護、経済安保に拡大　政府、資格創設へ新法案提出,https://news.yahoo.co.jp/articles/fbfc1d70fb62c913fd2e146068531d8987bfa9ac,2/27(火) 19:25
kyodonews,共同通信,カッター突き付け胸触ったか　男逮捕、ランニング女性に,https://news.yahoo.co.jp/articles/ab42f04727ca557defbc1ee698821ffe49a71d92,2/27(火) 19:20
kyodonews,共同通信,仲本工事さん妻が新潮社など提訴　「週刊誌報道で名誉毀損された」,https://news.yahoo.co.jp/articles/40950d2dff6aa819c159f3211dcd61dfbf8bf51e,2/27(火) 19:17
kyodonews,共同通信,ワンボックス車転落、けが6人に　うち重傷は2人、青森,https://news.yahoo.co.jp/articles/8094f2a34b156d40a4013f7eb7c60e31ad878ecb,2/27(火) 19:16
kyodonews,共同通信,ネット通販の翌日配送エリア拡大　全日空、旅客機空きスペース活用,https://news.yahoo.co.jp/articles/ecc97d62280ffa0f46a207bb85ced9f319ae4485,2/27(火) 19:13
kyodonews,共同通信,看板設置で条例違反数十件　歌舞伎町のホストクラブ,https://news.yahoo.co.jp/articles/dfdd9a3ca892fef0f638443cc03999a9586dfc08,2/27(火) 19:05
kyodonews,共同通信,息子2人育てる障害のある夫婦「どう思われるか不安」保育園の保護者には障害打ち明けられず #令和の子 #令和の親,https://news.yahoo.co.jp/articles/240d2788c9b33296b013fc8bf90cd6cf90d161c5,2/27(火) 19:04
kyodonews,共同通信,「しまじろう」と会話しよう　ベネッセ、幼児向けAI,https://news.yahoo.co.jp/articles/20c0b5eeed96d49a4faf3c048101d7cfca9a28e7,2/27(火) 19:03
kyodonews,共同通信,航空石川主将、出身の福井で激励　センバツ出場を前に「感謝」,https://news.yahoo.co.jp/articles/238f9f9aeacf7d1e270300e5ed7970e0bc754711,2/27(火) 19:00
kyodonews,共同通信,寺越友枝さん死去　北朝鮮の息子の帰国願う,https://news.yahoo.co.jp/articles/2dd7cb84da6fd9123b60fcbbd38503781033a4ea,2/27(火) 18:58
kyodonews,共同通信,なでしこ、28日北朝鮮戦　池田監督「心動かす熱い試合を」,https://news.yahoo.co.jp/articles/5c7df303981df5cf12cf19e669d9a4fd5f9695ba,2/27(火) 18:54
kyodonews,共同通信,北朝鮮、五輪へ強い意欲　「パリで能力発揮したい」,https://news.yahoo.co.jp/articles/58a7490980c3873465d8cc68d10201aee43a4d8f,2/27(火) 18:51
kyodonews,共同通信,山梨知事への裏金質問封じを否定　県側「規制は到底あり得ない」,https://news.yahoo.co.jp/articles/f13a008e9c6bf570d57c40940cb1997ca906e48d,2/27(火) 18:49
kyodonews,共同通信,新しい資本主義計画の改定に着手　政府、賃上げ持続目指す,https://news.yahoo.co.jp/articles/faba1f850d4445c79fc47968924c93dc3592621a,2/27(火) 18:39
kyodonews,共同通信,師匠代行に玉垣親方　暴力問題の宮城野部屋に合流,https://news.yahoo.co.jp/articles/174c25ec02467ac68f55252e7b0252d3956bd341,2/27(火) 18:38
kyodonews,共同通信,北朝鮮の軍事偵察衛星、機能せず　韓国分析「偵察も通信もない」,https://news.yahoo.co.jp/articles/4c1b9ac51ff1dcc90099accca40e34edaf3e230c,2/27(火) 18:34
kyodonews,共同通信,大分ホーバークラフトが訓練再開　昨年11月に衝突事故起こし中断,https://news.yahoo.co.jp/articles/0cd18d2c2fd3060740d0df5f2fd6eb4ea9bfe3b2,2/27(火) 18:26
kyodonews,共同通信,セブン、大型コンビニ開店　面積商品2倍、生鮮食品も,https://news.yahoo.co.jp/articles/d7a362494187d9ae9f0e45c863a82f9779f206cb,2/27(火) 18:24
kyodonews,共同通信,おむすび日本一、福島小2男児に　「リンゴおむす美」が大賞,https://news.yahoo.co.jp/articles/6372f3768a92b6b2e9058de8ac943215f01543a8,2/27(火) 18:17
kyodonews,共同通信,東京円、150円台前半,https://news.yahoo.co.jp/articles/503ae8e55bae6865018c1c46e2442d9585e2adff,2/27(火) 18:07
kyodonews,共同通信,「死ねばいいのに」に担任が花丸　小学生いじめ、学校側対応に提訴,https://news.yahoo.co.jp/articles/be15d7ae3f77604662037676d36cdf8f18cfada4,2/27(火) 18:06
kyodonews,共同通信,被災漁船の引き揚げ開始　珠洲・飯田港、航路確保で,https://news.yahoo.co.jp/articles/00665d181eec75dfdf5042310fe01f60d7cd97f3,2/27(火) 18:05
kyodonews,共同通信,新基準の低反発バット工場公開　高野連、センバツから完全移行,https://news.yahoo.co.jp/articles/9d226261df973fe0d888458f87c7c894187becd5,2/27(火) 17:54
kyodonews,共同通信,珠洲焼の窯、全20カ所被災　「幻の古陶」再開目指す,https://news.yahoo.co.jp/articles/f4050ace521fa17b6d1d1d3c4ac54a75abad410e,2/27(火) 17:54
kyodonews,共同通信,参院政倫審、初開催で趣旨説明　野党が32人の審査要求,https://news.yahoo.co.jp/articles/234e64ea6a6b7cbb31bf912280f5acd1745af4bc,2/27(火) 17:53
kyodonews,共同通信,東名4人死亡多重事故、書類送検　運転手、80キロ超で追突か,https://news.yahoo.co.jp/articles/af7828d5eb3f70e2ff9491de37ed4d649d806f5f,2/27(火) 17:52
kyodonews,共同通信,ひな人形3千体、町民に見立てて　鳥取・日野、大谷グラブ持つ姿も,https://news.yahoo.co.jp/articles/8e48ad034bd6e5e5c522ae962b310c3f6d07f744,2/27(火) 17:51
kyodonews,共同通信,献体遺骨の放置で賠償命令　兵庫医科大に150万円,https://news.yahoo.co.jp/articles/962855146c41522afed19e5fade2f8103c626eac,2/27(火) 17:46
kyodonews,共同通信,階下男性殺害疑いで男逮捕、滋賀　生活音トラブルとの関連捜査,https://news.yahoo.co.jp/articles/cf4cdd872efe1d51d82dcb3bf434f4e4fac7be59,2/27(火) 17:41
kyodonews,共同通信,北朝鮮で生存判明の寺越武志さんの母死去,https://news.yahoo.co.jp/articles/873c5ba1542d3c9ab820e5c231ee2857a021da1e,2/27(火) 17:37
kyodonews,共同通信,宮城野部屋の師匠代行に玉垣親方,https://news.yahoo.co.jp/articles/5ba104e97be5c3da2c764e57bdb921a9f9e9a127,2/27(火) 17:35
kyodonews,共同通信,あす28日の政倫審開催「見送り」へ,https://news.yahoo.co.jp/articles/dbc81f3bcc44e787c9d30d4ac5c589381641a86e,2/27(火) 17:25
kyodonews,共同通信,損壊逃れた輪島塗、奈良に集結　百貨店が売り場提供,https://news.yahoo.co.jp/articles/208de97b8a689fba9a8d492cae3c9758ca64c8be,2/27(火) 17:16
kyodonews,共同通信,タイで東南アジア最大級の演習　米軍に日韓も、30カ国参加,https://news.yahoo.co.jp/articles/b41379693e642bf571227408cc3b4c4469e05581,2/27(火) 17:14
kyodonews,共同通信,岩井千怜「スイング安定性いい」　女子ゴルフ初戦、29日沖縄で,https://news.yahoo.co.jp/articles/dee7f15f0de06e50b3a907a935717df6c4a01f60,2/27(火) 17:11
kyodonews,共同通信,ボクシング西田凌佑5月に世界戦　バンタム級王者ロドリゲスと,https://news.yahoo.co.jp/articles/e0a208bb66011a818227fb561db9a7181771cb52,2/27(火) 17:09
kyodonews,共同通信,強盗殺人疑いで男女2人再逮捕　殺害後、琵琶湖に遺棄か,https://news.yahoo.co.jp/articles/e7c6cda5792488805cda34b373454be521c809fd,2/27(火) 17:08
kyodonews,共同通信,大阪入りの新大関琴ノ若が初稽古　「結果は自分で引き寄せるもの」,https://news.yahoo.co.jp/articles/dd1aad5ebce9efbe1c952502ee15954180c4c71c,2/27(火) 17:06
kyodonews,共同通信,亡命の周庭氏、動画投稿　刑務所生活語る、日本語字幕も,https://news.yahoo.co.jp/articles/702da752a21f52fe6d5cd93b62652df7bf293ed0,2/27(火) 17:04
kyodonews,共同通信,「わたしは死ねばいい」に担任が花丸、提訴,https://news.yahoo.co.jp/articles/4dde9efe2453c77c067df0577f054b1f0a338760,2/27(火) 17:04
kyodonews,共同通信,広告費、2年連続の過去最高更新　コロナ5類移行でイベント増,https://news.yahoo.co.jp/articles/d8cc78a0b9115538f8656a5cfc6f49826b80793f,2/27(火) 17:03
kyodonews,共同通信,維新高橋氏、クルド人危険視発言　国会質疑で「一斉取り締まりを」,https://news.yahoo.co.jp/articles/64a5b169b44c17e31175571f05005ee5fd25544a,2/27(火) 17:00
kyodonews,共同通信,芝野が井山に先勝　囲碁の十段戦第1局,https://news.yahoo.co.jp/articles/4baf0978f373f3de96d5ffa5ae8f60310a6af802,2/27(火) 16:57
kyodonews,共同通信,3機種の出荷停止指示を解除　豊田織機認証不正で国交省,https://news.yahoo.co.jp/articles/ef23fc46daed599905e7b13bd203939561bd8ca6,2/27(火) 16:46
kyodonews,共同通信,政倫審のテレビ中継「認められない」と自民,https://news.yahoo.co.jp/articles/c96e071c1dd8a30f44910071f3946e997bead371,2/27(火) 16:45
kyodonews,共同通信,死亡海保隊員5人の公葬開催へ　羽田衝突事故で3管本部,https://news.yahoo.co.jp/articles/95d6bff77271c61ba14a34ffb25688390307301e,2/27(火) 16:44
kyodonews,共同通信,日本と安保協定「交渉中」　駐日ウクライナ大使,https://news.yahoo.co.jp/articles/956dc2883fcb3ebc07c902bd1d9656c3e8885355,2/27(火) 16:40
kyodonews,共同通信,自民が西村、武田両氏の28日出席意向伝達,https://news.yahoo.co.jp/articles/aba65296c85feccbce1b24b493dc3d931f7d10bb,2/27(火) 16:34
kyodonews,共同通信,とんがりコーン6月から値上げ　ハウス食品、10～20％,https://news.yahoo.co.jp/articles/e482fa21685bc9d53d8fb7035ba23c499231056e,2/27(火) 16:31
kyodonews,共同通信,「自宅の刃物、複数持ち込んだ」　札幌のコンビニ3人殺傷容疑の男,https://news.yahoo.co.jp/articles/47e110d78fd196083e8e8eb15ef20a83176d6eba,2/27(火) 16:24
kyodonews,共同通信,森、パリ五輪出場枠獲得に安堵　トランポリン女子のエース,https://news.yahoo.co.jp/articles/c01c9820c9393a6541421373c660c52f177061f0,2/27(火) 16:18
kyodonews,共同通信,琵琶湖の遺体、強盗殺人疑い男女2人再逮捕,https://news.yahoo.co.jp/articles/505d07bc61ed272207e29368404be48a17cebf0a,2/27(火) 16:17
kyodonews,共同通信,西岡良仁、逆転勝ちで2回戦へ　メキシコ・オープンテニス,https://news.yahoo.co.jp/articles/fb978c73146ccb8fdd7a5d0d04d453433a3d2f4b,2/27(火) 16:17
kyodonews,共同通信,馬場咲希がサントリー所属契約　女子ゴルフ、米下部ツアー参戦,https://news.yahoo.co.jp/articles/086e965e545c584de91894bc8ee9d3ebee50e74c,2/27(火) 16:13
kyodonews,共同通信,平和記念式典の厳粛な開催求める　広島市議会が請願採択,https://news.yahoo.co.jp/articles/172223f58797d0e8c1e041cc4e3065a64ce3c5df,2/27(火) 16:08
kyodonews,共同通信,ハッカー集団ロックビットが再開　米政府に「報復」表明,https://news.yahoo.co.jp/articles/20edf33b6afe2b782622a328b33f222ee9878484,2/27(火) 16:00
kyodonews,共同通信,トランプ氏、完勝目指す　第6戦ミシガン州予備選,https://news.yahoo.co.jp/articles/cdf5867f9fa42db21f05a2bf2b6f530e760d76a8,2/27(火) 15:46
kyodonews,共同通信,「自然共生サイト」63件追加　30都道府県、環境省,https://news.yahoo.co.jp/articles/595096f4e93098f56f6cb6bb57f9117e70422283,2/27(火) 15:43
kyodonews,共同通信,「自宅から複数の刃物持ち込んだ」と男,https://news.yahoo.co.jp/articles/b15a635873315edbde2fd65474e7c54653abd6ed,2/27(火) 15:37
kyodonews,共同通信,児童の水筒に塩素系液体混入か　東京・杉並区立小、健康被害なし,https://news.yahoo.co.jp/articles/125bc7078d5d0a4f2686d04fb96d3a84a69a64d9,2/27(火) 15:36
kyodonews,共同通信,2023年出生数、最少75万人　人口減り幅も過去最大、厚労省,https://news.yahoo.co.jp/articles/5c8cf6a517a7a4b0f43c374069832f80381c2f64,2/27(火) 15:31
kyodonews,共同通信,23年出生数、過去最少の75万人,https://news.yahoo.co.jp/articles/83514bf04570141ed934c5150eb2a4614250ca48,2/27(火) 15:29
kyodonews,共同通信,羽田事故の死亡海保隊員の3管本部葬開催へ,https://news.yahoo.co.jp/articles/e9f1a3e4006ddd6e7468c4419ca26502f976f366,2/27(火) 15:26
kyodonews,共同通信,中国、国家秘密法の改正案可決　全人代、外相人事に関心,https://news.yahoo.co.jp/articles/450a2eda54b9d08da1fe3e7fe48cc38c8ad87041,2/27(火) 15:24
kyodonews,共同通信,東証3日連続で史上最高値　一時3万9400円台も,https://news.yahoo.co.jp/articles/b5a319b5ee96c869159789e6f3c2dfa78735bd75,2/27(火) 15:20
kyodonews,共同通信,東証5円高、史上最高値を3日連続で更新,https://news.yahoo.co.jp/articles/d20796aeab8f88d26a41525940ee5ca9d3dd5bad,2/27(火) 15:09
kyodonews,共同通信,広島・新井監督「いい競争」　キャンプ打ち上げ、若手に満足げ,https://news.yahoo.co.jp/articles/c92bd00bbb11403a1e37ab31a2eb9b646a97ae94,2/27(火) 14:49
kyodonews,共同通信,大阪のクジラ処分費1500万円　堺の府有地へ埋設、2年後標本に,https://news.yahoo.co.jp/articles/5a07bdf3868a7fa3e07623b9ed7d702033680e4c,2/27(火) 14:39
kyodonews,共同通信,ムスリム好物1位「ラーメン」　幅広い日本食に挑戦意欲,https://news.yahoo.co.jp/articles/60519a065873758c9e04e5149410dbf444af492f,2/27(火) 14:34
kyodonews,共同通信,知的障害女性にわいせつ疑い　大阪のグループホーム代表逮捕,https://news.yahoo.co.jp/articles/5c1c7d6bb88a9d4772f14c24e9ef3e70013af176,2/27(火) 14:29
kyodonews,共同通信,性自認と戸籍が一致　臼井さん「すっきりした」,https://news.yahoo.co.jp/articles/4e9face1c35d5e023e94936eb153e8d1cb245b92,2/27(火) 14:20
kyodonews,共同通信,中国、国家秘密保護法の改正案可決,https://news.yahoo.co.jp/articles/1ea28c5170e36083be1309dc4441b67d9aca22cd,2/27(火) 14:18
kyodonews,共同通信,西武が整形外科を4月開院　帝京大などと協力,https://news.yahoo.co.jp/articles/a0090fd27bbc7d3d6717270351f0cb780f5dc60a,2/27(火) 14:15
kyodonews,共同通信,障害者ホーム入居者にわいせつ疑い、男逮捕,https://news.yahoo.co.jp/articles/77b10e25e820b1e4b14f5048b4dcc4487798c4ac,2/27(火) 14:02
kyodonews,共同通信,岡山の臼井さんが性別変更した戸籍謄本取得,https://news.yahoo.co.jp/articles/aad1bfd9542a29f98767accb26df902eae2a0e28,2/27(火) 13:52
kyodonews,共同通信,東名あおり運転、被告が即日上告　4人死傷、懲役18年判決に不服,https://news.yahoo.co.jp/articles/24b30e0c8d927882ab53b8d75ecb30df5529f1b6,2/27(火) 13:49
kyodonews,共同通信,関電、福井の乾式貯蔵「合理的」　県専門委、安全性審議で総括,https://news.yahoo.co.jp/articles/e339a18e289f9e51c143c8f34fb2943927778961,2/27(火) 13:39
kyodonews,共同通信,ソフトバンクが被災地全域復旧　能登地震、携帯大手4社で初,https://news.yahoo.co.jp/articles/f3faf92b6608d08ab72024961097ca580df722a2,2/27(火) 13:33
kyodonews,共同通信,あおり運転で懲役18年の石橋被告が上告,https://news.yahoo.co.jp/articles/27ce4fb96aa1ce2aa83eedab2e464482ca0ee137,2/27(火) 13:18
kyodonews,共同通信,ソフトバンク、能登地震の被災地全域で復旧,https://news.yahoo.co.jp/articles/f7610bf03d7cdf9d674e8591c7359cf9d75e9649,2/27(火) 13:10
kyodonews,共同通信,NBA渡辺、途中出場で2得点　グリズリーズは2連敗,https://news.yahoo.co.jp/articles/497052d71159414b0c2ff9b67f1a1f6fac219271,2/27(火) 12:54
kyodonews,共同通信,桐島聡容疑者を書類送検,https://news.yahoo.co.jp/articles/7083526bd7f1062b2988d6704edfc308ddd390ee,2/27(火) 12:30
kyodonews,共同通信,覚醒剤販売疑い、組幹部を逮捕　81歳母も、かわいい息子のため,https://news.yahoo.co.jp/articles/4e55b5f225931845f5bad040794ce16bc8763459,2/27(火) 12:18
kyodonews,共同通信,青森で車転落、子ども2人骨折　9人乗り、崖下3mに,https://news.yahoo.co.jp/articles/3199437bc033bf300ed4ef87c6fe2455670fe599,2/27(火) 12:16
kyodonews,共同通信,自民、「議員のみ傍聴」を再提示　政倫審、野党側は全面公開要求,https://news.yahoo.co.jp/articles/11ef48740def90eaabafeb2c6fedc3ed793c9bed,2/27(火) 12:02
kyodonews,共同通信,北海道警、警官2人を書類送検　不同意わいせつ、痴漢疑い,https://news.yahoo.co.jp/articles/bb268be96c40d29fbbe86d3e825b9c91383e5801,2/27(火) 11:59
kyodonews,共同通信,青森で児童ら9人乗り車転落、全員意識あり,https://news.yahoo.co.jp/articles/86393114f9ec78721b324a061eff13f1255ddce3,2/27(火) 11:52
kyodonews,共同通信,TDS、新エリアの模型公開　「アナ雪」など表現、6月開業,https://news.yahoo.co.jp/articles/2e5c4b07a095c378c0c2132636eb382d2e1e61d7,2/27(火) 11:46
kyodonews,共同通信,東証、午前終値59円安,https://news.yahoo.co.jp/articles/ed21df31a2441c20c467a1e577b847e33b4e7556,2/27(火) 11:35
kyodonews,共同通信,北海道警警察官2人を書類送検,https://news.yahoo.co.jp/articles/dc5c60a04b1dcbdda0af26de7fd661cecf9093d6,2/27(火) 11:31
kyodonews,共同通信,政倫審出席予定5人の一部に全面公開容認論,https://news.yahoo.co.jp/articles/60f30cd829492f28304c00227358beb71db11633,2/27(火) 11:27
kyodonews,共同通信,女川原発に乾式貯蔵施設,https://news.yahoo.co.jp/articles/24454b8b02ffaae33e497f1ea9c217b4ed6188a0,2/27(火) 11:24
kyodonews,共同通信,バイデン大統領、ガザ休戦に期待　ハマス合意せずとの報道も,https://news.yahoo.co.jp/articles/4f811169abb69d5a6e1c890016fed9aca63355b6,2/27(火) 11:23
kyodonews,共同通信,自治体のサイバー対策を強化　総務省、基本方針策定を義務付け,https://news.yahoo.co.jp/articles/2eee5dc06ee526c95bc9c218aa2f1151a59117b8,2/27(火) 11:18
kyodonews,共同通信,傷害致死罪、再審理で改めて否認　新潟地裁で差し戻し裁判員裁判,https://news.yahoo.co.jp/articles/44bfdc4681830b9e8f9220526b0fc7ef32d9e54c,2/27(火) 11:15
kyodonews,共同通信,倒木でリフト停止、2時間宙づり　78人救助、長野・白馬,https://news.yahoo.co.jp/articles/1cbd30d6b24a47fbbd5a4d46791598b9a4a851a7,2/27(火) 11:12
kyodonews,共同通信,自民、政倫審の議員傍聴を再提示、野党拒否,https://news.yahoo.co.jp/articles/61df17e04bf9c103456bf5860dbc5932e1eccf42,2/27(火) 11:12
kyodonews,共同通信,石川県で金利最大300万円助成　能登地震、自宅再建の住宅ローン,https://news.yahoo.co.jp/articles/bbc291a93af5d4a4816e0fdf4f06f3a97657c67e,2/27(火) 11:05
kyodonews,共同通信,自治体のサイバー対策強化、法改正へ,https://news.yahoo.co.jp/articles/47e1d0d054857daa8cd1b2b0b5932ec4af724223,2/27(火) 11:04
kyodonews,共同通信,元サッカー部員、大麻所持認める　福山大、広島地裁支部で初公判,https://news.yahoo.co.jp/articles/f3a8e6d3443e65a9678a754eda6876ce82670532,2/27(火) 11:01
kyodonews,共同通信,能登半島地震、金利最大300万円助成,https://news.yahoo.co.jp/articles/ee6f9b4d34887ff7c071b9ff61cc4c5758e6ddf6,2/27(火) 10:40
kyodonews,共同通信,東証、午前終値3万9173円　3日連続で取引中の最高値更新,https://news.yahoo.co.jp/articles/1aaad8ed1f80e1bc4f13c6e1589ff209794e6608,2/27(火) 10:37
kyodonews,共同通信,与党、予算案の3月1日採決提案　野党、審議不十分と拒否,https://news.yahoo.co.jp/articles/684a1f917950edceee0e43e282cd070cc584bcbc,2/27(火) 10:19
kyodonews,共同通信,東京円、150円台後半,https://news.yahoo.co.jp/articles/02641164f5f630b18b27bc8e747e855cb215fe81,2/27(火) 10:17
kyodonews,共同通信,経済安保情報に新資格創設　保護活用法案を閣議決定,https://news.yahoo.co.jp/articles/85ffc2a552013bc4f3d185be413605abb8e05ba5,2/27(火) 10:11
kyodonews,共同通信,東証、史上最高値更新,https://news.yahoo.co.jp/articles/d50b0c907699a7128ae06e1064525b49f56f04ea,2/27(火) 9:58
kyodonews,共同通信,ブラジル国籍の男性、刺され死亡　殺人未遂疑いで男逮捕、静岡県警,https://news.yahoo.co.jp/articles/12fbd1b4db55177c73c5c9efaaf32f2964b2b266,2/27(火) 9:53
kyodonews,共同通信,与党が来月1日の予算案採決提案、野党拒否,https://news.yahoo.co.jp/articles/3806d4d1ee7b85460c210607441c590fe5a98faf,2/27(火) 9:37
kyodonews,共同通信,東証、65円高　午前9時15分現在,https://news.yahoo.co.jp/articles/6c1cba47bc5932ffc983e7b543c61b479b3728e1,2/27(火) 9:24
kyodonews,共同通信,欧米部隊派遣も「排除せず」　仏大統領、ウクライナ支援会合,https://news.yahoo.co.jp/articles/2fa66c286574af732b032411ec5a46a6de49d203,2/27(火) 9:17
kyodonews,共同通信,東京株式　27日終値,https://news.yahoo.co.jp/articles/0041543f3678ce304d691977ae96e1c6bc90fd44,2/27(火) 9:16
kyodonews,共同通信,食料安全保障、年1回検証　農業基本法改正案を閣議決定,https://news.yahoo.co.jp/articles/b61f4da77977340dbc1412669f5a6f980f63ef0d,2/27(火) 9:13
kyodonews,共同通信,大谷の初戦「2、3打席の予定」　ドジャースのロバーツ監督,https://news.yahoo.co.jp/articles/7bc7d01d30132474bf35036e2e00689bc378b19a,2/27(火) 9:09
kyodonews,共同通信,高速道、4月から時速90キロに　中大型トラックの速度上限緩和,https://news.yahoo.co.jp/articles/49de162a031f9a6296bb604c37c1cf1034c274fa,2/27(火) 8:53
kyodonews,共同通信,ナスダック　26日終値,https://news.yahoo.co.jp/articles/0a26968783bdb6acf34db8505e50cec73e3712d3,2/27(火) 8:50
kyodonews,共同通信,1月の消費者物価、2.0％上昇　1年10カ月ぶりの低水準,https://news.yahoo.co.jp/articles/6ec7610be1541ad8d2af6b6b6134fd4bf79d6978,2/27(火) 8:50
kyodonews,共同通信,ガザ休戦3月4日までの実現期待と米大統領,https://news.yahoo.co.jp/articles/34bc18dcbcbdba137eb35e0c40712d5d21d06e37,2/27(火) 8:47
kyodonews,共同通信,仏、ウクライナへの欧米部隊派遣排除せず,https://news.yahoo.co.jp/articles/4724fcccf209cd61fb701064d317880e31b847a7,2/27(火) 8:46
kyodonews,共同通信,1月の全国消費者物価2.0％上昇,https://news.yahoo.co.jp/articles/8c976e99a9d5e03d5fa27448ddfdfb3ba986ad97,2/27(火) 8:39
kyodonews,共同通信,米英、ハンガリー議会の承認歓迎　スウェーデンのNATO加盟,https://news.yahoo.co.jp/articles/926b22a5797235e99f3e175f1843d55c64071ce2,2/27(火) 8:36
kyodonews,共同通信,「ロシアは数年で軍事力回復」　エストニア外相が警告,https://news.yahoo.co.jp/articles/d0717be22978663892aff4acafdce8071248927d,2/27(火) 8:28
kyodonews,共同通信,NY円、一時150円83銭　2週間ぶりの円安ドル高水準,https://news.yahoo.co.jp/articles/39a1b00a806837e22b213241bcc4a4b205e90ce4,2/27(火) 8:04
kyodonews,共同通信,アブデーフカ西方の集落支配　ロシア発表「前線で一層の優位」,https://news.yahoo.co.jp/articles/14b0d2c199f66f50f30e6b5f42b9d688f41bdc4a,2/27(火) 7:50
kyodonews,共同通信,NY円、150円65～75銭,https://news.yahoo.co.jp/articles/8d2a1860d2f02fe40fe8ce2321f7e092729aa47e,2/27(火) 7:38
kyodonews,共同通信,ドジャース、マーゴーをトレード　ツインズへ、レイズから昨年加入,https://news.yahoo.co.jp/articles/360cdbf26f493d3add6516895429ad8a8edbafd6,2/27(火) 7:35
kyodonews,共同通信,福島で震度3、M4.6　震源は福島県沖、深さ60キロ,https://news.yahoo.co.jp/articles/f023475642ae8e32fc776eb84269769b063523ba,2/27(火) 7:30
kyodonews,共同通信,パドレス松井「良くなっている」　腰の張りで全体練習に不参加,https://news.yahoo.co.jp/articles/d0ceb2b2c0d7f8a703578402fccab7d450952cb1,2/27(火) 7:24
kyodonews,共同通信,NY株4日ぶり反落、62ドル安　利益確定売りが優勢,https://news.yahoo.co.jp/articles/5901b7f919391184fe0d79a5f5eb4858fb1e3a58,2/27(火) 7:20
kyodonews,共同通信,菊池、初登板は2回無失点　鈴木1安打、大谷室内調整,https://news.yahoo.co.jp/articles/18172429c59abb5e2a9aea42b8f2bdbd29a03b35,2/27(火) 7:07
kyodonews,共同通信,28日の天気（西日本）,https://news.yahoo.co.jp/articles/9d118ef04ecfb1331b909315821ad556748725d9,2/27(火) 7:00
kyodonews,共同通信,現役書店員が開く、コンテナ一つの本屋　「時間をかけて味わう」選書、宇都宮,https://news.yahoo.co.jp/articles/0c6389aab01669df82d14655be036d61738f9f53,2/27(火) 7:00
kyodonews,共同通信,28日の天気（東日本）,https://news.yahoo.co.jp/articles/689f8eb08a729926bc0d4122f05d3605825b893b,2/27(火) 7:00
kyodonews,共同通信,秋冬パリコレが開幕　約110ブランドが発表,https://news.yahoo.co.jp/articles/b571c7f1da447206029bb943a463a7fbeacb42c3,2/27(火) 6:58
kyodonews,共同通信,トランプ氏にかん口令要請　NY検察、3月公判控え,https://news.yahoo.co.jp/articles/5570fb0f404d9a832a835a328687056f5af1910b,2/27(火) 6:53
kyodonews,共同通信,医療情報の共有ためらう　米国防長官入院、報告遅れ,https://news.yahoo.co.jp/articles/a350595a8db17c45908db134e0f88595df94e1c4,2/27(火) 6:48
kyodonews,共同通信,NY株式　　26日終値,https://news.yahoo.co.jp/articles/7c1479c9c2279d8f840103647b75fe211296dd54,2/27(火) 6:40
kyodonews,共同通信,死亡の男、桐島聡容疑者と特定　連続企業爆破、5事件で書類送検,https://news.yahoo.co.jp/articles/a8203c762d7be18543e3f1a6c793f5de644182de,2/27(火) 6:34
kyodonews,共同通信,NY株4日ぶり反落、62ドル安,https://news.yahoo.co.jp/articles/0b2d4baf16ed05234ab914f2f1e332a1cc54a031,2/27(火) 6:30
kyodonews,共同通信,桐島容疑者をきょうにも書類送検へ,https://news.yahoo.co.jp/articles/ca9021dbd22a26df83afd2f23463e103f4576d4d,2/27(火) 6:18
kyodonews,共同通信,自民、長崎不戦敗で調整　東京は無所属候補検討,https://news.yahoo.co.jp/articles/beb91895c615581fd0d55c8b075784b78876dbd2,2/27(火) 6:14
kyodonews,共同通信,自民、衆院長崎3区補選不戦敗で調整,https://news.yahoo.co.jp/articles/92165925d46b20d69a4ac37c6a29a3711e8c7423,2/27(火) 6:12
kyodonews,共同通信,米大統領、29日南部国境へ　トランプ氏も、移民問題で,https://news.yahoo.co.jp/articles/264a8e01f2bb877c8344cb7533e94ee7a2deee3c,2/27(火) 6:10
kyodonews,共同通信,死亡の男を桐島容疑者と特定、警視庁,https://news.yahoo.co.jp/articles/42ff7a8dca68cf601f7d095875871f8e3e3157e8,2/27(火) 6:06
kyodonews,共同通信,山本、29日にOP戦初登板　ドジャース、ブルペンで25球,https://news.yahoo.co.jp/articles/08ed0ebe70f24789a610089c49a03b023dd8ca52,2/27(火) 5:54
kyodonews,共同通信,輪島高オンライン併用続く　多数生徒が市外2次避難,https://news.yahoo.co.jp/articles/e7a085f28a62342a77059fdc6e5638adaed65dfc,2/27(火) 5:49
kyodonews,共同通信,高知の漁船員被ばく知って　子どもに被害伝える本出版,https://news.yahoo.co.jp/articles/411748030cffc2033e768b986a8d3938c1e59aae,2/27(火) 5:36
kyodonews,共同通信,死亡社員、当日は応援勤務　札幌のコンビニ3人殺傷,https://news.yahoo.co.jp/articles/2c289035425ea0b82983b96e5412265e462b5f96,2/27(火) 5:29
kyodonews,共同通信,巨額支払い命令で控訴　トランプ氏、一族企業不正,https://news.yahoo.co.jp/articles/b834b563a2728f6be9b92e109a7d7bcc79625471,2/27(火) 5:24
kyodonews,共同通信,尖閣沖から台湾離島へ移動　中国海警局、日台に圧力,https://news.yahoo.co.jp/articles/68e92389e90d5dc526ab5b293e9ed19c57562f56,2/27(火) 5:20
kyodonews,共同通信,アパート一室に男性遺体　事件か、滋賀・東近江,https://news.yahoo.co.jp/articles/85670995d6bf102bef5cc388d564cebc2c3473d7,2/27(火) 5:13
kyodonews,共同通信,愛知、強盗殺人容疑で女再逮捕へ　古物店から貴金属奪ったか,https://news.yahoo.co.jp/articles/d127ab275538bc717a78421b7e5ad800a491c645,2/27(火) 5:02
kyodonews,共同通信,古物商強盗殺人容疑、元従業員女を再逮捕へ,https://news.yahoo.co.jp/articles/25d028354496fba393551a5a031fdb81bbe31180,2/27(火) 5:02
kyodonews,共同通信,為替相場　　28日（日本時間　2時）,https://news.yahoo.co.jp/articles/ea7d41e0df49eed18cb789c2f7ec3d3f6782537b,2/27(火) 3:00
kyodonews,共同通信,JR神戸線でオーバーラン　大阪・塚本駅、330メートル,https://news.yahoo.co.jp/articles/75f9da3529670853e8bf2b9621caef42df20f46f,2/27(火) 1:12
kyodonews,共同通信,ハンガリーがスウェーデンNATO加盟承認,https://news.yahoo.co.jp/articles/0cec2745c0f135dfc4701cc98c3bc233087fc826,2/27(火) 0:52
kyodonews,共同通信,畑岡17位、古江20位　女子ゴルフ世界ランキング,https://news.yahoo.co.jp/articles/d0f903cb4920e8e3bebe19aebbb5947293ed3878,2/27(火) 0:50
kyodonews,共同通信,NY株、小動き,https://news.yahoo.co.jp/articles/e21570b89dad474bfc93f88e52c880d81fb3b07c,2/27(火) 0:24
kyodonews,共同通信,安倍派、還流金返還認める　希望する議員対象に,https://news.yahoo.co.jp/articles/6222ffa0d39cf2bc3ebe3498d099b6ff8a257ffc,2/27(火) 0:00
kyodonews,共同通信,米企業の月着陸船を確認　上空から、南極に最も近く,https://news.yahoo.co.jp/articles/9e56109d6f2b46770c07405972fae74c8a096756,2/26(月) 23:58
kyodonews,共同通信,ラファ侵攻計画を策定　イスラエル、交渉裏で準備,https://news.yahoo.co.jp/articles/9817f971b805861e2a15c2085e2fb074f04779b3,2/26(月) 23:56
kyodonews,共同通信,博多駅線路内に立ち入り　新幹線一時運転見合わせ,https://news.yahoo.co.jp/articles/cd17c3bc50d1a7d4169a2c67bbcea855035f6002,2/26(月) 23:48
kyodonews,共同通信,NY株、小動きで始まる,https://news.yahoo.co.jp/articles/8d299400dd32f44facf0783010a9b4db30b6e196,2/26(月) 23:43
kyodonews,共同通信,オレアリーが敗者復活2回戦へ　サーフィンWG,https://news.yahoo.co.jp/articles/c54a735da7fd50dff4a081ceb7d99bf5623b9177,2/26(月) 23:37
kyodonews,共同通信,博多駅で人立ち入り、新幹線運転見合わせ,https://news.yahoo.co.jp/articles/7bebd296f0b7c1e1647a83b7f0f2b5095282d9ef,2/26(月) 23:35
kyodonews,共同通信,ロシアスケート連盟らの提訴受理　仲裁裁判所、フィギュア順位で,https://news.yahoo.co.jp/articles/b883b42837d1b6839ac71e6d9398a9e441c1a18c,2/26(月) 23:17
kyodonews,共同通信,NY円、150円台後半,https://news.yahoo.co.jp/articles/80eea1633562ba2061d98d5fb12b170bf0ccf9ef,2/26(月) 22:57
kyodonews,共同通信,NY円、150円55～65銭,https://news.yahoo.co.jp/articles/1e4d84af02fd5e17ea2fc48fad4834c3bed32a09,2/26(月) 22:47
kyodonews,共同通信,探査機SLIM、写真撮影も再開,https://news.yahoo.co.jp/articles/5d008310efcda9a8ba3571fb533a7b35554c8266,2/26(月) 22:43
kyodonews,共同通信,ナワリヌイ氏、釈放計画か　死亡前に身柄交換で,https://news.yahoo.co.jp/articles/f881780d314c62f3b53ad3a1b64d1b6788a775c4,2/26(月) 21:56
kyodonews,共同通信,独外務当局者が北朝鮮訪問　コロナ後、西側諸国で初か,https://news.yahoo.co.jp/articles/3a3bccd91b9252ac2193a8526eb95fce424c4d0f,2/26(月) 21:53
kyodonews,共同通信,スウェーデンのNATO加盟決定　ハンガリーが承認、32カ国に,https://news.yahoo.co.jp/articles/e26e8b8acbb7186573fdd6d68b8daa81968695de,2/26(月) 21:48
kyodonews,共同通信,死亡は小1、ウズラの卵が喉に詰まったか,https://news.yahoo.co.jp/articles/9591cfbdd82063de297c9472335fdea4829f7a49,2/26(月) 21:18
kyodonews,共同通信,タリバン4度目の公開処刑　今月2回目「殺人罪」で,https://news.yahoo.co.jp/articles/f85fe608ca0ff01cd44d7a1d004779056dd2d5a7,2/26(月) 21:00
kyodonews,共同通信,辺野古の土砂調達先「適切判断」　首相、埋め立て巡り,https://news.yahoo.co.jp/articles/dc66d83fe1a0369607139cccf24688321ae97761,2/26(月) 20:55
kyodonews,共同通信,ナワリヌイ氏、身柄交換で釈放計画か,https://news.yahoo.co.jp/articles/158e7d0fd4465f4ffcc71e7dcb2b6e6e325cbd8d,2/26(月) 20:52
kyodonews,共同通信,台湾有事の避難原案判明　沖縄・八重山地域は福岡へ,https://news.yahoo.co.jp/articles/058f33732372c7f8233370e0e66790939487b7e6,2/26(月) 20:52
kyodonews,共同通信,パレスチナ自治政府内閣総辞職へ　首相、アッバス議長に辞表提出,https://news.yahoo.co.jp/articles/1c3ce92852ec6540390d9b7be62e04cee44fc7c5,2/26(月) 20:49
kyodonews,共同通信,輪島の白米千枚田、今年も耕作へ　能登半島地震で被害,https://news.yahoo.co.jp/articles/e5a6f1ed3b5d2510e61329b0d31a151c07c9b2c6,2/26(月) 20:39
kyodonews,共同通信,CIA、10年前から秘密協力　ウクライナに、米報道,https://news.yahoo.co.jp/articles/6931d95f351184ab853cc30fce04728eaca4dafa,2/26(月) 20:34
kyodonews,共同通信,コンビニ殺傷容疑の男「3人に恨みない」,https://news.yahoo.co.jp/articles/f35d16d3c8de85d39d2140550c4be2d1f2a3c4fd,2/26(月) 20:27
kyodonews,共同通信,政倫審「公開」与野党折り合わず　自民、議員のみ傍聴認める案示す,https://news.yahoo.co.jp/articles/c139f2c230e550247fb6d09ee1095477af421028,2/26(月) 20:18
kyodonews,共同通信,広島・ドラ1常広は2軍へ　「焦らず段階を」と新井監督,https://news.yahoo.co.jp/articles/71cabf096cf3cd3b294882adc018898cf4e2c270,2/26(月) 20:09
kyodonews,共同通信,TSMC会長、首相と面会　半導体産業支援を伝達,https://news.yahoo.co.jp/articles/493e3bfc296fb772385971c4360f7fc5903c838a,2/26(月) 20:00
kyodonews,共同通信,小1男児、給食詰まり死亡　ウズラの卵か、福岡・みやま,https://news.yahoo.co.jp/articles/30678bea608c87be5358738e7b37702d14a6b3f2,2/26(月) 19:48
kyodonews,共同通信,記者の質問制限は「憲法違反」　新聞労連、取材対応で抗議,https://news.yahoo.co.jp/articles/5d6c2eced700685ccc09f5b8b46a574a727fd1c5,2/26(月) 19:46
kyodonews,共同通信,台湾正副総統そろって参加　天皇誕生日祝賀で初めて,https://news.yahoo.co.jp/articles/355a44818ea8577636aa933d2f7aed9a404562ef,2/26(月) 19:42
kyodonews,共同通信,ベルギーで再び農家EUに抗議　交通寸断、タイヤ燃やす,https://news.yahoo.co.jp/articles/c61cd2a782319075fbe3536afaeb8eea311e596d,2/26(月) 19:37
kyodonews,共同通信,JBC、ネリの資格回復　井上尚弥戦に支障なし,https://news.yahoo.co.jp/articles/c0e28796412f9ecfaae6a5c20acaf130363cd7fa,2/26(月) 19:33
kyodonews,共同通信,福岡の小学校で給食喉に詰まらせ男児死亡,https://news.yahoo.co.jp/articles/7566ff3dd0817dd7ad76ab652d1f2b70eecd4e69,2/26(月) 19:30
kyodonews,共同通信,不妊手術、要件は違憲と提訴　女性5人、母体保護法巡り,https://news.yahoo.co.jp/articles/e73baf9ccf510ea95e9ddd24a9c3cc2531ed7831,2/26(月) 19:18
kyodonews,共同通信,ナワリヌイ氏は「自然死」　ウクライナ国防省高官,https://news.yahoo.co.jp/articles/5baeb410a54315a26acb0544f4a769f5bcadc57e,2/26(月) 19:16
kyodonews,共同通信,処理水4回目28日に放出開始　東電、1号機内部調査も,https://news.yahoo.co.jp/articles/30e9eabf2afa4b1d65ed5794f7c7e5ab12443808,2/26(月) 19:12
kyodonews,共同通信,大瀬良、術後初の実戦登板　投手の柱、順調前進,https://news.yahoo.co.jp/articles/230e966c79bc6188ec0751bf1e80ff3f78f53bef,2/26(月) 19:09
kyodonews,共同通信,INAC神戸、経営権を譲渡　チームや所属選手は変更なし,https://news.yahoo.co.jp/articles/b180b5a3fc5a25a6ed0450b007be30fa5fab4d13,2/26(月) 19:04
kyodonews,共同通信,早田ひな、パリで孫に雪辱誓う　卓球日本代表が帰国,https://news.yahoo.co.jp/articles/189b429e4e2386a53c60a8424fb8c19f1c6a4dca,2/26(月) 19:03
kyodonews,共同通信,ハンセン病回復者の半生映画で　「かづゑ的」試写会開く,https://news.yahoo.co.jp/articles/56c6700cfb622e1c532e4d6d22929526981958bc,2/26(月) 18:57
kyodonews,共同通信,中国、フィリピン船阻止へ障害物　南シナ海スカボロー礁,https://news.yahoo.co.jp/articles/5f589b4e68b7b43c623407c478cb863aec6aa399,2/26(月) 18:53
kyodonews,共同通信,自動車ショー5年ぶり開幕　スイス、出展社数激減,https://news.yahoo.co.jp/articles/5d5ccacb1ffbae7ead0e3e0848c10796500b7116,2/26(月) 18:50
kyodonews,共同通信,首相、森元首相への調査に応じず　裏金事件関与「指摘なし」,https://news.yahoo.co.jp/articles/5d2dc7832e83019aac9a6fb624235b3d55286d6f,2/26(月) 18:46
kyodonews,共同通信,上場企業、純利益47兆円突破へ　最高益更新、24年3月期,https://news.yahoo.co.jp/articles/2c5b9deeb0dc5a84cf885a72227b53f9ae19b7de,2/26(月) 18:45
kyodonews,共同通信,なでしこ、帰国後から即練習　28日に五輪最終予選第2戦,https://news.yahoo.co.jp/articles/923df5c4fe04748c05da17fbacb2b8ef398ca951,2/26(月) 18:42
kyodonews,共同通信,ボランティア拠点の運用開始　宿泊で被災地活動時間を確保,https://news.yahoo.co.jp/articles/8f94989af2a5363fa249dcb53edbf290afe4232c,2/26(月) 18:42
kyodonews,共同通信,コンビニ殺傷容疑の男「3人に恨みない」,https://news.yahoo.co.jp/articles/7da9a2814d95a4ae1fda21613ca4c6426b21da21,2/26(月) 18:40
kyodonews,共同通信,「三つの環境危機」に相乗対策を　日本、国連の会議で決議案提示,https://news.yahoo.co.jp/articles/5f879de5f8a19e928a9649999df7b6ca3efa4afa,2/26(月) 18:28
kyodonews,共同通信,逮捕の男「恨みない」供述、札幌　コンビニ店員3人殺傷事件,https://news.yahoo.co.jp/articles/85c5916edaf3769b59103ec306de7755e52a1503,2/26(月) 18:27
kyodonews,共同通信,ダイハツ、大分工場再開　10車種、2カ月ぶり,https://news.yahoo.co.jp/articles/72de61b9856a67b6b7185f9f1e049277d99a4f03,2/26(月) 18:24
kyodonews,共同通信,出社回帰、サウナあるオフィスも　不動産各社、多様性にも配慮,https://news.yahoo.co.jp/articles/2f0f4b72488623bbeab32564f4d8b183c02902fc,2/26(月) 18:15
kyodonews,共同通信,能登、下水管の過半被害　過去の大地震に比べ突出,https://news.yahoo.co.jp/articles/cd3e135d0dc4c52a9e2af4c65c834fbcf3c0866f,2/26(月) 18:12
kyodonews,共同通信,参院政治倫理審査会、27日に趣旨説明開催,https://news.yahoo.co.jp/articles/8bd4fcf7ec3121f3939ccf7c5a9902f9b2af36f3,2/26(月) 18:10
kyodonews,共同通信,阪神・西勇、打者を相手に31球　開幕ローテ入りへ「不安はない」,https://news.yahoo.co.jp/articles/88983c7a7cdd31559016552ac7b15b89611fc968,2/26(月) 18:05
kyodonews,共同通信,松村、谷田組が連覇へ意欲　カーリング混合ダブルス,https://news.yahoo.co.jp/articles/12ffb9a0b10082b4b4a594975bcb891c94baa63f,2/26(月) 18:03
kyodonews,共同通信,セウォル号沈没「忘れないで」　旅客船事故10年へ、遺族ら行進,https://news.yahoo.co.jp/articles/b982d2cf00cd8bc539f5ac1df68792619b095aae,2/26(月) 18:02
kyodonews,共同通信,新大関琴ノ若「ここからが大事」　番付表に実感、最高位へ決意,https://news.yahoo.co.jp/articles/9fbce397dece38f9e7d8ef21f4bffb86a6e95f21,2/26(月) 17:58
kyodonews,共同通信,知床事故会社に罰金40万円　別事故など巡り、網走簡裁,https://news.yahoo.co.jp/articles/bf3aa90281396d18937c22445ac7e8d679a5c29a,2/26(月) 17:56
kyodonews,共同通信,画面越しに弁論、「陳述します」　民事裁判IT化、実演公開,https://news.yahoo.co.jp/articles/a349454342c7b193333210f1d5a575be83a963c3,2/26(月) 17:55
kyodonews,共同通信,岩崎、初の実戦形式で32球　32歳、今季も抑え有力,https://news.yahoo.co.jp/articles/3acf0329c0934d525829f59f68df5af23fbda37a,2/26(月) 17:55
kyodonews,共同通信,3年後には「純利益1兆円超え」　三井住友FGの中島社長,https://news.yahoo.co.jp/articles/4696fabe3f6db6e9b1c92569a402bde08a7231a9,2/26(月) 17:53
kyodonews,共同通信,福島第1原発1号機内部調査、28日から,https://news.yahoo.co.jp/articles/16e64a20f90dde34fa72290a4accf7ecd3f32806,2/26(月) 17:53
kyodonews,共同通信,中国、南シナ海に障害物,https://news.yahoo.co.jp/articles/719b600723cdcee5f9b22de9fd255e59f6b418f3,2/26(月) 17:52
kyodonews,共同通信,東京円、150円台半ば,https://news.yahoo.co.jp/articles/3cb81a1168a063573a93bd47c991f79cc2708414,2/26(月) 17:52
kyodonews,共同通信,山梨知事、収支の不記載「猛省」　自民二階派から1000万円超,https://news.yahoo.co.jp/articles/f8e3f8babd4ed22baa6a76210acbb789fd15bf43,2/26(月) 17:51
kyodonews,共同通信,NBA、八村のレーカーズは9位　第18週、グリズリーズ13位,https://news.yahoo.co.jp/articles/6f4e7bef6cafd2803fd1770f43c4a4761acf590f,2/26(月) 17:41
kyodonews,共同通信,NHL、ブルーインズが首位浮上　レンジャーズなどもトップ堅持,https://news.yahoo.co.jp/articles/6392ac694cb0995a2182f88faca332cadad264dc,2/26(月) 17:40
kyodonews,共同通信,オムロン、2000人削減へ　中国経済鈍化で業績悪化,https://news.yahoo.co.jp/articles/9c9a563b9ad23d323011b1f8ef4c79ceddd51741,2/26(月) 17:38
kyodonews,共同通信,玉垣親方に師匠代行を一本化　暴力問題の宮城野部屋,https://news.yahoo.co.jp/articles/deda1dea4817d422ad3858f52fd7c1438c3e5736,2/26(月) 17:36
kyodonews,共同通信,日本テレビ社長が謝罪　「24時間テレビ」寄付金着服,https://news.yahoo.co.jp/articles/20411270c032c45434eb945044bcca11551c1122,2/26(月) 17:34
kyodonews,共同通信,石原愛依「五輪切符取りたい」　パラ競泳にも出場、代表選考会へ,https://news.yahoo.co.jp/articles/1c21f7549b412f192f57bac75e180dbea5c0e52a,2/26(月) 17:26
kyodonews,共同通信,G7、ロシア制裁強化へ28日に財務相会議,https://news.yahoo.co.jp/articles/062d7cd916b0dd52b828d8f7e2bf6802b3d383c4,2/26(月) 17:20
kyodonews,共同通信,子ども施策、1人146万円　支援金制度で受給額の試算公表,https://news.yahoo.co.jp/articles/15a980fe3900cc35314e7d356edd90eaeefe0876,2/26(月) 17:18
kyodonews,共同通信,処理水4回目放出は28日から,https://news.yahoo.co.jp/articles/204a7d32e2216aae8f2c2450f06b885c9770b1e1,2/26(月) 17:17
kyodonews,共同通信,珠洲市で緊急公費解体が始まる　倒壊懸念、住民「残念だ」,https://news.yahoo.co.jp/articles/43fae955a0cfe40d3ff66f0df238e53651dc8608,2/26(月) 17:10
kyodonews,共同通信,漫画市場、4年連続最高　紙の本8％減、電子書籍は好調,https://news.yahoo.co.jp/articles/5050a5d3cf6763364d71dda8a6f244c5b4c684d1,2/26(月) 16:58
kyodonews,共同通信,衆院政倫審の幹事会散会,https://news.yahoo.co.jp/articles/a62726524cb566001e6ba3f0c4dac7464e70bcc2,2/26(月) 16:56
kyodonews,共同通信,男性育休、取得目標の設定義務化　従業員100人超の企業対象,https://news.yahoo.co.jp/articles/9b1ae92c530a732ff9e3b76c9e1c602eb8d72c04,2/26(月) 16:53
kyodonews,共同通信,クジラ処理で住民監査請求、大阪　不当利得の返還指示を市に要求,https://news.yahoo.co.jp/articles/524bb0a7765e44d8ed626a90586ecf7d88dccc6e,2/26(月) 16:51
kyodonews,共同通信,宮城野部屋の師匠代行は玉垣親方に一本化,https://news.yahoo.co.jp/articles/859594bb2b86602f08f022d31864b9393033529a,2/26(月) 16:43
kyodonews,共同通信,コロナ感染者、2週連続減　1医療機関当たり10.10人,https://news.yahoo.co.jp/articles/f20160a8d3635fe8ef9a80db777879d09fbc5abf,2/26(月) 16:34
kyodonews,共同通信,オムロン、業績悪化で2千人削減,https://news.yahoo.co.jp/articles/c3825fafc630d7c8630b876ff03242183131ed87,2/26(月) 16:25
kyodonews,共同通信,WTO閣僚会議、アブダビで開幕　漁業、制度改革を議論,https://news.yahoo.co.jp/articles/2a4fe0dabd8386f8864968b09f207e92c9afcbd9,2/26(月) 16:23
kyodonews,共同通信,広島、愛媛で震度4　推定マグニチュード5.1,https://news.yahoo.co.jp/articles/b497ca295a75868a2be1099de66f102839179178,2/26(月) 16:21
kyodonews,共同通信,ローイング、荒川が準々決勝へ　シングルスカル、五輪代表選考会,https://news.yahoo.co.jp/articles/225db4497addbb360bd69a760369f8bc118a0013,2/26(月) 16:13
kyodonews,共同通信,サッカー元日本代表FW岡崎が引退発表,https://news.yahoo.co.jp/articles/14d775cfaf12a143e25584bf9909954ba735a225,2/26(月) 16:10
kyodonews,共同通信,インフル患者数、1カ月半ぶり減　B型最多、前週比0.86倍,https://news.yahoo.co.jp/articles/62e5bfecaefe2e2c080b0939f042a63aa340acec,2/26(月) 16:09
kyodonews,共同通信,元日特集や能登地震の記事に関心　1月の新聞協会読者調査,https://news.yahoo.co.jp/articles/d364b0b664facf1601e243a019e4b240f43c6e14,2/26(月) 16:06
kyodonews,共同通信,なぜもっと女性政治家が必要か　3月に福岡で公開シンポ,https://news.yahoo.co.jp/articles/a9911e9399b93b3744c4c0f5999b7fc4eaa16fcf,2/26(月) 16:05
kyodonews,共同通信,外国人、コロナ禍前の97％　関西空港の1月概況、訪日客回復,https://news.yahoo.co.jp/articles/755751b2b71f67c6db1e71b1c610eceab3fa120f,2/26(月) 15:50
kyodonews,共同通信,政倫審公開の是非、最良の方法でと首相,https://news.yahoo.co.jp/articles/819a7200a1ea34d9f16ea56dc7b5059dcff55162,2/26(月) 15:39
kyodonews,共同通信,室伏氏、スポーツの魅力発信　シンガポールの日本人学校訪問,https://news.yahoo.co.jp/articles/4c25c3158d10a4a41209cf01029f93a4954704ac,2/26(月) 15:38
kyodonews,共同通信,愛媛、広島で震度4,https://news.yahoo.co.jp/articles/8665c08150b0fb85f677896b66918743d0523893,2/26(月) 15:33
kyodonews,共同通信,日大アメフトの元部員6人を書類送検,https://news.yahoo.co.jp/articles/f01ff1ab6111764e23d893b46a1a0a50d30a545b,2/26(月) 15:31
kyodonews,共同通信,確定申告、国民の厳しい目感じると首相,https://news.yahoo.co.jp/articles/3f65fb44f80ff636b140ec55b75fb5250b475df2,2/26(月) 15:16
kyodonews,共同通信,東証続伸、再び最高値を更新　終値3万9233円、強い先高観,https://news.yahoo.co.jp/articles/177488573dcdb4a7b4411b34337b84251a6cb2f9,2/26(月) 15:13
kyodonews,共同通信,東証終値135円高、史上最高値を更新,https://news.yahoo.co.jp/articles/ebd087d1214a99025ac8ea30c32984890bf8d550,2/26(月) 15:03
kyodonews,共同通信,自民、国会議員の政倫審傍聴を提案,https://news.yahoo.co.jp/articles/67862c90bcfcfd1ce1ae66404bb5e3fec4fc278f,2/26(月) 14:59
kyodonews,共同通信,探査機SLIMが通信再開　過酷な月で「越夜」成功,https://news.yahoo.co.jp/articles/b5b67a8efd02de5a29366411dee95ed94ed78fd2,2/26(月) 14:48
kyodonews,共同通信,森元首相への聞き取り調査必要なしと首相,https://news.yahoo.co.jp/articles/b7ad1b78ca8f04c0ab9d47eb339b440a0a460fe7,2/26(月) 14:46
kyodonews,共同通信,日本テレビ、23日に調査開始　「セクシー田中さん」問題,https://news.yahoo.co.jp/articles/a45118e77553ed714105c1eb2ee7534557f018fe,2/26(月) 14:35
kyodonews,共同通信,日テレ社内特別調査チーム23日に調査開始,https://news.yahoo.co.jp/articles/727dbd5a24d027835a950dd35d902f54bfc71b59,2/26(月) 14:25
kyodonews,共同通信,セブンコーヒー、10円値上げ　レギュラーサイズ、3月,https://news.yahoo.co.jp/articles/a5bb760de09691997c1466305da7113fa8cae96e,2/26(月) 14:17
kyodonews,共同通信,月探査機SLIMとの通信再開,https://news.yahoo.co.jp/articles/35dae40f8a7ee3c929ec88304abd6b0958f45af5,2/26(月) 14:10
kyodonews,共同通信,浪速少年院に人事院総裁賞　社会復帰を支援、23年度,https://news.yahoo.co.jp/articles/2bd4135ea1d75765b3d2b0e945aefb70eeceb462,2/26(月) 14:00
kyodonews,共同通信,アメフト元部員6人を書類送検　日大OBも、違法薬物所持の疑い,https://news.yahoo.co.jp/articles/82ed0c3ab2253c0d826bc36da4e08e23edb81a47,2/26(月) 13:34
kyodonews,共同通信,豪で生徒2人溺死、教諭に罰金　「監督義務怠った」と豪裁判所,https://news.yahoo.co.jp/articles/3cde8d3ad8c05dedeb72107fdf2d11b742e573cc,2/26(月) 13:30
kyodonews,共同通信,南太平洋ツバルが新首相選出,https://news.yahoo.co.jp/articles/06d546cd6b9f342fd4f50965c3b4300d40beca58,2/26(月) 13:30
kyodonews,共同通信,北海道・白糠で車燃え2人死亡　接触事故後、路外に逸脱,https://news.yahoo.co.jp/articles/e2d71e0cb0e09e60914a7e1a9d992fd2cf9be1be,2/26(月) 13:23
kyodonews,共同通信,トランポリン女子で五輪出場枠　日本体操協会、W杯最終戦前に,https://news.yahoo.co.jp/articles/4118797ec41550077fb691395d5f566882737d59,2/26(月) 13:11
kyodonews,共同通信,大阪大、監督教授ら談笑で苦情　「事実ない」再試験は行わず,https://news.yahoo.co.jp/articles/ef8f7c044c49033185314205f3cef16eeddd08be,2/26(月) 12:38
kyodonews,共同通信,日大アメフト、新たに6人書類送検へ,https://news.yahoo.co.jp/articles/9b28a3c41525b3dee1634b21360e589942e768a5,2/26(月) 12:31
kyodonews,共同通信,豪の高校生溺死事故、引率教諭に罰金判決,https://news.yahoo.co.jp/articles/643a3192b8e395e9298dad5711750ea41ab9edda,2/26(月) 12:20
kyodonews,共同通信,公認取り消し、法令違反の可能性と国民幹部,https://news.yahoo.co.jp/articles/323e4d7747281698d9a711b321be2e5a187ba495,2/26(月) 12:02
kyodonews,共同通信,フルーレ団体男子、伊に敗れ2位　フェンシングW杯、女子は3位,https://news.yahoo.co.jp/articles/f6c78b67414ae89edbd634900e76b85bb45dbc88,2/26(月) 11:53
kyodonews,共同通信,東名あおり事故、懲役18年判決　差し戻し控訴審、32歳被告,https://news.yahoo.co.jp/articles/ac4db366efd3f6c49c122f00a19a54c0f76586f0,2/26(月) 11:48
kyodonews,共同通信,約束手形の決済、60日に短縮　中小企業の資金繰り改善,https://news.yahoo.co.jp/articles/3b6cd5d6b1271d9060ce3b72cb835873bc7d6999,2/26(月) 11:46
kyodonews,共同通信,首相、企業団体献金禁止に否定的見解,https://news.yahoo.co.jp/articles/5b0359466b702b714b3fb845b5fd39689263ad29,2/26(月) 11:43
kyodonews,共同通信,東証、午前終値211円高,https://news.yahoo.co.jp/articles/3f58e8ce3306ddeb9ae36b3183d657c0183a0bb9,2/26(月) 11:38
kyodonews,共同通信,約束手形決済60日に短縮、賃上げを後押し,https://news.yahoo.co.jp/articles/835a309f87d001bdd6d0b3daaeaaabbd23afc455,2/26(月) 11:30
kyodonews,共同通信,二階元幹事長の秘書、有罪確定,https://news.yahoo.co.jp/articles/3de17fbaa994f398a1a81f62833871f395b4da32,2/26(月) 11:30
kyodonews,共同通信,「市町の事案への介入は控える」と石川知事,https://news.yahoo.co.jp/articles/3abd42a9d2ab09deaf488e555b8e36fa4d6c8d26,2/26(月) 11:30
kyodonews,共同通信,政倫審公開の是非は国会で判断と首相,https://news.yahoo.co.jp/articles/c5ae079b8100aa94e7b4c1aa44c9f240c9bf7a7a,2/26(月) 11:20
kyodonews,共同通信,東名あおり運転、二審も懲役18年,https://news.yahoo.co.jp/articles/46383d0d37a7d0a9651e2aa559b699ee7b5bdcdb,2/26(月) 11:13
kyodonews,共同通信,議員厳罰の公明案「参考になる」　首相、規正法改正で罰金刑,https://news.yahoo.co.jp/articles/4007bf6e4bf086edc18e8617d7957b7f95f4769a,2/26(月) 11:02
kyodonews,共同通信,かっぱ寿司運営に罰金3千万円　はま寿司の営業秘密不正取得,https://news.yahoo.co.jp/articles/adb84fbac3aac1a595a954f4b93da20cd24890cd,2/26(月) 10:47
kyodonews,共同通信,「素晴らしい京都市つくりたい」　松井孝治市長が初登庁,https://news.yahoo.co.jp/articles/3ddaea0d267856168d1347b468676f5b2367507d,2/26(月) 10:44
kyodonews,共同通信,札幌のコンビニ、入店後短時間で次々襲撃,https://news.yahoo.co.jp/articles/ab38e0ab3d0c15aeffcce2d72a821a2176d4fe64,2/26(月) 10:43
kyodonews,共同通信,議員罰金刑の公明党案、参考になると首相,https://news.yahoo.co.jp/articles/fb74cac621cf67a33209ae7b675e576608d4aa3c,2/26(月) 10:36
kyodonews,共同通信,カッパ・クリエイトに罰金3千万円の判決,https://news.yahoo.co.jp/articles/8a67b7dd90686fcec617b71730d3162cddaebcc9,2/26(月) 10:19
kyodonews,共同通信,熊本県美里町で住宅火災、2人死亡,https://news.yahoo.co.jp/articles/5eca189cc5fcdfe649d7cab76bc8949d07d93ebe,2/26(月) 10:19
kyodonews,共同通信,東京円、150円台前半,https://news.yahoo.co.jp/articles/f0d6b9d888c716acaa87ac34b6a24070f10b603f,2/26(月) 10:18
kyodonews,共同通信,熊本で住宅火災、2人死亡　住人の80代夫婦か,https://news.yahoo.co.jp/articles/c863f31bab6c26f0419b7267a28879280b6ee7dc,2/26(月) 10:16
kyodonews,共同通信,照ノ富士「精いっぱいやる」　目標の2桁優勝を目指す,https://news.yahoo.co.jp/articles/cf68db67c66013971f092629b6df768c89e2733d,2/26(月) 10:15
kyodonews,共同通信,東証、午前終値3万9309円　一時最高値を更新,https://news.yahoo.co.jp/articles/aed7474493fff9f89205055e022adde679762139,2/26(月) 9:57
kyodonews,共同通信,角会長が宝塚歌劇団の理事退任へ　阪急HD、遺族に謝罪の意向伝達,https://news.yahoo.co.jp/articles/65b980386c6e172cfba1cc265d9ce3a9c04db138,2/26(月) 9:55
kyodonews,共同通信,久常は48位　米男子ゴルフ最終日,https://news.yahoo.co.jp/articles/ee7c15d5cda916f690ef5c7cb0d9e6fd0070159b,2/26(月) 9:46
kyodonews,共同通信,ボルソナロ氏の支持者がデモ　ブラジル、捜査けん制か,https://news.yahoo.co.jp/articles/4465ed3f72c7b0ec40b9e1d01207d37df67d39bf,2/26(月) 9:43
kyodonews,共同通信,阪急阪神HD会長が宝塚歌劇団理事退任へ,https://news.yahoo.co.jp/articles/86b3b437fefd0ae7e858fc9b9fecc28815ad655f,2/26(月) 9:38
kyodonews,共同通信,レーカーズ八村は13得点　NBA、9試合連続先発,https://news.yahoo.co.jp/articles/7a2a0557a9ffd21e0e15644ca198de6deb5baad4,2/26(月) 9:31
kyodonews,共同通信,東証、190円高　午前9時15分,https://news.yahoo.co.jp/articles/bf7542be728eb86fa6764a173c731f4d6a8cc8c7,2/26(月) 9:22
kyodonews,共同通信,ロシア軍、戦域全体で主導権　米戦争研究所が分析,https://news.yahoo.co.jp/articles/b886ee1d3630b15f678f2ad0835f65b296ebdebf,2/26(月) 9:18
kyodonews,共同通信,東京株式　26日終値,https://news.yahoo.co.jp/articles/0a776bb60019933b25c8aaed8dfe662c3c1a074f,2/26(月) 9:16
kyodonews,共同通信,サービス価格2.1％上昇　1月企業向け、宿泊値上げ,https://news.yahoo.co.jp/articles/6d15fcee8aa3db619a339dc83f76fd54485242b4,2/26(月) 9:12
kyodonews,共同通信,大谷、28日にオープン戦初出場　右肘手術以来の実戦,https://news.yahoo.co.jp/articles/c98222a02e8c181217e41c8c6982293ad41b26a1,2/26(月) 9:06
kyodonews,共同通信,東証、史上最高値更新して始まる,https://news.yahoo.co.jp/articles/c62391db960f8739347138998b6690fb5999c70b,2/26(月) 9:05
kyodonews,共同通信,1月企業向けサービス価格指数2.1％上昇,https://news.yahoo.co.jp/articles/b7ff7d9ae392d61c3644e48683ed1cb1b47a2980,2/26(月) 8:58
kyodonews,共同通信,元代表FW岡崎、現役引退を発表　W杯3大会出場、通算50ゴール,https://news.yahoo.co.jp/articles/8d9e9229966a4ae99a125a6bf60edf91747ee65a,2/26(月) 8:54
kyodonews,共同通信,サッカー元日本代表岡崎が今季限りで引退へ,https://news.yahoo.co.jp/articles/f3aadda713a3a2dff4db8ebc4914c13263f9418f,2/26(月) 8:49
kyodonews,共同通信,遠藤「タイトルは大きい」　イングランド・リーグ杯で優勝,https://news.yahoo.co.jp/articles/dac2e8f861686e9b07f3e4d062d8c875427f9f84,2/26(月) 8:27
kyodonews,共同通信,吉田、オープン戦初出場　大谷は打撃練習,https://news.yahoo.co.jp/articles/4ab047c06bd15c3cceb7ff1eee6fdb15b3a47e2e,2/26(月) 8:10
kyodonews,共同通信,障害ある人がモデルのファッションショー　北海道・函館、主催者が込めた思いとは,https://news.yahoo.co.jp/articles/a85ae1a323eb9791abe0bbff45909555afa9b3ef,2/26(月) 8:00
kyodonews,共同通信,守田はフル出場　ポルトガル1部リーグ,https://news.yahoo.co.jp/articles/f451ed8a761639b31eeeed32771425d1624b4019,2/26(月) 7:42
kyodonews,共同通信,伊東フル、中村途中交代　フランス1部、チーム競り勝つ,https://news.yahoo.co.jp/articles/def67966246142202950294a5d5ee0fe8670f3b8,2/26(月) 7:09
kyodonews,共同通信,堂安はフル出場、チーム敗れる　サッカーのドイツ1部,https://news.yahoo.co.jp/articles/e199b7094017a3dc0e4c9d9dcbe2c54a8eb7c0bd,2/26(月) 7:08
kyodonews,共同通信,上田は後半途中から出場　オランダ1部、チーム勝利,https://news.yahoo.co.jp/articles/a8caf5c86daa7be6993f48b8ad0a4c76c38836f5,2/26(月) 7:03
kyodonews,共同通信,27日の天気（西日本）,https://news.yahoo.co.jp/articles/6d8447f57973b77bf37ef06fd76cea4893f5f2c2,2/26(月) 7:00
kyodonews,共同通信,27日の天気（東日本）,https://news.yahoo.co.jp/articles/5cecd5ba030e5d721ca5e131416e01a7b7113135,2/26(月) 7:00
kyodonews,共同通信,北朝鮮がサッカー女子を報道　日本と引き分け、関心示す,https://news.yahoo.co.jp/articles/ac98fe4956872f744985096bf87a3ade0834b960,2/26(月) 6:58
kyodonews,共同通信,ヘイリー氏、徹底抗戦アピール　次戦舞台ミシガン州で集会,https://news.yahoo.co.jp/articles/19332c115fee8fac3218457ec6ac78f47a8f0b69,2/26(月) 6:41
kyodonews,共同通信,北朝鮮がサッカー日本との引き分けを報道,https://news.yahoo.co.jp/articles/7c0f55966e55f9c8943ca317cf1cf31eb206503e,2/26(月) 6:37
kyodonews,共同通信,休戦巡りカタールへ代表団　イスラエル、作戦延期も,https://news.yahoo.co.jp/articles/599b0a35d38b9284b6dca428d42766e6af215951,2/26(月) 6:31
kyodonews,共同通信,戦争、地震、それでも「前へ」　バスケ金沢のウクライナ選手,https://news.yahoo.co.jp/articles/d318c370ee56fa50d1007e070c7551b7f9506233,2/26(月) 6:30
kyodonews,共同通信,為替相場　　27日（日本時間　2時）,https://news.yahoo.co.jp/articles/5370d086e63400763e889af8b5d3d2ad6dc7dc8a,2/26(月) 6:00
kyodonews,共同通信,中高75人へ塾代30万円支援　困窮世帯に「学びの機会を」,https://news.yahoo.co.jp/articles/dca2cedc78884d1b0e9b486b32ae328b1b828a52,2/26(月) 6:00
kyodonews,共同通信,昇進の琴ノ若は西2番目、4大関に,https://news.yahoo.co.jp/articles/edfb47469311bdca4da363528dcde8164002011c,2/26(月) 6:00
kyodonews,共同通信,昇進の琴ノ若は西、4大関に　尊富士が最速新入幕,https://news.yahoo.co.jp/articles/e388e28d351af278c2cb99fea7622baebc8cebcd,2/26(月) 6:00
kyodonews,共同通信,昇進の琴ノ若は西、4大関に　尊富士が最速新入幕,https://news.yahoo.co.jp/articles/e388e28d351af278c2cb99fea7622baebc8cebcd,2/26(月) 6:00
kyodonews,共同通信,春場所も力士600人台割る　最多は「若貴ブーム」の943人,https://news.yahoo.co.jp/articles/7995c9c3c728726445e4fe5e1814d3f71587b6ec,2/26(月) 6:00
kyodonews,共同通信,琴ノ若は5キロ減の172キロ　最重量は大翔鵬、最軽量は翠富士,https://news.yahoo.co.jp/articles/5f9f44b11df47de6ac212cf50ef25a8e79aa8b88,2/26(月) 6:00
kyodonews,共同通信,記録的な十両カムバック　「若手よりきらきら輝く」,https://news.yahoo.co.jp/articles/2603ccc04fdf4713bb11213a59cb8a57035f730d,2/26(月) 6:00
kyodonews,共同通信,政倫審の公開是非を協議　与野党28、29日開催決定へ,https://news.yahoo.co.jp/articles/4960d59272fe43c47ef124cff19c98384007687a,2/26(月) 5:45
kyodonews,共同通信,松井、腰の張りで登板回避　パドレスに今季加入の救援左腕,https://news.yahoo.co.jp/articles/41ac3c11828746f629de990c8e0fcc4fe6c77170,2/26(月) 5:31
kyodonews,共同通信,来日40年漆一筋「諦めない」　輪島塗に英の感性、展覧会再開,https://news.yahoo.co.jp/articles/6c5da3db8f7f76a272c833dc830273e559e6ada0,2/26(月) 5:30
kyodonews,共同通信,入店後、短時間で店員3人襲撃　札幌のコンビニ殺傷、逮捕の男,https://news.yahoo.co.jp/articles/26d02ee93eb1df3bff78324ed8c64f422c5b007c,2/26(月) 5:00
kyodonews,共同通信,リバプールが10度目優勝　リーグ杯、遠藤フル出場,https://news.yahoo.co.jp/articles/9d9951c62698025f00dca4f8f3b5ca38fa70387f,2/26(月) 4:34
kyodonews,共同通信,千賀が右肩注射、復帰4月下旬か　3週間は投球禁止,https://news.yahoo.co.jp/articles/ddc476c7af0870dd4be7f5292da2634b02b7102f,2/26(月) 3:16
kyodonews,共同通信,千賀が右肩注射、復帰は4月下旬か,https://news.yahoo.co.jp/articles/4aa0e73c62e6b2a5fdca93d35400c15605b9941b,2/26(月) 3:14
kyodonews,共同通信,小林陵侑は3位、クラフトV　W杯ジャンプ男子第22戦,https://news.yahoo.co.jp/articles/9dd791e39d3e133f124f592c5778d8f468f061c4,2/26(月) 3:10
kyodonews,共同通信,ジャンプ男子の小林陵侑が3位,https://news.yahoo.co.jp/articles/9aef11663f2150f9f17cbc7c369a887960a38751,2/26(月) 2:26
kyodonews,共同通信,ウクライナ兵3万1千人が死亡　ゼレンスキー大統領、初公表,https://news.yahoo.co.jp/articles/ac7f7a77c08634a27acedcdddea735f0db0ffd1e,2/26(月) 1:11
kyodonews,共同通信,トランプ氏「報復」宣言　ナワリヌイ氏と自身重ねる,https://news.yahoo.co.jp/articles/38e15e2d627e1ee42f455175ea24d101efff6ae2,2/26(月) 1:03
kyodonews,共同通信,自転車で万博、ルート整備　120キロ、運転マナー課題,https://news.yahoo.co.jp/articles/751825e3b6b75ca702761bdb6e19184e5685ab49,2/26(月) 1:00
kyodonews,共同通信,バイデン氏支持率低調38％　不法移民対策が不評,https://news.yahoo.co.jp/articles/eb74f93e388b02941128a3bf8f53b8f948a1baba,2/26(月) 0:51
kyodonews,共同通信,ウクライナ兵3万人超死亡とゼレンスキー氏,https://news.yahoo.co.jp/articles/57af8edbe4db88796674f80d9e98c379f2f11089,2/26(月) 0:51
kyodonews,共同通信,粘るヘイリー氏、党内に支持の声　「勝負あり」でも継続,https://news.yahoo.co.jp/articles/013b9f3b9503ca45b5eaffb777ed3f863ec39ac6,2/26(月) 0:45
kyodonews,共同通信,稲葉、パリ五輪出場が確定　サーフィンWG、3回戦に進出,https://news.yahoo.co.jp/articles/2f9b47d43c34bc9143a04daeab66556401ce3962,2/26(月) 0:28
kyodonews,共同通信,すかいらーく6％賃上げ合意　過去最高で満額回答,https://news.yahoo.co.jp/articles/f958cd6d12d4d8cf759506adb1445787314ef53a,2/26(月) 0:00
kyodonews,共同通信,すかいらーく6％賃上げ、満額で過去最高,https://news.yahoo.co.jp/articles/2fb4731a878601b8cea8ce012ba6d144aca72f4b,2/26(月) 0:00
kyodonews,共同通信,南野が決勝ゴール　フランス1部リーグ,https://news.yahoo.co.jp/articles/c378f9c0a00be589e8a548aee2d5421afbe829b2,2/25(日) 23:59
kyodonews,共同通信,高梨と伊藤はともに9位　W杯ジャンプ女子第17戦,https://news.yahoo.co.jp/articles/bebfb46e3ad65a9405ae890b24cfc93e6c6e4448,2/25(日) 23:53
kyodonews,共同通信,古橋は前半のみ出場　スコットランドプレミア,https://news.yahoo.co.jp/articles/15f1d63c8ffee8909c6a0321f2a57da88fb34285,2/25(日) 23:27
kyodonews,共同通信,田中碧が今季5点目　サッカーのドイツ2部,https://news.yahoo.co.jp/articles/1772af0eec2c07a63180079e5061cc98469b6759,2/25(日) 22:48
kyodonews,共同通信,三木2勝目、種目別2位　パラレル大回転最終戦,https://news.yahoo.co.jp/articles/f70cc7d781ac77da879adf0785fdb3cad337e3ca,2/25(日) 22:46
kyodonews,共同通信,世界卓球、男子も中国優勝　11連覇、仏に3―0,https://news.yahoo.co.jp/articles/7ae534e56d46a13b97adc335495865cd7789f4ee,2/25(日) 22:43
kyodonews,共同通信,W杯パラレル大回転で三木が優勝,https://news.yahoo.co.jp/articles/8348221d5d4b3d87b1548e509147a86d91bab811,2/25(日) 22:36
kyodonews,共同通信,サッカー北朝鮮女子が来日　羽田空港で出迎え「万歳」,https://news.yahoo.co.jp/articles/eedebf5e811663b65e732b8b21a927196beaad02,2/25(日) 22:24
kyodonews,共同通信,北朝鮮のサッカー女子代表選手が来日,https://news.yahoo.co.jp/articles/92c6e390b6341a21d50c30248e512dd0572c6680,2/25(日) 22:18
kyodonews,共同通信,ローマ教皇「外交的解決を」　ウクライナ侵攻2年で呼びかけ,https://news.yahoo.co.jp/articles/3bb1596acb41ea9926f7c65e13fbf6bc591d23ec,2/25(日) 21:53
kyodonews,共同通信,坂本が逆転V、青木2位　フィギュアのチャレンジ杯,https://news.yahoo.co.jp/articles/075d51ddb9b0443336f9a5ff4deb1f20f1a03a55,2/25(日) 21:49
kyodonews,共同通信,なでしこ「落ち着いて」第2戦へ　サウジから帰国の途に,https://news.yahoo.co.jp/articles/3531ed89c974be4f03359115d9e1b026f09485fb,2/25(日) 21:01
kyodonews,共同通信,子どもの検索履歴、閲覧を撤回　学習端末巡り世田谷区教委,https://news.yahoo.co.jp/articles/fd51befde61571d9814ee90b765b64e98cf608aa,2/25(日) 21:00
kyodonews,共同通信,1億3千万円使途明細なし　自民茂木氏、棚橋氏後援会,https://news.yahoo.co.jp/articles/2ecf679a352ec11ef37ed5e4ec32c7cb015a9331,2/25(日) 21:00
kyodonews,共同通信,都庁舎彩る光と音楽、迫力に感動　ギネス認定、世界最大の常設展示,https://news.yahoo.co.jp/articles/4f19802212fff27282f5c4437d38f0ab7c867950,2/25(日) 20:45
kyodonews,共同通信,国民民主、東京15区補選の取り消し発表,https://news.yahoo.co.jp/articles/aa23db61b23f2eaf922cf16de87d38577dba4263,2/25(日) 20:26
kyodonews,共同通信,国内航空産業に新ビジネス　沖縄でリース機返却整備へ,https://news.yahoo.co.jp/articles/649637484a8f70de18cdedf43f79c422d5546016,2/25(日) 20:15
kyodonews,共同通信,カンボジア上院選で与党圧勝,https://news.yahoo.co.jp/articles/60656e52cb5d95eb24e6688b0ad9cb4b139dc8fb,2/25(日) 20:13
kyodonews,共同通信,山口刑務所で被告が死亡　50代女、自殺か,https://news.yahoo.co.jp/articles/4410e3655f8c5899963af32262bfaf1aa339cadb,2/25(日) 20:10
kyodonews,共同通信,山口刑務所で被告の女が死亡,https://news.yahoo.co.jp/articles/135c93701cd22fba4a03d2d5b817d2571d5c7f33,2/25(日) 20:09
kyodonews,共同通信,国内初のリース機返却整備に参入へ,https://news.yahoo.co.jp/articles/d926aaa700e1b8628e5e7f9d7c911d2d1483f6d9,2/25(日) 19:58
kyodonews,共同通信,独自制裁解除に反対せず　拉致家族会が運動方針,https://news.yahoo.co.jp/articles/9ee0b4f30c70021e9e1e970ca64640e961c49d51,2/25(日) 18:56
kyodonews,共同通信,新体操喜田、パリ五輪予選出場へ　個人の代表選考会,https://news.yahoo.co.jp/articles/2345a676648a376572c2a8c3c138c7340523561d,2/25(日) 18:44
kyodonews,共同通信,スピード・ジャパン杯、安川V2　女子は竹内が初優勝,https://news.yahoo.co.jp/articles/6fe446d830d1afb406cbe2e7489829d948f67510,2/25(日) 18:43
kyodonews,共同通信,国民民主、公認取り消し　東京15区補選内定の新人,https://news.yahoo.co.jp/articles/bb18256b32512aba2f43202f3737e0264c204a19,2/25(日) 18:33
kyodonews,共同通信,岩井千怜は13位、原ら16位　米女子ゴルフ最終日,https://news.yahoo.co.jp/articles/44bbf7a78ac0164167a31c4bd8e8963fcee3d226,2/25(日) 18:33
kyodonews,共同通信,国民民主、東京15区補選で公認取り消しへ,https://news.yahoo.co.jp/articles/0041a6f365cfbce50f2c4dd1140ae35bddccf4ee,2/25(日) 18:14
kyodonews,共同通信,衆院政倫審開催、26日に決定　15年ぶり、公開の是非焦点,https://news.yahoo.co.jp/articles/174f674ffc5b36bdd3a4ecf74daf49a5a734e8be,2/25(日) 18:10
kyodonews,共同通信,将棋の女流名人、福間香奈が奪還　西山朋佳を破り五冠復帰,https://news.yahoo.co.jp/articles/ca2ca425cc14f6702da8386b67640e34bee7e41d,2/25(日) 17:48
kyodonews,共同通信,「スペシャル五輪」閉幕、長野　650人が熱戦、活躍たたえ合う,https://news.yahoo.co.jp/articles/2b3dd17f230db6ee15c4258f26f64ec9c8dc2506,2/25(日) 17:31
kyodonews,共同通信,長崎ランタンフェスに121万人　過去最多、福山さん効果も,https://news.yahoo.co.jp/articles/7ab3321bbc046fa67cd7a29f43f32b324c28a3a6,2/25(日) 17:27
kyodonews,共同通信,イオン、ツルハの統合検討　傘下のウエルシアと,https://news.yahoo.co.jp/articles/50410b55c1339cc15b56fa4888834bc3a197291e,2/25(日) 17:25
kyodonews,共同通信,福間が女流名人奪還,https://news.yahoo.co.jp/articles/5a2033540c9d7d14455b1d0d0096fea3150c70e6,2/25(日) 17:25
kyodonews,共同通信,輪島市副市長隣家相談初日に解体　「一番先に」と担当課に要請,https://news.yahoo.co.jp/articles/61e3fae99154a0197e56809fbc561dca61602366,2/25(日) 17:18
kyodonews,共同通信,自主避難所へ物資配送終了、輪島　「一方的なやり方」憤りも,https://news.yahoo.co.jp/articles/12344ce1e7cedcb4fe4e0382a06ddcb36187afc7,2/25(日) 17:15
kyodonews,共同通信,輪島市副市長の隣家、相談初日に解体開始,https://news.yahoo.co.jp/articles/2b4248cdc134a0e25db2213a266f3636fd47ba7d,2/25(日) 16:43
kyodonews,共同通信,バスケ男子日本、中国破り2連勝　アジア杯予選,https://news.yahoo.co.jp/articles/a28726a47871f8d7ad86842b7b5adb5c9f21fc6e,2/25(日) 16:43
kyodonews,共同通信,イオンがウエルシアとツルハの統合検討,https://news.yahoo.co.jp/articles/326ce4ec118358dbad49d7baf85de16e15fb01fc,2/25(日) 16:34
kyodonews,共同通信,J1・横浜M、東京Vに逆転勝ち　柏―京都は引き分け,https://news.yahoo.co.jp/articles/c857de016daf0fc260a6bf3d09178810cdf93be1,2/25(日) 16:31
kyodonews,共同通信,能登の実習生、職場変更45件　特例適用1カ月、周知進まず,https://news.yahoo.co.jp/articles/5af90e63b30f4a28b393cb94c9e24bee997908e8,2/25(日) 16:28
kyodonews,共同通信,ラグビー、神戸が4勝目　リーグワン第7節最終日,https://news.yahoo.co.jp/articles/0bf33b33a051bfd37ae7859551c559731d52dc8b,2/25(日) 16:25
kyodonews,共同通信,巨1―2ヤ（25日）　ヤクルト小沢が3回無失点,https://news.yahoo.co.jp/articles/a198efdb4c300e606ca5e577fee91b49b7cfa5c8,2/25(日) 16:17
kyodonews,共同通信,自治体の非正規職員、6.9％増　74万人、財政難で正規増えず,https://news.yahoo.co.jp/articles/667b01679d55b7bf47d7d37655b79af064c173d6,2/25(日) 16:13
kyodonews,共同通信,日3―2広（25日）　上原、根本が無失点投球,https://news.yahoo.co.jp/articles/0345a746453a977b555f0f9df1ab3362b19cb08f,2/25(日) 16:08
kyodonews,共同通信,バスケ男子アジア杯予選で日本が中国破る,https://news.yahoo.co.jp/articles/955716eac970ebdd1c25de4c40a6412f64cc8541,2/25(日) 16:04
kyodonews,共同通信,高校生25万円クーポン、維新案　私立75万円上乗せも、財源課題,https://news.yahoo.co.jp/articles/0a50106b3c2ecda80dbbd91f3bdbe09f8bb9808f,2/25(日) 16:03
kyodonews,共同通信,中4―1神（25日）　三好が2安打1打点,https://news.yahoo.co.jp/articles/8de43509b58f5f225d4044cacc9460897a64afa3,2/25(日) 15:58
kyodonews,共同通信,D4―2楽（25日）　楽天ドラ1の古謝は3回3失点,https://news.yahoo.co.jp/articles/c58ab3acd80faeb09c2309737a552e7af05d5653,2/25(日) 15:41
kyodonews,共同通信,カンボジア上院、与党圧勝　フン・セン氏独裁強化,https://news.yahoo.co.jp/articles/718a1c4e2882a9987035c6fe9340b5aee0131045,2/25(日) 15:36
kyodonews,共同通信,ウクライナ女性に研修提供　生計向上や復興の後押しを,https://news.yahoo.co.jp/articles/7de45dda36f29126ee5e3c48589a538cc94c5340,2/25(日) 15:31
kyodonews,共同通信,多言語の習得は「音」から　脳領域特定、文法理解早く,https://news.yahoo.co.jp/articles/86dc69002b1a324bb104ff5b1ed93f9b4d1c0116,2/25(日) 15:28
kyodonews,共同通信,柳亭市馬会長「客に恩返しを」　落語協会誕生100年,https://news.yahoo.co.jp/articles/1c9b0b41e3777e1a1989e1ce1c91e7b1ef2ea84f,2/25(日) 15:07
kyodonews,共同通信,朝鮮挺身隊の苦悩、韓国で上演　歴史継承、日本の劇団員ら,https://news.yahoo.co.jp/articles/40887cfd70e2c1a9f7e92a2eea15bb829dd3a614,2/25(日) 14:39
kyodonews,共同通信,東大寺近くの事故で意識不明の男性が死亡,https://news.yahoo.co.jp/articles/c98c277ac09e0f4276945c0cbc8b7252506d884b,2/25(日) 14:26
kyodonews,共同通信,元参院副議長の角田義一氏死去　立民群馬県連最高顧問、86歳,https://news.yahoo.co.jp/articles/d8110b020720382e61a8d26114090527f525aa10,2/25(日) 13:32
kyodonews,共同通信,元参院副議長の角田義一氏死去,https://news.yahoo.co.jp/articles/85b17fc5b9b982f663bc5da5b3734c6ae9496de6,2/25(日) 13:10
kyodonews,共同通信,運転の男を自動車運転処罰法違反容疑で逮捕,https://news.yahoo.co.jp/articles/4b865b8eb80f09f885629d577f60bf6df018e3c4,2/25(日) 13:03
kyodonews,共同通信,マガジン「早バレ」男2人再逮捕　発売前にネットで違法公開か,https://news.yahoo.co.jp/articles/dbd0781f9118b41037641b653612856e3a2207fd,2/25(日) 12:18
kyodonews,共同通信,東大寺近くで車突っ込む、奈良　1人死亡1人重傷、79歳男逮捕,https://news.yahoo.co.jp/articles/8a301931bff6712e5e41e78c126a0fc407fc723e,2/25(日) 11:59
kyodonews,共同通信,札幌でコンビニ店員刺され死亡　殺人未遂疑い、男逮捕,https://news.yahoo.co.jp/articles/082f846b9d71cef708db997aae6652d26e105508,2/25(日) 11:57
kyodonews,共同通信,21歳平林が大阪マラソン初優勝　歴代7位、2時間6分18秒,https://news.yahoo.co.jp/articles/7e83a66e81ad26fb3b514ef840f22f3a43317096,2/25(日) 11:55
kyodonews,共同通信,21歳の平林が大阪マラソン優勝,https://news.yahoo.co.jp/articles/b7df13828fe50133611723cc8777bdd3218f9309,2/25(日) 11:26
kyodonews,共同通信,東大寺近くの事故で歩行者1人意識不明,https://news.yahoo.co.jp/articles/53f27254c80b9642fa77c83a5eb46c9134dcf71b,2/25(日) 11:22
kyodonews,共同通信,京都・北野天満宮で「梅花祭」　芸舞妓の振る舞うお茶味わう,https://news.yahoo.co.jp/articles/86eab64719f067b1382eade772bd3ae314bf2505,2/25(日) 11:12
kyodonews,共同通信,奈良・東大寺近くの歩道に車突っ込む,https://news.yahoo.co.jp/articles/c60e9847d44716f37dd98e0c393b00a7deae6cce,2/25(日) 11:08
kyodonews,共同通信,国公立大の2次試験始まる　前期日程、23万人志願,https://news.yahoo.co.jp/articles/8a13c0e3ebe1279e06e45ef44ef4a421bf27f8f5,2/25(日) 10:53
kyodonews,共同通信,ヘイリー氏、米大統領選からの撤退を否定,https://news.yahoo.co.jp/articles/527e68e774505ca18e207b332ca4ec99da10ee53,2/25(日) 10:45
kyodonews,共同通信,コンビニ店員の殺人未遂容疑で男を逮捕,https://news.yahoo.co.jp/articles/24f24163ed23aac1bbbb260b2c59ba1af2b9c139,2/25(日) 10:45
kyodonews,共同通信,米男子ゴルフ、久常63位に後退　メキシコ・オープン第3日,https://news.yahoo.co.jp/articles/4400a5e21588be7af777fac28cb90401c13e7d76,2/25(日) 10:18
kyodonews,共同通信,日米が九州・沖縄で離島奪還訓練　通称「鉄の拳」、連携強化狙い,https://news.yahoo.co.jp/articles/7fceba2f4c373fa7ec6e8f43934778dc94d585c2,2/25(日) 10:01
kyodonews,共同通信,ニジェールへの制裁解除　西アフリカ共同体,https://news.yahoo.co.jp/articles/c2dd04ec9e54b586cbfd86fca8bb8cab821879fc,2/25(日) 9:30
kyodonews,共同通信,トランプ氏が「期待以上」と勝利宣言,https://news.yahoo.co.jp/articles/94ffb05da8995893430a6f82304e3d3d859b5453,2/25(日) 9:28
kyodonews,共同通信,イスラエル、休戦案検討　ガザ最南部への侵攻計画承認へ,https://news.yahoo.co.jp/articles/499f9bbee53e51581fe58ff5becf297e901b7d0b,2/25(日) 9:15
kyodonews,共同通信,筒香、今季初出場で2点適時打　大谷はマシン打撃で調整,https://news.yahoo.co.jp/articles/ef971b848176d672c633080c39b81c01880c58c1,2/25(日) 9:07
kyodonews,共同通信,トランプ氏勝利と米主要メディア,https://news.yahoo.co.jp/articles/c0ca42b2bcca5aefb35ebef1e03a2dfef5e1e122,2/25(日) 9:05
kyodonews,共同通信,米共和党サウスカロライナ予備選、投票終了,https://news.yahoo.co.jp/articles/f2e31e64b7ae79f2ab9159c9c480acbbaf4dd3f9,2/25(日) 9:04
kyodonews,共同通信,金熊賞は「ダホメ」に　第74回ベルリン国際映画祭,https://news.yahoo.co.jp/articles/54656526b276d21f774383ad2a51d88e35c22a26,2/25(日) 9:02
kyodonews,共同通信,常磐炭田、父から継承したヤマの記憶　自宅敷地内に手作り「みろく沢炭鉱資料館」,https://news.yahoo.co.jp/articles/2fa697495e9fcb889a813e46a71d1138e9cb78a9,2/25(日) 9:00
