media_en,title_articles,link_articles,date_original
sotolover,初心者にとってじつは難しい！　知っていて損はしないキャンプ＆アウトドアの専門用語【一般編】,https://news.yahoo.co.jp/articles/f1f27e76f63d665b5d6024cdce2ed24e50afab9f,9/14(木) 11:41
sotolover,はじめての「オイルランタン」　「おすすめ品」と一緒に揃えたい「周辺アイテム」を販売店に直撃,https://news.yahoo.co.jp/articles/210a7335e7f8d41cfd5b15c9bbfcd8773f50a80b,9/14(木) 6:40
sotolover,クルマ旅も電気の時代が到来か？　EV＆PHVオーナーは要チェックの「充電できる道の駅」がただいま急増中,https://news.yahoo.co.jp/articles/1ed4f8bd65dd5b9871d1f41121ed2568ee7ce44b,9/13(水) 20:23
sotolover,車載した荷物の整理整頓は大切！　オートキャンプのやっちまったクルマのエピソード5選,https://news.yahoo.co.jp/articles/f383497ac244a2c1af2523af95a4580d88259de4,9/13(水) 18:55
sotolover,心底楽しめるのはアラフォーから!?　「フジロック・フェスティバル’23」で知った、ゆったりまったり大人なフェスの楽しみ方とは,https://news.yahoo.co.jp/articles/197425e1d047bef3104039bd9dbbead6265b13e7,9/13(水) 11:41
sotolover,EVの再利用バッテリー最前線ルポ！  「SDGs」なポータブル電源の実力とは【後編】,https://news.yahoo.co.jp/articles/3581497097ffffd53f0e0f87977f01539f1ebe62,9/13(水) 6:40
sotolover,たどり着けるかは運次第!?  究極の秘湯・野湯探検記　水しぶきのかかるダイナミックな温泉滝「称名滝の湯」,https://news.yahoo.co.jp/articles/f66bc0c80273930382bde99f099e92ab0c792d49,9/12(火) 20:02
sotolover,レンタルもいいけどやっぱり揃えたい！　「キャンプデビュー」で準備したい必要最低限のアイテム9選,https://news.yahoo.co.jp/articles/211bcb8c150dd43464976908bca383342c5d9eb3,9/12(火) 19:00
sotolover,貼るだけで治癒力が高まるってホント？　高機能絆創膏でソト遊びのケガ対策は万全になる,https://news.yahoo.co.jp/articles/d78cbab48c915daad35705e4f2660176dd964898,9/12(火) 18:03
sotolover,連れて行きたいけど心配……　そんな不安を解消する「小さな子ども連れキャンプ」の安全対策とは,https://news.yahoo.co.jp/articles/b055fba8d6be6ae8b2f0cf6525dc6f7530330b87,9/12(火) 12:19
sotolover,EVの再利用バッテリー最前線ルポ！　日産がリサイクルバッテリーを活用したポータブル電源を市販化【前編】,https://news.yahoo.co.jp/articles/8b4e58e5c342c004a867375db92560f9e4046c65,9/12(火) 6:40
sotolover,キャンプ道具もリサイクルする時代！ リユースショップなら希少な激レアモデルに出会えるかも？,https://news.yahoo.co.jp/articles/9ed6f602032867bafe50eda71d602b9e351f9b70,9/11(月) 20:02
sotolover,たどり着けるかは運次第!?　究極の秘湯・野湯探検記「日本の温泉ベスト10」にも選出された野湯！　式根島の「地鉈温泉」「足付温泉」,https://news.yahoo.co.jp/articles/05b3f148cef1e30a9ed1b02df6aa049a5bb784a4,9/11(月) 19:02
sotolover,利用者のマナー問題が噴出？　みんなの道の駅利用は「清く、正しく、行儀よく」が鉄則,https://news.yahoo.co.jp/articles/8b4e29fc2fb7d0f6624298a837b32e0569ebf856,9/11(月) 18:00
sotolover,知っているようでじつは理解できていない！　キャンプ＆アウトドアの専門用語集「調理器具／前編」,https://news.yahoo.co.jp/articles/5d4f162fd33a1fe36ec81636399037fd026bc438,9/11(月) 11:40
sotolover,地上に出て1週間で死んでしまう運命ってホント？   虫たちとの上手な付き合い方【セミ編】,https://news.yahoo.co.jp/articles/4c1e97e427f70bfdcc69fb68af8d598690fcc4f8,9/11(月) 6:41
sotolover,ちょっとしたコツとテクニックで映える写真が撮れる！　プロカメラマンが教えるアウトドア撮影術【動物編】,https://news.yahoo.co.jp/articles/8ec999e2cec57a722c0b12fab10532fe7712e643,9/10(日) 21:17
sotolover,「ほめて伸ばす」はアウトドアでも必須！　脳科学者が推奨する「育脳的キャンプ」のススメ,https://news.yahoo.co.jp/articles/b0b6d687823a2b4d41b422bf497ec9f8f8a7e7bd,9/10(日) 20:00
sotolover,四季を感じる「草花図鑑」美しさと繁殖力のいずれもケタ違い【タカサゴユリ】,https://news.yahoo.co.jp/articles/9c8ec12be4b484385b1df3756410593ae544112b,9/10(日) 19:00
sotolover,ソーラーパワーで熱いステージを届ける!!　「中津川 THE SOLAR BUDOKAN 2023」今年も開催！,https://news.yahoo.co.jp/articles/86ba3290b0530470038d028c2dae2beda6a9ba79,9/10(日) 18:00
sotolover,出かけてみたら「マジかっ？」本当にあったキャンプの「聞いてないよ～」エピソード5つ,https://news.yahoo.co.jp/articles/88ebe3d04efe1e43f079199881b3046e72c45e08,9/10(日) 12:19
sotolover,初心者には簡単なようでじつは難しい!?　キャンプ＆アウトドアの専門用語集【一般編】,https://news.yahoo.co.jp/articles/d156253664a7095e6d96d70454bcd90e09e4f6ea,9/9(土) 20:01
sotolover,三陸の風を感じる日本最長のロングトレイル「みちのく潮風トレイルを歩く」【宮古～大船渡編】,https://news.yahoo.co.jp/articles/924437de54796a78b8c3294987a2cc323f037827,9/9(土) 19:02
sotolover,デジタルデトックスでコミュニケーション能力を育む！　脳科学者が推奨する「育脳的キャンプ」のススメ,https://news.yahoo.co.jp/articles/ace289cb65389f72e9884c5a0bc2a1309ad8c056,9/9(土) 18:04
sotolover,ちょっとした工夫で「映える」写真に早変わり！　プロカメラマンが教える初心者でも撮れるアウトドア撮影術【vol.03 人物編】,https://news.yahoo.co.jp/articles/27e3912825b6fc7e9d49e039ad5ff8913405654e,9/9(土) 17:29
sotolover,国内最大級のサイケデリック・トランスのフェスティバル!!　「SUNSHINE FESTIVAL 2023」が3日間にわたり開催,https://news.yahoo.co.jp/articles/0a213419a608fe49e0824e6baa501c0a35cc542a,9/9(土) 7:22
sotolover,3日間で総勢66組の豪華アーティストが山口に集結!!　「WILD BUNCH FEST. 2023」開催,https://news.yahoo.co.jp/articles/2a863df44944d51e87d937787a7234781eb0613f,9/8(金) 20:00
sotolover,みちのくのキャンプ場が巨大ディスコになる3日間「MATRICARIA2023」が間もなく開催！,https://news.yahoo.co.jp/articles/cb9346477717c78c6a7669f7ef9e0fbcef1f7515,9/8(金) 19:00
sotolover,滑空する姿は空飛ぶ座布団!?　ムササビの生態がよくわかる「はじめよう!!　高尾山でムササビ観察会」参加ルポ,https://news.yahoo.co.jp/articles/e0b32aeec799e7b2975d45d75c5e2586355a97a0,9/8(金) 18:00
sotolover,マジで勘弁してくれ！　はっちゃけるのはいいけど絶対にやめて欲しい「キャンプのNG行為」5選,https://news.yahoo.co.jp/articles/467a2cd9e297d4d2def617c954354e23df9391fd,9/8(金) 11:41
sotolover,自然豊かな緑や清流も魅力！　1サイトが「100㎡以上」のゆったりサイトがある個性あふれるキャンプ場3選【関東エリア】,https://news.yahoo.co.jp/articles/bba019605159b79f00e65e1951af90d3cdaf0b98,9/8(金) 7:03
sotolover,匂いを遮断してクマを寄せつけない！　キャンプ場の「クマ対策」は用心に用心を重ねるぐらいが丁度いい,https://news.yahoo.co.jp/articles/85156a4aa09a9b08a779343bfe1dd3c97595c817,9/7(木) 20:02
sotolover,夜だからこそ会える貴重な姿！ 知っているようで知らないムササビの生態を高尾山で観察する【2023年9月10日・16日・17日開催】,https://news.yahoo.co.jp/articles/a376d98ae38d5506c91f11e631b8447784a9a2d8,9/7(木) 19:00
sotolover,瀬戸内で行われる〝日本一ゆるい〟島フェス！「shima fes SETOUCHI 2023 ～百年つづく、海と森の音楽祭　＜海編 “Beach”＞」開催！,https://news.yahoo.co.jp/articles/bbae17e8bc047bb2da797b322cb4ced0c45c0e65,9/7(木) 18:01
sotolover,じつは台風シーズンである「秋のキャンプ」で困らない「安全対策」と勇気ある撤退方法とは,https://news.yahoo.co.jp/articles/8896dc548f829f7f798e3be12efdb39be8df8e7c,9/7(木) 11:51
sotolover,アウトドアでどハマりするアースカラー仕様も！　プロボックスの正しい育て方は此処にあった,https://news.yahoo.co.jp/articles/fc8e557a1e43f727055bbffe7b07898393941c3d,9/7(木) 6:40
sotolover,元地下アイドル・姫乃たまの「おそとで生きるもん！」 アボカドを使えばピンクに染まる!?　オリジナルのハンカチーフつくってみた,https://news.yahoo.co.jp/articles/baab478f6454912f49267d3ff82ddf498960e125,9/6(水) 20:01
sotolover,鳥類の足に秘密あり！　寝ているときに枝から落ちない理由は自動ロック機構にあった,https://news.yahoo.co.jp/articles/a18cdb7a84c5d47e3d66aa7cdac99f03e73bf9d8,9/6(水) 19:02
sotolover,目指せ未来のファーブル博士！　出かけたらきっと虜になる関西の昆虫館が面白い,https://news.yahoo.co.jp/articles/33a197b7b46bf0835735f92ad42128c6e7420804,9/6(水) 18:02
sotolover,軽キャンパーがDIYできるってマジかっ!!　荷台に載せたスケルトンシェルがオンリーワンの秘密基地になる,https://news.yahoo.co.jp/articles/2b7007ed60be3400ec452b0f30f7d3063f1999af,9/6(水) 11:40
sotolover,正しく使えば熊害から身を守る命綱になる！　知床で「クマ撃退スプレー」のレンタルを活用しない手はない,https://news.yahoo.co.jp/articles/929441e836986842b012f990cdc5127c45e082d6,9/6(水) 6:40
sotolover,【タイトル再訂正】憎き蚊をシャットアウト！　テントまわりを防除する「キャンプで使える」蚊に効く3アイテム,https://news.yahoo.co.jp/articles/7524724025ee8b55bf45571b67b6cf3a2c8b1492,9/5(火) 20:02
sotolover,葛切りからは想像できない？　侵略的外来種ワースト100に選ばれたグリーンモンスター「クズ」の驚異とは,https://news.yahoo.co.jp/articles/a35327d88f4df13020109924e36ddfca9e5c0063,9/5(火) 19:00
sotolover,その答えは言わずもがな!?　「SUV」と「箱バン」キャンプで使い倒せるクルマはどっちだ,https://news.yahoo.co.jp/articles/790834bbe9d7a754d7e86c46916817bdcad97764,9/5(火) 18:02
sotolover,残暑でも涼しく快適なキャンプを堪能したい！　爽やかなひとときが過ごせる高原のキャンプ場3選【東北エリア】,https://news.yahoo.co.jp/articles/ec5b94397a540af7bac03a1e31aadeef13bd2d2d,9/5(火) 12:15
sotolover,トヨタ・タウンエースがアメ車に？　普段使いに困らないヴィンテージなアメリカンバン誕生,https://news.yahoo.co.jp/articles/bf5cdfd8f185dc95b30127aa92eb1cbf94d3b507,9/5(火) 6:40
sotolover,都市型から大自然が自慢の施設まで！　コスパ最高で満足度が高いキャンプ場3選【九州エリア】,https://news.yahoo.co.jp/articles/64a8a1e4d030358a348b811ccec3fcefa7dbf7d6,9/4(月) 20:01
sotolover,知的好奇心が子どもの脳を育む！　脳科学者が推奨する親子で楽しむアウトドア体験のススメ,https://news.yahoo.co.jp/articles/44d7230570227badb2688e2fbb002046cf979194,9/4(月) 19:00
sotolover,インスタ映え必至！　思わず被写体にしたくなる夏に咲く花と東京都内の撮影スポットとは,https://news.yahoo.co.jp/articles/a937f6dc7e84df7df4c8be7d5fd4fbcf877b5f14,9/4(月) 17:59
sotolover,睡魔に襲われる前にやっておきたい！　キャンプで怠りがちの絶対NG行為4選,https://news.yahoo.co.jp/articles/affdd96c7f0593371b78b3c008b4aa6d0cd56997,9/4(月) 11:41
sotolover,まるで「走る山小屋」？　居住スペースに薪ストーブ導入の四季を問わず大活躍の「軽トラ」バンライフが幸せすぎる,https://news.yahoo.co.jp/articles/fe5081ac03806d3263265644e60b50f1662d2225,9/4(月) 6:40
sotolover,スパイス界のヘビー級王座決定戦？　「マキシマム」vs 「ほりにし」アウトドア最強調味料はどっちだ,https://news.yahoo.co.jp/articles/c20a2f7837b9b1192bb4c9d371f06f03dab82abd,9/3(日) 20:02
sotolover,初心者もベテランも楽しめる百名山！  岩場も現れる「大菩薩嶺」日帰り登山ルポ【後編】,https://news.yahoo.co.jp/articles/33a1f19a829fc2a924363196251d2769d0c03f7f,9/3(日) 19:00
sotolover,専門家に教えてもらおう！　昆虫界の英雄「クワガタムシ＆カブトムシ」名前の由来とその生態とは,https://news.yahoo.co.jp/articles/d9994a145449ab8576924f78352fe33126557565,9/3(日) 18:01
sotolover,オオカミ信仰と御岳山の歴史にも触れながら、縦走にチャレンジ！ 「JACK WOLFSKIN DISCOVERY CLUB 2023 VOL.03」開催,https://news.yahoo.co.jp/articles/55d76d8920b25d67f13266b543bf2e0461abde2b,9/3(日) 12:02
sotolover,アウトドアが子どもの知的好奇心を刺激する！　脳科学者が推奨する「育脳的キャンプ」のススメ,https://news.yahoo.co.jp/articles/c43c3c7c7e1d5de2a65d11792b86c8c917262c15,9/3(日) 6:00
sotolover,初心者もベテランも楽しめる百名山！  日帰り登山にベストな大菩薩嶺登山ルポ【前編】,https://news.yahoo.co.jp/articles/2f47a738f7eb35080cd77b52540cc979b5f7e1de,9/2(土) 20:01
sotolover,レンタルするなら買った方が安い？　キャンプ道具の「レンタル」と「購入」の最適解を検証してみた,https://news.yahoo.co.jp/articles/84d5adb65547ac9512b135547a528f3ace8b4d04,9/2(土) 19:00
sotolover,【書評】「衝撃アウトドア本」発掘レビュー！　STRANGE OUTDOORE BOOK『九十九島全島図鑑 西海国立公園』,https://news.yahoo.co.jp/articles/489b7df8f77bc7f5eede3202b80158ff30b99f80,9/2(土) 18:01
sotolover,鳥たちの生命力に驚愕！　種類によって巣の作り方は千差万別なその生態が面白い,https://news.yahoo.co.jp/articles/9e263cf9640eefa5c6b2fa47e4c6a0c0b8738786,9/2(土) 12:04
sotolover,心底楽しむなら「連泊」一択！　キャンプでもタイパがモノをいうタイムスケジュールの組み方と手抜き術,https://news.yahoo.co.jp/articles/39d8bbf4a043a179e7a414244081aa92dccf82b1,9/2(土) 8:22
sotolover,残暑が厳しい季節でも快適に過ごせる！　爽やかな水辺で涼が感じられるキャンプ場3選【近畿エリア】,https://news.yahoo.co.jp/articles/a69ee48913e643e6645e78115584459e5b55fad1,9/1(金) 20:22
sotolover,ソトラバこども相談室【鳥編】じつは人間と寄り添い生きている鳥たちの巣をづくりの不思議とは？,https://news.yahoo.co.jp/articles/3f676e113e65b625e540d57fbb3cb551731bbf58,9/1(金) 19:03
sotolover,元地下アイドル・姫乃たまの「おそとで生きるもん！」 目指すは丁寧な暮らし　ワンピースをカレーのスパイスで染めてみた,https://news.yahoo.co.jp/articles/f2c1a0cd4978df3025e9dd59b5d196ea1f0ba3a6,9/1(金) 18:08
sotolover,ルーフテント載せて「鬼に金棒！」走破性と魅力的な就寝空間を備えた「最強軽キャンパー」誕生,https://news.yahoo.co.jp/articles/7c27f6b9afa075b5bc756f315424d48682893e2d,9/1(金) 11:41
sotolover,アウトドアショップ店員に聞く！「イチ推しキャンプギア」少ない燃料でお湯が沸くアイルランド生まれのミニマルなケトルが個性的,https://news.yahoo.co.jp/articles/92b781336b4b04d5cdea9c3fe7ceca38dbcc0784,9/1(金) 6:40
sotolover,アウトドアショップ店員に聞く！「イチ推しキャンプギア」本場フィンランドのサウナテントでいつでも何処でも整う,https://news.yahoo.co.jp/articles/3b3d8d46ede37fe86bc2e497de76acc94ff586db,8/31(木) 20:03
sotolover,あらゆる世代の音楽好きがうなる!!　2日間開催にパワーアップした「WIND PARADE ’23」開催迫る！【2023年9月9日・10日】,https://news.yahoo.co.jp/articles/79612aa05ce20c2bc66631644762f4403f99a1dc,8/31(木) 19:01
sotolover,キャンプ＆アウトドア好きには堪らない外遊びの祭典「アウトドアデイジャパン 神戸 2023」開催,https://news.yahoo.co.jp/articles/8fe7cb428163f0a632e1710bb465b11c2c4de3f4,8/31(木) 18:01
sotolover,装備の簡素化が主流派に!?　普段使いからくるま旅まで過不足なく使い倒せる「トヨタ正規ディーラー製」キャンパーの実力とは,https://news.yahoo.co.jp/articles/61882f58455c0267a0b3fb6bf9546509904820b6,8/31(木) 11:40
sotolover,秋の行楽シーズン目前！　コスパ重視の「BBQ」なら準備は「ホムセン」一択だった,https://news.yahoo.co.jp/articles/ea49320876ce1552eacd47adf0e4a5cea2d145d4,8/31(木) 6:40
sotolover,高原の「秋キャンプ」でゆったりステイ！  下界は残暑が厳しくても標高があれば涼しげな高原のキャンプ場4選【近畿エリア】,https://news.yahoo.co.jp/articles/623c43c3f88badea0c86c0015c439de2079a970c,8/30(水) 20:00
sotolover,「四季を感じる草花図鑑」秋の訪れを感じさせる可憐な草花、コマツナギとハギを知る,https://news.yahoo.co.jp/articles/28c9fc9c3dfc69f7546dcd5f9902b3c0490a78d3,8/30(水) 19:02
sotolover,フジロックの魅力がグレードアップ！  野外フェスとしてさらに進化した「フジロック・フェスティバル'23」参戦ルポ【後編】,https://news.yahoo.co.jp/articles/24fdf16678c90a19797e0125eb494ab979f42cc7,8/30(水) 18:02
sotolover,何処へでも「ロードトリップ」できる可愛い秘密基地！　運転ラクチンで牽引免許いらずの「トレーラーハウス」がキュート,https://news.yahoo.co.jp/articles/9bdf50e1053ba72f5fac93106b42b9281d82f93b,8/30(水) 11:41
sotolover,アウトドアショップ店員に聞く！「イチ推しキャンプギア」有害な病原菌を99%以上除去してくれる「川の水も飲める」ようになる携帯浄水器,https://news.yahoo.co.jp/articles/31d95b000dda873fce46ba25906ada2d56fca0e6,8/30(水) 6:41
sotolover,コロナ禍明けでフルパワー全開！　夏の苗場の風物詩 「フジロック・フェスティバル’23」参戦ルポ【前編】,https://news.yahoo.co.jp/articles/b9e7a6cfe2d8db27d150549711fc0fa89415c8d1,8/29(火) 19:28
sotolover,ひんやり冷たい「天然のプール」がすぐ側にある！　子どもたちが安心して水遊びできる「キャンプ場」3選,https://news.yahoo.co.jp/articles/8782feaa7007d526a6498994538972c0d78c5c89,8/29(火) 19:01
sotolover,童謡「おぼろ月夜」で唱われた地を巡る！  「千曲川・高社山 SEA TO SUMMIT 2023」開催,https://news.yahoo.co.jp/articles/4633729fbff40db73e0a989ebf0c533bcd8a5533,8/29(火) 18:07
sotolover,秋のキャンプデビュー前に必ず知っておきたい！「トラブルを避ける」ためのキャンプの基本の「キ」とは,https://news.yahoo.co.jp/articles/77d2f1d39d33c6451956f0d7a62810edc0b1c068,8/29(火) 11:52
sotolover,アウトドアショップ店員に聞く！「イチ推しキャンプギア」フィンランド軍愛用のミリスペックなデイパックの堅牢性がヤバい,https://news.yahoo.co.jp/articles/ca1379fa6dc5d93eb6c9a492cb3f867086921f91,8/29(火) 6:40
sotolover,まだまだ手放せない！   塗ったり身に付けたりで蚊に刺されとおさらばできる完全防備の「虫よけ」アイテム3選,https://news.yahoo.co.jp/articles/04c88d7c410c2717b5b9531c4af1286810d3af0e,8/28(月) 20:02
sotolover,贅沢な三陸の絶景が眼前に広がる！　安すぎて逆に心配になる格安で遊べる三陸のキャンプ場3選,https://news.yahoo.co.jp/articles/42607ed01c75ca2077d30f8c94d8b675984018f7,8/28(月) 19:00
sotolover,「えっ？   聞いてないよ～」じつは利用NGの場合もある「道の駅」＆「キャンプ場」の車中泊が嫌われる理由とは,https://news.yahoo.co.jp/articles/59464e25b8ec86dfff49c02f14d55e475e37e6e3,8/28(月) 18:01
sotolover,キャンプデビューの前に心得ておきたい！「トラブルを避ける」ためのオートキャンプの基本の「キ」とは【前編】,https://news.yahoo.co.jp/articles/900f7d424f91b184cd83f4053af1afe298dc0fff,8/28(月) 11:41
sotolover,アウトドアショップ店員に聞く！「イチ推しキャンプギア」 驚異の断熱効果により抜群の保冷力を誇る「QOOL」のクーラーボックス,https://news.yahoo.co.jp/articles/c6be99d0a456b91fd2ca625ce441995728b5e585,8/28(月) 6:40
sotolover,秋の長雨を呪うことなかれ！　じつはメリットだらけの「雨キャンプ」が幸せ過ぎる4つの理由とは,https://news.yahoo.co.jp/articles/461741d28cb3728781c251e743c83df6149e3b73,8/27(日) 21:03
sotolover,「キャンプ疲れ」してませんか？　気張り過ぎてリラックスできない問題を解決する「チルキャンプ」のススメ,https://news.yahoo.co.jp/articles/111207da7647b0a1fbd7529105f5ffdce6ca53bc,8/27(日) 20:02
sotolover,「Cellstar Go Camping」からアウトドアシーンで使い倒せる「C5C」シリーズ3アイテムが新発売,https://news.yahoo.co.jp/articles/1963e5a52979fcb1fbb8e670c87db38a640675ac,8/27(日) 18:00
sotolover,アウトドアショップ店員に聞く！「イチ推しキャンプギア」子どもでも魔法のように火起こしができるファイヤースターターの驚異の実力とは,https://news.yahoo.co.jp/articles/a39d44652df5237348eec109d349fff370fcc22c,8/27(日) 12:00
sotolover,「行きはよいよい帰りは怖い！」 荷物は微塵も増えてないのに「クルマに載らない問題」を解決する正しいパッキング術と積載方法とは,https://news.yahoo.co.jp/articles/cc87926103921fcb1c646be058fc613ba5716253,8/26(土) 21:11
sotolover,「聖地ヨセミテ」に魅せられて！ 日本のキャンプ様式とは大きく異なる本場カリフォルニアの「野営事情」とは,https://news.yahoo.co.jp/articles/bf788d19dccf472d0852807ffc3486b1ca81e11f,8/26(土) 20:01
sotolover,すっぱ辛ウマ調味料「レモスコ」でソトゴハン！　「3種のスイーツ」との奇跡のマリアージュは果たして生まれるのか？,https://news.yahoo.co.jp/articles/84fdab73fe777bdcd3fb98ad8a5536a58851fc10,8/26(土) 12:01
sotolover,アウトドアショップ店員に聞く「イチ推しキャンプギア」子供にも使わせたくなる！  扱いやすくて本格的なアウトドアナイフ,https://news.yahoo.co.jp/articles/8a28f03248ff1e963eb860e5e72909d7fc6992b4,8/26(土) 6:00
sotolover,僕たちの好きなキャンプ場！  子どもたちが大喜びのイベント盛り沢山「赤城山オートキャンプ場」,https://news.yahoo.co.jp/articles/a6dc28a89e5b7e34231b1b6972a87fa766e30b9c,8/25(金) 20:00
sotolover,日本一の瀬戸内レモンでさっぱり爽やかにいただく！　すっぱさと辛旨が新感覚の「レモスコ」の浅漬けでご飯がススム,https://news.yahoo.co.jp/articles/5bd62060c824d6a3cc52fb42cdd566906c12db75,8/25(金) 19:01
sotolover,専門家が昆虫との付き合い方を指南！　じつは複眼と単眼の三ツ目を持つ「バッタ」の興味深い生態を知る,https://news.yahoo.co.jp/articles/37e8ec8f8e70538b5a086c48f04a49dc9e7ae76a,8/25(金) 18:00
sotolover,トイレやシンクは要らない！　キャンピングカー未満がちょうどいい「バンライフ」仕様がいま注目される理由とは,https://news.yahoo.co.jp/articles/c1f8670db11a72aa05c58204c25e4d4dbaa8fc7f,8/25(金) 11:59
sotolover,アウトドアショップ店員に聞く「イチ推しキャンプギア」オールラウンドに活用できて使いやすい！  本場スウェーデンの「モーラナイフ」 の実力とは,https://news.yahoo.co.jp/articles/120000398643d3fb62b6488c3f952c6e5ad5a37f,8/25(金) 6:40
sotolover,じつは耐水圧のスペックより要チェックが必須！　初のテント泊デビューでやりがちな「失敗エピソード」5選,https://news.yahoo.co.jp/articles/bc0152861d21bb85398e7b9547834cef81135482,8/24(木) 19:00
sotolover,日本一の瀬戸内レモンで魚料理が絶品に？　すっぱさと辛旨がマリアージュした新感覚調味料「レモスコ」でソトゴハン,https://news.yahoo.co.jp/articles/4f872e2a8f784ff7d641961732183c9ee471843c,8/24(木) 18:00
sotolover,個性派ラインナップと絶景ビューが最高！　信州松本で「りんご音楽祭」開催!!【2023年9月23日・24日】,https://news.yahoo.co.jp/articles/d8e61db09f0726295feddb338c9657fe4c006c71,8/24(木) 17:00
sotolover,日本一の瀬戸内レモンでなんでも絶品に！　すっぱ辛ウマ調味料「レモスコ」でソトゴハン【○○醤の代わりに使ったらどうなる!?】,https://news.yahoo.co.jp/articles/2bb05c807b2e372418fd02663f47aac55429a66a,8/24(木) 11:40
sotolover,ショップ店員に聞く！　イチ推しキャンプギア【UPI 表参道】『ゆるキャン△』でも話題になったキャンプでも自宅でも使える「おしゃれな折り畳みチェア」,https://news.yahoo.co.jp/articles/5d1d268ba6beeba53d6c23affe0db5663b9e20d1,8/24(木) 6:40
sotolover,僕たちの好きなキャンプ場！ ロケーションにワークショップどれも素敵な「Foresters Village Kobitto 南アルプスキャンプフィールド」,https://news.yahoo.co.jp/articles/eb4d75ff0cf4d26aedeca31f7370c566f686fe64,8/23(水) 20:02
sotolover,初心者でもチャレンジできるやさしいコースも魅力！　加美富士の山頂を目指す「宮城 加美町 SEA TO SUMMIT 2023」開催,https://news.yahoo.co.jp/articles/78cfdbae312b7b5c012cd31974b1c7d26ee55581,8/23(水) 19:02
sotolover,専門家が昆虫との付き合い方を指南！　危険な虫たちに「敵認定」されないためのやってはいけないNG行為とは？,https://news.yahoo.co.jp/articles/359de337ab26bad600d4caca7f56ac123d7e627e,8/23(水) 18:04
sotolover,「僕たちの好きなキャンプ場 」遠方でも年に1度は出かけたくなる子どもたちが大喜びの【戸隠キャンプ場】,https://news.yahoo.co.jp/articles/8604ff1eda25706bcc2340c1c4d1bdc2a3effd68,8/23(水) 11:41
sotolover,ショップ店員に聞く！　イチ推しキャンプギア【UPI 表参道】焼く、煮る、揚げる、蒸す……アイデア次第で多彩に楽しめる超万能なミニスモーカー,https://news.yahoo.co.jp/articles/e420d87513ab294749ffbbf1742545adaeb5187a,8/23(水) 6:40
sotolover,【書評】旅の本屋「のまど」厳選！　今すぐ冒険に出たくなる本『僕の歩き遍路　四国八十八ヶ所巡り』,https://news.yahoo.co.jp/articles/d6ada71db6700f6476be890de0285d3731248497,8/22(火) 19:01
sotolover,まるで薬草ラボ！　見て触って飲んで体験できる「ひだ森のめぐみ」で薬草を学ぶ,https://news.yahoo.co.jp/articles/c71c54d9e134eb3d2f16f0780902241ed443c3fc,8/22(火) 18:02
sotolover,じつは「寒さ対策が必須！」秋キャンプデビューで揃えたいマストアイテム6選,https://news.yahoo.co.jp/articles/6cda1c447ff505afa1a54dcdff123885b24d2178,8/22(火) 12:26
sotolover,ルーフトップテントを手に入れて「鬼に金棒！」人気JLラングラーで車上泊を叶える「TripTop」の無限の魅力とは,https://news.yahoo.co.jp/articles/d0dc081be1235039e59bce0e5740ed9af577671f,8/22(火) 6:40
sotolover,まるで「動くラグジュアリーホテル」キャンピングカーの枠をはみ出したモーターホームの贅を尽くしたプライベート空間とは,https://news.yahoo.co.jp/articles/473c6ec2b56a42dab255ae744bec7d0d9e6e3ea1,8/21(月) 20:02
sotolover,親の独りよがりにご用心！　怪我のリスクもあるけれど子どもにやらせることが大切な実りある「キャンプ」の楽しみ方とは,https://news.yahoo.co.jp/articles/632334fa6b52a65a39ba31241bcea46597c3937b,8/21(月) 19:38
sotolover,楽しく薬草が学べる！ ワークショップや展示＆販売などイベント盛り沢山の「飛騨市薬草フェスティバル」が今年も開催,https://news.yahoo.co.jp/articles/2f49e44f53959b681ea97c3c2c69515b5173d451,8/21(月) 17:02
sotolover,テント内「空気回し」の必需品！　年中活躍確実の「サーキュレーター&ファン」3選,https://news.yahoo.co.jp/articles/555991a10070a6d6e136dc6252d10b034efbe210,8/21(月) 11:40
sotolover,侮れない「ホムセン」オリジナル！　コスパと機能性が両立した「キャンプ用品」5品,https://news.yahoo.co.jp/articles/d5394f98bf99f984bec8384d3af595b809af5bc5,8/21(月) 6:40
sotolover,キャンプ道具の整理整頓がラクチンに！　ドメティックから北欧デザインのストレージコレクション3アイテムが新登場,https://news.yahoo.co.jp/articles/3e53f67286b58795b25a3b30f0aaaa45b67418bc,8/20(日) 19:00
sotolover,キャンプデビューは秋がベスト！   防寒対策すれば幸せばかりの「秋キャン」の魅力と注意点とは,https://news.yahoo.co.jp/articles/87247ba92d876b43067c0aafc469286f8aae0e5e,8/20(日) 12:01
sotolover,こんなファニーな「秘密基地」が欲しかった！　まわりから熱視線必至のちょっと小さなエコノライン＆スクールバスの中身とは,https://news.yahoo.co.jp/articles/6544e70b769b9bf570861007be142fb5832e50c3,8/20(日) 8:01
sotolover,キャリアカーベースのヤバい奴が降臨！ まるで「走る億ション」な巨大トレーラーハウスの正体とは？,https://news.yahoo.co.jp/articles/b4246d219fd3422dc574cf76e2e8e32c3ee941ae,8/19(土) 21:00
sotolover,ジャック・ウルフスキンに聞く!!　快適な登山で困らない「知っておくと」使えるレイヤリングの基本テクニックとは,https://news.yahoo.co.jp/articles/bafb574b87d70d59944e186d3de1e1c4c23e3dbf,8/19(土) 20:00
sotolover,駅直結で手ぶらBBQを満喫！　オーシャンビューのロケーションで気心知れた仲間たちとBBQが堪能できる「ロゴスBBQスタジアム＆カフェ」,https://news.yahoo.co.jp/articles/cee251e3575b29a24f7ec492e2e5855007be7787,8/19(土) 19:00
sotolover,秋まで待っていられない！   酷暑が厳しい今から始めたい「秋キャンプ」の準備とその対策とは,https://news.yahoo.co.jp/articles/5ebf832c6a6e0ee97d67835026ed01c124a50985,8/19(土) 18:00
sotolover,女子人気爆上がり！   シンクとギャレーはないけど4人就寝の「極上車中泊」が叶う「軽キャン」の限りない可能性とは,https://news.yahoo.co.jp/articles/ae30718d197145096507cd72ba7a87c779e7e396,8/19(土) 6:40
sotolover,「聖地ヨセミテ」に魅せられて！ じつは放火も多い？　カリフォルニアの山火事事情について現地からレポート,https://news.yahoo.co.jp/articles/bf8d59072c347dd8d13c8f4ceade78826294d1f2,8/18(金) 20:00
sotolover,「ちょい足し」するだけでキャンプ飯が飛びきり映える！　あるとないとで大違いの「プチプラ」なテーブルコーデ術が効果絶大,https://news.yahoo.co.jp/articles/a9c3ad00e0a8508b11eed2ccb667f40862fcabc1,8/18(金) 19:01
sotolover,15周年を迎えてさらにパワーアップ！　キャンプと音楽だけじゃない外遊び体験がいっぱい「GO OUT CAMP vol.19」開催,https://news.yahoo.co.jp/articles/178e0edc1af44af6b9f960d78e26f1288f054f2d,8/18(金) 18:02
sotolover,「キャンピング仕様」×「バンライフ」を贅沢に融合させたレトロ顔ハイエースのワガママ過ぎるスペックとは,https://news.yahoo.co.jp/articles/0638ae2cdc8a84429c34fa0ee1f64b33814a039b,8/18(金) 11:41
sotolover,キャンプ飯の調理で大活躍すること必至！  時短料理の心強い助っ人になるプチプラアイテム3選,https://news.yahoo.co.jp/articles/abba2ded80b09d611b0a87658b0af09e63fd5f46,8/18(金) 6:40
sotolover,使ってみると意外な美点も！   キャンプで使い倒せるプチプラな「テーブルウェア」の使い勝手を検証してみた,https://news.yahoo.co.jp/articles/f2ab6a14b39b76ea24849b964965beed9ee43f5c,8/17(木) 20:01
sotolover,オレたちのふるさとに「あの熱気」が帰ってくる！　南相馬で4年ぶりに「騎馬武者ロックフェス」開催,https://news.yahoo.co.jp/articles/12e00ad57c646d8460852f5c121104efe3ece84a,8/17(木) 19:01
sotolover,まるで縄文時代のような食文化？　幻の山菜にどんぐり団子「キャンプ」に持っていきたい田舎グルメを実食した,https://news.yahoo.co.jp/articles/c249ba5c9dda81a88359f8a358f85035194682ec,8/17(木) 18:02
sotolover,愛犬と一緒の夫婦旅にぴったり！　普段使いもできるジャストサイズの「本格派キャンパー」の中身とは,https://news.yahoo.co.jp/articles/5cca121d61768a55cb969963e0d2642f926e82c9,8/17(木) 11:40
sotolover,山行で一度愛用したら手放せない！  汗冷え対策だけに止まらないベースレイヤー「メリノウール」とは,https://news.yahoo.co.jp/articles/812c1c7eb274868437eac735dcb844c07cd54bae,8/17(木) 6:40
sotolover,「キャンプ」と「音楽」の二兎追えるのが野外フェスの欲張りな美点！  参加キャンパーに聞く「推しギア」とその活用方法とは,https://news.yahoo.co.jp/articles/0dfbf1330f9700fccb40b6a4dd7f8c390ab043f2,8/16(水) 20:00
sotolover,DIY下手でも簡単にできる！  愛着の湧いた「レインウェア」のセルフメンテナンス術とは,https://news.yahoo.co.jp/articles/da1d5fd6cc07b62f7bb3db84e91e2e3f26fa6971,8/16(水) 19:02
sotolover,九州の夏を締め括るフェスが4年ぶりにやってくる！  「29th Sunset Live 2023 -Love ＆ Unity-」開催【2023年9月2日～3日】,https://news.yahoo.co.jp/articles/3978ff78d37697451fe9ffab52662e4b18d4883b,8/16(水) 18:01
sotolover,抜群の走破性に車中泊性能をプラス！  ルーフトップテントがもてなす「車上泊旅」がデリカミニの伸び代をさらに広げる,https://news.yahoo.co.jp/articles/f4ebb99123d3e42c6ef0db20df2e20b082fad2e0,8/16(水) 11:41
sotolover,「ちょい足し」するだけで利便性が爆上がり！　キャンプをさらに快適にする隠れた「プチプラ」アイテム3選,https://news.yahoo.co.jp/articles/94d94fb465e3c490b1203fa8d62ac8a0a87263f1,8/16(水) 6:52
sotolover,プチプラ「キャンプギア」を舐めるべからず！   100円ショップで手に入る「コスパ最強」のガッツリ使えるクッカー3選,https://news.yahoo.co.jp/articles/7815b98a4bcbd0b6e009fe523c350bb2117d86d3,8/15(火) 20:00
sotolover,楽しみ方は十人十色！　フリースタイルでキャンプ＆音楽が満喫できるファミリーフレンドリーな「FUJI&SUN 」の魅力とは,https://news.yahoo.co.jp/articles/c62942f2dbb3db40db31e08f91c4e1544b3d8fa4,8/15(火) 19:01
sotolover,アコースティック×キャンプに浸る3日間！「New Acoustic Camp 2023」がみなかみ町で開催【2023年9月16日～18日】,https://news.yahoo.co.jp/articles/f9fb7d7969011d1b625a24e88e6030b6661062cd,8/15(火) 18:00
sotolover,4人就寝できるってマジか!?　軽キャン界の「小さな巨人」は4人家族での車中泊旅も叶う,https://news.yahoo.co.jp/articles/de65dd70574204e7b2c690087202d57c780f5a01,8/15(火) 11:55
sotolover,機能性の高さはスタメン級！  100円ショップで手に入るコスパ最強の便利すぎるカトラリー3選,https://news.yahoo.co.jp/articles/4feecd05b99353db542c696615427941f85a9453,8/15(火) 6:40
sotolover,身勝手な「自己判断」がトラブルに！　プロ直伝「キャンプ場の常識」4つ,https://news.yahoo.co.jp/articles/0336b07e2ffdeae72317893e6f3291d675db6dd4,8/14(月) 20:03
sotolover,「メスティン」で何でも作れる！　ミニマル食材で作る「ぜいたく山ごはん」,https://news.yahoo.co.jp/articles/516ed51f3470ea108f293548da9f101b2196b2ce,8/14(月) 18:10
sotolover,本気で「家族を守る」！　シャワー付き「トヨタ・ハイラックス」のガチすぎる中身,https://news.yahoo.co.jp/articles/6a7478cb97f36668ce674fa492d9b54038b4a85d,8/14(月) 12:10
sotolover,見てくれだけの「なんちゃって」には非ず！　オーバーランドスタイルを手に入れた「シャコアゲ」プロボックスの本気ぶり,https://news.yahoo.co.jp/articles/646bab6fc90459a512c0283dfeaa884457d47cba,8/14(月) 11:40
sotolover,いまさら聞けない……でも知りたい！　キャンプに関する「初歩も初歩」な質問4つ,https://news.yahoo.co.jp/articles/1aa9c8d5203fba50db5fb5beba139eff3aac1817,8/14(月) 7:10
sotolover,いつでも何処へでもサーフトリップ！　サーファー垂涎の「欲しかった装備をてんこ盛り」したタウンエースの秀逸ぶりとは,https://news.yahoo.co.jp/articles/a704b4db5f9d93a684eddf013952ae3669c5994f,8/13(日) 21:01
sotolover,知らないとヤバい！　初心者こそ知っておきたい「キャンプの常識」3つ,https://news.yahoo.co.jp/articles/b85772a4385905f055dedbd504923df6c154aa59,8/13(日) 20:02
sotolover,「騒音問題」に「人身事故」　キャンプ場に潜む「マナー問題」とは,https://news.yahoo.co.jp/articles/3c8909cd5080b0e1294da949facb1e69e74048c6,8/13(日) 18:10
sotolover,山頂には神が宿る「巨石ジェンガ」！　そんな「日本百名山」に日帰り＆最短アタック,https://news.yahoo.co.jp/articles/e02cfacfc6d86bdaa1c9d48eefb8ac833bd71efa,8/13(日) 12:10
sotolover,「夫婦喧嘩」勃発の恐れも！　キャンプ「初心者あるある」の「勘違い」とその「対策」,https://news.yahoo.co.jp/articles/004d47a3bdf6ca685712c3b305012b62a5415556,8/13(日) 7:11
sotolover,「なんとなく選んだ」は後悔のもと！　初心者キャンパーにおすすめ「サイト選び術」,https://news.yahoo.co.jp/articles/f151a081dfb913c06b153bbee7b0fe9d1f3937a1,8/12(土) 20:00
sotolover,「業スー」と「セブン」でコース料理！　輸入食材使いまくりの「山ごはん」レシピ4品,https://news.yahoo.co.jp/articles/58780d8f54768ce64677b0124c6dbd23fe077b52,8/12(土) 18:10
sotolover,ライブ＆アクティビティの充実ぶりは関西フェス屈指！「GO OUT CAMP 関西 vol.9」開催【2023年9月1日～3日】,https://news.yahoo.co.jp/articles/db5957454f93574d7ebfaa58e524422a8c3b1669,8/12(土) 17:02
sotolover,「名物店長」お墨付き！　「コーナン」キャンプ専門店で買える「キンキン冷え」ジャグ3選,https://news.yahoo.co.jp/articles/08c3e9f534b154a35beb6759e5c100bba164f068,8/12(土) 12:11
sotolover,「クセになる」のも納得！　いま「オートキャンプ場」が大盛況なワケ,https://news.yahoo.co.jp/articles/57bd81513c5c4fd8461391125f714f6ac8ed2e9d,8/12(土) 7:10
sotolover,まさかのフェス会場でプロポーズ!!　「ライジングサンの顔」が語るその魅力とは,https://news.yahoo.co.jp/articles/3a5bd572286c8988f9dc068bbe6b819c9146ae24,8/11(金) 20:30
sotolover,「ライジングサン」の魅力とは？　ステージに立つ和太鼓パフォーマーに聞いてみた,https://news.yahoo.co.jp/articles/d33e6f993af57cfd2257c092e3e285ace8449746,8/11(金) 19:31
sotolover,エゾロックに「ウサ耳の妖精」！　和太鼓パフォーマーが語るライジングサンの魅力,https://news.yahoo.co.jp/articles/e242874fb7c5ecf54adb5a928786402ca93dd875,8/11(金) 18:30
sotolover,知ってる「軽トラ」じゃない！　「ジムニー顔面」のスズキ・キャリイ衝撃の中身,https://news.yahoo.co.jp/articles/eff534811cfa265a0ddaf7daad90a075ddc3df42,8/11(金) 12:11
sotolover,「キャンプ場」と「オートキャンプ場」の違いは何？　「公認インストラクター」を直撃,https://news.yahoo.co.jp/articles/272f77916bad221897f2b350d41eba3b4309bfcf,8/11(金) 7:11
sotolover,産地直〝食〟なソトごはん　vol.05　BBQにぴったり！自然のままにのびのびと放牧された「山形村短角牛」【岩手・久慈市】,https://news.yahoo.co.jp/articles/4912586608fbe5f14d3f24c38b2a26b594252b3b,8/10(木) 19:03
sotolover,あいにくの天候でも準備万全なら最高のフェスに！　大人も子どもも満喫できる「FUJI & SUN '23」ファミリー参戦ルポ【前編】,https://news.yahoo.co.jp/articles/2e9d5f00a5e2631195be4f6cb07bf38cff34b92d,8/10(木) 18:30
sotolover,東京の離島「式根島」は野湯パラダイスだった！　入湯チャンスは大潮＆干潮時だけの幻の野湯「山海温泉・奥ふなりっと温泉」,https://news.yahoo.co.jp/articles/657f684e0b02a17cf1a09ae396f034f30d04f3d8,8/10(木) 11:40
sotolover,やんばるの森に包まれてリトリート！　ビーチリゾートだけじゃない沖縄本島北部の自然豊かなキャンプ場3選,https://news.yahoo.co.jp/articles/cfb1eefa2c968aaed2e50dc7d786f074466837fd,8/10(木) 6:40
sotolover,姫乃たま「おそとで生きるもん！」 優しさとふれ合いに癒やされる「プチしまなみ海道サイクリング旅」,https://news.yahoo.co.jp/articles/dce35020afa9370e1e8fcb448b8a8036b3dcba69,8/9(水) 19:00
sotolover,北国の新しい漁師の味！  イカ肝入りフレーバーソルト「漁師のゴロ塩」でソトゴハン【夏野菜編】,https://news.yahoo.co.jp/articles/4b90c70f5fb5e25464f39400b10e966d66367a89,8/9(水) 18:01
sotolover,「ハードルが高くない」のも魅力のひとつ！ 初心者にこそチャレンジしてほしい野湯の入門編「尻焼温泉」,https://news.yahoo.co.jp/articles/6156247eaba331a75fc4aaa3195c659cc2bcd581,8/9(水) 11:52
sotolover,軽自動車と侮るなかれ！  小さくても居住性は限界知らずないまどきな「軽キャン」の実力とは,https://news.yahoo.co.jp/articles/9032594da126632278750aa41a052552d0a2fe89,8/9(水) 6:40
sotolover,北国の新しい漁師の味！　イカ肝入りフレーバーソルト「漁師のゴロ塩」でソトゴハン【肉料理編】,https://news.yahoo.co.jp/articles/c8a3abf73e8d55fb31e43ff98e44cbe064e6f351,8/8(火) 19:02
sotolover,姫乃たま「おそとで生きるもん！」日本一のレモンの島「生口島」で街ぶら＆グランピング体験,https://news.yahoo.co.jp/articles/0d47a523655abe0829e9af022ae4e0454473f554,8/8(火) 18:00
sotolover,知らず知らずのうちに「迷惑行為」に及んでいることも！　悪気はないけどやってしまいがちな「キャンプのNG行為」とは,https://news.yahoo.co.jp/articles/4fe0c80295a1051844a819ce3f33d1a8ea6bcb4a,8/8(火) 11:41
sotolover,敵を知ることが最大の防御になる！　蚊に刺されないために実践すべき対策と侵入を防ぐ防衛策とは,https://news.yahoo.co.jp/articles/48e8a5e9b0dddaa51cdd7e010135f06976485adb,8/8(火) 6:30
sotolover,キャンプしながらサウナでととのう贅沢！　広島県最高峰「恐羅漢山」の中腹にあるサウナ天国がいい意味でヤバすぎた,https://news.yahoo.co.jp/articles/6240bd420a9c5dce5bf57003393f080bb6303d10,8/7(月) 20:03
sotolover,「転ばぬ先の杖になる！」災害時の停電で偉大な救世主となる「キャンプ道具」と使用時の注意点とは,https://news.yahoo.co.jp/articles/e610990d9483deb725152ec171633f8d31affa9d,8/7(月) 19:01
sotolover,アジアンフィットって何？　スキー用ヘルメットの新常識は痛さ知らずのジャストフィットを選ぶこと！,https://news.yahoo.co.jp/articles/faea9618bfae72d822c4088e22f6d7e7276fdd65,8/7(月) 18:00
sotolover,「趣味」や「外遊び」のベース基地になる！　8ナンバーじゃなくても使い勝手に手抜かりなしのハイエースの実力とは,https://news.yahoo.co.jp/articles/383c4ad8e0ac25959395b1a882422691830e8276,8/7(月) 11:40
sotolover,「変色期」こそチャンス！　緑じゃない「ゴーヤ」の「見た目」と「味」が衝撃すぎる,https://news.yahoo.co.jp/articles/01ec7b690ce71219424a6a3b5dc1a784943d4838,8/7(月) 6:40
sotolover,北アルプスの女王「燕岳」の夏山1泊登山ルポ【下山＆温泉編（燕山荘～登山口～中房温泉）】,https://news.yahoo.co.jp/articles/6bf2f1557288980bb810b5334343234225dc3b5c,8/6(日) 21:01
sotolover,スキーの準備は夏から始まる！　ショップ店員に学ぶ「最高のスキーシーズン」を迎えるための準備術「ストック選び編」,https://news.yahoo.co.jp/articles/d790b61d14586d43efc77cb4f5e89b94eb4cb48c,8/6(日) 20:02
sotolover,なぜ自分ばかり刺されるのか？　それには明確な理由があり「蚊の習性を知る」ことが最大の防御になる,https://news.yahoo.co.jp/articles/41f75681f6f13a4dbdaf1d5fe3673fdc80ff7c24,8/6(日) 19:00
sotolover,「イカ肝入りフレーバーソルト」は酒の肴になるのかを検証！　定番の三種の酒で試してみた,https://news.yahoo.co.jp/articles/7e3b895085b762d46a6b160655e638b2f9399cac,8/6(日) 18:02
sotolover,空に浮かぶ雲の正体は何？　雲のことを知って雲と仲良くなる「雲の図鑑」vol.7～あまぐも～,https://news.yahoo.co.jp/articles/b24ba6dc2305f0829855b8bfba531bf1e02b957b,8/6(日) 11:41
sotolover,北アルプスの女王「燕岳」の夏山1泊登山ルポ 【山頂の絶景編（合戦小屋～燕山荘）】,https://news.yahoo.co.jp/articles/f5864cdb2ff341340359d3b348d38f456ad2243b,8/5(土) 21:02
sotolover,空に浮かぶ雲の正体は何？　雲のことを知って雲と仲良くなる「雲の図鑑：霧雲」,https://news.yahoo.co.jp/articles/939351143ebfe5a6ab6f680e1021bfda23929b37,8/5(土) 20:01
sotolover,【書評】今どきまっとうなアウトドア本 『昆虫ハンター・牧田 習のオドロキ!!　昆虫雑学99』,https://news.yahoo.co.jp/articles/68ce890527e702bc9cd9708948463380ea154e53,8/5(土) 19:00
sotolover,スキーの準備は夏からはじまる！　「最高のスキーシーズン」を迎えるための新時代のスキー板選びとは,https://news.yahoo.co.jp/articles/9b2091f0346a83aaf99519a11a2e32abff6df386,8/5(土) 18:02
sotolover,「ワンハンドおつまみ」に振りかけるだけでさらに美味！　旨みが倍増すること必至の「イカ肝入りフレーバーソルト」の実力とは,https://news.yahoo.co.jp/articles/f89f17b7dd43d4f1aa51101797d5c9f686af9fae,8/5(土) 8:16
sotolover,「1/fゆらぎ」に癒やされるはずが大惨事に？　初心者がやりがちな「焚き火」のNG行為と正しい嗜み方とは,https://news.yahoo.co.jp/articles/c76ca426fa0d827017b3b255f19c95c4eed1b487,8/4(金) 20:00
sotolover,この夏は「レモン」×「アート」でリフレッシュ！　瀬戸内海に浮かぶ島「生口島」へ出かけよう,https://news.yahoo.co.jp/articles/b45215bcbbb197eb92f8d1dec98bef2fa1a1dcf0,8/4(金) 19:01
sotolover,【書評】今どきまっとうなアウトドア本 『ワイルド・クエスト－ネイティブアメリカンのフルサバイバル術』,https://news.yahoo.co.jp/articles/558b1b3c920f6f0527875b7eec37044dc67bc9a8,8/4(金) 18:04
sotolover,奥多摩で「ゴルジュ攻め」！　やってみたら「冒険感」ゼンカイだった,https://news.yahoo.co.jp/articles/db83cbe6d3907e458ed2d2730c370636d6ce8585,8/4(金) 11:52
sotolover,オートキャンプならリュックよりキャリートートが最適解！　ベテランキャンパーが伝授するパッキング術とは,https://news.yahoo.co.jp/articles/663b51fec4af2a22b9d9603fb40a9eb7d300297b,8/4(金) 6:40
sotolover,キャンプ場は予約が必須？　サイト選びは「区画サイト」か「フリーサイト」どっち？　初心者のソボクな疑問にお答えします！,https://news.yahoo.co.jp/articles/308124dbbd9a0da9fb8b91a0e54343475f455e17,8/3(木) 20:03
sotolover,花言葉は「私に触れないで！」牧野富太郎にも縁がある  六甲山で夏に咲く「ツリフネソウ」,https://news.yahoo.co.jp/articles/af807414e0c09a4b22f145b5002fe1aa4b655142,8/3(木) 19:02
sotolover,スキーの準備は夏から始まるってマジか？　ショップ店員に学ぶ「最高のスキーシーズン」を迎えるための準備術【ブーツ編】,https://news.yahoo.co.jp/articles/5c74265c3af9a6ca2a97821738d1ca03c95a6e6b,8/3(木) 18:01
sotolover,実践しない手はない！　ベテランキャンパー直伝「汚れないしカビにならない」賢くて効率的なキャンプの撤収テクニック,https://news.yahoo.co.jp/articles/2c41ca0ed8b2d6e197c479f4571ca45955be23f1,8/3(木) 11:41
sotolover,酷暑最大のリスク「熱中症」　その対策にレジャーや日常で使える「冷感グッズ」3選,https://news.yahoo.co.jp/articles/a7f99470c9eb45b0348fdcddadef2da9fe9749b0,8/3(木) 6:40
sotolover,年間の死者数は全世界で60万人以上も！　地球上でもっとも危険な昆虫が媒介する怖い感染症を学ぶ,https://news.yahoo.co.jp/articles/f4589ed7b897ccc3287c770ada27aa8679be539e,8/2(水) 20:02
sotolover,北アルプスの女王「燕岳」の夏山1泊登山ルポ【序盤・奮闘編／登山口～合戦小屋】,https://news.yahoo.co.jp/articles/9779bac698182202ae530a64277e25014858c52b,8/2(水) 19:04
sotolover,夏キャンプは備えを怠るべからず！　ベテランキャンパーに聞く「夏の暑さ＆紫外線対策」で必須の装備3選,https://news.yahoo.co.jp/articles/ca2e7b2e34df16d5d48578a63af5e20cad8504c7,8/2(水) 18:03
sotolover,「町中華」ならぬ「山中華」！　しかも「 100円ショップ」食材だけで作る「絶品山ごはん」3品,https://news.yahoo.co.jp/articles/89e24da83a3c9e6094de57803d134706042d46ff,8/2(水) 11:53
sotolover,保冷力だけがすべてじゃない！　「ベテランキャンパー直伝」単純なようでじつは奥が深い「クーラーボックス」の使い分け方とは,https://news.yahoo.co.jp/articles/3e2d586452b29933efb6650443a476e388786e34,8/2(水) 6:40
sotolover,北アルプスの女王「燕岳」の夏山1泊登山ルポ 【登山前の安曇野観光＆行動食編】,https://news.yahoo.co.jp/articles/f582942a38fb8fa2e446aae8326eb074f45abe0a,8/1(火) 20:01
sotolover,誰にも邪魔されないプライベート空間を堪能！　「1日1組限定」ひとり占めできる贅沢キャンプ場3選,https://news.yahoo.co.jp/articles/03ae1410261143a3e1440406be735ed3ea20fa78,8/1(火) 19:00
sotolover,積み込みひとつでキャンプの成否が決まる！　ベテランキャンパー直伝「キャンプ道具の車載術」とは,https://news.yahoo.co.jp/articles/fbe190e0764f9ef4ddb2010f6a4caf580119ee93,8/1(火) 18:01
sotolover,選択ミスが「疲労」と「怪我」に直結も！　登山用「靴下」と「帽子」の失敗しない選び方とは,https://news.yahoo.co.jp/articles/e5c00885a3d262c541991066e0e9999493557dd1,8/1(火) 11:52
sotolover,初心者のソボクな疑問に答えます！　知っておきたいサイトのベストサイズとは？,https://news.yahoo.co.jp/articles/3600ba24b03d848522bcfeb41cd386aed6d4d313,8/1(火) 6:40
sotolover,都心から5時間のドライブで南国へトリップ！ 「僕たちの好きなキャンプ場」南伊豆夕日ヶ丘キャンプ場,https://news.yahoo.co.jp/articles/5056493f70713b74cc4eaf3e09c96cef4fe54e15,7/31(月) 20:57
sotolover,産地直〝食〟なソトごはん！  北の荒海が旨味を育てる「荒海ホタテ」,https://news.yahoo.co.jp/articles/49044b9f224a2dd7003852d9adaff078a5ddddf6,7/31(月) 20:01
sotolover,自分にぴったりのインソールをオーダーメイド！　世界初の「SIDAS」直営店の実力とは,https://news.yahoo.co.jp/articles/cfb120464dec691ab683c9d62ac7a6e538c79e49,7/31(月) 19:00
sotolover,「あ～、もう嫌だ！」こんなにも寝苦しいとは思わなかった「夏キャンプ」のテント泊で快眠するコツとは？,https://news.yahoo.co.jp/articles/1a62859710e7347f6597866a10206c78d66b35f9,7/31(月) 11:52
sotolover,しっかり包み込んでくれるラージサイズが魅力！　収納時は超コンパクトになる肌触り抜群の「軽量ハンモック」,https://news.yahoo.co.jp/articles/735b926e1e81e492bfcd8621761bd041f96ac2ac,7/31(月) 6:30
sotolover,レインウェア迷子はこれを選べ！　快適な登山を叶える高性能ウェア図鑑【エントリーモデル編】,https://news.yahoo.co.jp/articles/480fcdcb40f0109fc9caab8299495e528bf29084,7/30(日) 21:01
sotolover,使用方法＆使用環境を誤ると死に至ることも！　便利だからこそしっかり知っておきたい「シングルバーナー」のNG行為とは,https://news.yahoo.co.jp/articles/98b8564cea74c36574b7b4f8c7c8ddbe5a5ae300,7/30(日) 20:02
sotolover,空に浮かぶ雲の正体は何？　太陽や月のまわりに「かさ」をつくる「朧」と「霞」の違いとは,https://news.yahoo.co.jp/articles/dd2bb5f7c3351850d9246b4825c03670945c2b58,7/30(日) 19:00
sotolover,磯の風味と塩味による最強のマリアージュ！  「イカの肝」が入った反則級のアウトドア調味料がキャンプ飯で癖になる,https://news.yahoo.co.jp/articles/693c85caa1f56bd8c8615da2cb32ef63d9943a7d,7/30(日) 18:00
sotolover,本場フィンランド発のアウトドア「サウナ」で整う！　持ち運び自由自在の「サウナテント」の魅力とは,https://news.yahoo.co.jp/articles/365cb9c3cb9acc09ed12921299f5ed6eac81a1a2,7/30(日) 6:00
sotolover,アイスも長期間冷凍保存できる！　6面に「真空断熱パネル」採用した「最強クーラーボックス」の驚異的な保冷性能とは,https://news.yahoo.co.jp/articles/fcbbd05497426dcb8d0baa17d8858c325b05e5d9,7/29(土) 21:01
sotolover,アウトドアで使うアイテムなら必ずチェックしたい！　「IPX4」や「IP68」ってナニ？ 　防水＆防塵の保護等級を知る,https://news.yahoo.co.jp/articles/3b7fb15c6e40598b3d4a288cfb508833364144e2,7/29(土) 20:01
sotolover,レインウェア迷子はこれを選べ！　快適な登山を叶える高性能ウェア図鑑【THE NORTH FACE編】,https://news.yahoo.co.jp/articles/ca0166ab2603b316694285a4e9a83f783dafaf73,7/29(土) 19:02
sotolover,アウトドア用燃焼器具メーカーに聞く！　意外と知らない「ストーブ」の使い分け術【ツーバーナー編 】,https://news.yahoo.co.jp/articles/554e808e6c45496254806c5ba6b19f8945797a70,7/29(土) 18:02
sotolover,炭火焼きで最高の晩酌を！ 　贅沢な「ひとり酒」が堪能できる呑兵衛にぴったりの「七輪」のような調理ギアとは,https://news.yahoo.co.jp/articles/13bd781a1fb5c5ed3a4bb612da89defb4663d5c1,7/29(土) 6:02
sotolover,アウトドアにサラダをプラス！　洗う手間も切る手間もいらない時短食材「カット野菜」が栄養満点で超便利,https://news.yahoo.co.jp/articles/0556cd941f498455e57a5d766f6f12ea42e512f7,7/28(金) 20:03
sotolover,備えあれば憂いなし！　「災害リスク」がゼロではない今「防災用品」としても選びたいキャンプ道具4選,https://news.yahoo.co.jp/articles/a8434d0e68c704efbf2ab7d3d6d98b105c4d1ad1,7/28(金) 19:00
sotolover,レインウェア迷子はこれを選べ！　快適な登山を叶える高性能ウェア図鑑【軽量＆コンパクトモデル編】,https://news.yahoo.co.jp/articles/e62557a5e1b9a79b331bcce6547132e4b6f3d1a0,7/28(金) 17:31
sotolover,「メスティン」さまさま！　「映える」し「ドヤ」れる「山ごはん＆キャンプ飯」レシピ4品,https://news.yahoo.co.jp/articles/f9bd90de85c9623d7ff71999aaeefea91fe318aa,7/28(金) 11:53
sotolover,極寒の「冬キャンプ」よりじつは危険？　リスクいっぱい「夏キャンプ」のNG行為6選,https://news.yahoo.co.jp/articles/36d291d1c1ec77c2e1ab0ce5342ab25e6402d650,7/28(金) 7:23
sotolover,コンパクトだけど明るくて堅牢性抜群！   アウトドアシーンで重宝する機能的な携帯型LEDライト選びの新常識とは,https://news.yahoo.co.jp/articles/7098a589c6859de8e72652bacbbbfe0ae5d2529d,7/27(木) 20:01
sotolover,神秘と絶景の熊野古道を歩く！  石畳の先に峠の眺望が待つ「熊野古道伊勢路」,https://news.yahoo.co.jp/articles/9a56287bc9d7c8c645fcf382b9a034a24bd506ab,7/27(木) 19:03
sotolover,「しまなみ海道サイクリング」の頼れる相棒となる一冊！　地元サイクリストたちによる最強のガイド本『しまなみ島走PLAN』,https://news.yahoo.co.jp/articles/a0fbb2e9ba35e236100339dd51f984c0a1ce0d5a,7/27(木) 17:30
sotolover,テント＆タープは張るだけではダメ！　ベテランキャンパーに聞く「 暑さ＆紫外線対策」がカギとなる快適キャンプサイトの設営術とは,https://news.yahoo.co.jp/articles/03926a275885b38cd04cf5946a58182e9d84275b,7/27(木) 11:41
sotolover,「適当買い」は確実に後悔！　登山用パンツ選びで「見るべき部分」と必要な「スペック」とは,https://news.yahoo.co.jp/articles/a1ed2b003f108803f6493e11956b662a6410d13d,7/27(木) 6:32
sotolover,山のぼりで「フルコース」を堪能！　「コンビニ食材」で作れる「絶品山ごはん」4品,https://news.yahoo.co.jp/articles/302f5d2c1fb501553c0cb1a5efba2231d0e1447b,7/26(水) 20:10
sotolover,レインウェア迷子はこれを選べ！　快適な登山を叶える高性能ウェア図鑑【ロングセラー編】,https://news.yahoo.co.jp/articles/6ab6301237a89550eeb913b5bc0896bad178be69,7/26(水) 19:04
sotolover,刺されてもなぜ気づかない？　新たな発明にも応用される「蚊」の優れた針の秘密とは,https://news.yahoo.co.jp/articles/dfb0d91765699fc6b782205b5c8eed4f905ec0a1,7/26(水) 17:30
sotolover,アウトドア用燃焼器具メーカーに聞く!!　意外と知らない「ストーブ」の使い分け術【シングルバーナー分離型編】,https://news.yahoo.co.jp/articles/374961c54d63a8f0215b30090d6cf75056666620,7/26(水) 11:41
sotolover,神秘と絶景の熊野古道を歩く！  神宿る岩と美しき海景色を愛でる「熊野古道伊勢路」,https://news.yahoo.co.jp/articles/1fdc1de267a90518317631338b3691895e6a4f2c,7/26(水) 6:32
sotolover,マムシのような姿に擬態する幼蛇も！　奇想天外な生態をもつ爬虫類＆両生類の不思議とは,https://news.yahoo.co.jp/articles/719b967997c267e1d3eb4e69c609a74277da2621,7/25(火) 20:03
sotolover,アウトドア用燃焼器具メーカーに聞く！　意外と知らない「ストーブ」の使い分け術 【シングルバーナー・直結型編】,https://news.yahoo.co.jp/articles/d00f1f16a6c5c179e488d8f3cb0bc6e0aa4ad0ff,7/25(火) 18:30
sotolover,笑ってるようにしか見えない「ニコニコ岩」でほっこり!?  「晴れの国おかやま」を象徴するSNS映え必至の王子が岳ハイク,https://news.yahoo.co.jp/articles/fbce3825ff0d769935dd0f0c21fde6460e1a23ba,7/25(火) 17:30
sotolover,ファイターズのプライマリーマークをデザイン！ 　青い海と雪の大地を表現したイメージカラーのインテリアにファン悶絶,https://news.yahoo.co.jp/articles/3198d0614d13ff1afd06ffb9990c42e49b4b2095,7/25(火) 11:40
sotolover,収納力はもちろん疲れにくいことが絶対条件！　日帰りトレックで抜群の機能性を誇る個性派ザック2選,https://news.yahoo.co.jp/articles/32dd089ee994a2b0e1bc5fde524c6148bd4c5733,7/25(火) 6:30
sotolover,アウトドア用燃焼器具メーカーに聞く！　意外と知らない「ストーブ」の使い分け術 【基礎編】,https://news.yahoo.co.jp/articles/07d1ae3fac56b851c286e710732aa8c9ec315351,7/24(月) 20:02
sotolover,ちょっとしたコツで映える写真に早変わり！  プロカメラマンが教える魅惑の星空撮影術とは,https://news.yahoo.co.jp/articles/4ea6c3b51b1a02b97114752b4e0e59e65bb53bc9,7/24(月) 19:04
sotolover,確実に効くテクニックを整体師が指南！　アウトドアで凝りかたまったカラダのゆるめ術【山登り編・現地編】,https://news.yahoo.co.jp/articles/fc573da437a1c51efed5208db64c9ec6ebe3afab,7/24(月) 17:30
sotolover,まさに「動く大人の秘密基地」！　誰もが憧れる「D.I.Y仕立て」の「車中泊」な軽バン2台,https://news.yahoo.co.jp/articles/4b676394c97ac5a24e10ac228bec7483bde82335,7/24(月) 11:53
sotolover,あたり前だけど意外と忘れがち！　山のぼり用「ウェア選び」の「絶対方程式」とは,https://news.yahoo.co.jp/articles/a68973fd85b36e55e38d004c68b47ba942286cb8,7/24(月) 6:30
sotolover,キャンプだけじゃ面白くない!?　子どもたちが「たっぷり遊べる」この夏ファミリーで出かけたいキャンプ場3選,https://news.yahoo.co.jp/articles/3aad8c650dd391ce1fb49f4bd6521decb97e0cc2,7/23(日) 21:01
sotolover,縦走デビューの最高のバディになる！　1泊登山で必要不可欠なザック選びは収納力はもちろん機能性重視が正解,https://news.yahoo.co.jp/articles/d2e45d02846562644652ab55fba030dc6256e3b3,7/23(日) 20:02
sotolover,神秘と絶景の熊野古道を歩く！   太平洋を見下ろす爽快トレイル「熊野古道大辺路」,https://news.yahoo.co.jp/articles/b2edc58fdde5bc750aa02076b031a788a44a63f1,7/23(日) 19:00
sotolover,空に浮かぶ雲の正体は何？  雲のことを知って雲と仲良くなる「雲の図鑑：綿雲」,https://news.yahoo.co.jp/articles/fa0e2085601bc8d2818f9f475db03aeea4e976a0,7/23(日) 17:01
sotolover,生態を知ることが虫除け効果につながる！　蚊取り線香のパイオニア企業に聞く「蚊」の防虫対策を学ぶ,https://news.yahoo.co.jp/articles/8e8ece55ec11ee2ad3228db5c30cbaeacd7cda8d,7/23(日) 9:30
sotolover,エゾの大地でロックも朝日も存分に浴びよう！　「RISING SUN ROCK FESTIVAL 2023 in EZO」【2023年8月11・12日開催】,https://news.yahoo.co.jp/articles/53814ec47620fcb35a2f9618faa4ba5f18ec1b0f,7/22(土) 21:00
sotolover,グループ山行を快適に過ごすなら選ばない手はなし！   登山家からの信頼性が抜群の2～3人用山岳テント2選,https://news.yahoo.co.jp/articles/f683e2d46cec2662cda4722e29abaa74731782c1,7/22(土) 20:00
sotolover,産地直〝食〟なソトごはん「伝統を守る老舗」の山田名物「磯どんぶりの素＆ご当地総菜＆一夜干し」,https://news.yahoo.co.jp/articles/ec676d4ae7b3405fb166bc7c9996d237bbc500cd,7/22(土) 19:00
sotolover,知ったつもりで理解していないことも！　雲のカタチで天気の急変に備える正しい雲の知識とは,https://news.yahoo.co.jp/articles/39c6467871e9bbee9c08bdb90c4a29d1e87d2259,7/22(土) 15:00
sotolover,アウトドア医療のプロに聞く！　外遊びする人はマストで「知っておきたい」植物によるかぶれとその対処療法とは,https://news.yahoo.co.jp/articles/5ab3c09c389654a6f58f00408d3bafb72893b35c,7/22(土) 7:00
sotolover,たどり着けるかは運次第か？　究極の秘湯・野湯探検記！ 冒険心くすぐるドカンの温泉へドボン「満澤温泉 土管の湯」,https://news.yahoo.co.jp/articles/665202da34899f22007a147f42749985ac3d18ec,7/21(金) 20:02
sotolover,ロングステイできて遊びには困らない！ 「僕たちの好きなキャンプ場」成田ゆめ牧場ファミリーオートキャンプ場,https://news.yahoo.co.jp/articles/36457d6263f140074a0480b56bf0673ca6fbe388,7/21(金) 18:30
sotolover,4年ぶりのフルスペック開催に歓喜！　キャンプで行きたいフェスの代表格「FUJI ROCK FESTIVAL '23」がまもなく開幕,https://news.yahoo.co.jp/articles/b1f07a06044578dd436ed789d8f111dfb2434f1c,7/21(金) 17:30
sotolover,我が家のマイカーは「動く山小屋」！　親子の夢を詰めこんだ「バンライフ」なボンゴが個性的過ぎる,https://news.yahoo.co.jp/articles/49a4c282d2da3c0c1dd008cb7475d9883734fa1e,7/21(金) 11:52
sotolover,日帰りで「天空回廊」！　首都圏ハイカー御用達「女子率高め」な「日本百名山」の登り方,https://news.yahoo.co.jp/articles/a688e55104cb4634f76237e25fb5127439b28eb0,7/21(金) 6:30
sotolover,タダなのに遊び放題！   コスパ＆ロケーション最高の「早いモノ勝ち」キャンプ場3選【中国・四国エリア】,https://news.yahoo.co.jp/articles/c626a15629d0b1087199b29fff7c1c218429ec7b,7/20(木) 20:02
sotolover,産地直“食”なソトごはん 「酒もつまみもまるごとイカ」の伝統を守る老舗名物「いか徳利」を食らう【岩手・山田町】,https://news.yahoo.co.jp/articles/58cc9027edc0fb03057fab3584c70aa2e8b92e72,7/20(木) 18:33
sotolover,三陸の風を感じる日本最長のロングトレイル「みちのく潮風トレイルを歩く」【八戸～宮古編】,https://news.yahoo.co.jp/articles/445e08214fcc07475c69915586580994ef174e5c,7/20(木) 17:30
sotolover,車中泊もソロ時代！ 「軽バン」ベースのどこへでもトリップできる「秘密基地」の中身とは,https://news.yahoo.co.jp/articles/286493b73c93e3a859f36f0e085f23f62f918ee7,7/20(木) 11:41
sotolover,鼻炎のシーズンは春だけに止まらず！　夏キャンプでも対策が必要な「花粉症」の薬物療法についての基礎知識,https://news.yahoo.co.jp/articles/886b71353887f0040c6d5482903f4c49d82f9261,7/20(木) 6:30
sotolover,運がよければカンタンに出会うことも！  アウトドアで遭遇したら激レア級の生きもの「爬虫類・両生類編」,https://news.yahoo.co.jp/articles/f31d8c5cfa786107c6df4a5a423b01724c7f4789,7/19(水) 20:00
sotolover,筋肉疲労による「凝り」や「怠さ」をスッキリ解消！　整体師が指南するアウトドアで実践したいカラダのゆるめ術「山登り・準備編」,https://news.yahoo.co.jp/articles/6fe32b1e55df35bca0dbbc0bd50b1f90c7b44f6b,7/19(水) 18:30
sotolover,奥多摩三山を「コスパ登山」！　最短ルートで「三頭山」を制覇する方法とは,https://news.yahoo.co.jp/articles/f628b9135b966ed39c0087a1787327a1d0c76aa7,7/19(水) 17:31
sotolover,全員揃って「右へ倣え」の必要ナシ！　ベテランキャンプママに聞く「グルキャン」の嗜み方と成功の秘訣に合点,https://news.yahoo.co.jp/articles/c268bb4eb82d4800158a7f4df3db4ea4bde13b83,7/19(水) 11:41
sotolover,初めての登山靴選びで失敗しない！ 「カット／ソール形状／防水性」の3つのポイントで成否は決まる,https://news.yahoo.co.jp/articles/fb03bba89968a47e6a739d7b0a9f4d097323399e,7/19(水) 6:31
sotolover,無闇矢鱈に近づくとメチャクチャ危険！　アウトドアで遭遇したら要注意の生きもの「爬虫類・両生類編」,https://news.yahoo.co.jp/articles/8125575125a7c46a81e6b4bcd409fc35bec8750a,7/18(火) 20:00
sotolover,ちょっとしたコツで「映える」プロ級の仕上がりに！　プロカメラマンが教えるアウトドアの撮影術「花火大会編」,https://news.yahoo.co.jp/articles/4bad392ff21d25a478682784f27ffaf81319b20b,7/18(火) 18:31
sotolover,スキーシーズンは夏から始まるってホント？　ショップ店員に学ぶ 「最高のシーズンイン」を迎えるための準備術,https://news.yahoo.co.jp/articles/238702955c5e0a8967de7771de927d7a726f751e,7/18(火) 17:31
sotolover,いまじわり来てる「ジャパンディな車中泊」！　「二度見」確実な軽バン衝撃の中身,https://news.yahoo.co.jp/articles/471b3a19bbd4e06da3436334b523dcc5909131f7,7/18(火) 11:54
sotolover,意外な100均アイテムが重宝する！　ベテランキャンパーに聞く「スタメン級ギア」じゃなくても便利に使い倒せるアイテム3選,https://news.yahoo.co.jp/articles/875f6235847603c123a4407a6aa1deb12cab3076,7/18(火) 6:31
sotolover,最新装備がヤバいほど満載！  ハイエースベースで「日常使い」から「くるま旅」まで二兎追えるキャンピングカーの中身とは,https://news.yahoo.co.jp/articles/fd9346b8b879381b050ab80c58fa09e80791155b,7/17(月) 21:17
sotolover,高品質なのに低価格で販売できる理由とは？　ホームセンターのPBキャンプ用品が売れに売れてるビジネスの実態に迫る,https://news.yahoo.co.jp/articles/d6cc642ff2b8d20cdcdf7abe11e762e085ca15a1,7/17(月) 20:02
sotolover,過去には死亡事故も発生「キャンプ場」で守るべきクルマの「ルール」と「マナー」を遵守すべきもっともな理由とは,https://news.yahoo.co.jp/articles/e8437d79b4c5b35163c84e32e2fb8dc9d149b623,7/17(月) 19:01
sotolover,ナメてかかると山で困る！　リュックを買う時に「見るべき部分」と「すべきこと」,https://news.yahoo.co.jp/articles/98581567a675fab03d40f34e3960edafa0d50c8f,7/16(日) 20:02
sotolover,「トナラー問題」は駐車場だけじゃない！   意味なく側に陣取る「トナラーキャンパー」は迷惑行為か否かを考える,https://news.yahoo.co.jp/articles/d40a572bb7eaef9599e54d645280a961cad6f363,7/16(日) 19:00
sotolover,酷暑時代の夏キャンプは危険？　それでも夏休みに出かけるならやり過ぎるぐらいの「熱中症対策」を怠るべからず,https://news.yahoo.co.jp/articles/3f7491f346db033d75416765eb24fefe50aa1f95,7/16(日) 7:46
sotolover,グランピングから災害時の仮設住宅まで！  自治体も注目するカボチャのような形をしたドームテントを深掘りしてみた,https://news.yahoo.co.jp/articles/06b7435d7562f75fb1e33b20078bb1833c3c58cf,7/15(土) 19:00
sotolover,これが車中泊軽バンの正しい姿？　ジムニー顔でラギッドさ120％の走るステージを選ばないエブリイの正体とは,https://news.yahoo.co.jp/articles/c73dcd5f6423a3c5d52734fab559fd1bd0377d07,7/15(土) 18:20
sotolover,「コンビニ飯」アレンジだからマズいわけがない！　山行で絶対にハズさない手軽でメチャ旨い「山ごはん」レシピ5選,https://news.yahoo.co.jp/articles/1c6f380fe2520d5edbbcc3b58d749f8a073652ab,7/15(土) 11:31
sotolover,やっぱり霧深いのか！  霧ヶ峰の最高峰「車山」をピークハント「日本有数」の山岳高原を編集部が体当たりルポ,https://news.yahoo.co.jp/articles/20a7735ae8367c38b0782080b75b8675d8ef8f43,7/15(土) 6:32
sotolover,山登りに欠かせない「リュック選び」　買う時の「極意」とやりがちな「間違い」とは,https://news.yahoo.co.jp/articles/baa1171688420915dc3c0dc27fb081dfdd27c4cc,7/14(金) 18:32
sotolover,「聖地ヨセミテ」に魅せられて！  日本とは違い過ぎる「本場アメリカ」の夏キャンプの遊び方を現地からレポート,https://news.yahoo.co.jp/articles/299a593cf2ba7ebca39dfbd820b15fabcc65028f,7/14(金) 17:30
sotolover,たどり着けるかは運次第!?　究極の秘湯「野湯探検記」ちょっぴり恥ずかしい鳴子温泉駅前の開放的すぎる野湯に入湯,https://news.yahoo.co.jp/articles/0627d79d7c1dc743dbb0aabec7fefc2370993304,7/14(金) 11:32
sotolover,失敗は成功のもとにあらず！　初めてのテント泊で成功するための前哨戦「デイキャンプ」のススメ,https://news.yahoo.co.jp/articles/8bacf3f51db9f9b6f282d5da76d1ed818ac0a319,7/14(金) 6:30
sotolover,「間違いだらけのクーラーボックス選び」に終止符を打つ！   ピンからキリまである「正しいクーラーボックスの選び方」,https://news.yahoo.co.jp/articles/5ad835e624da58855f4028a7c0ce372c23ad65ad,7/13(木) 19:19
sotolover,ミニマムなサイズ感なのに居住性は「上級モデル」に匹敵か？　夏の車中泊で安眠を約束する「エアコン」搭載の軽キャンとは,https://news.yahoo.co.jp/articles/059aa58119b35808dc03ae9b4401cc4199e2d883,7/13(木) 17:30
sotolover,わずか1分で「車上キャンプ」が叶う！　ネオクラ系185系ハイラックスサーフに車載した「ルーフトップテント」の秀逸な使い勝手とは,https://news.yahoo.co.jp/articles/9b970af8402095aeea125385a346600acf967328,7/13(木) 12:02
sotolover,熱中症の危険だけじゃない！　夏キャンプの天敵「虫」を撃退する「防虫対策」が外遊びを成功に導く,https://news.yahoo.co.jp/articles/a73142de735619381f1ee0db13a09b066180b895,7/13(木) 6:32
sotolover,イタリアからドュカトが来襲か!?　「電動ベッド採用」の贅を尽くしたホワイトハウス最新モデルの中身とは？,https://news.yahoo.co.jp/articles/2cc4f928e2676bf028f2d3dd53993074c002ca95,7/12(水) 19:10
sotolover,初キャンプはロケーションよりも時間が大切！　絶対に後悔させない近場から始めるキャンプのステップアップ術,https://news.yahoo.co.jp/articles/294e792db48929d51131adc497f3a9baa6e7909d,7/12(水) 17:31
sotolover,雲の形や生物の生態から天気を読む！　外遊び派は知っておきたい「観天望気」は気象予報士よりも当たるってホント？,https://news.yahoo.co.jp/articles/914012f795aef42ef5fb737f5c67009fe46637bd,7/12(水) 11:41
sotolover,俺たちがやってたBBQって何だったの？　塊肉を丸焼きする「ワイルドスタイル」こそ真のバーベキュー作法だった,https://news.yahoo.co.jp/articles/129e5683691894146793c98499fa75a7489f32ef,7/12(水) 6:31
sotolover,姫乃たま「おそとで生きるもん！」ドキドキのはじめてのテント泊＆大久野島でどたばたバーベキュー,https://news.yahoo.co.jp/articles/49f608776bbcda6a9e8302f007b2deb2c6fa14a6,7/11(火) 18:31
sotolover,持ち運びが便利でアウトドアにぴったり！　甘党派におすすめ「キャンプ飯の超時短缶詰スイーツ5選」,https://news.yahoo.co.jp/articles/cc4a74799ef54475c50dfcb028feeebd04d78d7e,7/11(火) 17:30
sotolover,「商用バン」か「豪華乗用ミニバン」か？　車中泊を満喫するための「究極のクルマ選び」の最適解とその理由は？,https://news.yahoo.co.jp/articles/9768836010ed2e81e547777803700cc07666e8cf,7/11(火) 11:33
sotolover,体力に自信がない人必読！   誰でも今すぐできる「プロが教える」バテない＆疲れない山歩きのコツとは？,https://news.yahoo.co.jp/articles/1c5ce06182d420fe39900ea7ecdb3831bee6cedf,7/11(火) 6:30
sotolover,姫乃たま「おそとで生きるもん！」 vol.07  竹和紙づくりに挑戦！  うさぎ島からのお手紙を出そう,https://news.yahoo.co.jp/articles/b93ec77cbc98bfa439d2310c38a941d4b1417841,7/10(月) 18:36
sotolover,キャンピングカー感ゼロ！　モダンリビングに包まれた「くるま旅」を叶えてくれる5ナンバーサイズの「バンコンバージョン」,https://news.yahoo.co.jp/articles/4c803bd26ab5b362e800271bc6b35d325f00058c,7/10(月) 17:31
sotolover,利用しない手はない！　キャンプデビューでしくじらない「テントの試し張りサービス」がスキルアップの近道になる理由とは？,https://news.yahoo.co.jp/articles/6c4fd107dc90225b0ebca592003ff995c6ede172,7/10(月) 11:32
sotolover,嘘のようでホントにあった「キャンプ場」のありえない「とんでも迷惑エピソード」5選,https://news.yahoo.co.jp/articles/3cf31002fd733473d6ac6a3d908d14491efb39f2,7/10(月) 6:32
sotolover,極上のくるま旅をサポート！   新充電システム「EVOLIE搭載」で全方位に魅力あふれるハイエースベースのバンコンの実力とは,https://news.yahoo.co.jp/articles/4e0d787db94d40612d46991124b9a7d3de6f093e,7/9(日) 19:18
sotolover,アウトドアで出会うかも!?　世にも不思議な「水辺のへんないきもの」【外来種編】,https://news.yahoo.co.jp/articles/9f18521490b4ab8bca4a9b5b3fa5a72514b95e86,7/9(日) 18:10
sotolover,キャンプデビューで失敗しないための「絶対に押さえておきたい」あると便利な道具とは？,https://news.yahoo.co.jp/articles/ca15b73bbc3b3ff12fb7d1e8700d27f0769ce2ae,7/9(日) 7:07
sotolover,アウトドアで出会うかも？　世にも不思議な「水辺のへんないきもの」vol.03【水生昆虫編】,https://news.yahoo.co.jp/articles/3aebaede919c1043a811d21be331dbc42bfa64d4,7/8(土) 19:03
sotolover,エグゼクティブ × アドベンチャー「レクサス」が提案する贅を尽くしたアウトドアスタイルのカタチとは？,https://news.yahoo.co.jp/articles/21c4a08174f0902227f18d42f7080f5a7c897eff,7/8(土) 17:34
sotolover,キャンプ初心者は知らなくても当然！　だからこそ知っておきたい「ベテランキャンパーが教える！」超お手軽メンテナンス術,https://news.yahoo.co.jp/articles/15862ee3d5cc409ba8c02d69587c31f5fa4c02db,7/8(土) 12:43
sotolover,子どもたちのホッペタが落ちるかも!?  ベテランキャンパー「ママ」珠玉のキャンプ飯3選と絶対に持っていくべきクッカーとは？,https://news.yahoo.co.jp/articles/59ac36ea5fc3cc5361c456cacb5aa3e7212ad057,7/7(金) 19:57
sotolover,アウトドアシーンで出会うかも？　世にも不思議な「水辺のへんないきもの」 vol.02【淡水編】,https://news.yahoo.co.jp/articles/2ee8ff70e66becc779053a226ad1ed39507c3b78,7/7(金) 17:32
sotolover,道具選びは「一点豪華主義」で間違いナシ！　初心者が「キャンプ沼」にハマらないためのお金をかけるべきポイントとは,https://news.yahoo.co.jp/articles/1ee89085384a3a1363e20141ae6e9bdc788b9d38,7/7(金) 17:32
sotolover,衝撃アウトドア本発掘レビュー！　STRANGE OUTDOORE BOOK 『日本クマ事件簿』,https://news.yahoo.co.jp/articles/a705166e19d6eef9ee7f663e99ef1adcd1be3248,7/7(金) 12:08
sotolover,星降るキャンプ場で天の川体験 ～満天の星がキレイな～キャンプ場3選【関東エリア】,https://news.yahoo.co.jp/articles/60fcd946f78bc845c76c6196f8f045b1855bfd24,7/7(金) 6:30
sotolover,夏野菜をソテーして秋田発の万能つゆ「味どうらくの里」をかけるだけでソトゴハンの出来上がり！,https://news.yahoo.co.jp/articles/d9fcb2b700832ff00decd0e3362af276d8819507,7/6(木) 19:11
sotolover,有毒か？  それとも無毒か？ 「食べていいのはどっち」隣り合って生えるそっくりさんたち,https://news.yahoo.co.jp/articles/6a70e29d65d5643d2d5bf1bd48f13cdf40784aa6,7/6(木) 17:47
sotolover,命の危険に晒されることも！　緩みがちなキャンプのゴミ処理マナー＆ルールを遵守すべき「恐ろしい理由」とは,https://news.yahoo.co.jp/articles/9b52c7a85c1484f3b047d06ccd27c01b4bd83b45,7/6(木) 12:01
sotolover,夏山シーズンを先取り！　色彩豊かな花たちを愛でる「朝ドラ」で話題の植物学の父になる入笠山ハイク,https://news.yahoo.co.jp/articles/cff6e258943dc78d3d4fdfa4ea2dbec440158dd0,7/6(木) 6:32
sotolover,モータースポーツ好きキャンパー5組を突撃取材！ 「富士SUPER TEC 24時間レース」の過ごし方を聞きました,https://news.yahoo.co.jp/articles/d06f60f685268d232ef362572db1d181f4a9cb9a,7/5(水) 19:53
sotolover,旨みと甘味が最高のマリアージュ！ 秋田発の万能つゆ「味どうらくの里」でソトゴハン【ごはんもの編】,https://news.yahoo.co.jp/articles/190b302d227ddca0b7e163a3df9aaacd52e85861,7/5(水) 17:31
sotolover,愛犬連れハイカーからも愛される「奥座敷奥多摩」のロックガーデンで憩う信仰の山・御岳山ハイク,https://news.yahoo.co.jp/articles/fdc22f798fa05a48cc6c7ccdc452ff630e87a36b,7/5(水) 12:03
sotolover,うさぎと一緒にキャンプができるってマジか　休暇村大久野島で「うさキャン」してみた,https://news.yahoo.co.jp/articles/b3c93d167f783edaa7dadd92e498078c153b7c5f,7/5(水) 6:31
sotolover,手間知らずなのに美味で驚き！  秋田発の万能つゆ「味どうらくの里」でつくる漬けおき時短キャンプ飯,https://news.yahoo.co.jp/articles/b8e9556b80f2d3f11a52f621ee63b5456505dbfe,7/4(火) 20:02
sotolover,なぜ嫌われるのか？　タガを外したグルキャン集団から学ぶ「反面教師」のキャンプのマナーとは？,https://news.yahoo.co.jp/articles/a02794a59f4085c7fb32bde99e7bb82a91a1b6a6,7/4(火) 19:00
sotolover,「聖地ヨセミテ」に魅せられて！ vol.01「人生で一度は訪れたい」アウトドアの本場カリフォルニアの素顔,https://news.yahoo.co.jp/articles/4ae28936186b9817adc8779aab64cfc9c4c504d8,7/4(火) 17:30
sotolover,【書評】今どきまっとうなアウトドア本『野草がハーブやスパイスに変わるとき』,https://news.yahoo.co.jp/articles/b354884b48b474a4d23fe298ed3bde525506ab92,7/4(火) 11:59
sotolover,ここは「夢のラビットアイランド！」たくさんの野うさぎたちが暮らす「大久野島」探訪記【vol.01】,https://news.yahoo.co.jp/articles/5975a70dc35b807d109332351188b0b734523baf,7/4(火) 6:30
sotolover,「喰う・飲む・寝る……」だけってアリ？　子どもたちも大喜びの「プチアクティビティ」5選,https://news.yahoo.co.jp/articles/a2e2d59f004d17f85fe68221ba5e34580c385532,7/3(月) 20:12
sotolover,【書評】コケは海からやってきたってホント!?「コケ女」必読の今どきまっとうなアウトドア本『新訂版 コケに誘われコケ入門』,https://news.yahoo.co.jp/articles/26dd06f91a6cc1ee2c957911171c198ccfe22d88,7/3(月) 19:00
sotolover,アウトドア系SNSでもじわりと話題に！　秋田発の万能つゆ「味どうらくの里」で間違いのない味変「麺料理」をつくってみた,https://news.yahoo.co.jp/articles/f5efacc4a3d572283ad0e52585820135e35a9653,7/3(月) 17:31
sotolover,憧れの海キャンプは絶対NG！　「後悔先に立たず」とならないためのキャンプ初心者が避けるべきデビュー時期とは,https://news.yahoo.co.jp/articles/d829045f6699c851312ebec77713ebecc798e134,7/3(月) 12:07
sotolover,キャンプ場つくっちゃいました！【vol.01】脱サラ「リーマン」キャンパーが独力でキャンプ場を立ち上げるまで-be-北軽井沢キャンプフィールド／後編,https://news.yahoo.co.jp/articles/f485d3b063d7c2c74109af71f6238b87ae40f330,7/3(月) 6:31
sotolover,キャンプの達人たちが隠し持っている意外な道具とは？　持っていて損ナシの身近なところに存在する秘密道具5選,https://news.yahoo.co.jp/articles/5e82fff5ae0a2348dd30f3b9c4a0fd8b388a7000,7/2(日) 19:00
sotolover,初キャンプは「山」「海」「湖」どのロケーションが最適解か？　ネガティブ要素の払拭がカギになるキャンプ場を選びのポイントとは,https://news.yahoo.co.jp/articles/0d8e6ab72c59737f139b72e50f1a2b417abc8c9c,7/2(日) 17:02
sotolover,愛着がわいた大切なギアに魂を入魂!? 　キャンプギアをオレ流にDIYする「ステンシル」塗装のススメ,https://news.yahoo.co.jp/articles/5315958a562fe22039f071038c3abff09a1553d2,7/2(日) 11:32
sotolover,子どもたちの成長に感動「保護者不在」のキャンププログラム「キッズキャンプ at TINY GARDEN 蓼科」開催,https://news.yahoo.co.jp/articles/e4e6bbdd7e475722c71e1cd0f2d757c6d3f4818a,7/1(土) 21:00
sotolover,レイトチェックアウトしてでも楽しみたくなる！ SUPから登山まで「アクティビティ」満載の 「本栖湖いこいの森キャンプ場」,https://news.yahoo.co.jp/articles/2f465020ac52ef65228e426247cccc427f7efa2f,7/1(土) 18:58
sotolover,【書評】旅の本屋「のまど」厳選！「今すぐ冒険に出たくなる本 vol.06」『聖地サンティアゴへ、星の巡礼路を歩く』,https://news.yahoo.co.jp/articles/e07a631edf2c7d18ff9b0a50e6a8e82f66703ff9,7/1(土) 18:00
sotolover,キャンプ場つくっちゃいました！ 脱サラ「リーマン」キャンパーが独力でキャンプ場を立ち上げるまでの物語【前編】,https://news.yahoo.co.jp/articles/76605d659b01d9a785a4c9a98672c5ac47831dfc,7/1(土) 15:01
sotolover,キャンプに出かけて「喰う寝る」だけじゃもったいない！　　アクティビティで大自然と向きあうことで得られる「遊び」体験とは,https://news.yahoo.co.jp/articles/db15afaef9e1542de1e910741ff031acf3caf2c6,7/1(土) 9:00
sotolover,ただ焼くだけじゃ美味しくならない！　燃料によって調理法を変えるだけで旨さ爆上がりのBBQに出会える,https://news.yahoo.co.jp/articles/3cf2e5b94fd3d5190b57369bafeee5b0f07d3d01,6/30(金) 12:00
sotolover,奥さんが「激おこプンプン丸」に！　手狭になる前に対策したい溢れすぎたキャンプ道具の収納問題とその解決策とは,https://news.yahoo.co.jp/articles/e4a218646bdfa925741bc601a3f813c910f11def,6/30(金) 6:36
sotolover,アウトドアのプロが伝授！　愛車を傷つけないキャンプ道具の「パッキング術」はこんなにも簡単だった,https://news.yahoo.co.jp/articles/3e17ef7557f1d0a4eca5bc36767474d1f21bd7f8,6/29(木) 20:47
sotolover,「ワンポールはカンタン」に異論なし！　プロが解説する設営方法と大きなメリット＆わずかなデメリットとは？,https://news.yahoo.co.jp/articles/759de2370e6206d7a082dc7ee5de614fb0269b7c,6/29(木) 18:31
sotolover,誤った知識が足枷になる!? 「キャンプ初心者」が乗り越えるべき壁のクリア方法は「基本に忠実」の実践に限る,https://news.yahoo.co.jp/articles/c4946e93035140de5e9b6a1682150f13d59582e5,6/29(木) 17:30
sotolover,道具積み過ぎ問題を解決！　キャンパーたちが「ルーフボックス」＆「ルーフラック」を愛する理由と知っておくべきデメリットとは,https://news.yahoo.co.jp/articles/5809429eb7c2faef8e259889fc8718f98138605c,6/29(木) 12:01
sotolover,自宅でグランピングを満喫！「ベランピング」＆「庭キャン」の楽しみ方と意外な「落とし穴」とは,https://news.yahoo.co.jp/articles/fa35c68335bd1289d85c81b30dba520a18cd77b6,6/28(水) 20:51
sotolover,「ゲリラ豪雨」が楽しいキャンプを不幸に陥れる！　事前に対処しておきたい大雨対策とテント＆タープの設営方法とは,https://news.yahoo.co.jp/articles/149c35eabe87bae803bc73ea7f1598e88ccee2e7,6/28(水) 18:43
sotolover,「開放感」と「安心感」どっちを優先すべきか？　キャンプ場選びの究極の選択「区画サイト」と「フリーサイト」その最適解とは,https://news.yahoo.co.jp/articles/36ef19f6e0d0125730239a3db57e269a7c07eb34,6/28(水) 17:31
sotolover,道具の価値がキャンパーの熟練度をキメる訳じゃない！　精神面から考察する「初心者」と「ベテラン」キャンパーの違いとは,https://news.yahoo.co.jp/articles/68b19e79b8b3e9921c667038f2a6280214f55ad8,6/28(水) 12:57
sotolover,ド直球で勝負しても勝ち取れない！　ときには変化球が必須になる「キャンプ場の予約必勝法」7つ,https://news.yahoo.co.jp/articles/43d7abf069a53ace5f44283a9a31c3e2ff9ce466,6/28(水) 6:55
sotolover,人気インスタグラマーに聞きました！　親が安心してテント設営に集中するための「魔法の遊び道具」が効果テキメン,https://news.yahoo.co.jp/articles/a5c4d5ff6e43209323c24fbf5f597a12db922500,6/27(火) 20:33
sotolover,思わず裸足で駆け回りたくなる！　ふかふかの「天然じゅうたん」に癒やされる芝生＆草原が魅力のキャンプ場3選 【東北エリア】,https://news.yahoo.co.jp/articles/7e2beff4ab8d845b63042ff18fc06b89f096b296,6/27(火) 18:32
sotolover,シャレでつくった訳じゃありません！　「老舗マフラーメーカー」がタイコをアレンジしたBBQストーブが本格派だった,https://news.yahoo.co.jp/articles/4b4f2c9c07587d1f74af6d0328965ffa5f79d354,6/27(火) 17:30
sotolover,夏の車中泊なんて自虐行為じゃね？　それでも諦められない「我が儘キャンパーに贈る」たった3つの対策とは,https://news.yahoo.co.jp/articles/b67c3bdce5a70b30aeccff98fd7a46d259a30dc8,6/27(火) 11:32
sotolover,水遊びを甘く見るべからず！　不幸な水難事故から身を守る「5つの掟」と肝に銘じておきたい「心得」とは,https://news.yahoo.co.jp/articles/3874d2453143fdc74899fcfcc905a3f10ff035cf,6/27(火) 6:53
sotolover,摘んで持ち帰るだけで罰則対象に？　美しさとは裏腹に在来種の生態を脅かす侵略的外来種「オオキンケイギク」の脅威とは,https://news.yahoo.co.jp/articles/9b8666f0dabca4ab929f4e62ee8ebd34e98aba4f,6/26(月) 20:03
sotolover,テント選びですべてがキマる！　プロが教えるキャンプの「成功」と「失敗」の法則とは,https://news.yahoo.co.jp/articles/e2425c2748b75227285facf214bed13e40d194a9,6/26(月) 19:28
sotolover,家路につく前の温泉浴はハズせない！　キャンプ疲れを癒やす広いお風呂自慢のキャンプ場3選【東北エリア】,https://news.yahoo.co.jp/articles/5a4bf4463fd95b2db2e62a9962511fffd5e0a306,6/26(月) 17:30
sotolover,外遊びも二刀流がトレンドか？　絶叫アトラクションとアウトドアが一緒に楽しめるキャンプ場3選【関東エリア】,https://news.yahoo.co.jp/articles/b95de94c6cfe134ca8a153e0b52aef4b7a40883d,6/26(月) 11:31
sotolover,巷で話題の「小川張り」ってナニ？　タープの下にテントを張るメリットだらけのサイトづくりと僅かなデメリットとは,https://news.yahoo.co.jp/articles/05f8acaaafcb895de0a0c8dcfc21706e466fff97,6/26(月) 6:31
sotolover,縦走デビューで選びたいおすすめソロテント2選『山岳テント』のマスト機能は「軽量さ」と「設営のしやすさ」二兎追うのが大正解,https://news.yahoo.co.jp/articles/f410148c03fcf1232e99dd416ed2939dc0c3a914,6/25(日) 20:00
sotolover,常識を覆す奇想天外な行動に驚愕……世にも不思議な「水辺のへんな生き物の生態」とは？,https://news.yahoo.co.jp/articles/92efdc7e53661852d041789e6a638d9c8ec8b274,6/25(日) 20:00
sotolover,「道端は野生の王国」可憐な花びらを咲かせる「ハルジオン」と「ヒメジョン」の意外な生態とは,https://news.yahoo.co.jp/articles/f25c628f63a851547efd5b772bb4d75c754f5d01,6/25(日) 17:02
sotolover,山岳遭難捜索チームのリアルな活動を知る！【書評】今どきまっとうなアウトドア本 『「おかえり」と言える、その日まで』,https://news.yahoo.co.jp/articles/04b8a8005428c70c4d03f39c1a9cb06b4fbb7bd4,6/25(日) 12:00
sotolover,人気インスタグラマーに聞きました！　ファミリーキャンプを楽しむコツは信頼度◎の「スタメンギア」の采配でキマる,https://news.yahoo.co.jp/articles/69160eb74a71de9de8a945dcd307735b7679bf92,6/25(日) 8:01
sotolover,意気揚々と挑んだ初キャンプで撃沈……「一泊」か「連泊」かテント泊デビューの最適解とは,https://news.yahoo.co.jp/articles/d35d9ae0ead62e94eab994d017e8e826a2bf5c1f,6/24(土) 20:00
sotolover,軽さこそ正義！　ソロ＆デュオキャンプから登山まで、その高性能ぶりが気になる「軽量テント」4選,https://news.yahoo.co.jp/articles/6ee92fcbce171316a3b441af4e8a46f4621ac71b,6/24(土) 19:01
sotolover,贅沢な空間をひとり占め！  1日1組限定のいま行きたいグランピング＆キャンプ場3選【北関東エリア】,https://news.yahoo.co.jp/articles/c373a2230c8d174e5f15272b43184ed4d0eca836,6/24(土) 17:00
sotolover,スキーウェアの新調は夏までにってマジか!?　専門店に聞く「最高のスキーシーズン」を迎えるための準備術【vol.01 スキーウェア編】,https://news.yahoo.co.jp/articles/e76d121e21477c7ad13f684e50a05997949265c7,6/24(土) 10:02
sotolover,突然の落雷に遭遇したらどうする？　プロが教える雷に遭遇したときの「正しい防衛策と避難方法」とは,https://news.yahoo.co.jp/articles/3c900aebe2fec292377cf2e308c4f3fc936027cc,6/24(土) 8:01
sotolover,キャンプスタイルの多様化で「映え」から「工夫」の時代到来か！　アウトドアの次なるキーワードは「ミニマル」で決まり,https://news.yahoo.co.jp/articles/389d5a52cea34c8bcb606cf978ccabe7ed36d2de,6/23(金) 20:01
sotolover,炎のゆらぎが癒やしになるってホント？　キャンプのメインイベント「1/fゆらぎ」をもたらす「焚き火」をしない手はなし,https://news.yahoo.co.jp/articles/a2fe6f30caed7eb52f10e0fb3ad6589a2ee3b27f,6/23(金) 18:31
sotolover,人気インスタグラマーに聞きました！　ファミリーキャンプを楽しむコツと大切な時間の作り方【アウトドア飯編】,https://news.yahoo.co.jp/articles/db8c96a4b2a0261aea00ad04a849d5a30aeab59c,6/23(金) 17:30
sotolover,テンションだだ下がりのキャンプに終止符！　天気が急変しても憂い知らずの「プロが教える」防水バッグ3選,https://news.yahoo.co.jp/articles/fa2ff14206044fc5108b4cc2c051926fa466c837,6/23(金) 11:33
sotolover,姫乃たまの「おそとで生きるもん！」アウトドアでおしゃれイタ飯「アクアパッツァ」と「リモンチェッロ」でイタリアンパーティー開催,https://news.yahoo.co.jp/articles/9c96dc2236601ee097f00037a36c72a9e318c790,6/23(金) 6:30
sotolover,知っているようで知らない南極観測隊のリアル！　氷の大平原を駆け抜ける「南極版キャンピングカー」雪上車の旅,https://news.yahoo.co.jp/articles/2ce1a684074a11ffe07ffbdb784fdee8efca83d2,6/22(木) 19:00
sotolover,人気インスタグラマーさんに聞きました！　家族で満喫できるおすすめキャンプ場選びの秘訣とは,https://news.yahoo.co.jp/articles/35b10f288cb133a0f46e7f89d06506d3c4e68dc8,6/22(木) 18:31
sotolover,プロが教える万全の雨キャンプ対策！「レイングッズ」はどう選ぶ？　キャンプ使用がメインならコスパ重視が大正解,https://news.yahoo.co.jp/articles/40807227e700d821ad5a92301128525f636b1f52,6/22(木) 17:30
sotolover,「教え魔」がエスカーレートすることも……「女性キャンパー」に忍びよる恐怖と備えるべきアウトドアでの防犯対策とは,https://news.yahoo.co.jp/articles/c072913ffd0aedcea4b7dfb3280da54474f1a532,6/22(木) 11:32
sotolover,【書評】今どきまっとうなアウトドア本 『アウトドア六法 正しく自然を楽しみ、守るための法律』とは,https://news.yahoo.co.jp/articles/0d6fcf86b44076d83e6c30bcb519199d6acf8556,6/22(木) 6:32
sotolover,たどり着けるかは運次第？　究極の秘湯「野湯探検記」沼尻元湯・洞窟温泉につかる【福島県】,https://news.yahoo.co.jp/articles/1cebbccfe97d3e149fe8eba1427cbcd4eb233181,6/21(水) 20:00
sotolover,アウトドアショップに聞く「イチ推し夏のキャンプギア」ポップだけど使ってみたら本格派のステンレスボトルの実力とは,https://news.yahoo.co.jp/articles/c90e4ebd3ce350bfc3b83b73dff3e59b15faaaa3,6/21(水) 17:30
sotolover,「知っているようで知らない南極観測隊のリアル」分厚い氷床の上で地球の息吹を感じるテント生活に迫る,https://news.yahoo.co.jp/articles/6bb57147092bc1dcc6d32863ccfd16be9a77ca5c,6/21(水) 16:01
sotolover,雨キャンプでも快適に過ごせる理由は防水メンテにあり！　「プロが教える万全の対策」はその徹底ぶりが勝機になる,https://news.yahoo.co.jp/articles/e7d0cd4a8a32ad20e2fcadde133653988c1305fc,6/21(水) 14:06
sotolover,家族でのキャンプデビューは「最低10万円」かかるってマジ!?　購入すべきアイテムとリアルな予算を計算してみた,https://news.yahoo.co.jp/articles/ccbd683898bd471b1ac4d232d784667f4475f313,6/21(水) 11:30
