media_en,title_articles,link_articles,date_original
fanfun,「ファミマのお芋掘り」9月5日～　トレンドのお芋スイーツが登場！,https://news.yahoo.co.jp/articles/6ef8d7abefd71cf1e75fec07768a97211abb550e,9/7(木) 16:23
fanfun,【九州初上陸】八十八良葉舎が9/6(水)～9/12(火)博多阪急に期間限定出店,https://news.yahoo.co.jp/articles/7134d1be12fd5c68750eea4fe09a74abb01ea32c,9/7(木) 11:21
fanfun,福岡のケーキ厳選9選！定番からトレンド、食べ放題のお店も紹介,https://news.yahoo.co.jp/articles/6c7b088dc536451e138191202652372d3eddf9da,9/6(水) 16:20
fanfun,「博多一双」監修！　博多豚骨ラーメンが登場9月7日～【かっぱ寿司】,https://news.yahoo.co.jp/articles/b89e2e0ad57431439e95920ab3f3b7c8d7a15493,9/6(水) 11:20
fanfun,「シャインマスカット＆メロン食べ放題」9/6～開催！【スイーツパラダイス】,https://news.yahoo.co.jp/articles/bb40c8fc1f8f4b0bcf6ff58fcaed53623ecd9d09,9/5(火) 16:20
fanfun,大好評！「丸亀シェイクうどん」に新作3商品が仲間入り！　9/5～発売【丸亀製麺】,https://news.yahoo.co.jp/articles/742fd2b5c641913d557fec5f5a92bafe65de4a40,9/5(火) 11:21
fanfun,【レポート】映画「こんにちは、母さん」記者会見に吉永小百合さんが登場！撮影エピソードを語る,https://news.yahoo.co.jp/articles/b9a4fb85c996d0bd7f0326966eaaece5ae5a0263,9/4(月) 16:28
fanfun,芋栗かぼちゃのスイーツブッフェ開催！【オリエンタルホテル福岡 博多ステーション】,https://news.yahoo.co.jp/articles/ddc274c529733bc4feea02421c3754a07aa3ab5f,9/4(月) 11:20
fanfun,【資さんうどん】ミニ丼6種が新登場！「しあわせセット」の丼としても選べる！,https://news.yahoo.co.jp/articles/ab84c64ce6974d85d51b7252f4fdc28a699d32ea,9/3(日) 16:20
fanfun,出店商品を紹介！「あいぱく FUKUOKA in SUMMER 2023」,https://news.yahoo.co.jp/articles/9817cfe7e33fbc0f926636c14f828e59bfd1ab39,9/3(日) 11:20
fanfun,【おむらいす亭】月見チーズメニューが新登場！　秋にぴったりのふわとろオムライス,https://news.yahoo.co.jp/articles/861dabe026893f1563f1031e0e1ca71ed3d780e7,9/2(土) 16:20
fanfun,「パパブブレ」リニューアルオープン！　福岡ならではのイチゴ商品を多数取り扱い,https://news.yahoo.co.jp/articles/1fc4e23b169433bf88bce17f76dcb06705b7cc24,9/2(土) 11:20
fanfun,大人も小学生料金に！「おとな割」予約開始【グランブッフェ イオンモール筑紫野店】,https://news.yahoo.co.jp/articles/c8b1e28be712b0acfc120015922fe83b2add648a,9/1(金) 16:20
fanfun,【福岡市・博多】「大人のビアホール ～秋の味覚大収穫祭 INアジアン中華～」開催,https://news.yahoo.co.jp/articles/cfe5864065665a7c7d3fd9c5f555a31ecefcf33c,9/1(金) 11:20
fanfun,「福マルシェ＠照葉」福岡市東区で9/3開催！　ひんやりスイーツ・夏グルメなど提供,https://news.yahoo.co.jp/articles/ba15ef952fb7c4afef9846052acd286408402adc,8/31(木) 16:20
fanfun,【参加者募集】ラグビーワールドカップ2023の日本代表戦パブリックビューイングがアサヒビール園で開催！,https://news.yahoo.co.jp/articles/5ae3557ba07268cfe6fce45018b7d083023477f2,8/31(木) 11:32
fanfun,生ビール半額！　ガスト・バーミヤン・ジョナサン・夢庵が対象＜8/24～9/26＞,https://news.yahoo.co.jp/articles/75d4aec80820da04ff7798a45a7e9444c40ea098,8/30(水) 16:43
fanfun,8月31日は野菜の日！ 「オフィスで野菜」が天神でイベント　焼き芋の配布も,https://news.yahoo.co.jp/articles/f195c4af0d8c3938a30aff832107268c5d89e86b,8/30(水) 11:20
fanfun,【焼肉きんぐ】「韓国フェア」が帰ってくる！　メニューを紹介＜8/30～開催＞,https://news.yahoo.co.jp/articles/8b3feb009550aa472c509d3a0ecafc7d5a484de7,8/29(火) 16:28
fanfun,【パフェ食べ放題】秋も福岡サンパレス！モンブラン・ぶどう・いちじく…シメはアレ！,https://news.yahoo.co.jp/articles/b0d090a7d1f7373971ed6257fd00adcdb3d721b2,8/29(火) 11:20
fanfun,"【五島・福江旅】1人1泊につき5,000円付！　福岡空港発着のお得なプラン登場",https://news.yahoo.co.jp/articles/5bb119571de129be8cd809661f0c4607f3d73688,8/28(月) 16:20
fanfun,福岡カレー｜“天使”と“悪魔”の優しい誘惑【バタチキラバー】～グルメ探検隊～,https://news.yahoo.co.jp/articles/3eeb59eb3cadba686ee7d60c5cec732124064284,8/28(月) 11:20
fanfun,福岡【八女エリア】日帰り旅おすすめスポットを徹底取材！～ファンファン調査隊～,https://news.yahoo.co.jp/articles/ae6eed82fa1c6339709cd26497f55b2ea28e21b8,8/27(日) 16:20
fanfun,「おぱんちゅうさぎ展」福岡パルコで開催！　展覧会記念グッズも＜9/8～10/1＞,https://news.yahoo.co.jp/articles/e7ac34bee0d64e3de0ad2927e90007a8082dcc2f,8/27(日) 11:20
fanfun,「僕のヒーローアカデミア × ちいかわ POP UP STORE」パルコで開催！,https://news.yahoo.co.jp/articles/a18aa9c5c3af60f95ddd93ac2157341681f4312e,8/26(土) 16:20
fanfun,野外DJフェス「Paradise Disco」9/10開催！【インザパーク福岡】,https://news.yahoo.co.jp/articles/71e68effe0738f7bfca371c92f6f5ef3b79ec097,8/26(土) 11:20
fanfun,【トリアス新店情報】ドラッグストアのアウトレット/九州初出店の古着倉庫がオープン,https://news.yahoo.co.jp/articles/f73302f92db3553d8e5aba2a4abc4387875ebbff,8/25(金) 16:20
fanfun,資さんうどん監修の「カレーぶっかけうどん」新発売！【ファミリーマート】,https://news.yahoo.co.jp/articles/4a780936461606033a1367113ebeaed3728d446f,8/25(金) 11:20
fanfun,ヒルトン福岡シーホーク　2日間限定「Hilton Fukuoka Sea Hawk ハロウィンパーティー」を開催！,https://news.yahoo.co.jp/articles/3a472854b313cd83c9e60badb2bca35fedf53350,8/24(木) 17:31
fanfun,幻スイーツ「壺芋ブリュレ」×「PRESS BUTTER SAND」がコラボ！ 9/1～期間限定販売,https://news.yahoo.co.jp/articles/40de0feaa33de50c936e0e26397a6c2e08d89870,8/24(木) 11:26
fanfun,5年ぶりの福岡開催！アイスクリーム万博「あいぱく FUKUOKA in SUMMER 2023」開催決定！,https://news.yahoo.co.jp/articles/b65e88a893bc12754f51480ecd8c4767db8299fd,8/23(水) 16:20
fanfun,9/2 ニューオープン「REC COFFEE 博多ロースタリー」とお菓子の新ブランド,https://news.yahoo.co.jp/articles/20f0e17ebd6fae0bec17f7f5c4dbec75841c46d9,8/23(水) 11:20
fanfun,【すき家】「ねぎ塩レモン牛丼」並盛580円が新発売！　ほか季節限定商品も続々登場,https://news.yahoo.co.jp/articles/f1896ca689492486d8007ca11f5fcf303a1240b1,8/22(火) 16:20
fanfun,「第364回筑後川花火大会」8/27開催！　一緒に楽しみたい祭り・フェスタも紹介,https://news.yahoo.co.jp/articles/a8df70d1fbf9032fe1d2f492c80f89427f3c8c41,8/22(火) 11:21
fanfun,【KFC】オリジナルチキンがオトクに！「カーネル生誕祭パック」8月23日～販売,https://news.yahoo.co.jp/articles/9d0c4088b65de7e6e4770454d5f9b712c3d08574,8/21(月) 16:25
fanfun,「カレーとうまみのひみつ展」開催！　久原本家の子ども向け展示・体験イベント,https://news.yahoo.co.jp/articles/9d79a8c0f44e0fe3f2cff802a415db83e7d37bca,8/21(月) 11:20
fanfun,九州初開催「NARUTO ーナルトー」20周年記念！「NARUTO THE GALLERY」9月16日（土）より福岡で開催決定,https://news.yahoo.co.jp/articles/f4c4c493d050ffba59dd9f367ae74bf51afa3faf,8/20(日) 16:20
fanfun,「おそ松さん わん！だふるピクニック ポップアップイベント」福岡は9月19日（日）より開催！,https://news.yahoo.co.jp/articles/32901b9ee87bacdbf0c7524745ed384cdd01901a,8/20(日) 11:20
fanfun,【焼肉ライク】8/29限定　ミニ焼肉セットが500円！　さらに黒毛和牛カルビを半額で提供,https://news.yahoo.co.jp/articles/1a1a5cf4faa55305741c7518c32335e88a298cf4,8/19(土) 16:20
fanfun,【ほっともっと】「海鮮天丼」590円など人気定番商品が今年も登場！＜8/22～＞,https://news.yahoo.co.jp/articles/3e9d72132c5a1e2831d40808806d32d7f4f9741b,8/19(土) 11:20
fanfun,1個50円で焼きたてパンが食べられる「こども食堂 BREAD FOR KIDS」を開催【小麦の奴隷】,https://news.yahoo.co.jp/articles/c364910634a1e11e70044a1d1c86ac3819fdd550,8/18(金) 16:20
fanfun,【オープン情報】サラダボウル専門店「WithGreen  アミュプラザ博多店」,https://news.yahoo.co.jp/articles/e327bf3a9018d3a089d130091b2e430a4ba6a6d0,8/18(金) 11:20
fanfun,【キルフェボン】人気のイチジクフェア「晩夏のイチジク」を開催！＜8/23～27＞,https://news.yahoo.co.jp/articles/9fbeabb5a2008e35b7234817e14a51252695df40,8/17(木) 16:20
fanfun,「魅惑のシャインマスカットパフェ」期間限定で発売！【ホテルニューオータニ博多】,https://news.yahoo.co.jp/articles/5cfe683737cd572b62b0045a021dc5898a7a9a63,8/17(木) 11:20
fanfun,【デカ旨！】大戸屋史上最大！「大判アジフライ定食」を1万食限定で販売！,https://news.yahoo.co.jp/articles/c36f07c2a803ef7734ddfc4cd5a69cef792a772c,8/16(水) 16:39
fanfun,【JR博多駅】ギンビス「たべっ子どうぶつ」期間限定ショップが8/11オープン！,https://news.yahoo.co.jp/articles/ea67b792b686da2efec631ee583ed1d50c3100cd,8/16(水) 11:23
fanfun,「かっぱえびせん 島とうがらし味」九州・沖縄で発売！かっぱえびせんの日もチェック！,https://news.yahoo.co.jp/articles/9bfde7445e63f00c49be7b77f237dd8df9ea1255,8/15(火) 16:20
fanfun,まるでケーキ！　QUON RIVER TERRACEの「パティシエが作る かき氷」～福岡イイモノ発見隊～,https://news.yahoo.co.jp/articles/3b96139b333e586c7f9842661a08381de639a1ac,8/15(火) 11:20
fanfun,福岡パン｜福岡の食の豊かさを伝えるもちもちベーグル【PUG BAGEL Works】,https://news.yahoo.co.jp/articles/ffdcafc53e8eef07fedfd20c6ff9cdac39a5b45c,8/14(月) 16:20
fanfun,福岡ランチ【パスタショップ】進化系クリームパスタが話題,https://news.yahoo.co.jp/articles/8b19f10d721b3153f59d8f0e5271c809559bb600,8/14(月) 11:20
fanfun,【博多 椒房庵】海鮮珍味シリーズ「焼鯖めんたい」が8月1日より新発売！,https://news.yahoo.co.jp/articles/ab9276aa7228c3257d6f6eb60972b7f13b6227cb,8/13(日) 16:20
fanfun,【ミッフィーグッズ】8/10～ 郵便局で限定販売！,https://news.yahoo.co.jp/articles/9a6c1ad1cccd4020c46185aeb78b545ce5c2e75d,8/13(日) 11:20
fanfun,【期間限定】シナモンロール専門店「シナボン」が「モカチーノボン」を販売！,https://news.yahoo.co.jp/articles/3edca21c4a5e7fb4ce31176cc32afcec4a65cbf0,8/12(土) 16:20
fanfun,土日祝限定！ エスニックな「 サマーディナーブッフェ 」9/30まで開催中【ホテル日航福岡】,https://news.yahoo.co.jp/articles/ca7c473996c95d8739a185cf77414407a599b07f,8/12(土) 11:20
fanfun,「NTT西日本スペシャル おいでよ！絵本ミュージアム2023FINAL」～8/27まで　福岡アジア美術館で開催中,https://news.yahoo.co.jp/articles/612a7effaa34d62b0de26d7902936152b7c04d07,8/11(金) 16:20
fanfun,焼肉・BBQ盛り合わせ多数！「あんず お肉の工場直売所」にて「夏の工場開き」開催！,https://news.yahoo.co.jp/articles/d7d1548fe7cdaf054b6004eaabfa7d3dee8c65ce,8/11(金) 11:20
fanfun,「夜の動植物園」2023年も開催！　見どころ・イベントはこちら♪,https://news.yahoo.co.jp/articles/3c00e3dbb4640c7922df225438cba6b5908a4458,8/10(木) 16:38
fanfun,福岡初上陸！“おうちで贅沢エステ気分”　韓国発スキンケアブランド「SHANGPREE（シャンプリー）」が博多阪急にてポップアップ開催！,https://news.yahoo.co.jp/articles/35c77611e337d56c5e97f9de2329a0dc53712725,8/10(木) 11:35
fanfun,＜ヒルトン福岡シーホーク＞博多湾芸術花火2023を眺めながら優雅に楽しむ 9/16限定「花火大会限定ディナーコース」,https://news.yahoo.co.jp/articles/22faaa57aa04ceb1027e89d9c1d48ae23b466939,8/9(水) 16:31
fanfun,8/7（月）オープン「鉄板焼天神ホルモン 博多バスターミナル店」！ 期間限定メニューも,https://news.yahoo.co.jp/articles/28ead12c70878fb0fb144b707e51e35b97753b64,8/9(水) 11:41
