media_en,media_jp,title_articles,link_articles,date_original
maidonans,‚Ü‚¢‚Ç‚Èƒjƒ…[ƒX,gãiŒn”Ş—h‚©‚ç‚ÌLINE‚É‹Áœ±IH@uƒAƒWƒFƒ“ƒ_‚É–Ú‚ğ’Ê‚µ‚Ävu’Ç‰Á‚ ‚ê‚Î‹L“ü‚ğvcg—ölŠ´ƒ[ƒh‚Ìƒ^ƒXƒNŠÇ—‚É^”Û—¼˜_,https://news.yahoo.co.jp/articles/4e5fdc2c021e781d514c10f9f1f06449f02748e7,No date found
maidonans,‚Ü‚¢‚Ç‚Èƒjƒ…[ƒX,‚±‚ÌŒŠ‚ÉŠç‚ğ‚Í‚ß‚ê‚Îc”bŒä‘O‚Éuñ‚ğ‚Ë‚¶Ø‚ç‚ê‚é•Òv‚É‚È‚ê‚éIH@aV‚·‚¬‚égŠço‚µƒpƒlƒ‹h‚ª˜b‘è‚É,https://news.yahoo.co.jp/articles/9e494703f428c0f441663f22855558cfb7399253,No date found
maidonans,‚Ü‚¢‚Ç‚Èƒjƒ…[ƒX,u“y“ç‚²‚Í‚ñv‚Í“ç’ê‚É•Ä—±‚ª‚±‚Ñ‚è‚Â‚«‚ª‚¿c‚»‚ñ‚È”Y‚İ‚àAŒx‹’¡‚ª“`ö‚·‚éƒAƒŒ‚ğg‚¦‚ÎAô‚¢•¨ƒ‰ƒNƒ‰ƒN,https://news.yahoo.co.jp/articles/3bbccf5a81b30526db800be3d21be34db98a2edc,No date found
maidonans,‚Ü‚¢‚Ç‚Èƒjƒ…[ƒX,´‘^‚ÈƒIƒtƒBƒXƒJƒWƒ…ƒAƒ‹‚Ì‰º‚É‚Íˆ³Šª‚ÌƒoƒY[ƒJ“û@ƒVƒƒ[ƒv‚È”üK‚àÅ‘å˜Io@CYBERJAPAN DANCERSEHARUKA‚³‚ñ,https://news.yahoo.co.jp/articles/f6fc38bcb757cba3c31a177112f7ce282546be3f,No date found
maidonans,‚Ü‚¢‚Ç‚Èƒjƒ…[ƒX,‰Ä‹x‚İA’·ŠÔƒXƒ}ƒz‚âƒQ[ƒ€‚Å—V‚Ôp‚ÉƒCƒ‰ƒCƒ‰IHcuq‚Ç‚à‚ÉƒXƒgƒŒƒX‚ğŠ´‚¶‚év•ÛŒìÒ‚Í–ñ”¼”,https://news.yahoo.co.jp/articles/d4ac89447e1623703e92a74a1089386fbb5e3f72,No date found
maidonans,‚Ü‚¢‚Ç‚Èƒjƒ…[ƒX,¼ì‹M‹³‚³‚ñ‹Áœ±Iu‚İ‚ñ‚ÈH‚×‚Ö‚ñ‚ÌHv@6ŒŒÀ’èc‹“sE ‰ê‚Å‚±‚Á‚»‚èˆ¤‚³‚ê‚é˜a‰Ùqu…–³Œv‚Æ‚Í,https://news.yahoo.co.jp/articles/f382b17bb66c47a8b71f2027e52176a38fc0f807,No date found
maidonans,‚Ü‚¢‚Ç‚Èƒjƒ…[ƒX,ƒgƒCƒŒ‚És‚­‚Í‚¸‚ª—â‘ ŒÉHƒŠƒrƒ“ƒO‚É‰½‚µ‚É—ˆ‚½‚Á‚¯cuÎ‚Ì‚¹‚¢‚©‚àv•¨–Y‚ê˜A”­‚Å”Y‚ŞÈ‚ÉA•v‚ª‚Ğ‚Æ‚±‚Æ,https://news.yahoo.co.jp/articles/fef30a4cb744e5207044e093f69781df9f076ed4,No date found
maidonans,‚Ü‚¢‚Ç‚Èƒjƒ…[ƒX,y•ÙŒìm‚ÌŒÙ—pÀ‘Ôz•½‹Ï”Nû‚Í20‘ã‚Åu783–œ‰~vc30‘ãA40‘ã‚Å‚Í‚¢‚­‚ç‚É‚È‚éH,https://news.yahoo.co.jp/articles/b6f27d9f9496db38059311d1fa722db1dd81763f,No date found
maidonans,‚Ü‚¢‚Ç‚Èƒjƒ…[ƒX,‰ª“c«¶‚³‚ñAH‚×‚Ä‚é‚¾‚¯‚Å‚»‚ÌF‹Ccu‚í‚½‚­‚µ‚Í‚Æ‚ñ‚©‚Â‚ªD‚«‚¾v“Še‚É‘å’–Ú@gD‚«‚ÈH‚×•¨ƒVƒŠ[ƒYhXV,https://news.yahoo.co.jp/articles/a24428b4364daa6d4727f4bc44b6ee80186522d7,No date found
maidonans,‚Ü‚¢‚Ç‚Èƒjƒ…[ƒX,10E20‘ã‚ª‘I‚Ôuƒhƒ‰ƒ}‚Ì•‘‘ä‚Åv‚¢•‚‚©‚×‚é‰wv‚Íc‘åƒqƒbƒgƒhƒ‰ƒ}wsilentx‚Ì•‘‘ä‚Æ‚È‚Á‚½‰w‚ª1ˆÊ‚É,https://news.yahoo.co.jp/articles/abccafa5f3ffd7f163b4f9b0d86eb34f3aacb9c3,No date found
maidonans,‚Ü‚¢‚Ç‚Èƒjƒ…[ƒX,2ˆÊ‚Íu‚Ó‚İ‚Ó‚İ‚µ‚Ä‚¢‚é‚Æ‚«vc”LD‚«—«‚ª‘I‚ñ‚¾uD‚«‚È”L‚Ìs“®vƒ‰ƒ“ƒLƒ“ƒO”­•\,https://news.yahoo.co.jp/articles/8c773e2252d9c121e199080dcf548da79ac96f86,No date found
maidonans,‚Ü‚¢‚Ç‚Èƒjƒ…[ƒX,“¡‰ªOA”ûƒ}ƒXƒJƒ‰‚É’§í‚µu”û–Ñ‚ª‘å•Ïg‚¾c‚ ‚è‚ª‚Æ‚¤v@‹É‘¾^‚Á•¨‚Ó‚ñ‚í‚èƒuƒ‰ƒEƒ“‚É@ƒlƒbƒg‘›‘Ruà“¾—Í‚ ‚év,https://news.yahoo.co.jp/articles/6910c5aa559c75038d63eb5b26564a077d1f747e,No date found
maidonans,‚Ü‚¢‚Ç‚Èƒjƒ…[ƒX,u…‚ÌƒŒƒWƒƒ[v‚Å‚Ì”ñí‚ÉcŒx‹’¡‚ª‹³‚¦‚éuƒYƒ{ƒ“‚Å•‚‚«—Ö‚ğì‚é•û–@v,https://news.yahoo.co.jp/articles/52c46016846bfe14d788ade99b55e7c592789968,No date found
maidonans,‚Ü‚¢‚Ç‚Èƒjƒ…[ƒX,y’Y_…‚ÌˆÓŠO‚Èg‚¢“¹zg‚ ‚Ì—¿—h‚É‰Á‚¦‚ÄÄ‚­‚¾‚¯‚ÅA‘å‚«‚­–c‚ç‚ñ‚ÅIHcu‚±‚ê‚Í‚â‚Á‚Ä‚İ‚½‚¢vu‚ß‚Á‚¿‚á”ü–¡‚µ‚©‚Á‚½v,https://news.yahoo.co.jp/articles/10bb9c94eb2f60e32bd7ed55a3fa66399db28d32,No date found
maidonans,‚Ü‚¢‚Ç‚Èƒjƒ…[ƒX,"2ˆÊ‚ÍƒXƒVƒ[Ic1ˆÊ‚ÍH@uÅ‚à""ƒTƒCƒhƒƒjƒ…[""‚ª”ü–¡‚µ‚¢‚Æv‚¤‰ñ“]õiƒ`ƒF[ƒ“vƒ‰ƒ“ƒLƒ“ƒO",https://news.yahoo.co.jp/articles/5cd688cb8914ebd96bd4f3f59b77f85cb2483955,No date found
maidonans,‚Ü‚¢‚Ç‚Èƒjƒ…[ƒX,y£ŒË“àŠC‚¾‚¯‚¶‚á‚È‚¢‚æzÀ‚ÍŠC‰ˆ‚¢‚É‚àR‰ˆ‚¢‚É‚àc‘S‘‚ÉL‚ª‚é’n–¼‚ªƒ‹[ƒc@£ŒËNjE–¼š‚Ì”é–§,https://news.yahoo.co.jp/articles/e143c10accd159046d60903bd9c66bc1db07fcee,No date found
maidonans,‚Ü‚¢‚Ç‚Èƒjƒ…[ƒX,y80‘ãV¥•v•w‚ÌŠïÕz‚—ä‚Ì‰Ôu“Œ‘å‚ÌƒAƒCƒhƒ‹v‚Æ60”N‚²‚µ‚ÌƒS[ƒ‹ƒCƒ“I@•vu‚±‚ñ‚È‚ÉK‚¹‚È‚±‚Æ‚È‚¢v,https://news.yahoo.co.jp/articles/cfdd89555fae2b630791e5525b9b7bc676f7ab33,No date found
maidonans,‚Ü‚¢‚Ç‚Èƒjƒ…[ƒX,—Fl‚©‚ç‚Ì‚©‚í‚¢‚¢ƒvƒŒƒ[ƒ“ƒg Ô“à‚Éü‚é‚Æ¨g•Ï‚í‚è‰Ê‚Ä‚½ph‚É41–œ‚¢‚¢‚Ëu‰Äƒoƒe‚µ‚Ä‚évu‚±‚ê‚Í‚±‚ê‚Å‚©‚í‚¢‚¢v,https://news.yahoo.co.jp/articles/7a97968bb45002f799c9d0c7edd8b21808049776,No date found
maidonans,‚Ü‚¢‚Ç‚Èƒjƒ…[ƒX,¶Šˆ•ÛŒì‚ğó‚¯‚È‚ª‚çA‹£”n‚ğŠy‚µ‚Ş—Fl‚ªS”zcu•ÛŒì”ï‚ÅƒMƒƒƒ“ƒuƒ‹‚ğ‚µ‚Ä‚àA–â‘è‚É‚È‚ç‚È‚¢‚ÌHvy•ÙŒìm‚ª‰ğàz,https://news.yahoo.co.jp/articles/9f89cbc386ba981633373255d0b0d4e3af803fce,No date found
maidonans,‚Ü‚¢‚Ç‚Èƒjƒ…[ƒX,VŠ²ü‚Ì©—RÈ‚ª–ÈI¨‹ó‚¢‚Ä‚¢‚éw’èÈ‚Éˆê“I‚ÉÀ‚é‚Ì‚ÍOKHu—\–ñ‚µ‚½l‚ª—ˆ‚é‚Ü‚Åc‚¢‚¢‚Å‚µ‚åHv@JR‚É•·‚¢‚½,https://news.yahoo.co.jp/articles/777200c704d116a8b575fbbf0a8a4e79a7c676f2,No date found
maidonans,‚Ü‚¢‚Ç‚Èƒjƒ…[ƒX,¶‚Ì—‘‘ƒ—‘ŠÇ‚ğØœ‚µ‚½ƒMƒƒƒ‹ƒ‚ƒfƒ‹A‚¨• ‚Ó‚Á‚­‚çƒrƒLƒjƒ}ƒ^ƒjƒeƒB‚ğ”â˜IuŠğ‚µ‚­‚Ä–ˆ“ú—Ü‚ªo‚év,https://news.yahoo.co.jp/articles/f92fdb7093e673e180fedfca1d6eed054e86c8e1,No date found
maidonans,‚Ü‚¢‚Ç‚Èƒjƒ…[ƒX,‰Ä–{”Ô@–{‹½—M”b‚³‚ñA‚Í‚¶‚¯‚éƒX[ƒp[ƒ{ƒfƒBŠJ•ú@‘u‚â‚©ƒrƒLƒjp‚ğ”â˜I,https://news.yahoo.co.jp/articles/2342745ede153e3cc35b545b0828e3fa6be43df9,No date found
maidonans,‚Ü‚¢‚Ç‚Èƒjƒ…[ƒX,STU48E’†‘º•‘‚³‚ñ@‚Õ‚Á‚­‚è”üK‚ğƒ`ƒ‰Œ©‚¹@”’ƒjƒbƒg~•ƒ‰ƒ“ƒWƒFƒŠ[‚Å–³“Gƒ|[ƒY,https://news.yahoo.co.jp/articles/ac8d3d5f3addfa195c3716aa941499eb95984cab,No date found
maidonans,‚Ü‚¢‚Ç‚Èƒjƒ…[ƒX,–^ƒRƒ“ƒrƒj‚»‚Á‚­‚è‚Ì’¼”„Šc‚»‚Ì–¼‚àuNOUSONv‰½‚ğ”„‚Á‚Ä‚é‚Ì‚©ux•¥‚¢‚Í•¨•¨PayHÎv,https://news.yahoo.co.jp/articles/daba53e6124213209e44dcae9daa5e0c11906a8b,No date found
maidonans,‚Ü‚¢‚Ç‚Èƒjƒ…[ƒX,2ˆÊ‚Í¬Å•—‰Ô‚³‚ñA1ˆÊ‚ÍHƒIƒXƒJ[ƒvƒƒ‚[ƒVƒ‡ƒ“Š‘®‚Ì—«ƒ^ƒŒƒ“ƒgl‹Cƒ‰ƒ“ƒLƒ“ƒO,https://news.yahoo.co.jp/articles/dc21b4f3cdd81d3bb0fc8f6c8daa8dc2fa8b1bcc,No date found
maidonans,‚Ü‚¢‚Ç‚Èƒjƒ…[ƒX,ƒZƒ“ƒ^[‚Ì‘å•”‰®‚Å‘¼‚ÌŒ¢‚Ìu“¥‚İ‘äv‚É@T‚¦‚ß«Ši‚Ìƒ~ƒbƒNƒXŒ¢@—a‚©‚èƒ{ƒ‰ƒ“ƒeƒBƒA‚ÉS‚ğŠJ‚¢‚ÄŠÃ‚¦‚ñ–V‚É@‘æ2‚ÌŒ¢¶‚ÉŒü‚¯‚ÄRŒ`‚Ö,https://news.yahoo.co.jp/articles/b60ef5d13c8dd87e6b279e1f1b9b91fb72dce1c1,No date found
maidonans,‚Ü‚¢‚Ç‚Èƒjƒ…[ƒX,—«‚Ì8Š„‹­uŠÇ—E‚ÉA‚«‚½‚­‚È‚¢vc——R‚Ì2ˆÊ‚ÍuÓ”C‚ğ‘‚â‚µ‚½‚­‚È‚¢v,https://news.yahoo.co.jp/articles/782708dc680c319531d09d0842ce2dcd0cbe4429,No date found
maidonans,‚Ü‚¢‚Ç‚Èƒjƒ…[ƒX,y–Ÿ‰æzuƒpƒYƒ‹“¾ˆÓ‚¾‚æIv©M–X‚Ì3Î™A‚Ü‚³‚©‚ÌˆêŒ¾‚Éƒ}ƒ}”šÎ,https://news.yahoo.co.jp/articles/18917e75f2a6d9614f28aa292c13cd6f53d0a47b,No date found
maidonans,‚Ü‚¢‚Ç‚Èƒjƒ…[ƒX,uã‘Å‚¿‚·‚él‚Á‚Ä‚¢‚é‚ñ‚¾‚È‚Ÿ`vl‹C—Œê‰ÆAVŠ²ü‚ÌƒŠƒNƒ‰ƒCƒjƒ“ƒO‹q‚Éƒ`ƒNƒŠ”ç“÷@SNS‚Å‚Í‘ÌŒ±’k‘±X,https://news.yahoo.co.jp/articles/5b11af8d0d0f5cd092b5b44bde8dfbd09fcee596,No date found
maidonans,‚Ü‚¢‚Ç‚Èƒjƒ…[ƒX,•ÛŒìŒ¢‚Ğ‚µ‚ß‚­”N––”Nn‚Ì“®•¨ƒZƒ“ƒ^[@‚ ‚È‚½‚Í–³×‹C‚É‚µ‚Á‚Û‚ğU‚Á‚Ä‚½‚Ë@—Bˆê‚Ìƒn[ƒhƒ‹‚ğƒNƒŠƒA‚µ‚ÄK‚¹‚ğ‚Â‚©‚ñ‚¾,https://news.yahoo.co.jp/articles/397b2b3875f7488b29a0ad0409c2194ea8ab923e,No date found
maidonans,‚Ü‚¢‚Ç‚Èƒjƒ…[ƒX,u«‚ß‚Ü‚·v‘ŞE‘ãsƒT[ƒrƒX‚©‚ç˜A—‚ªcŠé‹Æ‚Í‚Ç‚¤‘Î‰‚·‚×‚«‚©u‘ŞE‚Í”F‚ß‚È‚¢‚Æ‚¢‚¯‚È‚¢‚ÌHv•ÙŒìm‚ª‰ğà,https://news.yahoo.co.jp/articles/4b5ee0749dc8f8771296c3825f9749643fe1ce79,No date found
maidonans,‚Ü‚¢‚Ç‚Èƒjƒ…[ƒX,¬’†Šw¶‚ÌƒQ[ƒ€‰Û‹à‚Ìƒgƒ‰ƒuƒ‹A‚Ç‚¤–h‚®H@uŠÇ—v‚âuŠÄ‹v‚¾‚¯‚¶‚á‚È‚¢ce‚ªÀ‘H‚·‚×‚«u3‚Â‚Ì‘Îôv,https://news.yahoo.co.jp/articles/ea5bcb8ee2b99eb3a45cb0f702046ccb54a77316,No date found
maidonans,‚Ü‚¢‚Ç‚Èƒjƒ…[ƒX,ƒhƒ‰ƒCƒAƒCƒX‚Í—â‚â‚µ‚½‚¢•¨‚ÌuãvHu‰ºvH@ƒAƒCƒXE—â“€H•i‚Ì‚¿‹A‚è‚É–ğ—§‚Âg—â‹pƒeƒNƒjƒbƒNh,https://news.yahoo.co.jp/articles/b61a94aeaaa7ef4116820b4eb5c2902aa8a71f10,No date found
maidonans,‚Ü‚¢‚Ç‚Èƒjƒ…[ƒX,uƒƒbƒ`ƒƒaVIv‚Z–ì‹…˜a‰ÌR‘å‰ï‚Å’–ÚW‚ß‚½gƒŒƒQƒGZ‰Ìh@‹‹—^–¢•¥‚¢A‹³Eˆõƒ{ƒCƒRƒbƒgA¶“k•åW’â~c‹ê“ï‚Ì‚Z‚ÌVZ‰Ì‚¾‚Á‚½,https://news.yahoo.co.jp/articles/18eb67772b71229bb116da2baa60698fa19da9a5,No date found
maidonans,‚Ü‚¢‚Ç‚Èƒjƒ…[ƒX,y–â‘èz6l‚Ì‹¤’Ê“_‚ÍH¨ƒhƒ‰ƒ“ƒN’Ë’nuVh–ìí•a‰@v‹¤‰‰Ò‚½‚¿‚Æ‚ÌÊ^‚ğ“Še@u¶‚Ü‚ê•Ï‚í‚è‚·‚¬Îvu‚Ç‚Á‚¿‚à‘åD‚«v‚Æƒtƒ@ƒ“”½‰,https://news.yahoo.co.jp/articles/6d7e3d20910b51471be8b4f56cb77e97d9e15470,No date found
maidonans,‚Ü‚¢‚Ç‚Èƒjƒ…[ƒX,ŒÃ‚¢î•—‹@‚É‰ÎĞ‚ÌƒŠƒXƒNcˆÙ‰¹AˆÙL‚ª‚µ‚½‚ç‘¦g—p’†~‚ğyŒoYÈ‚ª’ˆÓŠ«‹Nz,https://news.yahoo.co.jp/articles/4aee747c815d03a6ab762c0bbd055533b2cc717b,No date found
maidonans,‚Ü‚¢‚Ç‚Èƒjƒ…[ƒX,u‚Ú‚­A‚±‚ê’m‚Á‚Ä‚écvƒƒŠ[‚ğŒ©ã‚°‚Ä‚ª~‚Ü‚éŒZ’íu‰‚ß‚Ä‚Ìh‰ù‚©‚µ‚³h‚¾‚Ëvu“¯‚¶Šç‚µ‚Ä‰Âˆ¤‚¢v,https://news.yahoo.co.jp/articles/65b6f3588e22546aac0eac1ce0e0aebd63c0e17c,No date found
maidonans,‚Ü‚¢‚Ç‚Èƒjƒ…[ƒX,ƒiƒ“ƒp‚Ì¬Œ÷—¦‚Íu10“–¢–vcƒiƒ“ƒp‚ğ¬Œ÷‚³‚¹‚éÅd—v—v‘f‚Æ‚ÍH2ˆÊu—ep‚Ì—Ç‚³v‚ğ‰Ÿ‚³‚¦‚½1ˆÊ‚Í,https://news.yahoo.co.jp/articles/b80584932d1696426cdccd1c8e4ffa5ecc41d647,No date found
maidonans,‚Ü‚¢‚Ç‚Èƒjƒ…[ƒX,”’‚¢ƒVƒƒƒc‚ğ•Y”’Ü‚Åô‚Á‚½‚ç¨u“Fv‚É•ÏFIc‚Å‚àA‚ ‚«‚ç‚ß‚È‚¢‚ÅI@‰Ô‰¤‚Ì“Še‚Éu‚»‚¤‚¢‚¤‚±‚Æ‚¾‚Á‚½‚Ì‚©Ivu•‚©‚è‚Ü‚·v,https://news.yahoo.co.jp/articles/7443aab19bc76b0256cfd9d87f70cfd81fc97caa,No date found
maidonans,‚Ü‚¢‚Ç‚Èƒjƒ…[ƒX,ƒSƒ‹ƒS13cH4Î™‚ÌË“I‚Ì\‚¦‚ÉŒ»ê‚´‚í‚Â‚­u‘fl‚Æ‚Ív‚¦‚È‚¢vu‘O¢‚Ì‹L‰¯!?v,https://news.yahoo.co.jp/articles/bb0c741e541f807db63ac9bd8654d5827ac9d660,No date found
maidonans,‚Ü‚¢‚Ç‚Èƒjƒ…[ƒX,V‚µ‚¢—â‘ ŒÉw“ü¨–ìØ‚Æ‰Ê•¨“ü‚ê‚½‚çc —‚’©A‚Ü‚³‚©‚Ì–‘Ô‚É•ğ‘Ru”ƒ‚¢‘Ö‚¦‚ ‚é‚ ‚évuƒm[ƒ}[ƒN‚¾‚Á‚½v,https://news.yahoo.co.jp/articles/5d3247aeb9ec5670cfe99d8715daf6b4e84e84fc,No date found
maidonans,‚Ü‚¢‚Ç‚Èƒjƒ…[ƒX,uƒTƒoƒQ[‚ğ‚µ‚É‚«‚½‚çvƒCƒxƒ“ƒg‚ÅƒpƒgƒJ[‚Æƒc[ƒVƒ‡ƒbƒgB‰ec‚Ü‚é‚Åº˜a‚Éƒ^ƒCƒ€ƒXƒŠƒbƒv‚Æ˜b‘è‚ÉuŠm‚©‚É“ú–{•ºvu‚±‚¿‹T‚Ì“xˆä’‡Œ§‚İ‚½‚¢v,https://news.yahoo.co.jp/articles/ecaaed9a9fb036934359ed307ebbaf48cfa2da84,No date found
maidonans,‚Ü‚¢‚Ç‚Èƒjƒ…[ƒX,u‚Ç‚¤‚µ‚ÄK‚¢–‚ª‚Å‚«‚È‚¢‚ÌHvcq‚Ç‚à‚É‘ÌŒ±Šˆ“®‚ğ‚³‚¹‚ç‚ê‚È‚¢‚Ğ‚Æ‚èe‰Æ’ë‚ÌÀî‚ª–¾‚ç‚©‚É,https://news.yahoo.co.jp/articles/4371e7d61266ed11d925717fc6abcea300cc5099,No date found
maidonans,‚Ü‚¢‚Ç‚Èƒjƒ…[ƒX,y—~‚µ‚¢IzƒXƒVƒ[‚Ìƒgƒ‰ƒbƒN‚ª’´â‚©‚Á‚±‚¢‚¢ƒƒ{‚É@‘ål‹CƒWƒ‡ƒuƒŒƒCƒo[‚ÆƒRƒ‰ƒ{Šé‰æ,https://news.yahoo.co.jp/articles/c6781bebbf7c7cd16d9d66e840e68d321c642b4c,No date found
maidonans,‚Ü‚¢‚Ç‚Èƒjƒ…[ƒX,Œ³—ÂŒ¢‚ÌŠü‚ÄêE—˜ªì‰Íì•~‚Å•ÛŒì‚³‚ê‚½ƒ|ƒCƒ“ƒ^[@‚¨—˜Œû‚³‚ñ‚ªŒ©‚¹‚½ˆÓŠO‚È·’…‚Æ‹»•±@u‚·‚×‚Ä‚©‚í‚¢‚¢v‚Æ˜b‚·‰^–½‚Ìl‚Æo‰ï‚Á‚½,https://news.yahoo.co.jp/articles/a3bb3b0879fc8370212add707380b0e37a3c6365,No date found
maidonans,‚Ü‚¢‚Ç‚Èƒjƒ…[ƒX,‰¹‹¿‹ÆŠE‚ÌŠÖŒWÒ‚ªŠî‘b‹Zp‚ğ‹£‚¤uƒ}ƒCƒNƒP[ƒuƒ‹8‚ÌšŠª‚«ƒOƒ‰ƒ“ƒvƒŠvƒP[ƒuƒ‹‚ª‚Ë‚¶‚ê‚È‚¢u8‚ÌšŠª‚«v‚Æ‚ÍH,https://news.yahoo.co.jp/articles/7c2d0c2d8d308e28638deaf04180bab37cac0c3a,No date found
maidonans,‚Ü‚¢‚Ç‚Èƒjƒ…[ƒX,u‹ß‚­‚Å•Ö—˜Iv‚¾‚Á‚½‚Í‚¸‚ªc‘›‰¹EƒjƒIƒC‚Å’´ƒXƒgƒŒƒX@ÀÛ‚ÉZ‚ñ‚Å•ª‚©‚Á‚½u—×‚Ì¢‚Á‚½“XE{İv,https://news.yahoo.co.jp/articles/cfe803adf3db31021057021e8669a93dca072505,No date found
maidonans,‚Ü‚¢‚Ç‚Èƒjƒ…[ƒX,u“ú–{ˆê‚©‚í‚¢‚¢Œ•“¹—qv‚ª‰‰·òƒƒP@ÎŠç‚ÌƒoƒXƒ^ƒIƒ‹p‚Éu”ü‚µ‚·‚¬‚Ü‚·vu‰·ò‚Å‚¨”§ƒXƒxƒXƒxv,https://news.yahoo.co.jp/articles/52d0e216fc690a3407d1c31e17075d97ed182cbf,No date found
maidonans,‚Ü‚¢‚Ç‚Èƒjƒ…[ƒX,ŠÑ˜\‚ ‚é‘ÌŠi‚Å‚à‚Ü‚¾qŒ¢@ŒÂ«“Iƒ‹ƒbƒNƒX‚Ì–ìŒ¢‚ÍƒXƒNƒXƒN¬’·@u‚¤‚¿‚É‚¨‚¢‚Å‚æv‚Æˆê–Ú‚Ú‚ê‚³‚ê‚½,https://news.yahoo.co.jp/articles/1da7bcefda4f0789fcae60cd7d095ee70f3f719d,No date found
maidonans,‚Ü‚¢‚Ç‚Èƒjƒ…[ƒX,‰‚ß‚Äƒ{[ƒ‹‚Å—V‚ÔÔ‚¿‚á‚ñ¨ƒ{[ƒ‹‚ªè‚©‚ç—£‚ê‚¸c‚Æv‚Á‚½‚çIH‚Ü‚³‚©‚Ì“Š‚°•û‚Éuv‚í‚¸Î‚Á‚Ä‚µ‚Ü‚¢‚Ü‚µ‚½Iv,https://news.yahoo.co.jp/articles/32e7e1f15c1d16f79a689dc1fc31bad439793888,No date found
maidonans,‚Ü‚¢‚Ç‚Èƒjƒ…[ƒX,¬Šw6”N¶‚ªu«—ˆA‚«‚½‚¢E‹Ævƒ‰ƒ“ƒLƒ“ƒO@’jq‚Ì3ˆÊ‚ÉuITŠÖŒWv‚ªã¸I@—q‚Ì1ˆÊ‚Íu–Ÿ‰æ‰Æv,https://news.yahoo.co.jp/articles/7a814ce5d21cdf4db46ad8a5c16f96a1cfa01c4c,No date found
maidonans,‚Ü‚¢‚Ç‚Èƒjƒ…[ƒX,‚â‚Í‚è”L‚Í‰t‘Ì‚¾‚Á‚½‚©c…‚ª—¬‚ê—‚¿‚é‚æ‚¤‚ÉiIHjŠK’i‚ğ~‚è‚Ä‚«‚½”L@u—¬‚ê‚Ä‚¢‚­”Lvu‰t‘Ì‚¸‚Ú‚ç~‚èv‚ÆSNS‹Á’Q,https://news.yahoo.co.jp/articles/b4f9c0ec5af5a6a8770958c648471e249463e4a7,No date found
maidonans,‚Ü‚¢‚Ç‚Èƒjƒ…[ƒX,ƒLƒbƒ`ƒ“ƒoƒTƒ~‚Å“‚Ìí‚ª‚«‚ê‚¢‚Éæ‚ê‚éIH‘S”_‚Ì“Še‚É‚U–œŒ‚ğ‚±‚¦‚éu‚¢‚¢‚Ëv,https://news.yahoo.co.jp/articles/4c3d9960ca2ed94ab88864809db9aba486afd489,No date found
maidonans,‚Ü‚¢‚Ç‚Èƒjƒ…[ƒX,2ˆÊ‚Í‰H¶Œ‹Œ·Iu‹{éŒ§‚Ì—L–¼lvƒ‰ƒ“ƒLƒ“ƒO@1ˆÊ‚Íuå‘äŠÏŒõƒAƒ“ƒoƒTƒ_[v‚ğ–±‚ß‚é‚¨Î‚¢ƒRƒ“ƒr,https://news.yahoo.co.jp/articles/76f7bcb6672df8991f4978c5317d881493b38896,No date found
maidonans,‚Ü‚¢‚Ç‚Èƒjƒ…[ƒX,B‰e‹Zp‚ğ’Ç‹‚µ‚½AƒVƒ‹ƒoƒjƒAƒtƒ@ƒ~ƒŠ[‚Ì¢ŠEŠÏ@4”N‚Åã’BAƒNƒIƒŠƒeƒB‚ª‚‚·‚¬‚é‚Æ˜b‘è‚É,https://news.yahoo.co.jp/articles/07ab386491ad81cb20a701a3961da6b0afec9c73,No date found
maidonans,‚Ü‚¢‚Ç‚Èƒjƒ…[ƒX,y’Z”¼n‚ä‚Å—‘z‚ä‚ÅŠÔ‚ª”¼•ª‚Á‚Äƒzƒ“ƒgHI…1cm‚Å‚Â‚­‚ê‚éIHu‹‚¢‰Ä‚Í•‚©‚é‚ÈvuƒKƒX‘ã‚ª•‚‚­wvuƒGƒR‚È’²—–@v,https://news.yahoo.co.jp/articles/a2eba3a409e6b54a8210c928ad97b23b36708e61,No date found
maidonans,‚Ü‚¢‚Ç‚Èƒjƒ…[ƒX,‰ğ“€‚µ‚ÄH‚×‚Ä‚àƒtƒƒtƒIc’m‚Á‚Ä‚¨‚«‚½‚¢uƒzƒbƒgƒP[ƒL‚Ì—â“€ƒeƒNƒjƒbƒNv@ƒ|ƒCƒ“ƒg‚Íƒ‰ƒbƒv‚É•ï‚Şƒ^ƒCƒ~ƒ“ƒO,https://news.yahoo.co.jp/articles/3ec9548f5eddf9696074b42634afb50b6d521d02,No date found
maidonans,‚Ü‚¢‚Ç‚Èƒjƒ…[ƒX,ƒpƒ\ƒRƒ“‚ªŒ´ˆö•s–¾‚Ì•s’²¨‚»‚ÌŒ´ˆö‚ª‚í‚©‚Á‚½c ‚È‚º‚±‚±‚ÉIHuƒVƒ“ƒfƒŒƒ‰ƒtƒBƒbƒgvu‚±‚ñ‚Èƒgƒ‰ƒbƒv‚ª‚ ‚é‚Æ‚Ív,https://news.yahoo.co.jp/articles/a77261f8c6da4b06baaf89af333ff229ff114854,No date found
maidonans,‚Ü‚¢‚Ç‚Èƒjƒ…[ƒX,ƒzƒeƒ‹‚É’â‚ß‚½‚çA1”‘‚Ì’“Ô—¿‹à‚ª28000‰~IH@‚¢‚Á‚½‚¢‚Ç‚±‚È‚ÌH—¿‹àİ’è‚ª˜b‘è‚É,https://news.yahoo.co.jp/articles/283781cec7b8a63b01463abc98b8a7b268ee5a26,No date found
maidonans,‚Ü‚¢‚Ç‚Èƒjƒ…[ƒX,‚‰·‚É‚È‚éuÔ‚Ìƒ_ƒbƒVƒ…ƒ{[ƒhv’u‚¢‚Ä‚Í‚¢‚¯‚È‚¢ŠëŒ¯‚È‚à‚Ì‚ÍH@uƒ‰ƒCƒ^[vuƒXƒvƒŒ[ŠÊv‚»‚µ‚ÄcgˆÓŠO‚È‚à‚Ìh‚à,https://news.yahoo.co.jp/articles/03d8893743c4ce8c4b99adf3837f6b4c1d23cfbf,No date found
maidonans,‚Ü‚¢‚Ç‚Èƒjƒ…[ƒX,u‚±‚Ìq‚ª‚ ‚Á‚Æ‚¢‚¤ŠÔ‚ÉA‚±‚ñ‚È–º‚É‚È‚è‚Ü‚µ‚½vc‚Â‚é‚Ì„m‚³‚ñA17Î‚É‚È‚Á‚½Ÿ—‚Ì¬’·•ñ u‘f“G‚ÈƒŒƒfƒB‚Évu‰Âˆ¤‚·‚¬‚Å‚·‚æv,https://news.yahoo.co.jp/articles/14df154367a69bd6e6e0b1050da9eafd15992c47,No date found
maidonans,‚Ü‚¢‚Ç‚Èƒjƒ…[ƒX,“ú–{‚ÅAE‚µ‚½ƒAƒƒŠƒJlu“¯—»‚ÉŒ™‚í‚ê‚Ä‚é‚©‚àcv“ú•Ä‚ÌKŠµ‚Ìˆá‚¢‚É‹Á‚«uƒJƒ‹ƒ`ƒƒ[ƒVƒ‡ƒbƒN‚ ‚é‚ ‚év,https://news.yahoo.co.jp/articles/f974ab8b6919cd982296641fd6c770040687382c,No date found
maidonans,‚Ü‚¢‚Ç‚Èƒjƒ…[ƒX,u€‚ñ‚¾Œ¢‚ªc‚µ‚Ä‚¢‚Á‚½ƒ‚ƒmcv‚ ‚è‚µ“ú‚Ìp‚ª‘z‘œ‚Å‚«‚éÊ^‚Éu‹ƒ‚¢‚½cv‚ÌºuŠÔˆá‚¢‚È‚­‚±‚±‚É‚¢‚½­Õv,https://news.yahoo.co.jp/articles/a1f8660d20ba5ea6df923efc94a20c4fa62cea25,No date found
maidonans,‚Ü‚¢‚Ç‚Èƒjƒ…[ƒX,‚¨‹C‚É“ü‚è‚Ì‚µ‚Á‚Û‚ğ•´¸c”ß‚µ‚İ‚É‚­‚ê‚éu‚í‚©‚³¶Šˆv’S“–Ò‚É‹~‚¢‚Ì_‚ªIH@Šé‹ÆŠÔ‚Ìv‚¢‚â‚èƒGƒsƒ\[ƒh‚ÉŠ´“®,https://news.yahoo.co.jp/articles/28174e789315b182de465d99e6c9d36c9673b7d8,No date found
maidonans,‚Ü‚¢‚Ç‚Èƒjƒ…[ƒX,’†3’jq‚ª©“]Ô‚Å13ŠÔc‚½‚Á‚½571‰~‚ÅÅ‚‚¾‚Á‚½‰Ä—·@14”N‘O‚Ì‹L‰¯‚É‹¤Š´u©—Í‚Å¢ŠE‚ğ‚Ğ‚ë‚°‚ç‚ê‚évu‚¨„‚è‚³‚ñ‚É‹êÎ‚¢‚³‚ê‚½v,https://news.yahoo.co.jp/articles/123d906b26e61a190411445f5f7638e02a434f6e,No date found
maidonans,‚Ü‚¢‚Ç‚Èƒjƒ…[ƒX,‰„‘ØÅ4–œ9678‰~‚Å‘Å’¡‚ªu·‚µ‰Ÿ‚³‚¦vH@‚Ç‚ñ‚Ç‚ñéx‚³‚ê‚â‚·‚­‚È‚é¼‹\ƒ[ƒ‹A‰Ä‚É‹C‚ğ‚Â‚¯‚½‚¢“à—eE‘Î‰ô‚ğ•·‚¢‚½,https://news.yahoo.co.jp/articles/686ab9e27a9bd9c8e8c1f0471eb654bf06438b35,No date found
maidonans,‚Ü‚¢‚Ç‚Èƒjƒ…[ƒX,‘‚¦‚é20`30‘ã‚ÌƒSƒ~‰®•~A5”N‚Å3”{ˆÈã‚Ì–â‚¢‡‚í‚¹@u•‚¯‚ğ‹‚ß‚ç‚ê‚È‚¢l‚àv‹ÆÒ‚ªŒ©‚éĞ‰ï–â‘è‚Æ‚ÌŠÖŒW,https://news.yahoo.co.jp/articles/836d761799296de46aa34a2515a0d8c202dd89c4,No date found
maidonans,‚Ü‚¢‚Ç‚Èƒjƒ…[ƒX,eŒ‚–¢‹‚Åg‰p—Yh‚Æ‚È‚Á‚½ƒgƒ‰ƒ“ƒv@•Ä‘å“—Ì‚Ìs•û‚Æ¡Œã‚ÌŒœ”O,https://news.yahoo.co.jp/articles/7a758882256cc6cc274b05167d438f6751c8e3b9,No date found
maidonans,‚Ü‚¢‚Ç‚Èƒjƒ…[ƒX,”ğ“ïŠ‚Å‚ÌŒœ”O‚Íu‰q¶ó‘Ôv‚ªÅ‘½@u”ğ“ïŠ‚É‚È‚­‚Ä¢‚Á‚½‚à‚Ìvc2ˆÊ‚Íu—â’g–[İ”õv‚ÆuQ‹ïv,https://news.yahoo.co.jp/articles/d87e2a67398e14ee83a3301ab467e19ce62738d5,No date found
maidonans,‚Ü‚¢‚Ç‚Èƒjƒ…[ƒX,©‘RŠE‚Ì_”éc[ŠC‹›‚Ì‘Ì“à‚©‚ç‹àƒsƒJ‚Ì•¨‘Ì‚ª”­Œ©‚³‚ê˜b‘è‚É@u‹àF‚Ì‚æ‚¤‚Å‹à‚¶‚á‚È‚¢vƒnƒ“ƒ^[‚à‹Á‚«,https://news.yahoo.co.jp/articles/f75ecfdaa84d2f88d099ed40ea3c78cd673c9c5f,No date found
maidonans,‚Ü‚¢‚Ç‚Èƒjƒ…[ƒX,”o—D”’Î¹‚³‚ñ@‰«“ê‚ÌŠC‚Å‰…’…•‚·‚Á‚Ò‚ñû˜^‚ÌÊ^W@u‘å’_‚©‚Â©‘R‘Ì‚È„‚ğƒwƒ‹ƒV[‚Éû‚ß‚Ä‚¢‚½‚¾‚«‚Ü‚µ‚½v,https://news.yahoo.co.jp/articles/314189195a2a5f49ef8bbe0f2b6cd71f95773415,No date found
maidonans,‚Ü‚¢‚Ç‚Èƒjƒ…[ƒX,Œ‹¥®u‚µ‚È‚¢”hv‘‰Á‚àA—ß˜aˆÈ~‚ÉuŒ‹¥®v‚ğ‹“‚°‚½l‚Í”¼”’´cuˆê¶‚Éˆê“x‚Ìv‚¢ovuƒEƒFƒfƒBƒ“ƒOƒhƒŒƒX‚ğv,https://news.yahoo.co.jp/articles/85e5fb6e67d829769b39d45a40dbe9a33a890fa0,No date found
maidonans,‚Ü‚¢‚Ç‚Èƒjƒ…[ƒX,‘S–Ó‚ÌŒ³–ìŒ¢@Šó–]‚ÌƒŠ[ƒh‚ÉŒ‹‚Î‚ê•ÛŒ’Š‚ğ‘ƒ—§‚Á‚½@u‚Ç‚¤‚©‚¤‚¿‚Ìq‚Év@‚â‚Á‚Æ‚İ‚Â‚¯‚½ˆÀ‘§‚ÌêŠ,https://news.yahoo.co.jp/articles/890807c730ff0b678e74b40ea3e188731fc4225d,No date found
maidonans,‚Ü‚¢‚Ç‚Èƒjƒ…[ƒX,ƒoƒCƒgŠó–]‚Ì19ÎŠw¶‚ªc¸—ç‚Èó‚¯“š‚¦‚É—§• u‚È‚ñ‚Åã‚©‚ç—ˆ‚ç‚ê‚È‚ ‚©‚ñ‚Ë‚ñIÎv ˆùH“XŒo‰c‚ÌŒ³Šy“V‘Iè‚ªS‹«“f˜I,https://news.yahoo.co.jp/articles/58219413d495f2cc11b3c33cd0787526c2f7e4f1,No date found
maidonans,‚Ü‚¢‚Ç‚Èƒjƒ…[ƒX,y‚±‚Ì”­‘z‚Í‚È‚©‚Á‚½zu‚±‚ñ‚É‚á‚­v‚ÍˆÓŠO‚Èg‚ ‚Ì—¿—h‚Æ‘Š«”²ŒQcuHŠ´“I‚É‚¨“÷‘ã‚í‚è‚ÈŠ´‚¶vu‚³‚Á‚Ï‚èƒwƒ‹ƒV[v,https://news.yahoo.co.jp/articles/17c5a2ca22070996091282c5cb3ea716bf755358,No date found
maidonans,‚Ü‚¢‚Ç‚Èƒjƒ…[ƒX,“¹’[‚Å“|‚ê‚Ä‚¢‚½Œ³”‚¢”L‚Í‘S–Ó@u‚Ú‚­‚Í‚±‚±‚É‚¢‚é‚æv@ƒP[ƒW‚Ì’†‚ÅŒœ–½‚É–Â‚­p‚É•ÛŒì’c‘Ìƒƒ“ƒo[‚ÌS‚Í—h‚ê‚½,https://news.yahoo.co.jp/articles/951073b2798ad147b1f50a19b210ccc86a9b03a4,No date found
maidonans,‚Ü‚¢‚Ç‚Èƒjƒ…[ƒX,u10“ªgv‚Æ˜b‘èAŠØ‘ƒAƒCƒhƒ‹‚ª”ü‹r”â˜I@”²ŒQƒXƒ^ƒCƒ‹‚ÉSNSƒUƒ‚Â‚«IuƒXƒ^ƒCƒ‹‚¦‚®‚¢‚Á‚Äv,https://news.yahoo.co.jp/articles/41d939beb1a20d80a09ddd3b1d37e339ad596cfa,No date found
maidonans,‚Ü‚¢‚Ç‚Èƒjƒ…[ƒX,‚±‚ê‚©‚çæA‰«“ê‚Í—Á‚µ‚¢u”ğ‹’nv‚É‚È‚écH@‰ß‹‚É37ˆÈã‚ğŠÏ‘ª‚µ‚½“s“¹•{Œ§ƒ}ƒbƒv‚ğì‚Á‚½Œ‹‰Ê‚ªÕŒ‚‚·‚¬‚½,https://news.yahoo.co.jp/articles/57f151072cb45dc4a25d1a2fb3c3d1d6e714de9c,No date found
maidonans,‚Ü‚¢‚Ç‚Èƒjƒ…[ƒX,‘å’JãÄ•½‘Iè‚Ì–¼Œ¾‚ğƒqƒ“ƒg‚Écq‚Ç‚à‚Ì“²‚êuƒRƒRƒAƒVƒKƒŒƒbƒgv‚ªu—±v‚É‚È‚Á‚½IH@Šé‹ÆƒƒS‚Ü‚Å‘å’_ƒ`ƒFƒ“ƒW‚ÅV”­”„‚Ö,https://news.yahoo.co.jp/articles/b7c000c271ada90ac4aa09472dfb0c743f886d28,No date found
maidonans,‚Ü‚¢‚Ç‚Èƒjƒ…[ƒX,‚±‚ñ‚ÈŠÈ’P‚È‚±‚Æ‚ÅIH •tâ³†‚ªu”½‚ç‚È‚¢vg‚¢•û@»–{‰ïĞ‚Ì“¤’m¯‚Éu’m‚ç‚È‚©‚Á‚½vu‘‚­Œ¾‚Á‚Ä‚ævuŸ‚©‚ç‚±‚ê‚Å‚â‚év‚Æ”½‹¿,https://news.yahoo.co.jp/articles/6d342955b73f343d6792455d5aff34aba5513d6d,No date found
maidonans,‚Ü‚¢‚Ç‚Èƒjƒ…[ƒX,u‚«‚¯A‚í‚¾‚Â‚İ‚ÌºvuƒŠƒ“ƒOv‚Ì”o—DÀ“c—jˆê‚³‚ñ@–¯˜b‚Ì¢ŠE‚ğL‚°‚½¶ŠU’m‚Á‚Ä@¶’a100”N‹@‚É‚ä‚©‚è‚Ì“’Œ´‰·ò‚Éíİ“W¦,https://news.yahoo.co.jp/articles/671db95044c8cb7c3a5e2f8527d9cddc9e8b5224,No date found
maidonans,‚Ü‚¢‚Ç‚Èƒjƒ…[ƒX,u‰Ô‰Î‘å‰ïv‚És‚­—\’è‚ª‚ ‚él‚Í6Š„’´c‰Ô‰Î‘å‰ï‚Å¢‚éEŒ™‚È‚±‚Æ‚ÍH@2ˆÊuƒgƒCƒŒ‚ª­‚È‚¢v,https://news.yahoo.co.jp/articles/7ff08e3c2a766f4160f098838d5e085db6e544fc,No date found
maidonans,‚Ü‚¢‚Ç‚Èƒjƒ…[ƒX,“Ë‘RA“Œ“dĞˆõ‚ª‰Æ‚É—ˆ‚ÄcHH@“d’Œ‚Ì“y’ng—p—¿‚É’–ÚW‚Ü‚é@‹C‚É‚È‚é‚¨’l’i‚ÍH,https://news.yahoo.co.jp/articles/e3a663a349f6564e6b095df7c9b27efdb8c81d36,No date found
maidonans,‚Ü‚¢‚Ç‚Èƒjƒ…[ƒX,†”ÑŠí‚ÉŞ—¿‚ğ“ü‚ê‚é‚¾‚¯IHcƒ~ƒcƒJƒ“‚ª‹³‚¦‚éuŠÈ’PƒTƒ€ƒQƒ^ƒ“v‚ÅA—â–[‚Å—â‚¦‚½‘Ì‚ğ‰·‚ß‚æ‚¤I,https://news.yahoo.co.jp/articles/51757487239ea254684a4df13d2041a8f0ad1fe8,No date found
maidonans,‚Ü‚¢‚Ç‚Èƒjƒ…[ƒX,d–‚Å”M’†Çcğ”N‚¾‚¯‚Å‚à31l‚ª–S‚­‚È‚Á‚Ä‚¢‚éŒ»À@u‚Ü‚³‚©‚±‚ñ‚È“Ü‚è‚Ì“ú‚Évu–Z‚µ‚·‚¬‚Ä…‚ğˆù‚Ş‰É‚à‚È‚­vŠëŒ¯‚ğŠ´‚¶‚½‘ÌŒ±’k,https://news.yahoo.co.jp/articles/3390b7efa97a8e6b592182c8838c16693518ccae,No date found
maidonans,‚Ü‚¢‚Ç‚Èƒjƒ…[ƒX,y‚±‚Ìo‰ï‚¢‚Íƒ}ƒW‚ÅŠv–½zuó’Ğ‚¯‚Ì‘fv‚Í‚¨“÷‚Æ‚à‘Š«”²ŒQIcƒGƒoƒ‰‚ª‹³‚¦‚éAŞ—¿2‚Â•ƒŒƒ“ƒ`ƒ“‚Ì‚İ‚Ìu‰–ƒ`ƒƒ[ƒVƒ…[v,https://news.yahoo.co.jp/articles/bf2d9b1e68ddb5b09ac0362a44c3f7e7b4d880a6,No date found
maidonans,‚Ü‚¢‚Ç‚Èƒjƒ…[ƒX,’Ş‚èƒGƒT‚É‚µ‚©Œ©‚¦‚Ü‚¹‚ñIH@Ã‰ª‚ªŒÖ‚é‚²“–’nB‹‰ƒOƒ‹ƒ‚ªŠÊ‹l‚É@ƒrƒWƒ…ƒAƒ‹‚ª‹­‚·‚¬‚éc‰Ê‚½‚µ‚Ä‚¨–¡‚ÍH,https://news.yahoo.co.jp/articles/1553288ad23525bd1af5e78794939973e572907d,No date found
maidonans,‚Ü‚¢‚Ç‚Èƒjƒ…[ƒX,–{B‚Æl‘Œ‹‚ñ‚¾‰F‚˜A—‘D‚Ìu”püˆóv‚¢‚©‚ªH’nŒ³ˆ¤D‰ï‚ª“Áê‚Èu‘“SŒ^‚¢‚©‚èv‚ğƒfƒUƒCƒ“@‰ªR‘¤E‰F–ì`‚ÌˆùH“X‚Å”Ì”„AƒOƒbƒY“W¦‚à,https://news.yahoo.co.jp/articles/380ce3ce4dda93a61f3a78ac539c2e73d18b459f,No date found
maidonans,‚Ü‚¢‚Ç‚Èƒjƒ…[ƒX,uƒXƒ}ƒz‚ª‚ ‚ê‚Î‚¢‚Â‚Å‚à‚Ç‚±‚Å‚àƒMƒƒƒ“ƒuƒ‹‚Å‚«‚év Œö‰c‹£‹Z‚Ì”„‚èã‚°‘‰ÁA‚Å‚àus­‚ÌˆË‘¶Ç‘Îôi‚ñ‚Å‚¢‚È‚¢v,https://news.yahoo.co.jp/articles/056aee4ed0377df2acde4abd25c816296b55c2da,No date found
maidonans,‚Ü‚¢‚Ç‚Èƒjƒ…[ƒX,ƒ‰[ƒƒ““X‚Åà•z‚ğ–Y‚ê‚½‚Ì‚ÉA“Xˆõ‚Íu’m‚ç‚È‚¢v¨–³–‚É‰ñû‚Å‚«‚½‚Ì‚ÍH@à•z‚ğæ‚è–ß‚µ‚½‚©‚Á‚½^‚Ì——R‚ÉŠ´“®‚Ìº,https://news.yahoo.co.jp/articles/86a1a381eb2e38ce249110b6f208491bde8c26cc,No date found
maidonans,‚Ü‚¢‚Ç‚Èƒjƒ…[ƒX,10Î‘§q‚ÌŒ¾—t‚ÉAƒ}ƒ}u’í‚©–…‚ª—~‚µ‚¢‚ñ‚©‚ÈH@‚à‚¤ƒKƒbƒc‚È‚¢‚¼v‚Æv‚Á‚½‚çc@‚»‚Ì^ˆÓ‚É‚Ñ‚Á‚­‚èu‚»‚±‚Ü‚Ål‚¦‚ç‚ê‚é‚Ì‚·‚²‚¢vul‚ÉŠñ‚è“Y‚¦‚éqv,https://news.yahoo.co.jp/articles/413df52b7f1ed1057ee2d2343dddad2292cb9cbc,No date found
maidonans,‚Ü‚¢‚Ç‚Èƒjƒ…[ƒX,ƒV[ƒY[‚Á‚Äc¬Œ^Œ¢‚¾‚æ‚ËH@‘å‚«‚­¬’·‚µ‚½ƒfƒJ‚í‚ñ‚±‚ª˜b‘è@u‚Ê‚¢‚®‚é‚İcvu‚²—§”hIv‚ÆÌ^‚Ìº,https://news.yahoo.co.jp/articles/1f7bb566d1d576975aa13298691fbd243895a24b,No date found
maidonans,‚Ü‚¢‚Ç‚Èƒjƒ…[ƒX,u‚ cƒ{ƒN‚Ì‚¨—F’B‚ªcv@ô‘ó‹@‚Å‚®‚é‚®‚éô‚í‚ê‚é‚¨‚à‚¿‚á‚ªS”z‚Å‚½‚Ü‚ç‚È‚¢Œ¢‚³‚ñ@‚¢‚¶‚ç‚µ‚·‚¬‚é•\î‚É6.4–œ‚¢‚¢‚Ë,https://news.yahoo.co.jp/articles/2cc73845ed52e9ceffc404d3c03e4a64f94ed866,No date found
maidonans,‚Ü‚¢‚Ç‚Èƒjƒ…[ƒX,uƒ{[ƒ‹Aæ‚ê‚È‚¢‚æcvƒs[ƒs[–Â‚­Œ¢‚³‚ñc‚»‚±‚É‚ ‚é‚Ì‚ÉA‚È‚ºHu‚¢‚¢q‚·‚¬‚Äˆ¤‚¨‚µ‚¢v,https://news.yahoo.co.jp/articles/497a62bf81528cff02edcafe086debaffdaf46db,No date found
maidonans,‚Ü‚¢‚Ç‚Èƒjƒ…[ƒX,¬ŠwZ‚ÅŒÂl§’kAƒfƒJ‚·‚¬‚é‚¿‹A‚è•¨‚Ée‚Í‹Á‚«u‚Æ‚Ä‚à’p‚¸‚©‚µ‚©‚Á‚½Iv‚Á‚Ä‚¢‚Á‚½‘Ü‚Í–ğ‚É—§‚½‚¸c’¬‚ä‚­l‚à‘å’–Ú,https://news.yahoo.co.jp/articles/98c7054f8a9b077000d76c108133f01be6091bf3,No date found
maidonans,‚Ü‚¢‚Ç‚Èƒjƒ…[ƒX,¬l—«‚É•·‚¢‚½cƒiƒ“ƒp‚ğ‚³‚ê‚Äu’f‚ç‚È‚­‚Ä‚à—Ç‚¢v‚Æv‚¤’j«‘œ‚ÍH@2ˆÊu—ep‚ªƒ^ƒCƒvvA1ˆÊ‚Í,https://news.yahoo.co.jp/articles/dfbb4eff2f949559afacc231685d1a5a6b387277,No date found
maidonans,‚Ü‚¢‚Ç‚Èƒjƒ…[ƒX,ŒX‚ÌƒXƒ}ƒz‘ã‚ğu‚‚¢‚ÆŠ´‚¶‚évcu2000‰~‚à‚·‚é‚±‚Æ‚É‹Á‚¢‚½vuˆÀ‚¢ƒvƒ‰ƒ“‚È‚Ì‚É‚‚¢vŠiˆÀƒvƒ‰ƒ“‚Éæ‚èŠ·‚¦‚éH,https://news.yahoo.co.jp/articles/2a687a8403a25b14606e3acf69c3954ad8f0fe55,No date found
maidonans,‚Ü‚¢‚Ç‚Èƒjƒ…[ƒX,ŠØ‘——Dƒnƒ“Eƒ\ƒqA‘Sgƒ^ƒgƒD[p‚É¢ŠE‚ªÕŒ‚A”ü”§‚É‰Ô•¿‚â’±‚È‚Ñ‚­u”ü‚µ‚¢vuˆ¤‚µ‚Ä‚¢‚év,https://news.yahoo.co.jp/articles/c1a03a1ceddf688e7644fbe7d2945aa0ca6761f1,No date found
maidonans,‚Ü‚¢‚Ç‚Èƒjƒ…[ƒX,ƒVƒƒ[ƒVƒƒ[‚©‚çƒSƒƒSƒ‚Ö@•ÛŒ’Š‚Åo‰ï‚Á‚½ƒLƒWƒgƒ‰”L‚Ì•Ïg•¨Œê@“Æ“Á‚Ìs“®‚ª–£—Í‚Ìu•sv‹c‚­‚ñv‚ªK‚¹‚É‚È‚è‚Ü‚·‚æ‚¤‚É,https://news.yahoo.co.jp/articles/e337b6e2e29053cd168e5d23b46ba5bda619717b,No date found
maidonans,‚Ü‚¢‚Ç‚Èƒjƒ…[ƒX,ROLAND‚³‚ñg‰B‚µqh‚½‚¿‚Æ“Œ‹ƒfƒBƒYƒj[ƒV[‚ğ‘å–‹iIHuÎŠçƒ}ƒW‚Å—D‚µ‚¢vu‚¢‚¢ƒpƒp‚É‚È‚è‚»‚¤v,https://news.yahoo.co.jp/articles/5155f056e2f5e9c20e92f4b5c902db5f1f466af7,No date found
maidonans,‚Ü‚¢‚Ç‚Èƒjƒ…[ƒX,uâ‘Î‚ÉK‚¹‚É‚È‚é‚ñ‚¾‚¼v@ƒZƒ“ƒ^[Eˆõ‚Ì—D‚µ‚³‚ª‘æ2‚ÌŒ¢¶‚É‚Â‚È‚ª‚Á‚½@•ÛŒì‚µ‚½qŒ¢‚ğŒ©ç‚èU•àƒgƒŒ[ƒjƒ“ƒO‚à,https://news.yahoo.co.jp/articles/13073eddc892ce8e4eaba59aaf17d3dd904431dd,No date found
maidonans,‚Ü‚¢‚Ç‚Èƒjƒ…[ƒX,ƒJƒbƒv‚İ‚»‚É“ü‚Á‚Ä‚éu”’‚¢†v‚ÍÌ‚Ä‚éHÌ‚Ä‚È‚¢H ‹C‚É‚È‚éƒMƒ‚ƒ“‚ğƒ[ƒJ[‚ª‰ğàIc³‰ğ‚ÍH,https://news.yahoo.co.jp/articles/b01be8191d215b25a01f4a3a4cfa493f87073aad,No date found
maidonans,‚Ü‚¢‚Ç‚Èƒjƒ…[ƒX,uƒXƒN[ƒ‹…’…‚µ‚©’…‚½‚±‚Æ‚ª‚È‚¢v‚Šw—ğƒAƒCƒhƒ‹AƒiƒCƒgƒv[ƒ‹‚Å”²ŒQ‚Ìƒvƒƒ|[ƒVƒ‡ƒ“”â˜I@hŒƒ“I‚È…’…p‚ÉuˆíŞvu—DŸv‚Æ”½‹¿,https://news.yahoo.co.jp/articles/cd8e7ce82e70ccd90f79c524211639a980a69420,No date found
maidonans,‚Ü‚¢‚Ç‚Èƒjƒ…[ƒX,•–ö“Oq‚³‚ñ90Îu„A‚Ü‚¾‚Ü‚¾•‚‚¯‚éIv@ƒoƒ“ƒRƒN‚Ìƒv[ƒ‹‚Åu…’†ƒˆƒKv‚É’§ícu‚â‚Á‚Ï‚è¦‚¢vu‚¨á‚¢Ø‹’‚Å‚·v,https://news.yahoo.co.jp/articles/8bd404f027628305c8ae775423069358acc1db4f,No date found
maidonans,‚Ü‚¢‚Ç‚Èƒjƒ…[ƒX,u‚©‚í‚¢‚¢Iv19Î—«Œ|l‚Ì—ˆßp‚ªD•]A•ƒ–ºƒRƒ“ƒruŠ®nƒtƒŒƒbƒVƒ…v‚Ì’r“cƒŒƒCƒ‰,https://news.yahoo.co.jp/articles/b521542c841d2b118bae5a8d1fe2b2dbe98cb2d3,No date found
maidonans,‚Ü‚¢‚Ç‚Èƒjƒ…[ƒX,‰ïĞ‚ğ«‚ß‚½‚Ì‚É¸‹Æè“–‚ª–á‚¦‚È‚¢IH •›‹Æ‚ÅŠJ‹Æ“Í‚ğo‚µ‚Ä‚¢‚½A‚³‚ñ@‚Å‚à«—ˆ‚É”õ‚¦‚ég“Á—áh‚ªcĞ˜Jm‚ªƒAƒhƒoƒCƒX,https://news.yahoo.co.jp/articles/19506755ee10afceb5d3c643dbe3ea4d3ff7ab74,No date found
maidonans,‚Ü‚¢‚Ç‚Èƒjƒ…[ƒX,u2ŠK‚È‚Ì‚É‘‚ª¶‚¦‚Ä‚Ü‚·v‚¦‚ÁA•”‰®‚Ì‚Ç‚±‚ÉH@SNS‚Å˜b‘èu©‹‹©‘«‚à–²‚¶‚á‚È‚¢wv,https://news.yahoo.co.jp/articles/9105e786d7cb865a55fcaee37ae1927a5d46190b,No date found
maidonans,‚Ü‚¢‚Ç‚Èƒjƒ…[ƒX,‘åD‚«‚Èƒpƒp‚ª•‰‚µ‚ÄA”ß‚µ‚¢‚¨’m‚ç‚¹c7Î’j‚Ìq‚Ì”½‰‚É745–œ‰ñÄ¶@u‰Âˆ¤‚·‚¬‚Ä‚Ñ‚Á‚­‚èvu‚Ü‚¾—c‚¢‚Ì‚Év,https://news.yahoo.co.jp/articles/5a7c4b825bfebc06d0c98a4299572755f6e2401a,No date found
maidonans,‚Ü‚¢‚Ç‚Èƒjƒ…[ƒX,2ˆÊ‚Í‰i–ì‰èˆèA1ˆÊ‚Íƒfƒrƒ…[‚©‚ç20”N‚ÌcH@uƒXƒ^[ƒ_ƒXƒgƒvƒƒ‚[ƒVƒ‡ƒ“vŠ‘®‚Ì—«ƒ^ƒŒƒ“ƒgAl‹Cƒ‰ƒ“ƒLƒ“ƒO,https://news.yahoo.co.jp/articles/63a51e84e4878f179abadccda5833d7abe5e9ce3,No date found
maidonans,‚Ü‚¢‚Ç‚Èƒjƒ…[ƒX,‰©‚Î‚ñ‚¾”’ƒVƒƒƒc‚ğ•œŠˆ‚³‚¹‚½‚¢cgô‘óƒnƒJƒZh‚É•·‚¢‚½A‰˜‚ê‚ÌƒŒƒxƒ‹‚É‚ ‚í‚¹‚½uŠ¾õ‚İ‚Ì—‚Æ‚µ•ûv,https://news.yahoo.co.jp/articles/9bc4fffaaea1d5eea359b77847dd44e8738ae797,No date found
maidonans,‚Ü‚¢‚Ç‚Èƒjƒ…[ƒX,29Î‘§q‚Ì70–œ‰~‚ğŒ¨‘ã‚í‚èc‚ ‚Æ‚©‚ç800–œ‰~ˆÈã‚à‚ÌØ‹à‚ª”»–¾@uƒMƒƒƒ“ƒuƒ‹‚Í“ñ“x‚Æ‚µ‚È‚¢v‚É— Ø‚ç‚ê‚½•ê‚Ìs“®A‚»‚ÌŒ‹––‚ÍH,https://news.yahoo.co.jp/articles/b46dc5fe962c4877d8a4d0f49948a70a903faac9,No date found
maidonans,‚Ü‚¢‚Ç‚Èƒjƒ…[ƒX,ud–‚É‘Î‚·‚éK‚¹“xv‚ğ©ŒÈÌ“_‚·‚é‚Æc2024”N‚Ì•½‹Ï‚Íu55“_v‚ÅŒ¸­ŒXŒü@K‚¹“x‚Í‰½‚Å‚Í‚©‚éH,https://news.yahoo.co.jp/articles/267e47f283b0ac72b0669b0dcad035171a90d445,No date found
maidonans,‚Ü‚¢‚Ç‚Èƒjƒ…[ƒX,u–¼Dv‚ğ•Ï‚¦‚½uƒ[ƒ\ƒ“vA‚»‚Ì”½‰‚ÍH@ƒJƒXƒnƒ‰‚¨‚»‚ê‚Ä–{–¼‚ğ’m‚ç‚ê‚½‚­‚È‚¢ŒXŒü‚Éc–¼D‚ª‘å–‚È——R‚Æ‚Í,https://news.yahoo.co.jp/articles/a7d57b91bbb9b6b6540e8f9320f7584c70614495,No date found
maidonans,‚Ü‚¢‚Ç‚Èƒjƒ…[ƒX,ƒZƒ“ƒX‚æ‚·‚¬cuƒ`ƒƒƒCƒj[ƒYEƒ^ƒCƒyƒCvŒÜ—Öƒ†ƒjƒtƒH[ƒ€‚ÍƒrƒrƒAƒ“EƒX[‚à’…—p‚µ‚½ƒuƒ‰ƒ“ƒh@¢ŠE“IƒfƒUƒCƒi[‚ªŠÄC,https://news.yahoo.co.jp/articles/f2553e87dc058efbd34f771266f09dd41afea3bc,No date found
maidonans,‚Ü‚¢‚Ç‚Èƒjƒ…[ƒX,u“S|E‹à‘®‹ÆŠEv•½‹Ï”Nûƒ‰ƒ“ƒLƒ“ƒO@2ˆÊ‚Í910.8–œ‚ÌuAREƒz[ƒ‹ƒeƒBƒ“ƒOƒXvA1ˆÊ‚Í1241.5–œA“S|EƒGƒ“ƒWƒjƒAƒŠƒ“ƒOE¤Ğ‚Ì–‹Æ‚ğ“Š‡,https://news.yahoo.co.jp/articles/529ce8773927091668df6e70e0925166b381763c,No date found
maidonans,‚Ü‚¢‚Ç‚Èƒjƒ…[ƒX,LEƒ}ƒXƒRƒ~‹ÆŠE‚Ì•½‹Ï”Nûƒ‰ƒ“ƒLƒ“ƒO@TOP10‚ÌŠé‹Æ‚Í‘S‚Ä1000–œ‰~’´‚¦,https://news.yahoo.co.jp/articles/40d042ed652dadd49cb6007005bd5e8808f40a61,No date found
maidonans,‚Ü‚¢‚Ç‚Èƒjƒ…[ƒX,§ƒRƒŒog‚Ì”ü—äøÀ—Dˆß‚³‚ñ@•‚ğ’E‚¬Ì‚Ä•—˜Cê‚ÅŠ¾@–Ï‘z‚©‚«—§‚Ä‚éƒVƒ`ƒ…ƒG[ƒVƒ‡ƒ“ƒOƒ‰ƒrƒA‚É’§í,https://news.yahoo.co.jp/articles/ccb775af0801a3a81d157372a09fc2e0a7fc8c8d,No date found
maidonans,‚Ü‚¢‚Ç‚Èƒjƒ…[ƒX,y•¨‰¿‚z“¯‚¶ƒVƒ‡[ƒgƒP[ƒLA1/6ƒTƒCƒY‚Æ1/8ƒTƒCƒY”ƒ‚¤‚È‚ç‚Ç‚Á‚¿H@‹“ss‚Ì—m‰Ùq“X‚ª‚¨‚à‚µ‚ëÀŒ±,https://news.yahoo.co.jp/articles/d4d6f74185a0944c12bd3f4130ed384e165c5bf3,No date found
maidonans,‚Ü‚¢‚Ç‚Èƒjƒ…[ƒX,u•|‚·‚¬‚évƒ|ƒXƒ^[‚Í`‚ÅŒf¦‹Ö~@`E“ú–{‡ìƒzƒ‰[‰f‰æu‰…”‘v@lŠÔ•sM‚Ì7”N‚ª¶‚ñ‚¾“¡ˆäG„ŠÄ“Â‚Ì‰ïSì,https://news.yahoo.co.jp/articles/32e5aa0f270c51a48ba4fb1200981b6ea3ebaee0,No date found
maidonans,‚Ü‚¢‚Ç‚Èƒjƒ…[ƒX,2ˆÊ‚Í‰¡•l—¬¯A1ˆÊ‚ÍHƒXƒ^[ƒ_ƒXƒgƒvƒƒ‚[ƒVƒ‡ƒ“Š‘®‚Ì’j«ƒ^ƒŒƒ“ƒgl‹Cƒ‰ƒ“ƒLƒ“ƒO,https://news.yahoo.co.jp/articles/5abc2e32138ae442795d66615ebbfbbb962728f3,No date found
maidonans,‚Ü‚¢‚Ç‚Èƒjƒ…[ƒX,u—ˆT‚Ü‚Å‚É“ª”‚ğŒ¸‚ç‚³‚È‚¢‚Æcv@“®•¨ˆ¤ŒìƒZƒ“ƒ^[Eˆõ‚Ì‹ê”Y@€‚Ì•£‚©‚ç‹~‚í‚ê‚½ƒ~ƒbƒNƒXŒ¢@S‚ğŠJ‚¢‚ÄŠÃ‚¦‚ñ–V‚É‘å•Ïg,https://news.yahoo.co.jp/articles/23036abe80f98334b9038be2198b893169c525fe,No date found
maidonans,‚Ü‚¢‚Ç‚Èƒjƒ…[ƒX,GACKTuâ‚µ‚¢‚ÌˆêŒ¾‚És‚«‚év@‘YƒGƒŒƒLƒMƒ^[ƒ[ƒJ[uƒtƒFƒ‹ƒiƒ“ƒfƒXv–‹Æ’â~‚ÉS‹«“f˜I,https://news.yahoo.co.jp/articles/cb5cad9d324b4c2902d8612470d97eef047a5bcd,No date found
maidonans,‚Ü‚¢‚Ç‚Èƒjƒ…[ƒX,2ˆÊ‚Íu‚ä‚Å—‘vcˆê”ÔD‚«‚È—‘—¿—ƒ‰ƒ“ƒLƒ“ƒO@‚İ‚ñ‚È‚Ì‚¨‚·‚·‚ß‚ÌH‚×•û‚ÍH,https://news.yahoo.co.jp/articles/1a0cd9c933e3bd61edf7a669f7fa82c9d0d19737,No date found
maidonans,‚Ü‚¢‚Ç‚Èƒjƒ…[ƒX,—qƒAƒi‚ª“dÔ“à‚Å‚Ì’sŠ¿”íŠQ‚ğ”’uˆê”Ô’[‚ÌÈ‚ÅcvAƒlƒbƒgu‚±‚ê‚ÍƒLƒ‚‚¢vu•|‚·‚¬‚év ƒtƒŠ[ƒAƒi‚ÌŒÑ“cÊ‰ï‚ª“Še,https://news.yahoo.co.jp/articles/e5ba6262cc006834d221c5f334f88fa65a576425,No date found
maidonans,‚Ü‚¢‚Ç‚Èƒjƒ…[ƒX,“Œ‘å‰@‘²ƒŠƒPƒWƒ‡A8“ªgƒƒŠƒnƒŠ…’…pu‹r’·‚ÁIvu”²ŒQ‚Ìƒvƒƒ|[ƒVƒ‡ƒ“vuã“_‚Ç‚±Hv,https://news.yahoo.co.jp/articles/5faa2451042ffc50ac1648ad74db5b3cc8ac0f51,No date found
maidonans,‚Ü‚¢‚Ç‚Èƒjƒ…[ƒX,u‚±‚Ìq‚É‚µ‚Ü‚·v@•ÛŒì’c‘Ì‚ªˆø‚«o‚µ‚½–ìŒ¢‚ÌqŒ¢‚Í‚Ğ‚Ç‚¢”ç•†•a‚¾‚Á‚½@¡—Ã‚ğŠæ’£‚èl“é‚ê‚à@uŒ}‚¦“ü‚ê‚½‚¢v‚Æ—‰ğ‚ ‚él‚É³®÷“n,https://news.yahoo.co.jp/articles/7fd640bf6c9702db447bb999f136ecc55054db7c,No date found
maidonans,‚Ü‚¢‚Ç‚Èƒjƒ…[ƒX,ƒ[ƒzƒŠ‚É‹»–¡‚ª‚ ‚é20`30‘ã‚Ì8Š„‹­uŠCŠOˆÚZ‚Ì‰Â”\«‚ª‚ ‚évA‹‚ß‚Ä‚¢‚é‚Ì‚Í”Nû‚æ‚è‚à’§í‚â¬’·,https://news.yahoo.co.jp/articles/c0d659797f90dfd86d00708746a1164361daf56e,No date found
maidonans,‚Ü‚¢‚Ç‚Èƒjƒ…[ƒX,‚«‚ã‚¤‚è‚Í1–{u‚Ü‚é‚²‚Æ—â“€v‚ª³‰ğI —¬…‚Åu”¼‰ğ“€v‚É‚·‚é‚ÆƒVƒƒƒNƒVƒƒƒN‚µ‚½HŠ´‚ÅAƒsƒNƒ‹ƒX‚àŠÈ’P‚Éì‚ê‚¿‚á‚¤,https://news.yahoo.co.jp/articles/fd1af56ca83ad6b55d58cc7b6ae2c47709002c2f,No date found
maidonans,‚Ü‚¢‚Ç‚Èƒjƒ…[ƒX,ñ—Ö‚©‚ç‰ğ‚¯‚½1–{‚Ì…‚ªAá”L‚Ì–½‚ğØ‚è—ô‚¢‚½cbˆãt‚ªu–È100“v‚Ìñ—Ö‚ğ‚·‚·‚ß‚é——R,https://news.yahoo.co.jp/articles/7494a6f3aae8279e080600899c87a9f679facd3f,No date found
maidonans,‚Ü‚¢‚Ç‚Èƒjƒ…[ƒX,ƒGƒAƒRƒ“‚Ìƒvƒ‚ª‹³‚¦‚é‰·“xİ’è‚Ìƒ|ƒCƒ“ƒg@Š¾‚Î‚Ş‚±‚Æ‚à‚È‚­A”§Š¦‚­‚àŠ´‚¶‚È‚¢cu‚¿‚å‚¤‚Ç‚æ‚¢‰·“xv‚É‚Ç‚¤•Û‚ÂH,https://news.yahoo.co.jp/articles/6056322c24ab5ccd7f61ba3767da3655a7ee48c8,No date found
maidonans,‚Ü‚¢‚Ç‚Èƒjƒ…[ƒX,30‘ã“Æg’j«A‚¨•Ù“–ì‚è‚ğn‚ß‚Ä1”NcƒrƒtƒH[ƒAƒtƒ^[‚ª˜b‘è@Eê‚Ìƒpƒ\ƒRƒ“‚Ì‘O‚Åˆêl‚³‚Ñ‚µ‚­¨SNS‚Å‘å’–Ú‚É,https://news.yahoo.co.jp/articles/e6f6162a677808f578b0aadcf28ac1989d009d1d,No date found
maidonans,‚Ü‚¢‚Ç‚Èƒjƒ…[ƒX,–kŠC“¹‚Ì¬‚³‚È’¬‚ÉAƒCƒ“ƒhl‚ª‹}‘’†c‚»‚Ì‹Á‚«‚Ì——R‚Æ‚ÍH@¡‚â”ä—¦‚Í“Œ‹E]ŒËì‹æ‚Ì3”{@‘½•¶‰»‹¤¶‚Ìg–¢—ˆƒ‚ƒfƒ‹h‚Æ‚µ‚Ä’–Ú,https://news.yahoo.co.jp/articles/730b37fecc2b19c60404b68267a2576f58325f11,No date found
maidonans,‚Ü‚¢‚Ç‚Èƒjƒ…[ƒX,ğˆù‚İ’B‚©‚ç’•¶E“u‚¨ğ‚ğ“Û‚Şl‚ÌŒäç‚èv‚Ü‚ñ‚ª“ú–{Ì‚Î‚È‚µ‚É‚à“oê‚µ‚½Ã‰ªEì’Ã—ˆ‹{_Ğ,https://news.yahoo.co.jp/articles/247c99f8906ea9e17fcf46a94ca1db5559e8d70e,No date found
maidonans,‚Ü‚¢‚Ç‚Èƒjƒ…[ƒX,‰Âˆ¤‚¢‚Æ˜b‘è‚Ì‹g–{VŠìŒ€——DAÅVƒXƒe[ƒW‚Å¬Šw¶–ğ‚É’§í@u—‡‚Á‚Ä‚évu’Ê—p‚·‚é‹C‚ª‚·‚év,https://news.yahoo.co.jp/articles/f6eed79dad3074bd8528e5ff98612c3ae5296073,No date found
maidonans,‚Ü‚¢‚Ç‚Èƒjƒ…[ƒX,u‰ÄÕ‚è‚ÅD‚«‚È‰®‘ävƒ‰ƒ“ƒLƒ“ƒO@H‚×•¨‚Ì‰®‘ä1ˆÊ‚Íu‚©‚«•XvAH‚×•¨ˆÈŠO‚Ì‰®‘ä1ˆÊ‚ÍH,https://news.yahoo.co.jp/articles/53567c54eda32f040fc1d84b97c672e9c98c19dd,No date found
maidonans,‚Ü‚¢‚Ç‚Èƒjƒ…[ƒX,uƒMƒƒƒ“ƒuƒ‹ˆË‘¶Ç‚É“ÁŒø–ò‚Í‚È‚¢v‚Å‚àu•K‚¸D“]‚Ì“¹‚Í‚ ‚év@ˆË‘¶ÇƒNƒŠƒjƒbƒNˆãt‚É•·‚­,https://news.yahoo.co.jp/articles/f91f1e07bc97c603a2a52372858ddd0a70c55396,No date found
maidonans,‚Ü‚¢‚Ç‚Èƒjƒ…[ƒX,‘‚ÌÅû‚ª72’›‰~’´‚¦‚Å‰ß‹Å‚Ic‚È‚Ì‚É¡Œã‚Ì“ú–{à­‚ª•sˆÀ‚È——R,https://news.yahoo.co.jp/articles/e3b3e0d7e1d1894e810083789a0f1bd1c78d5b78,No date found
maidonans,‚Ü‚¢‚Ç‚Èƒjƒ…[ƒX,’†‘ŒRAƒ|[ƒ‰ƒ“ƒh‘‹«‚Å‚Ì‰‰K‚ª¦´‚·‚é–¢—ˆ@ƒEƒNƒ‰ƒCƒií‘ˆ‚É–k•û—Ì“yc‚‚Ü‚éwŠCŠO”hŒ­x‚ÌŒ»À–¡,https://news.yahoo.co.jp/articles/daa49270370da57710ddb36728705955b8119385,No date found
maidonans,‚Ü‚¢‚Ç‚Èƒjƒ…[ƒX,V‘²‚Å“­‚«‚½‚¢‰ïĞ‚ÍŠO‘Œn‚æ‚è‚àu“úŒnvc‘åè‚Æƒxƒ“ƒ`ƒƒ[‚Å‚Í‚Ç‚¿‚ç‚ª‘½‚¢HyAŠˆ¶600l’²¸z,https://news.yahoo.co.jp/articles/b3328cceae6ba529bc4ac13afd4cee7267a50ae1,No date found
maidonans,‚Ü‚¢‚Ç‚Èƒjƒ…[ƒX,ƒOƒ‰ƒhƒ‹Ÿ“cˆ»”T‚³‚ñ@‚ß‚­‚ê‚½ƒVƒƒƒc‚©‚ç—ß˜aÅ‹­‚ÌƒƒŠƒnƒŠƒ{ƒfƒB‚ªƒ`ƒ‰ƒŠ,https://news.yahoo.co.jp/articles/ebd05f912ea39513ab4bea74cfc92ec6c25a35b8,No date found
maidonans,‚Ü‚¢‚Ç‚Èƒjƒ…[ƒX,——D“c’†”ü‹v‚³‚ñ@’JŠÔ‚­‚Á‚«‚è”’••‚Ì…’…p@ƒiƒ`ƒ…ƒ‰ƒ‹•ƒ€[ƒfƒB[‚È—ß˜a‚ÌƒOƒ‰ƒrƒAƒ”ƒB[ƒiƒX‚ª~—Õ,https://news.yahoo.co.jp/articles/5d54613f289af43d8d06d6d8d43c382a6feabfb9,No date found
maidonans,‚Ü‚¢‚Ç‚Èƒjƒ…[ƒX,u”E‚½‚Ü—‘¾˜Yv‰‰‡ã‰fA‘S‘‚Ìƒtƒ@ƒ“‚ª¹’nE“òè‚Ì–¼•¨‰f‰æŠÙ‚ÉWŒ‹@u100“v‰‰‡‚ÅŸŒ³‚Ì•Ç‚ğ’´‚¦‚½IH ƒvƒƒfƒ…[ƒT[‚à—ˆê,https://news.yahoo.co.jp/articles/c07ca0083c8e188b17fbee06fb97f42774a2734b,No date found
maidonans,‚Ü‚¢‚Ç‚Èƒjƒ…[ƒX,440ƒOƒ‰ƒ€‚Ìq”L‚ğŒºŠÖ‘O‚Å•ÛŒì‚µ‚Äc‚»‚ê‚©‚ç10”Nu‚¤‚¿‚Ìq‚É‚È‚Á‚Ä‚­‚ê‚Ä‚ ‚è‚ª‚Æ‚¤v‰ä‚ªq‚Æˆ¤”L‚ğˆç‚Ä‚½‰·‚©‚È“úX,https://news.yahoo.co.jp/articles/3fbb97bcd4244663edd0f81bd598e90f54b719fb,No date found
maidonans,‚Ü‚¢‚Ç‚Èƒjƒ…[ƒX,u‚¨• ‚ª‹ó‚¢‚ÄQ‚ç‚ê‚È‚¢v‚ÆŒ¾‚í‚ê‚éc‚Ğ‚Æ‚èe‰Æ’ë‚Ì4Š„’´u’·Šú‹x‚İ‚Ìq‚Ç‚à‚ÌH–‚Í2‰ñˆÈ‰ºv,https://news.yahoo.co.jp/articles/13b5008a10a7378b04a4ae7134e33d483085b308,No date found
maidonans,‚Ü‚¢‚Ç‚Èƒjƒ…[ƒX,—â‚½‚¢ŸB‚Åk‚¦‚Ä‚¢‚½‚Ë@ƒ~ƒbƒNƒXŒ¢‚ÌK‚¹’T‚µ@—D‚µ‚³‚ÌƒŠƒŒ[‚Æ‚Æ‚Ñ‚«‚è‚ÌÎŠç‚Å‚ß‚®‚è‰ï‚¦‚½V‚µ‚¢‰Æ‘°,https://news.yahoo.co.jp/articles/58cc239fe85f1f92386c4860c9986659f4fb7ac4,No date found
maidonans,‚Ü‚¢‚Ç‚Èƒjƒ…[ƒX,ƒgƒbƒvƒR[ƒgŠ‘®‚Ìl‹C——Dƒ‰ƒ“ƒLƒ“ƒO@2ˆÊ‚Í–Ø‘º‰À”TA1ˆÊ‚Í“n•ÓŒª‚ğ•ƒ‚É‚Âƒtƒ‰ƒ“ƒXİZ‚Ì——D,https://news.yahoo.co.jp/articles/26aa6aa733583b90887191c154ae5fd9be3ba666,No date found
maidonans,‚Ü‚¢‚Ç‚Èƒjƒ…[ƒX,Œ³—qƒvƒƒŒƒXƒ‰[A…’…p‚Å‘«R‚èƒVƒ‡ƒbƒguƒXƒ^ƒCƒ‹”²ŒQvu”ü‹r‚Å‚·‚Ëv Ôˆä‰p˜a‚Ì”ül–ºE¹Šó,https://news.yahoo.co.jp/articles/e6ee4f448ad8c0f75045da3160aa0092d2c22c8c,No date found
maidonans,‚Ü‚¢‚Ç‚Èƒjƒ…[ƒX,Œğ’Ê–ŒÌ‚É‘˜‚¢“|‚ê‚Ä‚¢‚½”L@d“Äó‘Ô‚Å¶–Ú‚ğ¸‚Á‚½@ŠïÕ‚Ì‰ñ•œ‚»‚µ‚ÄŠF‚ğÎŠç‚É‚·‚éƒfƒŒƒfƒŒŠÃ‚¦‚ñ–V‚É‘å•Ïg,https://news.yahoo.co.jp/articles/69f68ea4323a30b582189094af1c5de03cd073bf,No date found
maidonans,‚Ü‚¢‚Ç‚Èƒjƒ…[ƒX,ƒJƒ“ƒgƒŠ[ƒ}ƒAƒ€‚È‚ÇA9Œ‚©‚ç“à—e—Ê‚³‚ç‚ÉƒJƒbƒg@•s“ñ‰Æ‚ªˆê•”¤•i‚Ì’lã‚°‚Æ“à—e—Ê•ÏX‚ğ”­•\uŠé‹Æ“w—Í‚Å‘Î‰‚Å‚«‚é”ÍˆÍ‚ğ’´‚¦‚éó‹µv,https://news.yahoo.co.jp/articles/e8efc7d4a37d80dc01a1b1832464ed7a6611cc5e,No date found
maidonans,‚Ü‚¢‚Ç‚Èƒjƒ…[ƒX,u{İ‚É“ü‚é‚©‚ç”L‚ğˆø‚«æ‚Á‚Äv‚—î•v•w‚ª‘õ‚µ‚½ˆ¤”L¨‚â‚·‚ç‚©‚É“ø‚Ì‹´‚ğ“n‚é@•ÛŒì”LƒJƒtƒFu”‚¢å‚³‚ñ‚Í–œ‚ªˆê‚É”õ‚¦‚Ä‚Ù‚µ‚¢v,https://news.yahoo.co.jp/articles/0e1f3ac78276151aab7bfc7758a8317e0f477cfe,No date found
maidonans,‚Ü‚¢‚Ç‚Èƒjƒ…[ƒX,ƒtƒ`ƒh[ƒ‹‚ÉƒeƒBƒAƒ‰c•½¬‚ğÊ‚Á‚½gƒfƒR‚è—pƒyƒ“h ¡‚à”„‚Á‚Ä‚é‚ÌHu”š”­“I‚È”„ãv‚©‚ç20”NŒo‚Á‚½Œ»İ‚ÍAƒ[ƒJ[‚É•·‚¢‚½,https://news.yahoo.co.jp/articles/e5b7eb28a0f66f88d3702605e26b451b98b14836,No date found
maidonans,‚Ü‚¢‚Ç‚Èƒjƒ…[ƒX,y‚©‚«•X‹@‚È‚µ‚ÅOKzƒtƒŠ[ƒU[ƒoƒbƒO‚Å‚Â‚­‚ê‚éuƒ~ƒ‹ƒN•Xv‚Å‰Ä‚ğŠy‚µ‚à‚¤I”_—Ñ…YÈ‚ÌƒAƒCƒfƒA‚Éu“VË‚©‚æcvuâ‘Î‚¤‚Ü‚¢‚â‚Âv,https://news.yahoo.co.jp/articles/4ae8045649891860d334d55b373f8226e1f365a8,No date found
maidonans,‚Ü‚¢‚Ç‚Èƒjƒ…[ƒX,‚¨Î‚¢Œ|lA©‘î‚Å—L–¼ƒ‰[ƒƒ““X‚Ì–¡‚ğÄŒ»@ƒŒƒVƒs‰ğà‚ª’´“Æ“Ác‹ïŞƒTƒCƒY‚Íuƒ}[ƒWƒƒƒ“ƒpƒC‚®‚ç‚¢v,https://news.yahoo.co.jp/articles/b9df188a7e0f408f083b49b675106b3443c9a996,No date found
maidonans,‚Ü‚¢‚Ç‚Èƒjƒ…[ƒX,1`2Î™‚ğ‚Âe400l‚É•·‚¢‚½cu”~‰JŠú‚Éq‚Ç‚à‚ª‚®‚¸‚è‚â‚·‚­‚È‚év–ñ”¼”c‚®‚¸‚è‚â‚·‚¢“VŒó‚ÍH,https://news.yahoo.co.jp/articles/5f926d5a86bb5a99a1db2c99640c6c641b1cd3ca,No date found
maidonans,‚Ü‚¢‚Ç‚Èƒjƒ…[ƒX,yô‘ó‹@‚ÌƒJƒr‘ÎôzŠJ‚¯‚Ä‚¨‚­‚Ì‚Íuô‘ó‹@‚Ìƒtƒ^v‚¾‚¯‚¶‚á‚È‚¢IH ‰Ô‰¤‚ª“`ö‚·‚ég¼‹C‚ğ‚½‚ß‚È‚¢H•vh‚Écu–Ó“_‚Å‚µ‚½v,https://news.yahoo.co.jp/articles/04383993b1dae1ef7d5731ea692a7980ca642728,No date found
maidonans,‚Ü‚¢‚Ç‚Èƒjƒ…[ƒX,u¬”„‹ÆŠEv‚Å•½‹Ï”Nû‚ª‚‚¢Šé‹Æ@1ˆÊ‚Íƒ†ƒjƒNƒ‚Å‚¨“éõ‚İ‚Ìuƒtƒ@[ƒXƒgƒŠƒeƒCƒŠƒ“ƒOv‚Å1147.6–œ‰~,https://news.yahoo.co.jp/articles/c3b134aa03fb8905088d330fc82596271d2aa28c,No date found
maidonans,‚Ü‚¢‚Ç‚Èƒjƒ…[ƒX,u‚·‚×‚Ä‚Ì—Dæ‡ˆÊ‚ª‹à‚¾‚Á‚½vƒMƒƒƒ“ƒuƒ‹ˆË‘¶Ç‚©‚çØ‹àA”Æß‚ÉŒ‹‚Ñ‚Â‚«‚â‚·‚­,https://news.yahoo.co.jp/articles/28e673b7e6a67c49cf315256e23b46139e42c35d,No date found
maidonans,‚Ü‚¢‚Ç‚Èƒjƒ…[ƒX,ƒgƒˆƒGƒc•í”Õ‹MqA•v•w–ğCM‚É”o—D’‡ŠÔ‚ªu‹¹”Mv@1995”Nƒhƒ‰ƒ}uˆ¤‚µ‚Ä‚¢‚é‚ÆŒ¾‚Á‚Ä‚­‚êv¢‘ã–ãâ,https://news.yahoo.co.jp/articles/d9091478cdc4085d896d75319d020154476c9f90,No date found
maidonans,‚Ü‚¢‚Ç‚Èƒjƒ…[ƒX,¡‚É‚à“ñ‘«•às‚ğn‚ß‚»‚¤c—§‚Á‚Ä‚¨‚È‚©‚Ì–Ñ‘U‚¢‚·‚é”L‚³‚ñ‚ª˜b‘è@u–Ÿ‰æ‚Ì¢ŠEHvuƒgƒgƒ‚İ‚½‚¢v‚ÆSNSƒƒƒƒ,https://news.yahoo.co.jp/articles/c4b83dfb8bd373f65fc7eb34f3e58ffed626af00,No date found
maidonans,‚Ü‚¢‚Ç‚Èƒjƒ…[ƒX,ƒoƒŒ[Îì—SŠóAƒpƒŠŒÜ—Ö‘O‚ÉƒwƒAƒJƒbƒgI‡€ÅI’²®‡‚Å‚·‚Á‚«‚è‰Äƒ‚[ƒhu‰‰‡‚µ‚Ä‚¢‚Ü‚·vuŠá•Ÿv,https://news.yahoo.co.jp/articles/2cba763783aa32eef41e9039db35a1f91d00a97c,No date found
maidonans,‚Ü‚¢‚Ç‚Èƒjƒ…[ƒX,ƒOƒ‰ƒhƒ‹äøÀ—Dˆß‚³‚ñ@ƒ‰ƒ“ƒWƒFƒŠ[p‚Å–ü‚µƒI[ƒ‰‘SŠJ@Š•Ÿ‚Ì”üƒ{ƒfƒB”â˜I,https://news.yahoo.co.jp/articles/54684f86887cd8636c1b0a7b224d5a8902567beb,No date found
maidonans,‚Ü‚¢‚Ç‚Èƒjƒ…[ƒX,63ANGELƒgƒbƒvƒ_ƒ“ƒT[E‚à‚à‚³‚ñ@‚gƒJƒbƒvƒ{ƒfƒB‚Åƒh”——ÍƒOƒ‰ƒrƒA,https://news.yahoo.co.jp/articles/25cee26e28867f17619dd260e47a5cde725ca8c8,No date found
maidonans,‚Ü‚¢‚Ç‚Èƒjƒ…[ƒX,ƒLƒ…[ƒg‚¾‚¯‚ÇƒZƒNƒV[@–L–ƒoƒXƒg•^‚Á”’”ü”§‚ª–Ú‚ğˆø‚­–{‹½—M”b‚³‚ñ@ƒrƒLƒjƒOƒ‰ƒrƒA‚ğŒöŠJ,https://news.yahoo.co.jp/articles/031ee0d520a90e3c0c8539f664ebf31a471a2238,No date found
maidonans,‚Ü‚¢‚Ç‚Èƒjƒ…[ƒX,uƒfƒrƒ…[“–‚Æ•Ï‚í‚ç‚È‚¢v43Î L––—Áq‚ÌŒ¨‚¾‚µ”§Œ©‚¹ƒVƒ‡ƒbƒgAƒtƒ@ƒ“‚Í“B•t‚¯u“§–¾Š´ƒnƒ“ƒp‚Ë[v,https://news.yahoo.co.jp/articles/5a19d6e259b1e2606084ca95900be74f56f35779,No date found
maidonans,‚Ü‚¢‚Ç‚Èƒjƒ…[ƒX,‘½“ª”ˆç‚Ì—òˆ«ŠÂ‹«‚©‚ç‹~o‚³‚ê‚½¬‚³‚È–½@¶‚Ì‹—Í‚ª‚È‚­—¢e‚ªŒ©‚Â‚©‚ç‚È‚¢qŒ¢@‘Ò‚¿–]‚ñ‚¾u‚¤‚¿‚É‚¨‚¢‚Åv‚Ì\‚µo‚ª“Í‚¢‚½I,https://news.yahoo.co.jp/articles/499bd10276ecdd80fdc9a4504bae55307c1f1357,No date found
maidonans,‚Ü‚¢‚Ç‚Èƒjƒ…[ƒX,4ˆÊENEOS@3ˆÊOˆä¼“‡@2ˆÊƒRƒXƒ‚ƒGƒlƒ‹ƒM[@“d—ÍEƒGƒlƒ‹ƒM[‹ÆŠE”Nûƒ‰ƒ“ƒLƒ“ƒO@TOP3‚Í”Nû1000–œ‰~’´,https://news.yahoo.co.jp/articles/442f87130d2d2604b29e6bda231a542d9ca17499,No date found
maidonans,‚Ü‚¢‚Ç‚Èƒjƒ…[ƒX,3ˆÊ’†‘º—Ï–ç‚³‚ñ@2ˆÊ¼â“—›‚³‚ñ@Œ|”\––±ŠƒgƒbƒvƒR[ƒgŠ‘®‚Ì’j«”o—Dƒ‰ƒ“ƒLƒ“ƒO@1ˆÊ‚Í3rdƒAƒ‹ƒoƒ€‚ğ7Œ‚ÉƒŠƒŠ[ƒX‚µ‚½”o—D,https://news.yahoo.co.jp/articles/7e35683cef8dea04ebda3a82f210d8f444333665,No date found
maidonans,‚Ü‚¢‚Ç‚Èƒjƒ…[ƒX,3ˆÊƒƒ“ƒ^ƒŠƒXƒgDaiGo‚³‚ñ@2ˆÊ‚Ğ‚ë‚ä‚«‚³‚ñ@25‘²AŠˆ¶‚ª‘I‚ÔuAŠˆ‚Ì‘Š’k‚ğ‚µ‚½‚¢ƒrƒWƒlƒXŒnYouTuberv1ˆÊ‚Í,https://news.yahoo.co.jp/articles/102dd94dd29507deca08275196571c9d9381509b,No date found
maidonans,‚Ü‚¢‚Ç‚Èƒjƒ…[ƒX,ŠÑ˜\‚ ‚é‚¯‚Ç«Ši‚Íu•Pv@•ÛŒì‚³‚ê‚½ƒtƒŒƒ“ƒ`ƒuƒ‹‚ÍŠÃ‚¦ãè@¢“ïæ‚è‰z‚¦K‚¹‚Ìƒ`ƒPƒbƒg‚ğ‚Â‚©‚ñ‚¾,https://news.yahoo.co.jp/articles/454c7522b9c9b38b36cbfd52d0d31f1c32a814b3,No date found
maidonans,‚Ü‚¢‚Ç‚Èƒjƒ…[ƒX,ŒF“c—jq42ÎAƒVƒ‡[ƒgƒpƒ“ƒc‚Å‘¾‚à‚à‚ğ‘å’_”â˜Iu‚¢‚Â‚Ü‚Å‚à”ü‚µ‚¢vu”ül‚ÅƒXƒ^ƒCƒ‹—Ç‚­‚Ä”ü‹rv,https://news.yahoo.co.jp/articles/5a017b85c1859179541ad47b3cfa9a3d9d79921c,No date found
maidonans,‚Ü‚¢‚Ç‚Èƒjƒ…[ƒX,uŒ‹¥‘Šè‚É‘Ã‹¦‚µ‚½“_‚ª‚ ‚Á‚½v‚Í–ñ7Š„¨—£¥‚âŒã‰÷‚ÉŒq‚ª‚è‚â‚·‚¢‘Ã‹¦“_‚Æ‚Í,https://news.yahoo.co.jp/articles/b0fe556eceb04d9306aadcdaf6b5a145904f9e3f,No date found
maidonans,‚Ü‚¢‚Ç‚Èƒjƒ…[ƒX,19`22Î‚Ì–¢¥’j—‚ª—~‚µ‚¢‚à‚Ì@30”N‚ÅŒƒ•ÏI@1ˆÊ‚Ìu‚¨‹àv‚Í•Ï‚í‚ç‚¸‚àu—ölv‚ªƒ‰ƒ“ƒNƒ_ƒEƒ“,https://news.yahoo.co.jp/articles/10de887f7215c0968f5b250332667b8bb63910e3,No date found
maidonans,‚Ü‚¢‚Ç‚Èƒjƒ…[ƒX,éx‚³‚ê‚é‚ÈI@‚Z¶‚Ìƒ|ƒCŠˆ‚É‚ÍŠëŒ¯‚ª‚¢‚Á‚Ï‚¢@ŒÂlî•ñ‚Ì—¬o‚âI–­‚È—L—¿‰Û‹à“o˜^,https://news.yahoo.co.jp/articles/72bd1b5496fbd95a651d0ff0209b47363c802235,No date found
maidonans,‚Ü‚¢‚Ç‚Èƒjƒ…[ƒX,Z’ë‚Ì‚Ç^‚ñ’†‚ÅŠ®‘SÄŒ»IH@o‰ï‚Á‚½¬ŠwZ‚Å”’‚àƒvƒƒ|[ƒY‚à‚µ‚½ƒhƒ‰ƒ}ƒ`ƒbƒN‚ÈV¥‚³‚ñ,https://news.yahoo.co.jp/articles/33fb39eebf6675d6504d6b5899051ca6824a6751,No date found
maidonans,‚Ü‚¢‚Ç‚Èƒjƒ…[ƒX,ŒŒ‚ª•¦“«‚µ‚½ƒGƒŠƒUƒxƒX—‰¤”t@§Šw‹à‚ğ‹£”n‚É“Ë‚Á‚İAEŒã‚à–c‚ç‚ŞØ‹à@u¡‚·‚®‹àv’Ç‚¢‹l‚ß‚ç‚ê‚½’j«‚Í“Áê¼‹\‚Éó‚¯q‚É‚È‚Á‚½,https://news.yahoo.co.jp/articles/2fad215b3488415399e16f4d5ccb507b7dadac9c,No date found
maidonans,‚Ü‚¢‚Ç‚Èƒjƒ…[ƒX,ul‚ªw‹‚¢x‚ÆŠ´‚¶‚é‹C‰·‚ÍŒ¢‚É‚Í’n–v˜A“ú‚Ì–Ò‹cŠO”‚¢‚ÌŒ¢‚Í‰Æ‚Ì’†‚ÖA‰Š“V‰º‚ÌU•à‚Í~‚ß‚ÄIŒ¢‚Ìƒvƒ‚Ì“Še‚É‹¤Š´‚Ìº,https://news.yahoo.co.jp/articles/cd746339d2b414078cab3fc3c0189b6a9a7fd86c,No date found
maidonans,‚Ü‚¢‚Ç‚Èƒjƒ…[ƒX,Œˆ‚ßƒ|[ƒY‚Íu‚¤‚Ü‚¤‚Ü‚«‚ã‚ñIv‚Å‹£”nƒtƒ@ƒ“”M‹¶IH@jã‰‚Ì’n•û‹£”nƒAƒCƒhƒ‹uUMATENAvl‹Cã¸’†,https://news.yahoo.co.jp/articles/8eaf9e5a0bff0adab55cffdc60c80e922ec3b897,No date found
maidonans,‚Ü‚¢‚Ç‚Èƒjƒ…[ƒX,‚Õ‚è‚ñ‚Æ‚µ‚½‚Ü‚ñŠÛ”üK@ƒAƒCƒhƒ‹“V‰HŠóƒ‚³‚ñ@ˆ³“|“IƒXƒ^ƒCƒ‹•”ü‚Ú‚¤‚ÌƒOƒ‰ƒrƒAŒöŠJ,https://news.yahoo.co.jp/articles/420f7619aa22d314d559cff086a727dd57a3ece0,No date found
maidonans,‚Ü‚¢‚Ç‚Èƒjƒ…[ƒX,AKB48—é–Ø‚­‚é‚İ@‰ÄƒrƒLƒj‚Å‚Ó‚ñ‚í‚è’JŠÔ‚ğ‘SŠJ@ƒIƒgƒi‚Ì•…’…‚É‚à’§í,https://news.yahoo.co.jp/articles/7131c58ba5db442927fc63715a678c75f6f8b590,No date found
maidonans,‚Ü‚¢‚Ç‚Èƒjƒ…[ƒX,ƒ~ƒXƒ}ƒK2022GP‚Ì19Î@173ƒZƒ“ƒ`‚Ì”²ŒQ‚ÌƒXƒ^ƒCƒ‹”â˜I@ƒOƒ‰ƒrƒAŠE‚ª‘å’–Ú‚ÌŒèX‚³‚ñ,https://news.yahoo.co.jp/articles/665517fc758695469b837776e56d23f199cb88e9,No date found
maidonans,‚Ü‚¢‚Ç‚Èƒjƒ…[ƒX,uƒeƒgƒŠƒX‚İ‚½‚¢vƒŒƒgƒƒtƒ…[ƒ`ƒƒ[‚ÈƒfƒWƒ^ƒ‹»Œvu–¢—ˆ“I‚Èîv,https://news.yahoo.co.jp/articles/238db809d9253a7b05c9b0364a8cb61d13587101,No date found
maidonans,‚Ü‚¢‚Ç‚Èƒjƒ…[ƒX,u‚±‚ñ‚È‚É­‚È‚¢!?vcuŒ‹¥®‚Í•K—vv‚Æl‚¦‚é’j—‚ÌŠ„‡‚ÍuV¥—·s‚És‚«‚½‚¢v’j—‚Í‚Ç‚Ì‚­‚ç‚¢H,https://news.yahoo.co.jp/articles/90fd48aec6f56f653e9391fab1a1f3258a7b7366,No date found
maidonans,‚Ü‚¢‚Ç‚Èƒjƒ…[ƒX,Œö‰€‚Å“Ë‘R‚Ì‘S—Í¾‘–Iu‚¤‚í[‚â‚Á‚½[Iv¨‹ì‚¯o‚µ‚½2Î™‚Ìæ‚É‚ÍHuŠì‚Ñ‚ª“`‚í‚Á‚Ä‚­‚év,https://news.yahoo.co.jp/articles/87d111314392aeb5acec731e25fc20c18027559e,No date found
maidonans,‚Ü‚¢‚Ç‚Èƒjƒ…[ƒX,ƒJƒbƒgƒ‚ƒfƒ‹‚ª‚¨–Ê‚©‚Ô‚Á‚Ä‚éc‚¾‚ÆH‚ ‚é”ü—e‰@‚Ì‰æŠú“I‚·‚¬‚éƒRƒ“ƒZƒvƒg‚Ì‘_‚¢‚Í,https://news.yahoo.co.jp/articles/bcc5516408531a63331871e44ee91247eb1fab6e,No date found
maidonans,‚Ü‚¢‚Ç‚Èƒjƒ…[ƒX,y˜N•ñzØ–¾Ê^‚Å·‚ê‚éB‚è•û@·‚ê‚éŠp“xAƒƒCƒN–@AØ–¾Ê^‹@íu—L‰v‚·‚¬‚évu“VËv,https://news.yahoo.co.jp/articles/c7aa5a3d5efaf6cf23a4e494a0c0e6a92927297d,No date found
maidonans,‚Ü‚¢‚Ç‚Èƒjƒ…[ƒX,Šy“VE’CŒÈÈ‚Ìƒ†[ƒ`ƒ…[ƒu‚ª‰Šã@“Gƒ`[ƒ€‚ÌƒXƒ^ƒ“ƒh‚Å‰‰‡A–ìŸ‚àcu‰½‚ª‚µ‚½‚¢‚Ìvu–{“–‚É‚â‚ß‚Äv‚Æ”á”»E“@’CŒÈ‚ÍÈ‚ğ—iŒì,https://news.yahoo.co.jp/articles/bdfb453f93fa2c925233137f0566ebeebfbf6bab,No date found
maidonans,‚Ü‚¢‚Ç‚Èƒjƒ…[ƒX,•½‰Æ•¨ŒêA]ŒË‚Ì‘å˜aŠG‚ÆƒAƒjƒ‚ª‹¤‰‰@ƒAƒjƒ§ìƒvƒƒfƒ…[ƒT[‚ªŒê‚éŠGŠª‚ÆƒAƒjƒ‚Ì–£—Íu‘å‰æ–Ê‚Åƒoƒ“ƒbvuƒƒŠƒnƒŠ‚Ì‚ ‚éƒRƒ}Š„‚èv,https://news.yahoo.co.jp/articles/34e9dc84ece247a624a82804c11990f107037e24,No date found
maidonans,‚Ü‚¢‚Ç‚Èƒjƒ…[ƒX,uƒfƒJ—v‚Å˜b‘è‚Ì”ü—AŒ¨o‚µƒhƒŒƒXp‚ªD•]uƒXƒ^ƒCƒ‹”²ŒQvuƒƒ`ƒƒƒƒ`ƒƒ‰Âˆ¤‚¢vƒ^ƒŒƒ“ƒg‚Ì•Ä‘q‚İ‚ä,https://news.yahoo.co.jp/articles/b3ff0dd6011e84e4d023fde92a66be77ac95ae05,No date found
maidonans,‚Ü‚¢‚Ç‚Èƒjƒ…[ƒX,u‚à‚¤Œƒ’É‚É‘Ï‚¦‚È‚­‚Ä‚à‚¢‚¢‚æv“¬•a‚ğŒo‚Ä3–{‘«‚Écˆ¤”L‚©‚çŠw‚ñ‚¾g¶‚«‚æ‚¤‚Æ‚·‚é‹­‚³h,https://news.yahoo.co.jp/articles/29446b452d2e015f6cf0af13314f6b21701e3a86,No date found
maidonans,‚Ü‚¢‚Ç‚Èƒjƒ…[ƒX,2•C‚Ì”L‚ª“¯ƒWƒƒƒ“ƒvIŠïÕ‚ÌƒVƒ“ƒNƒ—¦‚É‹Á‚«u“¯‚¶‚æ‚¤‚ÈuŠÔ‚ÍŒ©‚½‚±‚Æ‚ª‚È‚¢vÊ^‰Æ‚É•·‚¢‚½,https://news.yahoo.co.jp/articles/66094ea519abd707f94f15e865121b0774700954,No date found
maidonans,‚Ü‚¢‚Ç‚Èƒjƒ…[ƒX,uß–ñ‚Ì‚½‚ßvHŠí—pôÜA…‚Å”–‚ß‚Ä•ÛŠÇ‚µ‚Ä‚¢‚¢‚ÌH@‹Û‚ÍH@ôò—Í‚ÍH@ƒ[ƒJ[‚É•·‚¢‚½,https://news.yahoo.co.jp/articles/972dd3827ea0545c77408127e7e67533a6cee276,No date found
maidonans,‚Ü‚¢‚Ç‚Èƒjƒ…[ƒX,‰Ä‚ÌéLq‚ğ3í‚Ìu‚³‚Á‚Ï‚è‚Â‚¯‚¾‚êv‚ÅŠy‚µ‚à‚¤Ic–¡‚Ì‘f‚ª‹³‚¦‚éƒŒƒVƒs‚ÉAu‚±‚ê‚©‚çH—~‚ª—‚¿‚é‹Gß‚Éƒsƒbƒ^ƒŠv,https://news.yahoo.co.jp/articles/940f543608fdfb364fc04e94904e1030b417c80a,No date found
maidonans,‚Ü‚¢‚Ç‚Èƒjƒ…[ƒX,yŒÕ‚É—ƒzƒsƒ“ƒN‚Ì’…•¨‚Ü‚Æ‚¢Auvuôv‚Æ˜b‚µ‚Ä‚¢‚½‚¯‚Çcg‚½‚­‚Ü‚µ‚¢•êh‚É‚È‚Á‚½‰Ô]@X“c–]’q‚ªŒê‚é–ğì‚è”é˜b,https://news.yahoo.co.jp/articles/4bd42ccf21527263367d0ed21bf49d3931d9c282,No date found
maidonans,‚Ü‚¢‚Ç‚Èƒjƒ…[ƒX,ƒQƒŠƒ‰‹‰J‚Åô‘ó•¨‚ªƒrƒVƒ‡ƒrƒVƒ‡‚Éc‚»‚ñ‚Èuô‘ó•¨‚Íô‚¢’¼‚·‚×‚«Hv@‰Ô‰¤‚Ì‰ñ“š‚É‘½‚­‚Ì”½‹¿uŠ£‚¯‚Î—Ç‚¢‚Æv‚Á‚Ä‚½v,https://news.yahoo.co.jp/articles/131edd866a5a91e959f4c4952971e240781e9173,No date found
maidonans,‚Ü‚¢‚Ç‚Èƒjƒ…[ƒX,u‘‡Eê–å¤Ğ‹ÆŠEv‚Å•½‹Ï”Nû‚ª‚‚¢Šé‹Æ@1700–œ‰~’´‚ÌuOˆä•¨YvuˆÉ“¡’‰v‚ğ’´‚¦‚½1ˆÊ‚ÍH,https://news.yahoo.co.jp/articles/c304bb82fc9cbf8e579ec7c30282d469b39f879c,No date found
maidonans,‚Ü‚¢‚Ç‚Èƒjƒ…[ƒX,u––±Š‚É“ñl‚µ‚©‚¢‚È‚¢‚Æ‚«‚ÍAƒgƒCƒŒ‹Ö~v‹Áœ±‚ÌEêƒ‹[ƒ‹‚É“]E‚ğŒˆˆÓ@lè•s‘«‚ÌEê‚©‚ç”ß–Â,https://news.yahoo.co.jp/articles/b38164c4092a5ad2aa8118c035f8573e12fba47d,No date found
maidonans,‚Ü‚¢‚Ç‚Èƒjƒ…[ƒX,Œ³ƒMƒƒƒ‹‚ÌƒJƒŠƒXƒ}45ÎA‚¢‚¶‚ß”íŠQ‚ğ”’uFX‚È‚¢‚¶‚ßó‚¯‚½vƒgƒ‰ƒEƒ}æ‚è‰z‚¦‚½‚«‚Á‚©‚¯‚à–¾‚©‚·,https://news.yahoo.co.jp/articles/f7d76bf9dd36b9b8d55c3418622e7b7168dbc82d,No date found
maidonans,‚Ü‚¢‚Ç‚Èƒjƒ…[ƒX,2ˆÊ‚ÍÎŒ´‚³‚Æ‚İIuƒzƒŠƒvƒŠ‘®‚Ìl‹C—«ƒ^ƒŒƒ“ƒgvc1ˆÊ‚Í24”NHŒöŠJ—\’èwƒ‹[ƒg29x‚Ìå‰‰——D,https://news.yahoo.co.jp/articles/7564a7723cf56e93ab8f6d2fef779992b6f7980e,No date found
maidonans,‚Ü‚¢‚Ç‚Èƒjƒ…[ƒX,u‚¨D‚ª‚±‚ñ‚ÈŠ´‚¶‚¾‚ÆŒoÏ‰ñ‚µ‚½‚­‚È‚évgV†•¼h‚ÌÑ‘œ‚É”LIHug‚¤‚Ì‚ª‚à‚Á‚½‚¢‚È‚¢v‚Æ˜b‘è@u’™’~‚É—ã‚Şv‚©‚¦‚Á‚ÄŒoÏ‚ª‰ñ‚ç‚È‚¢H,https://news.yahoo.co.jp/articles/5dc74d1591adb9a4bf94bd366f8cccef4c7991ad,No date found
maidonans,‚Ü‚¢‚Ç‚Èƒjƒ…[ƒX,‚Ä‚ñ‚¿‚ŞŒŸ“¢A©ŒÈ”jY‚·‚é‚Æ‚Ç‚¤‚È‚éH ƒMƒƒƒ“ƒuƒ‹ˆË‘¶E…Œ´‚Ìê‡‚ÍuƒƒŠƒbƒg‚È‚¢vy•ÙŒìm‚É•·‚¢‚½z,https://news.yahoo.co.jp/articles/b2c06b1f752cde591e4133758f052d05de518b21,No date found
maidonans,‚Ü‚¢‚Ç‚Èƒjƒ…[ƒX,y–Ÿ‰æz‚±‚ê‚ª”DPŒãŠú‚¾I¨u‘ælŒ`‘Ôcvu‰´‚à•ê‚¿‚á‚ñ‚ª‚Ç‚ê‚¾‚¯‘å•Ï‚¾‚Á‚½‚Ì‚©‚í‚©‚è‚Ü‚µ‚½v,https://news.yahoo.co.jp/articles/b0fcec2806bdee631e46df6cf32105f1eddf6d34,No date found
maidonans,‚Ü‚¢‚Ç‚Èƒjƒ…[ƒX,‘N—óƒŒƒbƒh‚ÌƒV[ƒTƒCƒhƒrƒLƒj@–L“cƒ‹ƒi‚³‚ñ@‰¤“¹ƒOƒ‰ƒrƒA‚Åƒtƒ@ƒ“”YE,https://news.yahoo.co.jp/articles/11f978e3823a249bcfc431a718aa9f40b1601b14,No date found
maidonans,‚Ü‚¢‚Ç‚Èƒjƒ…[ƒX,‚Í‚¶‚¯‚éGƒJƒbƒv~ƒ”’ƒrƒLƒj@ƒOƒ‰ƒhƒ‹O“c—I‹M‚³‚ñ@‚½‚í‚í‚·‚¬‚éƒiƒCƒXƒoƒfƒB”â˜I,https://news.yahoo.co.jp/articles/6d32ba0a3343f4dd2d373cab5987578ba99acb91,No date found
maidonans,‚Ü‚¢‚Ç‚Èƒjƒ…[ƒX,ŸB‚Ì’†‚ÅŒƒ‚µ‚­“¦‚°‚Ü‚Ç‚¢uˆê”Ê÷“n•s‰Âv‚Æ‚³‚ê‚½ƒ`ƒƒ@ •ÛŒìŒã‚É‚í‚©‚Á‚½^‚Ìp‚Í‰¸‚â‚©ƒLƒƒƒ‰‚Ì‚¨—˜Œû‚³‚ñ@—D‚µ‚¢‰Æ’ë‚ÉŒ}‚¦‚ç‚êK‚¹‚Ì“úX,https://news.yahoo.co.jp/articles/ba163d975fae3144fb5abd43c15b04a3a4570ca2,No date found
maidonans,‚Ü‚¢‚Ç‚Èƒjƒ…[ƒX,u1000‰~DA‰Æ‚É5¢‘ã‚ ‚év—ğ‘ã‚Ìç‰~D‚ª‚¸‚ç‚ècu‚±‚ê‚Í¦‚¢Ivu‘Sˆõ‚Ğ‚°v‚Æ˜b‘è‚É,https://news.yahoo.co.jp/articles/39fb4da695e741bd014dd1e6645488a3d89783f4,No date found
maidonans,‚Ü‚¢‚Ç‚Èƒjƒ…[ƒX,uU‚è•Ô‚Á‚½‚ç‚¨‹F‚è‚µ‚Ä‚½vQ—‚¿‚µ‚½Ô‚¿‚á‚ñ‚Éu´‚ç‚©‚È“Vg‚Ì‚æ‚¤vuŒä—˜‰v‚ ‚è‚»‚¤v‚Æ”½‹¿,https://news.yahoo.co.jp/articles/9ccec968aece5083ba8004dd0a68217e9e77685a,No date found
maidonans,‚Ü‚¢‚Ç‚Èƒjƒ…[ƒX,uq‚Ç‚à‚Ì‘«‰¹‚Á‚Ä‚¤‚é‚³‚¢‚ñ‚Å‚·‚æv‚ÆŒ¾‚í‚ê‚ÄA‘Îô‚µ‚½‚¯‚Çc‚Ç‚±‚ÌlH@ƒ}ƒ“ƒVƒ‡ƒ“‚Åg‚¢‚í‚ê‚Ì‚È‚¢‹êîh‚É¢˜f,https://news.yahoo.co.jp/articles/df5de6bbc227fe357168e936e062fe6e25ddfe10,No date found
maidonans,‚Ü‚¢‚Ç‚Èƒjƒ…[ƒX,‘¤a‚É•Â‚¶‚ß‚ç‚ê‚½q”L‚ğA119”Ô‚Å‹ì‚¯‚Â‚¯‚½‹~•‘à‚ªƒŒƒXƒLƒ…[uÁ–hm‚³‚ñA”L‚¿‚á‚ñ‚Ì‚½‚ß‚¾‚¯‚Éo“®‚µ‚Ä‚­‚ê‚½IvSNS‚ÅŠ´Ó‚Ì—’,https://news.yahoo.co.jp/articles/d09864592281b98dee80c5c4870944c320341091,No date found
maidonans,‚Ü‚¢‚Ç‚Èƒjƒ…[ƒX,ƒpƒŠŒÜ—ÖƒT[ƒtƒBƒ“‘ã•\21Îu‘SƒAƒXƒŠ[ƒg‚Åˆê”Ô‚«‚ê‚¢v¬”F‚Ì’b‚¦‚½”üƒ{ƒfƒBu‘f“Gvu‚©‚Á‚±‚¢‚¢Iv,https://news.yahoo.co.jp/articles/6754ea7af985754a20a5935706421ec111a6f869,No date found
maidonans,‚Ü‚¢‚Ç‚Èƒjƒ…[ƒX,u“]El‹CŠé‹Æƒ‰ƒ“ƒLƒ“ƒO2024v@2ˆÊ‚ÍƒO[ƒOƒ‹cuAI‚ğ—p‚¢‚ÄŸ¢‘ã‚Ì‹ZpŒ¤‹†ŠJ”­Ò‚ğ–Úw‚µ‚½‚¢v,https://news.yahoo.co.jp/articles/b697fbcf2d8417c79d4590ba3a31193706c96c83,No date found
maidonans,‚Ü‚¢‚Ç‚Èƒjƒ…[ƒX,l‹C—qƒvƒƒŒƒXƒ‰[‚Ì…’…p‚ªD•]uƒZƒNƒV[‚©‚Â”ü‚µ‚¢vu‘f“G‚Å‚·vƒEƒiƒMEƒTƒ„ƒJ‚Ì“Še‚É”½‹¿,https://news.yahoo.co.jp/articles/31bf062b063c8d84b7e7e33d23be3672eda799f2,No date found
maidonans,‚Ü‚¢‚Ç‚Èƒjƒ…[ƒX,Šù¥Ò‚É•·‚¢‚½c¥Šˆ‚ÉuAI‚â•ÒWƒc[ƒ‹‚Ì—˜—pŒoŒ±‚ª‚ ‚év–ñ”¼”@—˜—p‚·‚é‚±‚Æ‚É‘Î‚·‚él‚¦‚ÍH,https://news.yahoo.co.jp/articles/dc06b98e5b7182fba8384e064ab11c6659df1ff6,No date found
maidonans,‚Ü‚¢‚Ç‚Èƒjƒ…[ƒX,uƒzƒŠƒvƒŠ‘®‚Ìl‹C’j«ƒ^ƒŒƒ“ƒgvƒ‰ƒ“ƒLƒ“ƒO@TOP3‚Éƒ‰ƒ“ƒNƒCƒ“‚µ‚½‚¨Î‚¢ƒRƒ“ƒr‚ÍH,https://news.yahoo.co.jp/articles/73e20df37408bbb4469e36d7ded89d04f6b1b224,No date found
maidonans,‚Ü‚¢‚Ç‚Èƒjƒ…[ƒX,‹E“ØEŒ{cí—Ş‚É‚æ‚Á‚Ä•Û‘¶ŠúŠÔ‚Ì–ÚˆÀ‚ªˆá‚¤IH@’m‚Á‚Ä‚¨‚«‚½‚¢u‚Ğ‚«“÷v‚Ì•Û‘¶•û–@,https://news.yahoo.co.jp/articles/1a6ae4ff824ee3a8881a46b995f466006ae1befd,No date found
maidonans,‚Ü‚¢‚Ç‚Èƒjƒ…[ƒX,“B‚âƒKƒ‰ƒX‚©‚ç‘«Œ³‚ğç‚éc^…‚È‚Ç‚Ì”ğ“ï‚Éu“¥‚İ”²‚«–h~—pƒCƒ“ƒ\[ƒ‹v‚ğ@Œx‹’¡‚ÌŒÄ‚Ñ‚©‚¯‚Éu‚ ‚Á‚½•û‚ªâ‘Î—Ç‚¢ƒAƒCƒeƒ€v,https://news.yahoo.co.jp/articles/a88dbce5d77606432207715b502532f7a23f4d64,No date found
maidonans,‚Ü‚¢‚Ç‚Èƒjƒ…[ƒX,”Ş—‚ª‚Å‚«‚½I‚à‚¤uãi‚Æ‚Ì‹x“úƒSƒ‹ƒtv‚Í’f‚è‚½‚¢‚Ì‚Å‚·‚ªc’f‚Á‚½‚çg¸’èh‚É‹¿‚«‚Ü‚·‚©HyĞ˜Jm‚ª‰ğàz,https://news.yahoo.co.jp/articles/dfc5e56ec8d1d7d2ed3b3f06700de3d00b2c1904,No date found
maidonans,‚Ü‚¢‚Ç‚Èƒjƒ…[ƒX,ˆÌ‚¢‚¨‚¶‚³‚ñ‚ª‚æ‚­‚Â‚¯‚Ä‚é”ìu‚È‚ñ‚È‚ñ‚ ‚êH‹³‚¦‚Äv¨u‚Ù‚ñ‚Æ•sv‹cvu„‚à‚Â‚¯‚Ä‚Ü‚·v,https://news.yahoo.co.jp/articles/90826591c2237ed2700e8bee83784f20dd01cc03,No date found
maidonans,‚Ü‚¢‚Ç‚Èƒjƒ…[ƒX,u”L‚ªU•à’†‚É“¦‚°o‚µ‚½Iv‚»‚à‚»‚à”L‚ÉuŠOov‚Í•K—vHŠÂ‹«È‚âbˆãt‚à„§‚·‚éu”L‚ÌŠ®‘Sº“à”ˆçv‚É‚Â‚¢‚Ä•ÛŒì”L‚Ì”‚¢å‚É•·‚¢‚½,https://news.yahoo.co.jp/articles/9ca27fff9e8eac5b8dea482adf76318ed3204f50,No date found
maidonans,‚Ü‚¢‚Ç‚Èƒjƒ…[ƒX,©“]Ô•ÛŒ¯‚Ì‰Á“ü‚ª‹`–±‰»A7Š„ˆÈã‚ÌŒ§‚ÅÀ{‚ÉI•ÛŒ¯‚È‚µ‚Åæ‚é‚Æ‚Ç‚¤‚È‚éH¨’m‚ç‚È‚¢‚Æ‘¹‚·‚é•ÛŒ¯‚Ì‚±‚Æ,https://news.yahoo.co.jp/articles/7cf6e232f4a606b918d7b474edfa7cf6fbbfca33,No date found
maidonans,‚Ü‚¢‚Ç‚Èƒjƒ…[ƒX,’†1‘§qu¬Œ­‚¢‘«‚è‚È‚¢A‰Æ–‚à•×‹­‚à‚µ‚½‚­‚È‚¢v•ê‚É”½RŠú‘SŠJu‹——£‚Ìæ‚è•û‚ª‚í‚©‚ç‚È‚¢v”Y‚İ‚ÉŒoŒ±Ò‚½‚¿‚ª•Œ¾,https://news.yahoo.co.jp/articles/7a7a48ce8801a1cb51997c4ed513db3ae438f6a2,No date found
maidonans,‚Ü‚¢‚Ç‚Èƒjƒ…[ƒX,”NŠÔ100–œ‰~•¥‚Á‚½‚Ì‚ÉA‚±‚ê‚¾‚Æ‘¹‚Å‚ÍH@ƒCƒ“ƒXƒ^ƒOƒ‰ƒ€‚ğ‘ãs‹ÆÒ‚É‚¨Šè‚¢‚µ‚Ä—’_cƒCƒ“ƒtƒ‹ƒGƒ“ƒT[‚ªŒxàu‚æ‚­Œ©‹É‚ß‚Äv,https://news.yahoo.co.jp/articles/fd18e47abd2b915f95e5f53ab0783f3c6e92ed4e,No date found
maidonans,‚Ü‚¢‚Ç‚Èƒjƒ…[ƒX,u3ƒJŒ•ªA‹‹—¿–¢•¥‚¢cvƒoƒCƒN‰ïĞ]‹Æˆõ‚ªÂ`‰¤q‚É˜A—¨ ‚Ü‚³‚©‚Ì‰^–½‚Éy¢ŠÔ‚ğ‘›‚ª‚¹‚½À‹Æ‰Æ‚Ì¡z,https://news.yahoo.co.jp/articles/40ea1107ba6c8a34c0d544375a6ab1957043fff2,No date found
maidonans,‚Ü‚¢‚Ç‚Èƒjƒ…[ƒX,ƒeƒŒƒrƒQ[ƒ€ˆÈŠO‰½‚àè‚É‚Â‚©‚È‚¢cq‹Ÿ‚ÌgƒQ[ƒ€ˆË‘¶h‚ğ–h‚®‚É‚ÍHu‰ä‚ª‰Æ‚Ì‚±‚Æ‚©‚Æv‚¢‚Ü‚µ‚½v,https://news.yahoo.co.jp/articles/92b60adde88d5b0aae92a8b6ee4f013849dd8510,No date found
maidonans,‚Ü‚¢‚Ç‚Èƒjƒ…[ƒX,y–Ÿ‰æzƒLƒbƒ`ƒ“ƒQ[ƒg‚Â‚¯‚½¨”L‚³‚ñAŒyX‚Æ“Ë”j‚Å‚«‚é‚Ì‚É‚È‚ºHuª‚Í^–Ê–Ú‚È‚Ì‚©‚Èvu‚¨è–{Œ©‚¹‚Ä‚éHv,https://news.yahoo.co.jp/articles/4bda814e17b6a3b627a5bd7e1bdf2aa10cf561ca,No date found
maidonans,‚Ü‚¢‚Ç‚Èƒjƒ…[ƒX,y•s”D¡—Ãz•ÛŒ¯“K—p‚É‚È‚Á‚Ä‚Sl‚É‚Rluq‚Ç‚à‚ğ‚Â‚±‚Æ‚Ö‚Ì‹C‚¿‚ª‚‚Ü‚Á‚½v•a‰@óf‚Ü‚Å‚Ì‘•½‹ÏŠúŠÔ‚à’Zk,https://news.yahoo.co.jp/articles/a9d024d204250def1ca1b62471a4fde7fe37d4b2,No date found
maidonans,‚Ü‚¢‚Ç‚Èƒjƒ…[ƒX,V“yƒhƒ‰9å‰‰‚Ì¬Å•—‰Ô‚³‚ñ@”ü”§Œ©‚¹‚Ä‘u‚â‚©ƒJƒbƒg@2”N‚Ô‚èFLASH•\†‚Å‘ål‚Ì•\î,https://news.yahoo.co.jp/articles/905c62c3ec7da0da353942eeb56dcc47d146154c,No date found
maidonans,‚Ü‚¢‚Ç‚Èƒjƒ…[ƒX,20Î‚Ì‰ƒqƒbƒv‚ğŒ©‚Ä@‚ˆêƒ~ƒXƒRƒ“2019ƒOƒ‰ƒ“ƒvƒŠ‚Ìç—t—S—[‚³‚ñ,https://news.yahoo.co.jp/articles/e9a41b43d0c2aa9f3b15d6bb34aeec1df42d023e,No date found
maidonans,‚Ü‚¢‚Ç‚Èƒjƒ…[ƒX,u‚·‚Á‚²‚¢ƒXƒeƒL‚É‚È‚Á‚Ä‚évŒ³“ò_ƒCƒ“ƒ^[E½q‚Ìƒ^ƒ“ƒNƒgƒbƒvp‚Éƒtƒ@ƒ“â^u½q‚¿‚á‚ñ‚©‚í‚¢‚¢v,https://news.yahoo.co.jp/articles/b356945867f1a6e329441a80b02e4a94440e8d7a,No date found
maidonans,‚Ü‚¢‚Ç‚Èƒjƒ…[ƒX,Œ¨‚Ì‹Ø“÷‚·‚²‚¢cI•½–ìƒmƒ‰45ÎA3Î–º‚ªƒ{ƒ‹ƒ_ƒŠƒ“ƒO‚Å‚ç‚­‚ç‚­“o‚èu‚¨‚Á‚½‚Ü‚°`vAƒXƒ|[ƒc‘Iè‚à”½‰,https://news.yahoo.co.jp/articles/7f8f170c4ebf7d838124b1d4cee42361e9470355,No date found
maidonans,‚Ü‚¢‚Ç‚Èƒjƒ…[ƒX,ŠÖ“Œ1ˆÊ‚Íƒnƒ‰ƒCƒ`àV•”‚Ì321”Ô‘gIu2024ã”¼Šúƒ^ƒŒƒ“ƒg”Ô‘go‰‰–{”ƒ‰ƒ“ƒLƒ“ƒOv@ŠÖ¼1ˆÊ‚ÍH,https://news.yahoo.co.jp/articles/d9c37175b917fc0b184b4a0be0f71152c20386ce,No date found
maidonans,‚Ü‚¢‚Ç‚Èƒjƒ…[ƒX,ŠJğŒã‚ÌuÄ“÷‚Ì‚½‚êvuó’Ğ‚¯‚Ì‘fvc³‚µ‚­•Û‘¶‚µ‚Ä‚Ü‚·‚©H@ƒ[ƒJ[‚ª’ˆÓŒÄ‚Ñ‚©‚¯,https://news.yahoo.co.jp/articles/a96429f8a013b84ee1eb084530ef8c90886a3cc3,No date found
maidonans,‚Ü‚¢‚Ç‚Èƒjƒ…[ƒX,”L‚Éu–³‹‚³‚ê‚Ä‚¢‚Ü‚·v•a‰@‚ÌŒãA–¼‘O‚ğŒÄ‚ñ‚Å‚à’m‚ç‚ñ‚Õ‚èIpŒã•‚Ì”w’†‚Éuˆ£D•Y‚¤vu–³Œ¾‚Ì‹‘â‚ğƒAƒs[ƒ‹v‚È‚ºH,https://news.yahoo.co.jp/articles/54688c152802e51b737ce707a29bed9f5ab5c6c8,No date found
maidonans,‚Ü‚¢‚Ç‚Èƒjƒ…[ƒX,u^”Û‚ ‚é‚Æv‚¤‚¯‚Çv’¹‰HüìƒVƒFƒtAƒOƒ‹[ƒv‘S“X‚ÅÔ‚¿‚á‚ñq˜A‚êOK‚ğéŒ¾@qˆç‚Ä’†‚Ìl‚©‚ç‚Íu‚Æ‚Ä‚àŠğ‚µ‚¢vu‚º‚Ğs‚«‚½‚¢v‚Ìº,https://news.yahoo.co.jp/articles/b24daed232fb0c4326e975df170994aaaf58dc14,No date found
maidonans,‚Ü‚¢‚Ç‚Èƒjƒ…[ƒX,ƒhƒŒƒbƒVƒ“ƒO‚Ì–û‚Ì‘w‚ª‚¤‚Ü‚­¬‚´‚ç‚È‚¢cuƒ^ƒeU‚èv‚ÆuƒˆƒRU‚èv‚Ç‚Á‚¿‚ª³‰ğIH‹Á‚«‚ÌÀŒ±Œ‹‰Ê‚Éu‚İ‚ñ‚È‚É‹³‚¦‚¿‚á‚¤[Iv,https://news.yahoo.co.jp/articles/b8a96412591457c5b67b90ff1320c031a88a5923,No date found
maidonans,‚Ü‚¢‚Ç‚Èƒjƒ…[ƒX,2ˆÊ‚Íwç‚Æçq‚Ì_‰B‚µxcH‚×‚Ä‚İ‚½‚¢ƒWƒuƒŠ”Ñ‚ªo‚Ä‚­‚éƒWƒuƒŠì•i@1ˆÊ‚Íƒ‰ƒsƒ…ƒ^ƒpƒ“‚Å‚¨“éõ‚İ‚Ì–¼ì,https://news.yahoo.co.jp/articles/07114594242c5347d0875348cbd501dd84d49564,No date found
maidonans,‚Ü‚¢‚Ç‚Èƒjƒ…[ƒX,–Ò‹“ú‚Íuƒnƒ“ƒfƒBƒtƒ@ƒ“g—pA‚â‚ß‚ÄIvƒ[ƒJ[ŒÄ‚Ñ‚©‚¯@u”M•—ƒhƒ‰ƒCƒ„[‚Æ‚¢‚Á‚µ‚åvu‚Ü‚é‚ÅAƒTƒEƒi‚ÌƒƒEƒŠƒ…ƒEvc‚Ç‚¤g‚¦‚Î‰õ“KH,https://news.yahoo.co.jp/articles/7fd7db54269661d797909ca763f4217704e2974f,No date found
maidonans,‚Ü‚¢‚Ç‚Èƒjƒ…[ƒX,ƒXƒyƒCƒ“‚Ì‘Û‰f‰æÕ‚ÅÅ—DG”o—DÜ@üˆÍ‚Í‹»•±‚µ‚Ä‚à“¡—³–ç‚Í‚Ô‚ê‚È‚©‚Á‚½@uƒXƒe[ƒW‚Å‚ÍgÅ—DG”o—DÜ‚ğóÜ‚µ‚½lh‚ğ‰‰‚¶‚Ü‚µ‚½v,https://news.yahoo.co.jp/articles/5ae8056d5bb05b91b869f5fff38e30281d5a802a,No date found
maidonans,‚Ü‚¢‚Ç‚Èƒjƒ…[ƒX,“ñ‹{˜a–çAˆã—Ãƒhƒ‰ƒ}‚ÌƒIƒtƒVƒ‡ƒbƒg‚É^”ÛuŠO‰Èˆã‚Íƒ]ƒbvuÅ‹‚¾‚ævuƒhƒ‰ƒ}‚¾‚©‚çv,https://news.yahoo.co.jp/articles/a1c5bac8252672a9f00210f1f684bbcad9a3b7f7,No date found
maidonans,‚Ü‚¢‚Ç‚Èƒjƒ…[ƒX,©•ª‚ªŠ²–‚Ìˆù‚İ‰ï‚É’N‚à—ˆ‚È‚¢cu‚à‚¤‹A‚ë‚©‚Èví‘à”o—D‚Ìˆ£D•Y‚¤“Še‚É“¯î‚Æ‹¤Š´‚Ìº@ÅŒã‚Í‚Ç‚¤‚È‚Á‚½H,https://news.yahoo.co.jp/articles/dc1213d5775e838c26d64a9f80f3d5972be75782,No date found
maidonans,‚Ü‚¢‚Ç‚Èƒjƒ…[ƒX,u‚È‚ñ‚©•Ï‚È‚à‚Ì‚ª“ü‚Á‚Ä‚¢‚éIHvHŞ‚ÉgˆÙ•¨h‚ª¬“ü‚µ‚Ä‚¢‚½‚çcw“üÒ‚ÍˆÔÓ—¿‚ğ‚à‚ç‚¤‚±‚Æ‚ª‚Å‚«‚é‚Ì‚©y•ÙŒìm‚ª‰ğàz,https://news.yahoo.co.jp/articles/120615359a140c38d6992eb8d32fa56087f098e9,No date found
maidonans,‚Ü‚¢‚Ç‚Èƒjƒ…[ƒX,ƒTƒbƒJ[ƒ{[ƒ‹‚ğƒŠƒtƒeƒBƒ“ƒO‚µ‚Ä‚¢‚½‚Ì‚ÍcHqí‚¶‚á‚È‚¢Ë”\‚ÉuCG‚¶‚á‚È‚¢‚ÌHvu‚¢‚Â‚©‚çŒÜ—Ö‚ÉÌ—p‚³‚ê‚Ü‚·‚©Hv,https://news.yahoo.co.jp/articles/859e8099df0ebbfec4180345c19dbdd1300a04c3,No date found
maidonans,‚Ü‚¢‚Ç‚Èƒjƒ…[ƒX,Œx@Š¯‚·‚ç•W“I‚ÉIH Œğ”Ô‚É‚Ü‚Å‚©‚©‚Á‚Ä‚­‚é“Š‘¼‹\“d˜b@‚Ü‚·‚Ü‚·I–­‰»‚·‚éèŒûcŒ³Œx@Š¯‚ª‰ğà,https://news.yahoo.co.jp/articles/878fa31c1a6b1de266b12b9b0ad1af8674f8c298,No date found
maidonans,‚Ü‚¢‚Ç‚Èƒjƒ…[ƒX,ĞŠQ‚É”õ‚¦‚Äc’f…‚Ì‘Îô‚à–Y‚ê‚È‚¢‚ÅI@­‚È‚¢…‚Åô‘ó‚Ég‚¦‚é‚È‚ÇAˆÓŠO‚É–ğ—§‚Â‚Ì‚ÍH,https://news.yahoo.co.jp/articles/a4c4eb8db0fbd9fde050809d5db324f2fe8bbde9,No date found
maidonans,‚Ü‚¢‚Ç‚Èƒjƒ…[ƒX,—·æ‚ÅƒXƒLƒ…[ƒoƒ_ƒCƒrƒ“ƒO¨u’¼Œã‚É”òs‹@‚Íâ‘Î‚â‚ß‚ÄIv‚È‚ºH@q‹ó‰ïĞ‚Íu‚²“‹æ‚¨’f‚è‚àvAƒCƒ“ƒXƒgƒ‰ƒNƒ^[‚É•·‚¢‚½,https://news.yahoo.co.jp/articles/dbf1ca161b584c3bd7a5c72e6a6a3fd7b2f7bc36,No date found
maidonans,‚Ü‚¢‚Ç‚Èƒjƒ…[ƒX,ƒ|ƒ“ƒ^ƒJ[ƒhAƒnƒƒC‚Å‚Í100ƒ|ƒCƒ“ƒg1ƒhƒ‹IH¨u‰~ˆÀƒ|ƒ“‚vuƒ}ƒW‚©I‚¿‚å‚Á‚ÆƒnƒƒCs‚Á‚Ä‚­‚év,https://news.yahoo.co.jp/articles/052df6ad5771c5db01396c077981fc0778a6843f,No date found
maidonans,‚Ü‚¢‚Ç‚Èƒjƒ…[ƒX,uÂ`‚¶‚á‚È‚­‚Ä‚à‰½‚Å‚à”„‚ê‚½v”N¤130‰­‰~A¬Œ÷‚ğŠmM‚µ‚½”Ì”„è–@‚Æ‚ÍHÂ`‰¤q‚ªŒ¤‹†d‚Ë‚½ƒeƒXƒg“à—e,https://news.yahoo.co.jp/articles/1c74f279d9f7559448aa557d7b2c1e5b7a0162fb,No date found
maidonans,‚Ü‚¢‚Ç‚Èƒjƒ…[ƒX,s–¯‚ªæ‚ê‚È‚¢‹“ssƒoƒXA–é‚Å‚àu’x‰„vu¬Gv‚Ì——R‚Æ‚ÍHcu‰^“]m‚³‚ñ‚ª‹C‚Ì“Åv,https://news.yahoo.co.jp/articles/c4e13fc3d1a885c75853bedeb5a33b615573b0c1,No date found
maidonans,‚Ü‚¢‚Ç‚Èƒjƒ…[ƒX,˜@äuu‚³‚ II“ü‚ê‘Ö‚¦‚æ‚¤v‚É‹Á‚«L‚ª‚éu‚»‚êHvu‚Å‚Á‚©Ivu10”Ng‚¦‚»‚¤v,https://news.yahoo.co.jp/articles/88249a9c7ac33edda454152b5b030e911f96e19d,No date found
maidonans,‚Ü‚¢‚Ç‚Èƒjƒ…[ƒX,”§‚â”¯‚ÉA–Ú‚Ì‹@”\‚àc•s’²‚ğÀŠ´‚µ‚Í‚¶‚ß‚é”N‘ã‚ÍH@S‚Ì”Y‚İ‚àuƒCƒ‰ƒCƒ‰‚·‚é‚±‚Æ‘‚¦‚½vu±×‚È‚±‚Æ‚ÅƒXƒgƒŒƒXv,https://news.yahoo.co.jp/articles/c6ce4a3b1658d79b0a689415b75dfa456d23beda,No date found
maidonans,‚Ü‚¢‚Ç‚Èƒjƒ…[ƒX,y–Ÿ‰æz‚Ç‚¤‚µ‚Ä‚àu‚â‚é‹C‚ªo‚È‚¢v‚Ç‚¤‚·‚éH–Ÿ‰æ‰Æ‚ªŠ©‚ß‚ég“äƒ‹[ƒeƒBƒ“hAÀ‚Í‡—“I‚¾‚Á‚½I,https://news.yahoo.co.jp/articles/e02acd190f366761da78f2eac369ab8530c8a370,No date found
maidonans,‚Ü‚¢‚Ç‚Èƒjƒ…[ƒX,ƒLƒeƒB‚¿‚á‚ñ‚Ì‚¨–ÊA‚±‚Ì”ü—‚¾[‚êH@47Îƒ^ƒŒƒ“ƒg‚ª—ˆßp‚ğ”â˜I@—â‚â‚µƒLƒ…ƒEƒŠ‚Ì‚à‚®‚à‚®ƒV[ƒ“‚à,https://news.yahoo.co.jp/articles/071d698810a6005c7c111e9e75e9145cac7dfa42,No date found
maidonans,‚Ü‚¢‚Ç‚Èƒjƒ…[ƒX,–Ÿ‰æ‰Æ‚ª•`‚¢‚½‘gD‚Ìuƒgƒbƒvv‚Æu‚m‚.‚Qv‚ÌƒLƒƒƒ‰‚Éu•ª‚©‚è‚İ‚ª[‚¢v‚ÆL‚ª‚é‹¤Š´‚Ì—Ö,https://news.yahoo.co.jp/articles/8158b1d977c4a91edf0157eb1a92a6eaedccf3e1,No date found
maidonans,‚Ü‚¢‚Ç‚Èƒjƒ…[ƒX,V˜YV•w‚ªgŒã”yh‚ÉdŠ|‚¯‚½uƒhƒbƒLƒŠŒ‹¥®v‚ª˜b‘è@2”N‘O‚©‚çŒv‰æ¨–Ú‰B‚µ—·s‚Å‚½‚Ç‚è’…‚¢‚½êŠ‚ÍHu‚±‚ñ‚È‚ÉŠy‚µ‚¢Šé‰æ‚ğ‚³‚ê‚é‚È‚ñ‚Ä‘f“Gv,https://news.yahoo.co.jp/articles/a5047be23c919bfc4058069fbdc866cbf868ab96,No date found
maidonans,‚Ü‚¢‚Ç‚Èƒjƒ…[ƒX,•y‰iˆ¤‚³‚ñ‚ÌƒEƒGƒfƒBƒ“ƒOƒhƒŒƒXp‚Éƒtƒ@ƒ“‚­‚¬•t‚¯ug‘Ì‘S‘Ì‚ªA•à‚­Œ|pvu—_~—Õvu‚¨‚İ‘«‚ª’·‚¢Iv,https://news.yahoo.co.jp/articles/2e77e6c063f42bf60d775262382cfc763fc2c0b5,No date found
maidonans,‚Ü‚¢‚Ç‚Èƒjƒ…[ƒX,”‚¢å‚³‚ñ‚Æ€•Ê‚µ‚½”LAV‚µ‚¢‹êŠ‚ğŒ©‚Â‚¯‚½‚Ì‚Éc‚Ü‚³‚©I@u‚¨‰Æ‚ªŒ©‚Â‚©‚è‚Ü‚·‚æ‚¤‚Év,https://news.yahoo.co.jp/articles/db59d59aa651c4575b2e2c5c91dd77c54b50f446,No date found
maidonans,‚Ü‚¢‚Ç‚Èƒjƒ…[ƒX,ƒoƒŒ[“ú–{‘ã•\—qEŒÃ‰êÑ—“ß‚ªƒpƒŠŒÜ—Ö‚ÅŒ»–ğˆø‘Ş@ƒCƒ“ƒXƒ^‚ÅŠ´ÓuƒoƒŒ[ƒ{[ƒ‹l¶‚Ì‘S‚Ä‚ğŒœ‚¯‚Äv,https://news.yahoo.co.jp/articles/3a81fbf1cb53895f904d629dc1e522f778d91719,No date found
maidonans,‚Ü‚¢‚Ç‚Èƒjƒ…[ƒX,u‚¢‚â‰³—‚©‚ævƒhƒŒƒXp‚É‚È‚Á‚½”L‚³‚ñ‚ÉA32–œl‚ª‚¤‚Á‚Æ‚ècƒtƒ@ƒ“ƒA[ƒg‚àE“‚µ‚½uŒ³•ÛŒì”L’jqv,https://news.yahoo.co.jp/articles/7334baac81e4c77da2b37d975fb2d68553967dc5,No date found
maidonans,‚Ü‚¢‚Ç‚Èƒjƒ…[ƒX,‚±‚êA‚È[‚ñ‚¾H¨uƒ}ƒ“ƒS[HvuƒpƒpƒCƒ„Hv@“Œ•“®•¨Œö‰€‚©‚ç“Í‚¢‚½”ü‚µ‚¢‘¡‚è•¨‚Ì³‘Ì‚ÍH,https://news.yahoo.co.jp/articles/6d11be3d8e747c7bb9a92128c07ef00ee8e93807,No date found
maidonans,‚Ü‚¢‚Ç‚Èƒjƒ…[ƒX,“‚Ìuí‚ª‚«‚ê‚¢‚Éæ‚ê‚È‚¢–â‘èv‚ğƒXƒbƒLƒŠ‰ğŒˆI JA‘S”_‚ª“`ö‚·‚é— ƒƒU‚Éu‚»‚ñ‚È•û–@‚ª‚ ‚Á‚½‚ñ‚¾v,https://news.yahoo.co.jp/articles/387c6eb6ad591e38bee2a4da662305f49b7e6472,No date found
maidonans,‚Ü‚¢‚Ç‚Èƒjƒ…[ƒX,ƒXƒgƒbƒLƒ“ƒO‚İ‚½‚¢‚ÈuŒC‰ºv‚Ö‚ÌŒë‰ğ‚ª˜b‘è‚É@uƒXƒgƒbƒLƒ“ƒO‚Å‚Í‚È‚¢‚Å‚·vu‚Ü‚¶‚Åä•v‚¾‚æv,https://news.yahoo.co.jp/articles/8c3cdd48d2bda80acc35cfb0067d82f378230594,No date found
maidonans,‚Ü‚¢‚Ç‚Èƒjƒ…[ƒX,‘‚¦‚éuƒLƒƒƒbƒVƒ…ƒŒƒX”hvAl‹C‚ÌƒT[ƒrƒX‚ÍH@‹Æí‚É‚æ‚Á‚Ä‚Í‚Ü‚¾‚Ü‚¾uŒ»‹àŒˆÏv”h‚àA­‚µ‚¸‚ÂˆÚs’†,https://news.yahoo.co.jp/articles/57782ff99b24784ebccaccd27786a61c3382d56d,No date found
maidonans,‚Ü‚¢‚Ç‚Èƒjƒ…[ƒX,¬ŠwZ‚ÌŒÂl§’kA‚½‚Á‚½10•ªŠÔ‚Åuæ¶‚Æ‰½‚ğ˜b‚·Hv@Œ»–ğ‹³t‚©‚ç‚ÌƒAƒhƒoƒCƒX‚Éu‰½‚ğ•·‚±‚¤‚©‚Æv‚Á‚Ä‚½vuƒƒ‚‚µ‚Ä‚¢‚«‚Ü‚·Iv,https://news.yahoo.co.jp/articles/fac12c65b9a96ea6c065cfe9018c5b469bfa31bb,No date found
maidonans,‚Ü‚¢‚Ç‚Èƒjƒ…[ƒX,y”M’†Ç‘Îô‚ÉzŒx‹’¡‚ª‹³‚¦‚éŠÈ’PuŒoŒû•â…‰tv‚Ìì‚è•û@Ş—¿‚Íc‚½‚Á‚½3‚Â‚Å‚·,https://news.yahoo.co.jp/articles/4350173b845abf45af12cad0f6b398dd041a2236,No date found
maidonans,‚Ü‚¢‚Ç‚Èƒjƒ…[ƒX,–{‰®‚Å‹C‚É‚È‚éƒy[ƒW‚ğAƒXƒ}ƒz‚ÅƒpƒVƒƒƒpƒVƒƒB‰ecuƒfƒWƒ^ƒ‹–œˆø‚«v‚Á‚Ä”Æß‚¶‚á‚È‚¢‚ÌHy•ÙŒìm‚ª‰ğàz,https://news.yahoo.co.jp/articles/b5b43802716d3246fef97d82985919e9f75d3e3e,No date found
maidonans,‚Ü‚¢‚Ç‚Èƒjƒ…[ƒX,uHƒpƒ“‚Åƒe[ƒuƒ‹@‚©‚È‚¢‚æIv1Î–º‚ÌH–’†A•ê‚Íul¶‚Åˆê‰ñ‚àŒ¾‚Á‚½‚±‚Æ‚Ì‚È‚¢ƒtƒŒ[ƒY‚ğ‹©‚ñ‚Å‚écv¨“Še‚ÉuˆÌ‘å‚È‚éˆç™Œê˜^v‚ªWŒ‹,https://news.yahoo.co.jp/articles/8368f54771933ac6431d570d51e5272ade3172e7,No date found
maidonans,‚Ü‚¢‚Ç‚Èƒjƒ…[ƒX,”M’†Ç‘Îô‚Éu—â‹pƒWƒFƒ‹ƒV[ƒgv‚ÍNGI•´‚ç‚í‚µ‚¢ƒeƒŒƒr•ñ“¹‚Éˆã—Ã]–Ò‚ª’ˆÓŠ«‹N@“û—c™‚Ìu–½v‚ÉŠÖ‚í‚éd‘å–ŒÌ‚à,https://news.yahoo.co.jp/articles/21f0c62cee8db882176896d9226ed338c43e12e2,No date found
maidonans,‚Ü‚¢‚Ç‚Èƒjƒ…[ƒX,‚Z2‰ñ’†‘Şu6ôˆêŠÔ‚Ìƒ{ƒ‰Æ‚©‚çn‚Ü‚Á‚½vcƒpƒ`ƒ“ƒR’Ê‚¢‚¾‚Á‚½Â`‰¤qA18Î‚ÅŒ400–œ‰~‰Ò‚®‚Ü‚Å,https://news.yahoo.co.jp/articles/fb09a2762b4020a4150cce8824b422ddaf5d781d,No date found
maidonans,‚Ü‚¢‚Ç‚Èƒjƒ…[ƒX,uáè‚à’·‚­“­‚¯‚Ä‚¨‚·‚·‚ß‚·‚éŠé‹Ævƒ‰ƒ“ƒLƒ“ƒOc3ˆÊ‚Íu’†ŠO»–òvA2ˆÊuISSƒŠƒAƒ‰ƒCƒYvA1ˆÊ‚Íc@TOP20‚É‚Í“úŒnŠé‹Æ‚ª‘½”,https://news.yahoo.co.jp/articles/381033f1445d42e5e194b5fec56b88aaff7e2a82,No date found
maidonans,‚Ü‚¢‚Ç‚Èƒjƒ…[ƒX,‘æ2q‚Í3600g’´‚¦‚Ì—™@‹´–{ƒ}ƒiƒ~‚³‚ñ‚ªK‚¹ƒ}ƒ}‚Ì2ƒVƒ‡ƒbƒgŒöŠJ@uV¶™ˆç™‚É–ü‚³‚ê‚Ä‚¢‚Ü‚·v,https://news.yahoo.co.jp/articles/9e68be8627c23d74b806cc5b97f26c064675dfe5,No date found
maidonans,‚Ü‚¢‚Ç‚Èƒjƒ…[ƒX,“Œ‹“s’m–‘I@ÎŠÛ‚ª2ˆÊ‚É–ôiAu„‚µŠˆv”M‹¶‚Ìˆê•ûA˜@äu‚ª–³“}”h‘w‚ğW‚ß‚ç‚ê‚È‚©‚Á‚½——R‚Æ‚Íc–L“c^—Rq‚ª•ªÍ,https://news.yahoo.co.jp/articles/64a35e970162fc992b526d041eb7bd4ef73a0f50,No date found
maidonans,‚Ü‚¢‚Ç‚Èƒjƒ…[ƒX,u–‚‚ÌOŠp’n‘Ñv‚É’ˆÓI¬G“dÔ‚Å‚Ì’sŠ¿”íŠQA‚Ç‚¤–h‚®H–h”ÆƒAƒhƒoƒCƒU[‚ª“`ö‚·‚é‘Îˆ–@,https://news.yahoo.co.jp/articles/5dc4945113292c2fa15c4cac8b4a444fea0efa70,No date found
maidonans,‚Ü‚¢‚Ç‚Èƒjƒ…[ƒX,lŞ•s‘«‚Ì‰îŒìŒ»êcŠO‘l‚Íu‹~¢åv‚Æ‚È‚é‚©A2028”N‚Ü‚Å‚É13.5–œló‚¯“ü‚ê–Ú•WAŒ»ó‚Æ‰Û‘è‚É”—‚é,https://news.yahoo.co.jp/articles/88a036325a3650baff2c5b01f2075af8a2ba9ce0,No date found
maidonans,‚Ü‚¢‚Ç‚Èƒjƒ…[ƒX,‚Ù‚¤‚ë‚¤ŠÅ”Â‚É–ì‹…”ÕAƒX[ƒp[ƒJ[©“]Ôc‚ ‚±‚ª‚ê‚Ìˆí•i‚É‚í‚­‚í‚­Iº˜aƒOƒbƒYW‚ß‚é‰ïĞĞ’·‚Ì–²‚Æ‚Í,https://news.yahoo.co.jp/articles/05006545a0b32b9e436fb186413836eafcbd09d0,No date found
maidonans,‚Ü‚¢‚Ç‚Èƒjƒ…[ƒX,9”N‚àœfœr‚Á‚Ä—¬‚ê’…‚¢‚½‚È‚ñ‚Äcˆê–{‚ÌYA‹CåÀ‚©‚ç‰«“ê‚Ö2300ƒLƒu“Œ“ú–{‘åkĞ‚Ì•|‚³‚ğv‚¢’m‚év,https://news.yahoo.co.jp/articles/7847ad8f4b4d54c589e9853f08a286e669602bb2,No date found
maidonans,‚Ü‚¢‚Ç‚Èƒjƒ…[ƒX,V“üĞˆõ‚ª‰p•¶–|–ó‚Ì•”‚Ö¨—š—ğ‘‚ÌTOEIC850“_‚ª‰R‚ÅÓßAuŒo—ğ¼Ìv‚ªŒ©‚Â‚©‚éÀ‘Ôyê–å‰Æ‚ª‰ğàz,https://news.yahoo.co.jp/articles/5d213c1d9be52bae7cd166c476624533508fddfe,No date found
maidonans,‚Ü‚¢‚Ç‚Èƒjƒ…[ƒX,’†ŒÃƒpƒ\ƒRƒ“w“ü¨uAmazon®”õÏ‚İ•iv‚ÌƒNƒIƒŠƒeƒBH“h‘•”‚°A‹âƒV[ƒg•¢‚í‚êcƒfƒWƒ^ƒ‹ˆÅs‚Ì—‚Æ‚µŒŠ,https://news.yahoo.co.jp/articles/a19be70086efdf191e9d49d00ff4495895be045e,No date found
maidonans,‚Ü‚¢‚Ç‚Èƒjƒ…[ƒX,u‚±‚ÌŒ¢‚ÍÌ‚ÄŒ¢A‚©‚İ‚Â‚­vƒƒ‚‚Æ‹¤‚É’u‚«‹‚è‚É‚³‚ê‚½˜VŒ¢uŒ³”‚¢å‚ª‹–‚¹‚Ü‚¹‚ñvu—]‚è‚É‚àgŸè‚Ès“®v,https://news.yahoo.co.jp/articles/9e0cbc5a37d7b521a944cd73903fe66c8d123373,No date found
maidonans,‚Ü‚¢‚Ç‚Èƒjƒ…[ƒX,‰Äƒoƒe—\–h‚ÉƒTƒCƒR[Iƒ~ƒcƒJƒ“‚ª‹³‚¦‚éu‘Ì—ÍƒQ[ƒW 1%v‚Å‚àì‚ê‚éƒXƒ^ƒ~ƒiƒŒƒVƒsu‚²”Ñ‚ªi‚İ‚»‚¤v,https://news.yahoo.co.jp/articles/9ea54e1d224a9aa2fb09e6deb3d1705c06dd7927,No date found
maidonans,‚Ü‚¢‚Ç‚Èƒjƒ…[ƒX,©‘î‚Å‰^“®‚µ‚½‚¢‚Ì‚Éu‚â‚é‹C‚ªo‚È‚¢v8Š„’´A——R‚É”[“¾uƒRƒXƒp–Ê‚Å•‰’S‚ª­‚È‚¢‚¯‚Çcvyƒpƒiƒ\ƒjƒbƒN’²¸z,https://news.yahoo.co.jp/articles/e199ae1c5f72c2b7d3468e8aadcf458af70ddfce,No date found
maidonans,‚Ü‚¢‚Ç‚Èƒjƒ…[ƒX,Ô‚Ìƒ{ƒ“ƒlƒbƒg‚Ì’†‚ÉƒEƒ‹ƒEƒ‹–Ú‚Ìq”LI2“úŠÔAŒ„ŠÔ‚É‹²‚Ü‚è’E…Çó¨‹~o‚µ‚Ä•ÛŒìA¡‚¾‚É‰Æ‘°‚ªŒ©‚Â‚©‚ç‚È‚¢Œ»À‚à,https://news.yahoo.co.jp/articles/e417199f0f65672084eeef4fce965559de7d894d,No date found
maidonans,‚Ü‚¢‚Ç‚Èƒjƒ…[ƒX,‰Ä‚É‚à‚Á‚Ä‚±‚¢IƒJƒXƒeƒ‰‚ÌˆÓŠO‚ÈH‚×•û‚Æ‚Íc‚Ó‚ñ‚í‚èA‚µ‚Á‚Æ‚èA‚à‚Á‚¿‚èHŠ´‚Ì3•Ï‰»yˆä‘º‰®‚ªĞ‰îz,https://news.yahoo.co.jp/articles/378ece009f1e90dc99ad2b314fd5743e3de9ed5c,No date found
maidonans,‚Ü‚¢‚Ç‚Èƒjƒ…[ƒX,ƒoƒŒ[’jqE‚‹´—•‚ªuananv‰•\†I‚³‚í‚â‚©ÎŠç‚Å—ˆßpc’nŒ³E‹“s‚Ì“ÁWu”j‰ó—Í‚ª‚·‚²‚¢v,https://news.yahoo.co.jp/articles/13dcb1b02c5ef2fdd36e5e26503988b9d7894394,No date found
maidonans,‚Ü‚¢‚Ç‚Èƒjƒ…[ƒX,"‚Â‚é‚Ì„mAH–’†‚Ì’“Ô—¿‹à‚ªu517,400‰~v@¸Z‹@‚Ì‹àŠz‚Éu‚Ç‚Á‚«‚è‘å¬Œ÷Hv@‚à‚µ•s“–‚È‚Šz¿‹‚È‚ç‚Ç‚¤‚·‚ê‚ÎH",https://news.yahoo.co.jp/articles/66a2ab533278439299a1b6b30b8ef81d4c192ab2,No date found
maidonans,‚Ü‚¢‚Ç‚Èƒjƒ…[ƒX,—«2ˆÊ‚Í’·àV‚Ü‚³‚İI‰f‰æuƒLƒ“ƒOƒ_ƒ€v‚Ìl‹CƒLƒƒƒXƒgc1ˆÊ‚ÍH’©ƒhƒ‰‚Ìå‰‰——DA’j«1ˆÊ‚Í¬ŒI{,https://news.yahoo.co.jp/articles/961eb60af5788e52cb2f2e3e1ca139d9974e91db,No date found
maidonans,‚Ü‚¢‚Ç‚Èƒjƒ…[ƒX,y–Ò‹‚Ì‰Äz¬Šw¶‚Ì7Š„u“úP‚ğg‚¢‚½‚¢vcƒCƒ}ƒhƒL‚Ì——R‚Æ‚ÍHq‚Ç‚à‚Ì”§‚É—^‚¦‚é‡ŠOü‚Ì‰e‹¿‚Æ‘Îô,https://news.yahoo.co.jp/articles/5dbd65978253ab329292d8359acad59f32a65d6c,No date found
maidonans,‚Ü‚¢‚Ç‚Èƒjƒ…[ƒX,u1‰­8000–œ‰~‚È‚ñ‚Ä¬‚³‚È‚¨‹à‚¾‚Á‚½v·s—P—\‚ğI‚¦‚½Â`‰¤qA ¡‚¾‚©‚çŒê‚ê‚é’EÅ–Œu©•ª‚Ì’†‚Å‚Ì^Àv,https://news.yahoo.co.jp/articles/9328d486e72449d9dec8efded290b6654c7e6ea9,No date found
maidonans,‚Ü‚¢‚Ç‚Èƒjƒ…[ƒX,g•æ‚¶‚Ü‚¢h‚ğ‚µ‚½‚¢——R1ˆÊ‚ÍuˆÛŠÇ—E•æQ‚è‚ª‘å•Ïvcu‚¨•æ‚Ì‚ ‚éêŠ‚ª‰“‚¢vuŒãŒp‚¬‚ª‚¢‚È‚¢v,https://news.yahoo.co.jp/articles/7749e444050f9d1952e63441285b8cd01df6b627,No date found
maidonans,‚Ü‚¢‚Ç‚Èƒjƒ…[ƒX,ƒOƒ‰ƒhƒ‹ŠE‚ÌƒŒƒWƒFƒ“ƒh‰Ôˆä”ü—‚³‚ñ@‚ ‚Ó‚ê‚»‚¤‚Èu‚½‚í‚íƒ{ƒfƒBv‚ğ‘å’_”â˜I,https://news.yahoo.co.jp/articles/864d82d3d62ba62def87c8a5516f896c45fdd86e,No date found
maidonans,‚Ü‚¢‚Ç‚Èƒjƒ…[ƒX,2ˆÊ‚Íu“úY©“®Ôv‚Ì850.9–œ‰~c©“®Ô‹ÆŠE‚Ì•½‹Ï”Nûƒ‰ƒ“ƒLƒ“ƒOTOP10”­•\,https://news.yahoo.co.jp/articles/42aed39d02407ad1cf89cf022b4c5b34a524dc58,No date found
maidonans,‚Ü‚¢‚Ç‚Èƒjƒ…[ƒX,ŠƒWƒ‡[ƒWAé“‡–ÎAƒ^ƒ‚ƒŠ‚ğ—}‚¦‚½1ˆÊ‚Ícu‚½‚­‚³‚ñ‘Ši‚ğ‚Á‚Ä‚¢‚»‚¤‚ÈŒ|”\lvƒ‰ƒ“ƒLƒ“ƒO,https://news.yahoo.co.jp/articles/bd933df283d0cd91c4fb3d230c8dbbf6cd9732ed,No date found
maidonans,‚Ü‚¢‚Ç‚Èƒjƒ…[ƒX,uƒhƒ‰ƒ€®ô‘ó‹@v28“Auƒrƒ‹ƒgƒCƒ“HôŠív42“c‹¤“­‚«qˆç‚Ä¢‘Ñ‚Å‚‚¢Š—L—¦@å—v‰Æ“d‚Ì•‹y—¦’²¸,https://news.yahoo.co.jp/articles/a66d2a197bd466a1725c425890bcf52649423767,No date found
maidonans,‚Ü‚¢‚Ç‚Èƒjƒ…[ƒX,–ìØ‚Ìƒvƒ’¼“`IuV‘N‚È‰Ä–ìØv‚Ì‘I‚Ñ•û@–À‚Á‚½‚çc‚Ü‚¸ƒ`ƒFƒbƒN‚·‚×‚«‚È‚Ì‚Íud‚³v‚ÆuFv,https://news.yahoo.co.jp/articles/da9f6b62ad1a6597d100c77529824044fd08d9c0,No date found
maidonans,‚Ü‚¢‚Ç‚Èƒjƒ…[ƒX,‚µ‚å‚±‚½‚ñAƒhƒWƒƒ[ƒXƒ^ƒWƒAƒ€‚Å‘åâ‹©u‘å’J‚³[[[‚ñA‚ ‚è‚ª‚Æ‚¤[[[v@‘å’JãÄ•½‘Iè30Î‰ƒA[ƒ`‚ğ¶ŠÏí,https://news.yahoo.co.jp/articles/92927d13c9e97e2b1a7a9b78652d5f4c6ad9374b,No date found
maidonans,‚Ü‚¢‚Ç‚Èƒjƒ…[ƒX,u“aIvuƒnƒ“ƒ^[ƒ`ƒƒƒ“ƒXIvc‚¨‚à‚µ‚ë¢ŠEŠÏ‚ªƒQ[ƒ€‚Å‚àŠy‚µ‚ß‚½Aº˜a‚Ì–¼ìƒoƒ‰ƒGƒeƒB[”Ô‘g‚½‚¿,https://news.yahoo.co.jp/articles/90b73040db6fa0ab0259c7fd1eaefd6db774d80e,No date found
maidonans,‚Ü‚¢‚Ç‚Èƒjƒ…[ƒX,‹`•ê‚ªè‚É‚µ‚½gV1–œ‰~Dh‚ÉA‚Ü‚³‚©‚ÌƒŒƒAƒiƒ“ƒo[@ƒlƒbƒg‘›‘Ru‚±‚ê‚Íƒ„ƒo‚¢vu‰Æ•ó‚É‚µ‚Ä‚­‚¾‚³‚¢v,https://news.yahoo.co.jp/articles/65e28267dfaad947d13348d3b49fdd632c12ea89,No date found
maidonans,‚Ü‚¢‚Ç‚Èƒjƒ…[ƒX,u‚½‚±Ä‚«‚ÉƒLƒƒƒxƒcv‚Í‚ ‚èH‚È‚µHcŠÖ¼l•v•w‚ªv‚í‚Ê‘åƒoƒgƒ‹@g“¯‚¶•¶‰»h‚Ì‚Í‚¸‚ªc‰Æ’ë‚Ì–¡‚ğ‚ß‚®‚éˆÓŠO‚È^‘Š,https://news.yahoo.co.jp/articles/9005d7a8363342ac56da73b04f9c62aee418f3fa,No date found
maidonans,‚Ü‚¢‚Ç‚Èƒjƒ…[ƒX,Œ³BiSHƒƒ“ƒo[u‘SˆõW‡‘å¬Œ÷B‚ç‚Ô‚¾‚ËvA ’‡—Ç‚µÊ^‚Éƒtƒ@ƒ“Š½Šìu‹ƒ‚¯‚évu‰ğU‚©‚ç‚à‚¤1”Nv,https://news.yahoo.co.jp/articles/fca2da9682dc336fbb42f9c677c6164f894c45cc,No date found
maidonans,‚Ü‚¢‚Ç‚Èƒjƒ…[ƒX,u‰´—nÚãè‚¢‚©‚ç‚ÈIv‚Æ’²q‚Éæ‚Á‚½‚çAu”ü‚µ‚¢—nÚv©–Ê^‚ª‘±XWŒ‹IH@g’´â‹ZIh‚Ì‚¿å‚à~—Õ‚µcEl‚³‚ñ‚½‚¿‚ª‘å·‚èã‚ª‚è,https://news.yahoo.co.jp/articles/71b986cd0d4d84e64c6c4a74af200fcd9b222803,No date found
maidonans,‚Ü‚¢‚Ç‚Èƒjƒ…[ƒX,‰Ä‚Ìƒ{[ƒiƒXx‹‹“úA“¯Šú‚Íu’™‹à‚âÏ‚İ—§‚Äv¨g‚¢“¹‚Ì·‚Éœ±‘R@ƒVƒ‡ƒbƒNó‚¯‚é‚àSNS‚Å‚Í^“¯‚Ìºu‚Æ‚Ä‚à—LˆÓ‹`vuS‚ß‚¶‚á‚È‚¢v,https://news.yahoo.co.jp/articles/5c9867734ae3e03fb18a03deb121baa24651de38,No date found
maidonans,‚Ü‚¢‚Ç‚Èƒjƒ…[ƒX,ß–ñ‚Ì‚½‚ßA‚¨•—˜C‚ÍƒVƒƒƒ[‚ÅÏ‚Ü‚¹‚½‚¢‚Å‚·B‚¨“’‚ğ‚½‚ß‚é‚æ‚èA‚¨“¾‚Å‚·‚æ‚ËIH y“Œ‹ƒKƒX‚ª‰ğàz,https://news.yahoo.co.jp/articles/49a23e99aa80ee539f4b5d0483446f871222a496,No date found
maidonans,‚Ü‚¢‚Ç‚Èƒjƒ…[ƒX,uTOEIC820“_v‚È‚ñ‚ÄÀ‚ÍƒEƒ\I@—š—ğ‘‚Ì‹•‹U‚ª”­Šo‚µ‚½V“üĞˆõc‰ğŒÙ‚Ì‰Â”\«‚ÍyĞ˜Jm‚ª‰ğàz,https://news.yahoo.co.jp/articles/bbf792354b85dc8023a2521a32883637ee25d2b5,No date found
maidonans,‚Ü‚¢‚Ç‚Èƒjƒ…[ƒX,Œ³E¬‹{Š°‹M41ÎAƒoƒXƒ[ƒup‚ÅF‹Cƒ_ƒ_‰k‚êI’b‚¦‚ç‚ê‚½‹Ø“÷Û—§‚ÂuƒZƒNƒV[vu•Ï‚í‚ç‚¸ƒJƒbƒR‚¢‚¢v,https://news.yahoo.co.jp/articles/e01c80b6d3a7fa9211ba00fceba73bff2c9accf2,No date found
maidonans,‚Ü‚¢‚Ç‚Èƒjƒ…[ƒX,Œğ’Ê–ŒÌ‚Å“ü‰@uˆ¤Œ¢‚Ì¢˜b‚Í‚Ç‚¤‚·‚éHv ƒyƒbƒg‚ğ—a‚¯‚½”ï—p‚Í”…‚Ì‘ÎÛ‚©y•ÙŒìm‚ª‰ğàz,https://news.yahoo.co.jp/articles/92834b21a544b6c3209787fa1fcc983084c7393c,No date found
maidonans,‚Ü‚¢‚Ç‚Èƒjƒ…[ƒX,‹}‘‚·‚éŠO‘lŠÏŒõ‹q@‚»‚ê‚È‚Ì‚Éc‹“s‰w‚Ì‰pŒêƒ{ƒ‰ƒ“ƒeƒBƒA’c‘ÌuƒRƒƒi‘O‚É”ä‚×‚Ä‰ïˆõ‚ª”¼Œ¸v”ß’É‚È‘i‚¦,https://news.yahoo.co.jp/articles/3716737dbc881fcb8dc7cf9ca8b2e3d7efb903fc,No date found
maidonans,‚Ü‚¢‚Ç‚Èƒjƒ…[ƒX,–ˆ“ú‚Ì‚¨ô‘ó‚Åuƒ^ƒIƒ‹‚ğ‚Ó‚í‚Ó‚í‚É•Û‚Â”éŒv@ƒ^ƒIƒ‹ƒhƒNƒ^[‚ª“`ö‚·‚é4‚Â‚Ìd—vƒ|ƒCƒ“ƒg,https://news.yahoo.co.jp/articles/eabad77edb4b3bebb1008656fc955ca12702e8b6,No date found
maidonans,‚Ü‚¢‚Ç‚Èƒjƒ…[ƒX,ƒAƒCƒhƒ‹“V‰HŠóƒ‚³‚ñ@ƒ”’ƒ‰ƒ“ƒWƒFƒŠ[p‚Å‚ ‚´‚Æ‚­ƒxƒbƒhƒCƒ“@–L–ƒoƒXƒg‚É’–Ú,https://news.yahoo.co.jp/articles/26bea1d478ab8b83e29d289f67c9b859e64b27a8,No date found
maidonans,‚Ü‚¢‚Ç‚Èƒjƒ…[ƒX,‘ål‚ÌF‹C–Ú‚ÌƒAƒU[ƒJƒbƒg”Å”zM@“ì‚İ‚ä‚©‚³‚ñ‰Ê^W‚ª”­”„‘¦“úd”Å,https://news.yahoo.co.jp/articles/a247300a78babbcc24f288c00ad3cfbb37a04854,No date found
maidonans,‚Ü‚¢‚Ç‚Èƒjƒ…[ƒX,Œ¢”L‚Ìv‚í‚Ês“®‚Å‰ÎĞ‚ÉIHcƒyƒbƒg‚ª’m‚ç‚ÊŠÔ‚É“d‰»»•i‚ÌƒXƒCƒbƒ`‚ğ‰Ÿ‚·u‚à‚Ó‚à‚ÓƒvƒbƒVƒ…v‚É‚²—pSyŒx‹’¡‚ª’ˆÓ‚ğŒÄ‚Ñ‚©‚¯z,https://news.yahoo.co.jp/articles/5e84acf38f1ee266d933158f2006d1bd463698df,No date found
maidonans,‚Ü‚¢‚Ç‚Èƒjƒ…[ƒX,q‚Ç‚à‚ª–²Œ©‚éƒvƒ–ì‹…‘Iè@‚µ‚©‚µcg¢ŠEh‚ğ–Úw‚·‚È‚çA•Ê‚ÌƒXƒ|[ƒcH@û“üƒ‰ƒ“ƒLƒ“ƒO‚Å•ª‚©‚éŒ»À,https://news.yahoo.co.jp/articles/3db0abd592b72de62b2d3e33ea761cc714410e09,No date found
maidonans,‚Ü‚¢‚Ç‚Èƒjƒ…[ƒX,”æ‚ê‚½•\î‚ÅŠP‚ª~‚Ü‚ç‚È‚¢@ƒVƒjƒA‚Ìƒ|ƒƒ‰ƒjƒAƒ“‚Í”x…î‚¾‚Á‚½@•–ò‚ğŠæ’£‚ép‚ğ‚İ‚ñ‚È‚ª‰‰‡@‘Š–_‚Æˆê‚É‰¸‚â‚©‚È–ˆ“ú,https://news.yahoo.co.jp/articles/115ed30dd4bd75f5b0424514f412e6eabb9b3ad8,No date found
maidonans,‚Ü‚¢‚Ç‚Èƒjƒ…[ƒX,u”DP‚µ‚ëA‚Æ‰Ÿ‚µ‚Â‚¯‚ª‚Ü‚µ‚¢Œ™‚ÈŠ´‚¶v@‹“s•{‚Ìo‘Oö‹Æ‚ÉŠwZŒ»ê‚©‚çº,https://news.yahoo.co.jp/articles/f8b7fd402005708a7077abb48446ffb4c906d65c,No date found
maidonans,‚Ü‚¢‚Ç‚Èƒjƒ…[ƒX,–ì‘ºü•½‚¨‚Å‚±Œã‘Ş‚·‚¬ƒBIƒeƒŒƒrCM‚ÅŒƒ•Ïu‚Ñ‚Á‚­‚èvuv‚¢Ø‚Á‚½‚Ëv,https://news.yahoo.co.jp/articles/383a570bc6283d3c57efa7f059015fc5f970dd70,No date found
maidonans,‚Ü‚¢‚Ç‚Èƒjƒ…[ƒX,‚Ü‚é‚Åg‚¢ŒÃ‚³‚ê‚½ƒ‚ƒbƒv@”ÉBê‚Å“¹‹ïˆµ‚¢‚³‚ê‚½ƒ}ƒ‹ƒ`[ƒY@^‚Á”’‚Ìp‚É¶‚Ü‚ê•Ï‚í‚è@t‚Æ‚Æ‚à‚É“Í‚¢‚½˜N•ñ,https://news.yahoo.co.jp/articles/d9102baa3d17bc2f901bfd99a0678a81a76b48de,No date found
maidonans,‚Ü‚¢‚Ç‚Èƒjƒ…[ƒX,“s’¡ƒvƒƒWƒFƒNƒVƒ‡ƒ“ƒ}ƒbƒsƒ“ƒOA“üD’â~’†‚Ìu“d’ÊvŠÖ˜A‰ïĞ‚ªó‘õ‚Åª‹­‚¢”á”»u–@‚Ì”²‚¯ŒŠv@ã_ƒIƒŠ—DŸƒpƒŒ[ƒh‚Å‚à“¯—l‚Ì–—á,https://news.yahoo.co.jp/articles/f15dc7289143f0cc76318bb042b41d9eb71d2719,No date found
maidonans,‚Ü‚¢‚Ç‚Èƒjƒ…[ƒX,ƒ[ƒNƒ}ƒ“A‰‚Ìì–±ˆß‚ğ”­”„u”„‚ês‚«‚Æ‚Ä‚àD’²v@ŒÚ‹q‚©‚ç‘½”‚Ì—v–]¨Õ‚è¤•i‚ÌƒmƒEƒnƒE¶‚©‚µ¤•i‰»,https://news.yahoo.co.jp/articles/5426d6c92233419a3c4672101962a0dc208f7cfc,No date found
maidonans,‚Ü‚¢‚Ç‚Èƒjƒ…[ƒX,‹ßŠ‚Ìl‚©‚çÎ‚ğ“Š‚°‚ç‚ê‚Ä‚¢‚½q”L‚ğ‹~‚¦I ‚Â‚ç‚¢ŒoŒ±‚©‚ç•¨Ã‚©‚Å‰°•a‚Éc‚Å‚àu‚±‚Ìq‚µ‚©‚¢‚È‚¢Iv‚ÆK•Ÿ‚Èo‰ï‚¢‚ğ‰Ê‚½‚µ‚½¡,https://news.yahoo.co.jp/articles/c03512ae2fffd71eb25999ad9f8cd1091c377a66,No date found
maidonans,‚Ü‚¢‚Ç‚Èƒjƒ…[ƒX,u‰^—AE•¨—¬‹ÆŠEv‚Å•½‹Ï”Nû‚ª‚‚¢Šé‹Æ@2ˆÊ‚Íìè‹D‘DŠ”®‰ïĞ‚Ì1328.9–œ‰~cãˆÊ‚ğŠC‰^‰ïĞ‚ª“Æè,https://news.yahoo.co.jp/articles/2dd681c95fde0f970a9023c57698b391cc5e79e5,No date found
maidonans,‚Ü‚¢‚Ç‚Èƒjƒ…[ƒX,“d‹C‘ã‚ª‚‰ß‚¬‚é‚©‚çuƒKƒ}ƒ“‚Å‚«‚é‚Æ‚«‚ÍƒGƒAƒRƒ“‚ğÁ‚·v–ñ”¼”@³‚µ‚¢ƒGƒAƒRƒ“‘I‚Ñ‚ğƒvƒ‚ª‰ğà,https://news.yahoo.co.jp/articles/1ed64adec3d6ba50c86beb4e03cb78ee54f85b2c,No date found
maidonans,‚Ü‚¢‚Ç‚Èƒjƒ…[ƒX,u‚Ü‚¾7Œ‚Å‚·‚ªvŒ|—ğ24”NƒN[ƒ‹ƒ|ƒRB‚ªd–‚ÌÅ‘¬ƒIƒtƒ@[‚ğ•ñ@7Œ‚ÉV‰ïĞİ—§‚µ‚½‚Î‚©‚èA‡’²‚È‘Do‚É,https://news.yahoo.co.jp/articles/fa21fe19cbb8b1133be8520fd08aaa1df32d323e,No date found
maidonans,‚Ü‚¢‚Ç‚Èƒjƒ…[ƒX,Œ‹¥®‚ÌQ—ñ‚ÅÅ‚à•‰’S‚ÉŠ´‚¶‚é‚±‚Æ‚Íu‚²j‹V‚Ì‹àŠzv¨•‰’S‚ÉŠ´‚¶‚È‚¢‚²j‹V‚Ì‹àŠz‚Í‚¢‚­‚çH,https://news.yahoo.co.jp/articles/735578b779a72ea21d6255c874f2acd1917f36a6,No date found
maidonans,‚Ü‚¢‚Ç‚Èƒjƒ…[ƒX,V¶™‚Æ¶Œã3ƒJŒÔ‚¿‚á‚ñAƒTƒCƒYŠ´‚±‚ñ‚È‚Éˆá‚¤‚ÌIH@uhÔ‚¿‚á‚ñh‚ÆhÔ‚³‚ñh‚Å‚·‚ËvuÔ‚¿‚á‚ñ‚Ì¬’·A‘‚·‚¬‚Ä‚Ñ‚Á‚­‚èv,https://news.yahoo.co.jp/articles/e09d127a8f82721adf908baa18681793f321cfbb,No date found
maidonans,‚Ü‚¢‚Ç‚Èƒjƒ…[ƒX,u”ƒ‚Á‚½‚¼Œ©‚ë‚æ ‚¨‘O‚ÌƒJƒ}ƒ‚âv¬Šw¶‚©‚ç“²‚ê‚Ä‚¢‚½Ô‚ÌƒI[ƒi[‚ÉA10”N‰z‚µ‚É–²‚ğŠ‚¦‚½’j«‚ª˜b‘èuŠ´–³—Ê‚Å‚µ‚½v,https://news.yahoo.co.jp/articles/885204ff5bdf120525a2fe4e41597b40455dbeff,No date found
maidonans,‚Ü‚¢‚Ç‚Èƒjƒ…[ƒX,‘åã‚Ì‰Ä‚Æ‚¢‚¦‚Îc¡”N‚à“V_ÕI –ˆ”N130–œl‚ª‚â‚Á‚Ä‚­‚é‚ ‚Ì‰Ô‰Î‚Í‚±‚Ìl‚Ì†—ß‚Ån‚Ü‚é,https://news.yahoo.co.jp/articles/6c8c661c2d61d95dcb130079e7bfcea68707079b,No date found
maidonans,‚Ü‚¢‚Ç‚Èƒjƒ…[ƒX,uƒWƒƒƒ“ƒv‚Íˆóüˆ«‚¢‚©‚çcv–k“l‚ÌŒìÒ‚ª–\˜IuŒ´‰æ‚ÅŒ©‚é‚ÆŒ‹\‚¢‚¢v‚Æ‘åŒ´‰æ“WƒAƒs[ƒ‹,https://news.yahoo.co.jp/articles/510d177195d2e18b07a504e1835ff7d15312d7cd,No date found
maidonans,‚Ü‚¢‚Ç‚Èƒjƒ…[ƒX,”é–§‚ÌŒğÛ‚ÍEê‚Ìƒ‚ƒjƒ^[‚Åƒ‚ƒƒoƒŒ‚¾‚Á‚½IH ˜V•Ü—·ŠÙ‚Ìá—«‚Æá’U“ßAƒLƒ…[ƒsƒbƒh–ğ‚Íu“`à‚Ì‚¨‚¶‚¿‚á‚ñv,https://news.yahoo.co.jp/articles/209327cccf69eb2eabd8341bfcc6c29130fe805c,No date found
maidonans,‚Ü‚¢‚Ç‚Èƒjƒ…[ƒX,áè——D‚ğæ‚¹‚½ƒ^ƒNƒV[‰^“]èu’è”N‚ÅÅIo‹Î“ú‚È‚ñ‚Å‚·v¨——D‚Ì‘Î‰‚É3–œl‚©‚ç”½‹¿u‘f“G‚ÈƒGƒsƒ\[ƒhv,https://news.yahoo.co.jp/articles/e37ad77d2a043e4bd3addcdc73a2502d44b5eb8f,No date found
maidonans,‚Ü‚¢‚Ç‚Èƒjƒ…[ƒX,—«1ˆÊ‚Í–kìŒiqIuƒR[ƒfƒBƒl[ƒg‚ğ‚¨Šè‚¢‚µ‚Ä‚İ‚½‚¢Œ|”\lv’j«1ˆÊ‚ÍƒAƒƒJƒW‚ª—‡‚¤‘å•¨ƒ^ƒŒƒ“ƒg,https://news.yahoo.co.jp/articles/ab480cb08788c37e3eb0caecd7d6b28b51226e4f,No date found
maidonans,‚Ü‚¢‚Ç‚Èƒjƒ…[ƒX,”ü‚­‚Ñ‚ê‚Ì—_ENMB48ã¼—å‚³‚ñ@Â‚ÌƒrƒLƒjp‚Å‘u‚â‚©”üƒ{ƒfƒB‚ğ”â˜I,https://news.yahoo.co.jp/articles/1fec84644ac708976d227823b2306022a40012ad,No date found
maidonans,‚Ü‚¢‚Ç‚Èƒjƒ…[ƒX,‹N‹Æ‰Æ‚­‚è‚¦‚İ‚³‚ñ@©gƒvƒƒfƒ…[ƒX‚Ìƒ‰ƒ“ƒWƒFƒŠ[‚Å—d‰ƒ{ƒfƒB”â˜I,https://news.yahoo.co.jp/articles/53b9429cbd6c317bfaed7a3df1ae89148ccd4c3a,No date found
maidonans,‚Ü‚¢‚Ç‚Èƒjƒ…[ƒX,’j«1ˆÊ‚ÍƒCƒ`ƒ[@ˆ¤’mŒ§og—L–¼l‚Ìl‹Cƒ‰ƒ“ƒLƒ“ƒO@—«1ˆÊ‚ÍwCanCamxê‘®ƒ‚ƒfƒ‹‚ğ–±‚ß‚é——D,https://news.yahoo.co.jp/articles/3eab4a41fbc1f25c62ce3495454a2bd8f141b945,No date found
maidonans,‚Ü‚¢‚Ç‚Èƒjƒ…[ƒX,—a‚©‚èƒ{ƒ‰ƒ“ƒeƒBƒA‚ªD‚«‚·‚¬‚éƒ`ƒƒ@ƒeƒŠƒgƒŠ[ˆÓ¯‹­‚·‚¬‚éŠÃ‚¦‚ñ–V@u‚©‚í‚¢‚¢q‚É‚Í—·‚ğv‚Æ•Ê‚Ì‰Æ’ë‚ÉC‹Æ‚Éo‚µ‚½‚çc,https://news.yahoo.co.jp/articles/34f1106636c6dd5fa03c2d415c42492ae63a6b90,No date found
maidonans,‚Ü‚¢‚Ç‚Èƒjƒ…[ƒX,‚ñ‚¿‚áIº˜aD‚«ƒCƒ“ƒtƒ‹ƒGƒ“ƒT[A‰ù‚©‚µ‚ÌƒAƒ‰ƒŒ‚¿‚á‚ñ–Xq‚Å‚É‚Á‚±‚è@ƒLƒ…[ƒg‚ÈÎŠç‚Æƒtƒ@ƒbƒVƒ‡ƒ“‚Éu—‡‚¤vu‚«‚á‚í‚ív‚Æ”½‹¿,https://news.yahoo.co.jp/articles/ead413da810f65206b140d92a5c8a09c612219cf,No date found
maidonans,‚Ü‚¢‚Ç‚Èƒjƒ…[ƒX,uq”L‚ª‚¢‚È‚¢Iv‚ ‚í‚Ä‚Ä’T‚µ‚½‚çcŒºŠÖƒ}ƒbƒg‚Éƒ|ƒcƒ“uƒoƒ`ƒNƒ\‚©‚í‚¢‚¢v@•ÛŒì‚µ‚Ä3“ú–ÚAÚ‚µ‚­•·‚¢‚½,https://news.yahoo.co.jp/articles/572161a002368863eee00d198b237698a0d886e2,No date found
maidonans,‚Ü‚¢‚Ç‚Èƒjƒ…[ƒX,‚ ‚ÌuRƒK[ƒ‹v‚Í¡H@“oR‚ğn‚ß‚½‚¢50‘ã—«‚É•KŒ©‚Ì“ü–å‘A’˜Ò‚É•·‚¢‚½,https://news.yahoo.co.jp/articles/6e411a0df734b12ecbe5346f70bece6c69204b1f,No date found
maidonans,‚Ü‚¢‚Ç‚Èƒjƒ…[ƒX,uãÄ•½v‚Æ–¼‚Ã‚¯‚ç‚ê‚½Œ³”ÉBŒ¢‚ÌÄ@Šæ‹­‚È‘ÌA—D‚µ‚¢«Ši‚ÅuƒX[ƒp[ƒXƒ^[v‚ÆŒÄ‚Î‚ê‚½@‚»‚µ‚Ä„‚Á‚Ä‚«‚½K‚¹‚Ì”Ô,https://news.yahoo.co.jp/articles/a9fcc42712ae8f770da3742948a75ecfd02fba89,No date found
maidonans,‚Ü‚¢‚Ç‚Èƒjƒ…[ƒX,”L‚³‚ñA‰“—¶‚ª‚¿‚Èu‚Ç‚¢‚ÄvƒAƒs[ƒ‹‚ğƒKƒ“–³‹‚³‚ê‚é@’ú‚ß‚Ä‚µ‚å‚ñ‚Ú‚è‚·‚ép‚ªSNS‚Å”½‹¿,https://news.yahoo.co.jp/articles/01a8b00795a2a22550eedab3a5aef7bb99597255,No date found
maidonans,‚Ü‚¢‚Ç‚Èƒjƒ…[ƒX,ƒSƒ~‰®•~‚Ì˜V”LA•ÛŒì‚³‚êŒƒ“{AƒgƒCƒŒ‚ÉâÄé¨“úŒü‚Ú‚Á‚±‚·‚ép‚ÉƒfƒŒƒfƒŒ,https://news.yahoo.co.jp/articles/87cee28823672d7dbbf5f8ef17959f5975621ad3,No date found
maidonans,‚Ü‚¢‚Ç‚Èƒjƒ…[ƒX,Põ‚ğ‰ß‚¬‚Ä‚à“râ‚¦‚Êo‰‰ƒIƒtƒ@[@ˆ¤‰Œ—ğ60”N‚Ì“¡—³–ç‚ª‘²‰Œ‚µ‚½——R@uS”x‹@”\‚ª‚Æ‚Ä‚à‰õ’²v,https://news.yahoo.co.jp/articles/1c3b91704355440b0cf14d9215ec096c77de064b,No date found
maidonans,‚Ü‚¢‚Ç‚Èƒjƒ…[ƒX,yƒŒƒ“ƒ`ƒ“2•ªzƒpƒbƒN‚²‚Í‚ñ‚Å’´ŠÈ’PƒIƒ€ƒ‰ƒCƒXI ƒAƒCƒŠƒXƒI[ƒ„ƒ}’S“–Ò‚ªŒƒ”’u‚¤‚Ü‚¢c‚¤‚Ü‚·‚¬‚éB‚Æ‚É‚©‚­ˆê“xH‚×‚Ä‚İ‚Äv,https://news.yahoo.co.jp/articles/5d1b42a9281f6bf4bf0bd24ced34a2d8deec0249,No date found
maidonans,‚Ü‚¢‚Ç‚Èƒjƒ…[ƒX,yˆÓŠO‚Æ’m‚ç‚È‚¢IHzuƒoƒiƒiv‚ğ’·‚¿‚³‚¹‚é“¤’m¯cuí‰·vu—â‘ vu—â“€v‚»‚ê‚¼‚ê‚É“K‚µ‚½•Û‘¶•û–@‚ª‚ ‚è‚Ü‚·‚æ,https://news.yahoo.co.jp/articles/cbc05b5976f3f859e64d5d28e0a83174813ecb73,No date found
maidonans,‚Ü‚¢‚Ç‚Èƒjƒ…[ƒX,ˆÙ«‚ÉŒ¶–Å‚µ‚Ä‚àc—«‚Ì4Š„u‚¨‘Šè‚É“`‚¦‚é‚±‚Æ‚Í‚µ‚È‚¢v‚»‚ÌŒã‚Íu‘X‚ÉŠÖŒW‚ğ‰ğÁv‚·‚él‘½‚­,https://news.yahoo.co.jp/articles/974b8a4beffe45c793eb85718853330a56e61c2e,No date found
maidonans,‚Ü‚¢‚Ç‚Èƒjƒ…[ƒX,uŒö‰€‚Å‰Ô‰Î‚ª‚µ‚½‚¢v¬Šw¶‚âZ–¯‚ª—v–]¨‹æ‚ªƒ‹[ƒ‹ŠÉ˜aAŒö‰€‚Å‚Ìƒ{[ƒ‹g—p§ŒÀ‚ÌŠÉ˜a‚às@™•À‹æ,https://news.yahoo.co.jp/articles/16654783221ff9fa67492620fe3eb1f9e0bf5fa9,No date found
maidonans,‚Ü‚¢‚Ç‚Èƒjƒ…[ƒX,ƒ{[ƒgƒŒ[ƒX‹ÆŠE‚ÌV¯‚ª…’…p‚ğ”â˜I uŒ’N“Iv”üƒ{ƒfƒB‚ª‘åD•]@˜b‘è•¦“«’†‚ÌŒ³AKB•Ÿ—¯Œõ”¿,https://news.yahoo.co.jp/articles/a1dcc28c2b8b524ef9a36f5b10a612a6e6dd32bd,No date found
maidonans,‚Ü‚¢‚Ç‚Èƒjƒ…[ƒX,u“dÔ’Ê‹Î‚Å‚µ‚ñ‚Ç‚¢‚±‚Ævƒ‰ƒ“ƒLƒ“ƒOc1ˆÊ‚Íu¬G‚·‚év@‚µ‚ñ‚Ç‚³‚ğ•´‚ç‚í‚¹‚é‚½‚ß‚ÌH•v‚ÍH,https://news.yahoo.co.jp/articles/9fdc2ddb875bcd3d3e8bf8dbafac6fbf5d73c26c,No date found
maidonans,‚Ü‚¢‚Ç‚Èƒjƒ…[ƒX,V†•¼‚ÅÅ‰‚É‚â‚è‚½‚©‚Á‚½‚±‚Æc–k—¢ÄO˜Y‚ªÎ‚Á‚Ä‹ƒ‚­IHu‘‘¬—V‚Î‚ê‚éˆÌlvuÎ‚¤‚Æ˜ü–‚È¬‹à‚İ‚½‚¢v,https://news.yahoo.co.jp/articles/e43c31ee4d0b0fb29454d73087d4f40ae8a46d28,No date found
maidonans,‚Ü‚¢‚Ç‚Èƒjƒ…[ƒX,ŒW’·‚Ìãiu‘c•ê‚ª–S‚­‚È‚Á‚½‚­‚ç‚¢‚ÅA3“ú‚à‹x‚İ‚â‚ª‚Á‚ÄIvc‚Ü‚³‚©‚Ìè“yY‚ğ¿‹IHc‚±‚ñ‚È‚É‹x‚Ş‚×‚«‚Å‚Í‚È‚©‚Á‚½‚Ì‚©yĞ˜Jm‚ª‰ğàz,https://news.yahoo.co.jp/articles/22226e4b6807ecf92d9ce3367b567946ae365054,No date found
maidonans,‚Ü‚¢‚Ç‚Èƒjƒ…[ƒX,ˆêl•é‚ç‚µ‚Ì’jqŠw¶A‰˜‚¢ƒLƒbƒ`ƒ“‚ÌÊ^‚ğŒöŠJc‚Æv‚¢‚«‚â@uÊ^‚¶‚á‚È‚¢‚ÌHvu‚ÍH‚¦Hvu‚·‚Á‚²‚¢ƒŠƒAƒ‹v‚Æ‹Á‚«‚ªL‚ª‚Á‚½‚í‚¯,https://news.yahoo.co.jp/articles/76a73e4908e43613912333ff82f6034aec3c65f7,No date found
maidonans,‚Ü‚¢‚Ç‚Èƒjƒ…[ƒX,2024”Nu‰ÄƒtƒFƒXvl‹Cƒ‰ƒ“ƒLƒ“ƒO@2ˆÊ‚ÍƒTƒ}ƒ\ƒjA1ˆÊ‚ÍH@”Y‚İ‚ÍuƒgƒCƒŒ‚ª¬‚Şvu‹‚­‚Ä—Á‚ŞêŠ‚ª‚È‚¢v,https://news.yahoo.co.jp/articles/f9a22b53a383e51f27aa651a88e8f303667c3602,No date found
maidonans,‚Ü‚¢‚Ç‚Èƒjƒ…[ƒX,‹¹Œ³‚ ‚ç‚í‚Èƒk[ƒfƒB[ƒhƒŒƒXp@——D•“c—æ“Ş‚³‚ñ@ƒfƒrƒ…[10ü”N‹L”OÊ^W,https://news.yahoo.co.jp/articles/524c1cc879be40f90b5f40e1a1598356a3f18d25,No date found
maidonans,‚Ü‚¢‚Ç‚Èƒjƒ…[ƒX,ˆ³ŠªGƒJƒbƒvŒ©‚¹‚¿‚á‚Á‚½@ƒAƒCƒhƒ‹“ú“ì‚è‚Æ‚³‚ñ@‰‚ß‚Ä‚Ì…’…•ƒ‰ƒ“ƒWƒFƒŠ[ƒOƒ‰ƒrƒA‚É’§í@u¡‚ª‚¢‚¿‚Î‚ñ¬’·‚µ‚Ä‚¢‚év,https://news.yahoo.co.jp/articles/ac299e48b21732316f8a04ef1dd05f90977a9aff,No date found
maidonans,‚Ü‚¢‚Ç‚Èƒjƒ…[ƒX,u—·ƒTƒ‰ƒ_vƒŠƒ|[ƒ^[‚Ì‰v“cŒb—œØ‚³‚ñ@ŠÃ‚­‚Ä‰‚ß‚­ƒ‰ƒ“ƒWƒFƒŠ[p@‚Â‚é‚ñ“©Ší”§‚É‚¤‚Á‚Æ‚è,https://news.yahoo.co.jp/articles/a6286cd4cc56bab480c7da4d1e7fcf8bc149e9dd,No date found
maidonans,‚Ü‚¢‚Ç‚Èƒjƒ…[ƒX,‘ä˜p‹™‘DA‹à–å“‡‰«‚Å’†‘‚É\•ß@—Š­Œ ‚Ö‚Ìˆ³—Í‹­‰»‚ÌŒ»‚ê‚©,https://news.yahoo.co.jp/articles/419e132ffda024e1d00c6a4e9c8c38d1404a1cc4,No date found
maidonans,‚Ü‚¢‚Ç‚Èƒjƒ…[ƒX,‚Ä‚ñ‚©‚ñ‚Æ“¬‚¤13Î‚Ìƒ_ƒbƒNƒXƒtƒ“ƒg@•ú˜Q‚Ì––‚ÉŒ©‚Â‚¯‚½ˆÀ‚ç‚¬‚ÌêŠ‚Æ—D‚µ‚¢‰Æ‘°@uŠñ‚è“Y‚¢AK‚¹‚È”Ó”N‚É‚µ‚Ä‚ ‚°‚é‚Ëv,https://news.yahoo.co.jp/articles/f480a249014bf1e19b639afb230d0d2852519b11,No date found
maidonans,‚Ü‚¢‚Ç‚Èƒjƒ…[ƒX,u—]Œv‚È‚¨¢ƒƒCƒtƒ@`ƒCIvîà‰Hj•F‚Æã®õ‚Åƒtƒ@ƒ“ƒ^CM100–œ‰ñÄ¶u‚È‚ºÎ‚í‚È‚¢‚ñ‚¾‚¢Hv,https://news.yahoo.co.jp/articles/a4cd7bf6439f051a90637dd4cbb8c55b4b2897ab,No date found
maidonans,‚Ü‚¢‚Ç‚Èƒjƒ…[ƒX,u‚±‚ê‚ÅƒtƒHƒƒ[‚³‚ñ‘‚¦‚Ü‚µ‚½v‚‚­ã‚°‚½•v‚Ì‘«‚É¨”L‚ÆŒ¢‚ª‚í‚¿‚á‚í‚¿‚áuî•ñ—Ê‘½‚·‚¬Ivu•v‚Ìh–½v,https://news.yahoo.co.jp/articles/8e71b2f5379f20cc000a534e85726c315cf53876,No date found
maidonans,‚Ü‚¢‚Ç‚Èƒjƒ…[ƒX,ƒuƒŠ[ƒ_[‚©‚ç•ÛŒì‚³‚ê‚½ÄŒ¢@qŒ¢‚Ì‚æ‚¤‚È‚ ‚Ç‚¯‚È‚³‚É‚İ‚ñ‚È‚ª‚Ù‚Á‚±‚è@ƒ`ƒƒƒŒƒ“ƒWd‚ËK‚¹‚Â‚©‚Ş‚æ,https://news.yahoo.co.jp/articles/6a51f7a3240b5ff89ee97090f984a54de842d077,No date found
maidonans,‚Ü‚¢‚Ç‚Èƒjƒ…[ƒX,y—Á‚µ‚­‚È‚ê`IzƒT[ƒLƒ…ƒŒ[ƒ^[‚Í‚Ç‚±‚É‚¨‚¯‚Îc‹‚¢ƒƒtƒg‚Å‚Íu2‘äg‚¢vH@ƒAƒCƒŠƒXƒI[ƒ„ƒ}‚ÌŒø—¦“I‚È’u‚«•û6‘I,https://news.yahoo.co.jp/articles/dcfc680d2af47556813a74f8c4ad3841cf0695eb,No date found
maidonans,‚Ü‚¢‚Ç‚Èƒjƒ…[ƒX,–ØŞ‚ğÌ‚Ä‚éƒRƒ“ƒeƒi‚©‚çƒ~ƒƒ[ƒ~ƒƒ[¨¶Œã1ƒ–Œ ‚Ì”L‚ªI@SNS‚Å”‚¢å‚ğ’T‚·‚Â‚à‚è‚Å‚¢‚½‚Ì‚Éc,https://news.yahoo.co.jp/articles/bfd4a91a75e7d28a9ecc4440ea8bf262b8ad2a7b,No date found
maidonans,‚Ü‚¢‚Ç‚Èƒjƒ…[ƒX,Œ³NHKƒAƒiƒEƒ“ƒT[42ÎAV†•¼‚ğè‚ÉÎŠçu‚Í‚â‚Ávu‘f“Gv,https://news.yahoo.co.jp/articles/f772083e793f6af2762576c3c334a5e1b04417d2,No date found
maidonans,‚Ü‚¢‚Ç‚Èƒjƒ…[ƒX,u‰Âˆ¤‚·‚¬‚év”ü—ƒvƒƒŒƒXƒ‰[‚Ì—ˆßp‚Éƒtƒ@ƒ“Š½Šì@ƒXƒ^[ƒ_ƒ€Š‘®E‚È‚Â‚Û‚¢,https://news.yahoo.co.jp/articles/230b4406be85a0661cb228a755cb7d10f3f2989a,No date found
maidonans,‚Ü‚¢‚Ç‚Èƒjƒ…[ƒX,ƒt[ƒhƒR[ƒgAƒnƒ“ƒJƒ`‚ÅÈæ‚è‚µ‚Ä‚¢‚½‚çc‰÷‚µ‚¢v‚¢‚ªì•i‚ÉIH@@ì‰Æ‚É•·‚¢‚½ƒAƒCƒfƒA‚ÌŒ¹u“äù—vv‚Æ‚Í,https://news.yahoo.co.jp/articles/d337972815989057062d1e3a7da9a8aedf36139a,No date found
maidonans,‚Ü‚¢‚Ç‚Èƒjƒ…[ƒX,2ˆÊ‚Í’·àV‚Ü‚³‚İA1ˆÊ‚Íc@20‘ãŒã”¼`40‘ã‚Ì—«‚ª‘I‚ÔuƒXƒ^ƒCƒ‹‚ª—Ç‚­“²‚ê‚é—«—L–¼lv,https://news.yahoo.co.jp/articles/77916d92cf971dce697e2725cefd01b1c38b5816,No date found
maidonans,‚Ü‚¢‚Ç‚Èƒjƒ…[ƒX,ƒTƒo‚Ì‰–Ä‚«‚ğg–¡•Ïh‚µ‚½‚¢‚È‚çcu‹“û‚Æ–¡‘Xv‚Å‚Â‚­‚éƒ\[ƒX‚ğ‚©‚¯‚Ä‚İ‚ÄI ”_…È‚ª‹³‚¦‚éŠÈ’PƒŒƒVƒs,https://news.yahoo.co.jp/articles/7facaa5a623caf079cb2d1b5369408896e1eb6fa,No date found
maidonans,‚Ü‚¢‚Ç‚Èƒjƒ…[ƒX,‰Š“V‰º‚ÅÔ‚¿‚á‚ñ‚ğÔ“à•ú’u¨•êeu‘‹‚àŠJ‚¯‚Ä—lq‚ğŒ©‚É—ˆ‚Ä‚½cv@”M’†Ç‚É’ˆÓAJAF‚ªÀØu”•ª‚Å‚àŠëŒ¯ƒŒƒxƒ‹vAq‚ğÔ‚Éc‚µ‚Ä‚¢‚­e‚ÍˆÓŠO‚É‘½‚¢IH,https://news.yahoo.co.jp/articles/c6c0aed1d56b42a91b13d1ac8bc7678609975c9e,No date found
maidonans,‚Ü‚¢‚Ç‚Èƒjƒ…[ƒX,AŠˆ‚ÌES‚Å‚Ü‚³‚©‚Ìİ–â¨uƒGƒ“ƒgƒŠ[’f”O‚¹‚´‚é‚ğ“¾‚È‚¢vA Šw¶â–]u‰AƒLƒƒ‚Í‹ƒ‚­vulŠÔ‚Ì–{¿‚ªo‚Ä‚µ‚Ü‚¤v,https://news.yahoo.co.jp/articles/9f486139c49529ba38864e7925deea24bb329a53,No date found
maidonans,‚Ü‚¢‚Ç‚Èƒjƒ…[ƒX,ƒSƒ~‰®•~‚Å4”N‚àA¬1‘§q‚ÆZ‚ŞƒVƒ“ƒOƒ‹ƒ}ƒU[¨ˆÓ‚ğŒˆ‚µ‚Äu‚¨•Ğ•t‚¯v@‹ÆÒ‚ÌƒrƒtƒH[ƒAƒtƒ^[‚ÅA‘§q‚©‚çŠ´’Q‚ÌºI,https://news.yahoo.co.jp/articles/67b0fd55cdb8eb4aa4a7a2ab51eaf1431ff9cfe5,No date found
maidonans,‚Ü‚¢‚Ç‚Èƒjƒ…[ƒX,ITƒGƒ“ƒWƒjƒAu‰ïĞ‹Î‚ßvuƒtƒŠ[ƒ‰ƒ“ƒXv@@’™‹àE“Š‘‚Ö‚ÌˆÓ¯‚Ì·‚ªcl‹C‚Ì“Š‘æ‚ÍH,https://news.yahoo.co.jp/articles/12ef3e83b4e3c20fbaece6df11d49dcec4d821d9,No date found
maidonans,‚Ü‚¢‚Ç‚Èƒjƒ…[ƒX,ƒv[ƒ‹ƒTƒCƒh‚Å‘u‚â‚©ƒrƒLƒj@——Dì’Ã–¾“ú‚³‚ñ@‚¨‚Ö‚»‚ ‚ç‚í‚ÈƒLƒƒƒ~ƒ\[ƒ‹p‚à@TŠ§FLASH‰•\†•Šª“ªƒOƒ‰ƒrƒA,https://news.yahoo.co.jp/articles/8f8839ad15632424a06fb391e42b29d71f7e5285,No date found
maidonans,‚Ü‚¢‚Ç‚Èƒjƒ…[ƒX,‰Ôç‚ê‚ ‚³‚ñ•‰Ôç‚Ì‚ ‚³‚ño–…@ˆê…‚Ü‚Æ‚í‚Êp‚Å“ü—@”üƒ{ƒfƒB‚ÌƒPƒ~ƒXƒgƒŠ[‚Å–£‚¹‚éÊ^W”­”„‚Ö,https://news.yahoo.co.jp/articles/5694558cd27b6799637da44aa87373f070ffed29,No date found
maidonans,‚Ü‚¢‚Ç‚Èƒjƒ…[ƒX,u‚Ç‚¤‚©‚æ‚ë‚µ‚­‚¨Šè‚¢‚µ‚Ü‚·vƒLƒƒƒŠ[‚Å”L‚ğˆâŠüA’£‚è†‚É‚ÍŒ³”‚¢å‚©‚ç‚ÌƒƒbƒZ[ƒW‚ªc•ÛŒìƒ{ƒ‰ƒ“ƒeƒBƒAu‚Æ‚Ä‚àˆ¤‚³‚ê‚Ä‚¢‚½q‚¾‚ë‚¤‚Èv,https://news.yahoo.co.jp/articles/bd0d450da2717645b7051ee1b494fd8ab808004c,No date found
maidonans,‚Ü‚¢‚Ç‚Èƒjƒ…[ƒX,Œõ‚·‚çŠ´‚¶‚Ä‚¢‚È‚¢Œ³”ÉBŒ¢@—¼–Ú“Eo‚Ì‘åèp‚ğæ‚è‰z‚¦‚½@Šæ’£‚è‚ğŒ©ç‚Á‚Ä‚¢‚½l‚ª—¢e‚É,https://news.yahoo.co.jp/articles/09f5b1fcbc15210bbba2e6dca4af6c21bbbc8c91,No date found
maidonans,‚Ü‚¢‚Ç‚Èƒjƒ…[ƒX,‚ª‚è‚ª‚è‚É‘‰‚¹‚½ƒWƒƒƒbƒNEƒ‰ƒbƒZƒ‹EƒeƒŠƒA@‚¨‚Á‚¿‚å‚±‚¿‚å‚¢‚Ì˜VŒ¢‚Í‚İ‚ñ‚È‚ğÎŠç‚É•Ï‚¦‚é@S—D‚µ‚«l‚Æ‰^–½‚Ìo‰ï‚¢,https://news.yahoo.co.jp/articles/30d09e25a6c2dfaf58c0e3c757b2619a884297b0,No date found
maidonans,‚Ü‚¢‚Ç‚Èƒjƒ…[ƒX,Åˆ¤‚Ì‘§q‚ğ–S‚­‚µ‚½’j«‚ªo‰ï‚Á‚½¬‚³‚È•”L@‘§‚àâ‚¦â‚¦‚¾‚Á‚½‚ªA‚²”Ñƒ‚ƒŠƒ‚ƒŠ‚í‚ñ‚Ï‚­‚Éu–½‚É‘ã‚¦‚Ä‚àç‚éB•K‚¸K‚¹‚Év‚Æ¾‚Á‚½,https://news.yahoo.co.jp/articles/d92d60cc4c41ad823d99b060220e64578f724161,No date found
maidonans,‚Ü‚¢‚Ç‚Èƒjƒ…[ƒX,u‰½‚É‹C‚Ã‚¢‚½‚ÌIHv‹Á‚­”L‚³‚ñ‚Ì‚¨Šç‚ª˜b‘è‚ÉuV‚½‚È”Lƒ~[ƒ€‚Ì’a¶IvuƒTƒXƒyƒ“ƒXƒhƒ‰ƒ}Hv,https://news.yahoo.co.jp/articles/25b2afd69a6d891e71953502b4c91785f4c6733c,No date found
maidonans,‚Ü‚¢‚Ç‚Èƒjƒ…[ƒX,—«1ˆÊ‚ÍìŒût“ŞI@’·èŒ§ogŒ|”\l‚Ìl‹Cƒ‰ƒ“ƒLƒ“ƒO@’j«1ˆÊ‚ÍŒ³Œö–±ˆõ‚Ì¢ŠE“I”o—D,https://news.yahoo.co.jp/articles/f936aae65838c1e878267b6eaa4c1bbd04efc28d,No date found
maidonans,‚Ü‚¢‚Ç‚Èƒjƒ…[ƒX,¶‚Ì‚Ü‚Ü‚ÌƒgƒEƒ‚ƒƒRƒV‚ÍA—â‘ E—â“€–â‚í‚¸u”ç•t‚«‚Ì‚Ü‚Üv‚Å•Û‘¶‚ª³‰ğIc‘N“x‚ğƒL[ƒv‚·‚é‚½‚ß‚Ìƒ|ƒCƒ“ƒg,https://news.yahoo.co.jp/articles/a8e94fd12fcb9c3c7d233870928459b57c8e78f1,No date found
maidonans,‚Ü‚¢‚Ç‚Èƒjƒ…[ƒX,ƒX[ƒp[‚Å‚Ü‚Æ‚ß”ƒ‚¢‚µ‚½‚¨“÷¨u‚»‚Ì‚Ü‚Ü—â“€ŒÉv‚ÍNGIH——R‚Éu’m‚ç‚ñ‚©‚Á‚½vƒlƒbƒg‹Áœ±@ƒjƒ`ƒŒƒCƒt[ƒYƒIƒXƒXƒ‚Ì•û–@‚Í,https://news.yahoo.co.jp/articles/fef5a0526b94ce20c33b375cb36302ca3c444014,No date found
maidonans,‚Ü‚¢‚Ç‚Èƒjƒ…[ƒX,‚Ü‚³‚É1Î™IIµ—[‚Ì’Zûu‚¨q‚³‚ñ‚É‘‚©‚¹‚Ä‚­‚¾‚³‚¢v‹C•t‚¢‚½‚Ì‚Í23”¼AŠúŒÀ‚Í—‚’©c•ê‚Ì‹N€‰ñ¶‚Ìˆêè‚ª˜b‘è@uŒ©–‚Å‚·v,https://news.yahoo.co.jp/articles/8866fd4a2167e6ba31cce5f7736fa22fcf2b26aa,No date found
maidonans,‚Ü‚¢‚Ç‚Èƒjƒ…[ƒX,¬Šw¶AƒXƒ}ƒz‚ğ‚½‚¹‚È‚©‚Á‚½‚½‚ß‚Éc@¬6‚Å‚ÍŠ—¦‚Í‰ß”¼”A‚¢‚Â‚½‚¹‚é‚Ì‚ª³‰ğ‚©,https://news.yahoo.co.jp/articles/55d15aa54cb805c5f9b6ca7068b817fe4d4a3572,No date found
maidonans,‚Ü‚¢‚Ç‚Èƒjƒ…[ƒX,’“Ôê‚Å‚Ìƒgƒ‰ƒuƒ‹ƒ‰ƒ“ƒLƒ“ƒOc1ˆÊ‚Íu–³’f’“Ôv@ƒgƒ‰ƒuƒ‹‚É‚ ‚Á‚½A‚İ‚ñ‚È‚Ç‚¤‚µ‚Ä‚¢‚é‚ÌH,https://news.yahoo.co.jp/articles/2c21ba430d289746cdd4f1c434d8dbc2d1cafcac,No date found
maidonans,‚Ü‚¢‚Ç‚Èƒjƒ…[ƒX,uH–‚ª„‚ğ‹ê‚µ‚ß‚½‚©‚ç‚±‚»cvèp‚ğŒJ‚è•Ô‚µA3‚Â‚Ì•a‚Æ¶‚«‚Ä‚«‚½—«‚ªŠJ”­‚µ‚½u’´’á“œ¿ƒXƒC[ƒcv@q‚Ç‚à‚½‚¿‚ÉÎŠç‚Æˆ¤‚ğ“Í‚¯‚é,https://news.yahoo.co.jp/articles/2267004106de877280de3d1d5893c38aaae57534,No date found
maidonans,‚Ü‚¢‚Ç‚Èƒjƒ…[ƒX,u“VË‚©‚àvAQ‚ÌƒƒKƒl‚Ì’u‚«êŠ–â‘è¨È‚ÌƒAƒCƒfƒA‚Å‰ğŒˆ@ƒlƒbƒgŠ´Su‚±‚Ìè‚ª‚ ‚Á‚½‚©Iv,https://news.yahoo.co.jp/articles/d41c3cf7ed0be7977cff6ac1f954b0664705d87e,No date found
maidonans,‚Ü‚¢‚Ç‚Èƒjƒ…[ƒX,y–Ÿ‰æzV‚µ‚¢•Ûˆç‰€‚ÅŠæ’£‚Á‚½1Î‘§q‚É—Ü‘B•ö‰ó@u‚È‚ñ‚ÄŒ’‹C‚Èvuˆ¤‚¨‚µ‚·‚¬‚Ä—Üo‚Ü‚µ‚½v,https://news.yahoo.co.jp/articles/5adde8b857fc2bdba6e1a474447533ce335a4f04,No date found
maidonans,‚Ü‚¢‚Ç‚Èƒjƒ…[ƒX,‘íK„‚³‚ñ‚Æ‹¤‰‰A’†1‚¾‚Á‚½q–ğ‚ª‹}¬’·@g’·’Ç‚¢‰z‚µ‚½p‚Éƒlƒbƒg‚ÍeÊ‚Ì‚¨‚Î‚¿‚á‚ñó‘Ôu‘å‚«‚­‚È‚Á‚½‚Ë‚¥vuãY—í‚È–º‚³‚ñ‚É‚È‚ç‚Í‚Á‚Äv,https://news.yahoo.co.jp/articles/4aae79ac6d67a4548cd25bc5334ccad24f27aee5,No date found
maidonans,‚Ü‚¢‚Ç‚Èƒjƒ…[ƒX,º˜a‚ÌƒOƒbƒhƒfƒUƒCƒ“Ü‚ÉA—ß˜a‚Ìƒ[ƒŒƒ‹Ü‚ª‘–‚é@g‘ã‚ÌÅæ’[hÔ—¼‚ªs‚«Œğ‚¤A‹ß“S‚¯‚¢‚Í‚ñ‚Èü,https://news.yahoo.co.jp/articles/c287111c18c6dd52837a42987202c69534553ca3,No date found
maidonans,‚Ü‚¢‚Ç‚Èƒjƒ…[ƒX,‹“ss“à‚ÉuŠïÕ“Iv‚Éc‚é’´ƒŒƒA“S“¹ˆâY@ƒfƒUƒCƒ“‚Í‹[•óìAUFOAƒxƒŒ[–Xcu“¤–İv–¼“X‚Ì‘O‚É‚à,https://news.yahoo.co.jp/articles/5fdd873b6247f8ac28a41a3bf9b4f3aac989ed23,No date found
maidonans,‚Ü‚¢‚Ç‚Èƒjƒ…[ƒX,“~‚Ì“Œ‹‚ğ‚³‚Ü‚æ‚¤ƒVƒjƒA‚ÌƒgƒCƒv[ƒhƒ‹@‹—Í‚Í‚È‚­”x…î‚ÅŠP‚ª~‚Ü‚ç‚È‚¢@˜VŒ¢‚ğ‹~‚Á‚½lX‚Ìˆ¤‚Æ—E‹C,https://news.yahoo.co.jp/articles/c83c7720129253a8f56b5005c8e3f30ef8431877,No date found
maidonans,‚Ü‚¢‚Ç‚Èƒjƒ…[ƒX,‰Ä‚É‚È‚é‚Æ•Ïg‚·‚éƒAƒ‹ƒpƒJ‚ª˜b‘è@‰Ä‚Ì•—•¨‚ÉƒfƒUƒCƒ“ƒJƒbƒgu‚±‚ñ‚È–ÑŠ ‚è‚İ‚½‚±‚Æ‚È‚¢IvuŒÂ«‚ªo‚Ä‚Ä‰Âˆ¤‚¢v,https://news.yahoo.co.jp/articles/e2c4575fccea1426de93a74a55b9f67c81523eb3,No date found
maidonans,‚Ü‚¢‚Ç‚Èƒjƒ…[ƒX,u‚»‚±Q‚é‚Æ‚±‚¶‚á‚È‚­‚Äcv‰Âˆ¤‚¢ƒlƒRƒnƒ‰‚É”½‹¿uƒWƒƒƒXƒgƒtƒBƒbƒgvu‚µ‚Î‚ç‚­g‚¦‚È‚¢v,https://news.yahoo.co.jp/articles/554c97d5d44d7608479a9a466280b07ad11e3b31,No date found
maidonans,‚Ü‚¢‚Ç‚Èƒjƒ…[ƒX,‚¨o‚¿‚á‚ñ‚Ì•ø‚Á‚±‚ğ‚ß‚®‚é”L2•C‚ÌuŒˆ“¬v‚ª˜b‘è@uU‚èã‚°‚½Œ‚ævu‚â‚ñ‚Ì‚©IvŒ‹––‚ÍcH,https://news.yahoo.co.jp/articles/8e1d639210633d3287399c09e6cecc3613858ca0,No date found
maidonans,‚Ü‚¢‚Ç‚Èƒjƒ…[ƒX,u¯‹ó•ÛŒì‹æv‚ÌR‚Ìã‚É`H@•ÛŒ’t‚Æ‚µ‚Ä’·”N•Ÿƒ‚ÉŠÖ‚í‚Á‚Ä‚«‚½•ê‚ÆƒfƒUƒCƒi[‚Ì–º‚ªŒÃ–¯‰ÆƒJƒtƒF‚ğŠJ‚¢‚½——R,https://news.yahoo.co.jp/articles/6437e5777734ea2fa400f9d1038972e03ceae2e7,No date found
maidonans,‚Ü‚¢‚Ç‚Èƒjƒ…[ƒX,‘åD‚«‚È”‚¢å‚Æ–³”O‚Ì•Ê‚ê@•Â‚´‚³‚ê‚Ä‚¢‚½S‚ğŠJ‚¢‚½u‚ ‚¦‚Ä\‚í‚È‚¢v‚Æ‚¢‚¤—D‚µ‚³@—a‚©‚è‰Æ’ë‚ÅŠïÕ‚ª‹N‚«‚½,https://news.yahoo.co.jp/articles/7d463f5432b5ab640d8944c71ec21e546ff98728,No date found
maidonans,‚Ü‚¢‚Ç‚Èƒjƒ…[ƒX,q‚Ç‚à‚Ì‡–°ŠÔA13ÎˆÈã‚Íu8ŠÔ–¢–v‚ª–ñ”¼”@‡–°•s‘«‚ÌŒ´ˆö‚ÍH,https://news.yahoo.co.jp/articles/e3a272601a52f7cf832b82ba7b84dfe9c57d4336,No date found
maidonans,‚Ü‚¢‚Ç‚Èƒjƒ…[ƒX,‚¨‹q‚ª—ˆ‚È‚¢c‰É‚È•¶‹ï“X‚Å‹C‚Ü‚Ü‚É‰ß‚²‚·”L“X’·‚ª‘ål‹C@ƒKƒbƒNƒŠ‚ÆŒ¨‚ğ—‚Æ‚µ‚½‚èƒlƒRƒnƒ‰‚µ‚½‚èc‰“•û‚©‚ç–K‚Ë‚él‚à,https://news.yahoo.co.jp/articles/f655d6f405ed2054d15bca5cbd3422a0df7207bc,No date found
maidonans,‚Ü‚¢‚Ç‚Èƒjƒ…[ƒX,g”L‚Æ¶‚«‚éh‚Æ‚ÍA‚Ç‚¤‚¢‚¤‚±‚Æ‚©@u’·‚­¶‚«‚ç‚ê‚È‚¢v‚ÆŒ¾‚í‚ê‚½ˆ¤”L‚ª4Î‚É@•àsAH–A”rŸ•‚ğx‚¦‚é”‚¢å‚Æ‚ÌãJ‚ª¶‚ñ‚¾•¨Œê,https://news.yahoo.co.jp/articles/748b8b94a3138aad1e0f0e41d99d1170e6976de8,No date found
maidonans,‚Ü‚¢‚Ç‚Èƒjƒ…[ƒX,’nã27ƒ[ƒgƒ‹A‚‘¬“¹˜H‚Ì‚‰Ë‹´‚©‚ç—‰º‚µ‚½q”L‚ÉŠïÕ‚ªI@“µE‚ªŠJ‚«•@‚âŒû‚©‚çoŒŒA‘Sg‚¯‚¢‚ê‚ñ‚¾‚Á‚½‚ªc,https://news.yahoo.co.jp/articles/62ae29e314c05e24c76c0b7af1e17dadfe0d53eb,No date found
maidonans,‚Ü‚¢‚Ç‚Èƒjƒ…[ƒX,uƒXƒYƒ‚ª“|‚ê‚Ä‚½‚º‚¥vƒXƒM‚¿‚á‚ñA—c‚¢ƒXƒYƒ‚ğ•‚¯‚½‚±‚Æ‚ğ•ñ@uƒƒCƒ‹ƒh—D‚µ‚¢‚º‚¥Ivuè‘Ü‚µ‚ÄŠÅ•aAˆÌ‚¢v‚ÆÌ^‚Ìº,https://news.yahoo.co.jp/articles/1126b2f3bcba64f437ac6bce61434f33a1aa4721,No date found
maidonans,‚Ü‚¢‚Ç‚Èƒjƒ…[ƒX,u•ÛŒ¯‹ÆŠEv•½‹Ï”Nûƒ‰ƒ“ƒLƒ“ƒO@2ˆÊ‚ÍSOMPOƒz[ƒ‹ƒfƒBƒ“ƒOƒX‚Ì1232.0–œ‰~A1ˆÊ‚ÍH,https://news.yahoo.co.jp/articles/e39e8c719601311a4b84f03a14069ba0a238fbed,No date found
maidonans,‚Ü‚¢‚Ç‚Èƒjƒ…[ƒX,u’·Â‚Ìí‚¢vÕ’n‚ÉŒf‚°‚ç‚ê‚½’ˆÓ‘‚«‚ª˜b‘èu”w‹Ø‚ªL‚Ñ‚Ü‚µ‚½vu‹A‚è“¹‹C‚ğ‚Â‚¯‚ë‚æv‚ª•|‚·‚¬‚é,https://news.yahoo.co.jp/articles/750cd7ee24a802675ac942086261db1ac92b9b93,No date found
maidonans,‚Ü‚¢‚Ç‚Èƒjƒ…[ƒX,•ƒ‚Í‘ò‘ºÜ“ŠèA26Îƒ‚ƒfƒ‹‚Ìƒ†ƒjƒtƒH[ƒ€p‚ª˜b‘è‚Éu‚ß‚¿‚á‚­‚¿‚á‰Âˆ¤‚¢vu—‡‚Á‚Ä‚év,https://news.yahoo.co.jp/articles/02b709dcbd3b4fd3eba28d04aeb42b1343d94bdd,No date found
maidonans,‚Ü‚¢‚Ç‚Èƒjƒ…[ƒX,u—ˆß‚Å¢‚é‚±‚Ævƒ‰ƒ“ƒLƒ“ƒO@3ˆÊuƒgƒCƒŒ‚És‚«‚É‚­‚¢vA2ˆÊu’…•t‚¯‚ª‚Å‚«‚È‚¢vA1ˆÊ‚ÍH,https://news.yahoo.co.jp/articles/462b2b5b32f9a3d98dadfb861f54163ba0df8895,No date found
maidonans,‚Ü‚¢‚Ç‚Èƒjƒ…[ƒX,u—ˆß‚Ì’…•ûv‚ğê–å‰Æ‚ªƒCƒ‰ƒXƒg‚Å}‰ğ¨u–{“–‚É•ª‚©‚è‚â‚·‚¢v‚Ìº@‰pŒê”Å‚à‚ ‚è‚Ü‚·‚æ,https://news.yahoo.co.jp/articles/c8a48c795ffae19dac6bea8e1f54679ab0e2c2b6,No date found
maidonans,‚Ü‚¢‚Ç‚Èƒjƒ…[ƒX,‚È‚É‚±‚êAƒCƒJcIH@“ú–{…“ï‹~Ï‰ï‚ªŠJ”­‚µ‚½uƒCƒJƒ|ƒ“ƒ`ƒ‡v‚Æ‚ÍH@“M‚ê‚éƒŠƒXƒN‚ğŒyŒ¸I,https://news.yahoo.co.jp/articles/916fd08d63103e6a1b950ec556ea366005943a83,No date found
maidonans,‚Ü‚¢‚Ç‚Èƒjƒ…[ƒX,”\“o’nk‚Å1‚©ŒAŒ}‚¦‚ğ‘Ò‚¿‘±‚¯‚½”L‚³‚ñ¨”w’†‚ÉƒKƒ‰ƒX‚Ì”j•Ğ‚ªh‚³‚Á‚Ä‚¢‚½‚ªc4‚©ŒŒã‚É‚ÍAV‚µ‚¢‰Æ‘°‚Ì‚à‚Æ‚Ö,https://news.yahoo.co.jp/articles/96996ed78e794098f033c8909eafc9a752086cff,No date found
maidonans,‚Ü‚¢‚Ç‚Èƒjƒ…[ƒX,–Úw‚·‚Íu_ŒË‚Ü‚Â‚èvHƒXƒgƒŠ[ƒgƒJƒ‹ƒ`ƒƒ[‚ÆƒLƒbƒ`ƒ“ƒJ[‚ÌƒtƒFƒXu_ŒËƒTƒ}[ƒWƒƒƒ€2024v‚ª7Œ20“úE21“úŠJÃ,https://news.yahoo.co.jp/articles/1b5d7a8b000cf16c6215a764a90b88c3861f802f,No date found
maidonans,‚Ü‚¢‚Ç‚Èƒjƒ…[ƒX,u¡“úƒƒ“ƒs’…‚Ä‚«‚½‚Á‚¯Hv‚È‚º‚±‚ñ‚È‚±‚Æ‚ÉHu‘S‚­ˆá˜aŠ´‚È‚©‚Á‚½vu‚¸‚Á‚Æƒsƒ‰ƒsƒ‰‚µ‚Ä‚½‚Á‚Û‚¢v,https://news.yahoo.co.jp/articles/0364d2945167b2a20eefc0f3154cb8f17bdb4c14,No date found
maidonans,‚Ü‚¢‚Ç‚Èƒjƒ…[ƒX,“Ë‘R“Í‚¢‚½u‚ä‚¤ƒpƒbƒNv‚Ì’†g‚ÍcIH–½‚ğŒy‹‚µ‚½–³Ó”C‚³‚É•®‚è‚ÌºE“u‚¨ˆø‚«æ‚è‚¢‚½‚¾‚¯‚½‚çK‚¢c‚¶‚á‚È‚¢‚©‚çIv,https://news.yahoo.co.jp/articles/98d4938caa8fac8f942e91286a70d6ac65b39c9e,No date found
maidonans,‚Ü‚¢‚Ç‚Èƒjƒ…[ƒX,‘c•ê‚Ìˆâ•i‚ğƒsƒAƒX‚ÉIH“ä‚Ìu‘v‚Ì–¡‚Ì‚ ‚é•MŒ­‚¢‚É”šÎu‚±‚ñ‚È‚±‚ÆA‚Å‚«‚é‚ñ‚¾v,https://news.yahoo.co.jp/articles/bfc3838debf8db30ac470a80299c746f92842b59,No date found
maidonans,‚Ü‚¢‚Ç‚Èƒjƒ…[ƒX,1Î‚Ì‚¨j‚¢uˆê¡–İv¨‹Á‚«‚ÌHŞ‚ğ”w•‰‚í‚¹‚½ˆê‰Æ‚ª˜b‘è@ƒlƒbƒguÅ‚vu‚¤‚¿‚à‚±‚ê‚É‚·‚ê‚Î‚æ‚©‚Á‚½v,https://news.yahoo.co.jp/articles/b46004121845d95eb45c61c05a7b48ddc96142e7,No date found
maidonans,‚Ü‚¢‚Ç‚Èƒjƒ…[ƒX,uVç‰~D‚ÌŠçv–k—¢ÄO˜Y‚ÌˆÌ‹Æ‚Æ‚ÍH c‚Ğ‘·‚ªŒê‚éw‹ß‘ã“ú–{ˆãŠw‚Ì•ƒx‚Ì¶ŠU‚Æ‹³‚¦,https://news.yahoo.co.jp/articles/e2b781208f44b5a2dd36f0a32d038fac5bb9ccf0,No date found
maidonans,‚Ü‚¢‚Ç‚Èƒjƒ…[ƒX,u“r’†‰ºÔv‚Æ‚¢‚¤Œ¾—t‚ª‚¢‚¸‚ê€Œê‚ÉHJRu“Œ‹‹ßx‹æŠÔv‚ª—ˆt‚É‚Í’·–ì‚Ü‚ÅL‚ª‚é•sv‹c,https://news.yahoo.co.jp/articles/1f897977516e082eb9e8f6358f0f5145dea1f7ec,No date found
maidonans,‚Ü‚¢‚Ç‚Èƒjƒ…[ƒX,ƒ^ƒNƒV[‚âƒoƒX‚ÉæÔ¨u‚±‚Ì‰^“]è‚¢‚¢‚Èv‚Æv‚Á‚½‘f“GƒGƒsƒ\[ƒhuˆê‰ñŒÀ‚è‚µ‚©—˜—p‚µ‚È‚¢‚Å‚ ‚ë‚¤‹q‚È‚Ì‚Écv,https://news.yahoo.co.jp/articles/e03864b5270fba2d0f0e093750d342552d9df783,No date found
maidonans,‚Ü‚¢‚Ç‚Èƒjƒ…[ƒX,u‰¼–Êƒ‰ƒCƒ_[ƒKƒbƒ`ƒƒ[ƒhv‚Åˆ«–ğ‰‰‚¶‚éâŠª—LÑ‚³‚ñ@ƒ”’ƒ`ƒ…[ƒuƒgƒbƒv‚âƒsƒ“ƒN‚Ìƒƒ“ƒs[ƒXƒrƒLƒj‚Å”ü–e‘SŠJ,https://news.yahoo.co.jp/articles/7e515d9cd163a279056653274053bfec14a10194,No date found
maidonans,‚Ü‚¢‚Ç‚Èƒjƒ…[ƒX,ƒOƒ‰ƒhƒ‹ÂR‚Ğ‚©‚é‚³‚ñ‚ªgŒ³ƒJƒmh”M‰‰@ƒZƒNƒV[ƒ‰ƒ“ƒWƒFƒŠ[‚Å—U˜fƒ|[ƒY@ƒfƒWƒ^ƒ‹Ê^W,https://news.yahoo.co.jp/articles/e6d8a711aa360e2e0c3308639a0cf7b6f17d5ecb,No date found
maidonans,‚Ü‚¢‚Ç‚Èƒjƒ…[ƒX,‘åã‚ÌˆíŞI­—‰ÌŒ€’cƒ~ƒ‚ƒU[ƒk‚Ì‚¿‚Î‚Ğ‚È‚Ì‚³‚ñ@16Î‚ÌX‚µ‚¢ƒrƒLƒjp‚ğ‚¨“Í‚¯@ƒfƒWƒ^ƒ‹Ê^W”zM,https://news.yahoo.co.jp/articles/271bc5f4e88b817f8236b96daaab1efa38f8e036,No date found
maidonans,‚Ü‚¢‚Ç‚Èƒjƒ…[ƒX,Vç‰~D‚ÌÑ‘œE–k—¢ÄO˜Y@„à‚ğ“Š‚¶‹½—¢‚É}‘ŠÙ¨ˆÌ‹Æ‚ğÌ‚¦‚é‹L”OŠÙ‚ÉA‚Ğ‘·‚ªŒê‚é‚»‚Ì–£—Í‚Æu–¢—ˆ‚ğ’S‚¤q‚Ç‚à‚½‚¿v‚Ö‚Ìv‚¢,https://news.yahoo.co.jp/articles/68444fa6494f0614da173b6714da54e02f2538ef,No date found
maidonans,‚Ü‚¢‚Ç‚Èƒjƒ…[ƒX,12Î‚Ìƒpƒsƒˆƒ“‚ğ•ú’u@”‚¢å‚Ì‚—îÒ•v•w‚Í”F’mÇH@ƒVƒjƒAŒ¢‚Í‹—Í‚ğ‚Ù‚Ú¸‚Á‚Ä‚¢‚½@ˆÀS‚µ‚«‚Á‚½QŠç‚Éu‚±‚±‚ª‚ ‚È‚½‚ÌV‚µ‚¢‚¨‰Æ‚¾‚æv,https://news.yahoo.co.jp/articles/96f4616d1d2308d38965717b1070c08f2d7e1566,No date found
maidonans,‚Ü‚¢‚Ç‚Èƒjƒ…[ƒX,u‚¨‚¢‚Å‚ñ‚¹[vu‚Ü‚½‚«‚ñ‚¿‚á‚¢‚È[v•ûŒ¾‚Å‚ ‚¢‚³‚Â‚·‚é‰ªR‚ÌATMA’nˆæ‚Åg‚¢•ª‚¯u‚Ù‚Á‚±‚è‚µ‚½‹C‚¿‚Év,https://news.yahoo.co.jp/articles/084fff7ab4244c618c40434d94c1eb20ab40d0d1,No date found
maidonans,‚Ü‚¢‚Ç‚Èƒjƒ…[ƒX,u‰½‚ÆãY—í‚È‚¨Kcvl‹C—«ƒ‚ƒfƒ‹AƒrƒLƒj‚Åg‰Ä‹x‚İh‚ğ–‹i@ƒXƒ^ƒCƒ‹‚Æ”üK‚Éƒtƒ@ƒ“‹Á‚«uŒ©›‚ê‚¿‚á‚¤v,https://news.yahoo.co.jp/articles/bb31db4c6337f9ef3fbc55897374c998c3d2f5b4,No date found
maidonans,‚Ü‚¢‚Ç‚Èƒjƒ…[ƒX,“Ë’çˆç‚¿‚Ì”L‚½‚¿‚ğTNR‚Æ—¢e’T‚µ‚Å‹~‚¢‚½‚¢@¶‚«‰„‚Ñ‚é‚±‚Æ‚ª‚Å‚«‚È‚©‚Á‚½€Š[‚à@¡‚È‚¨Šü‚Ä‚él‚Ö‚Ì•®‚è,https://news.yahoo.co.jp/articles/fbb0aa27289c6255ab765b65c4ebc290d2eb2da8,No date found
maidonans,‚Ü‚¢‚Ç‚Èƒjƒ…[ƒX,ƒ}ƒ^ƒnƒ‰‘ŠèA6Š„ˆÈã‚ªu—«‚©‚çó‚¯‚½vcSg‚ğ‚Ş‚µ‚Î‚ŞÀ‘Ôud–—Ê‚ğ‘‚â‚³‚ê‚½vu‰AŒûŒ¾‚í‚ê‚½v,https://news.yahoo.co.jp/articles/aea11cd6f2c57b44c35d1c52bfb587a152c39076,No date found
maidonans,‚Ü‚¢‚Ç‚Èƒjƒ…[ƒX,u‚±‚ñ‚È‚É‚à’j‚Ì”M‹C‚ªv«“]Š·èpŒö•\ƒ‚ƒfƒ‹A‰‚Ìƒ‰ƒEƒ“ƒhƒK[ƒ‹‚É‘å‹»•±@ƒqƒ‡ƒE•¿‘å’_…’…‚Å“oê,https://news.yahoo.co.jp/articles/5caadea1ab2f27eb5573b8c46dbdafcd084de373,No date found
maidonans,‚Ü‚¢‚Ç‚Èƒjƒ…[ƒX,u”¼ƒ`ƒƒ[ƒnƒ“‘å·‚èvuŒ’N‚Ì‚½‚ß‚È‚ç€‚Ë‚évcƒ‚ƒ„ƒ‚ƒ„‚·‚é‚¯‚Ç‘‚ß‚È‚¢H–µ‚‚ª‚ ‚é’Z•¶‚Ì–£—Í‚Æ‚Í,https://news.yahoo.co.jp/articles/99d1eeda5088b459705e4ec1e1de473045fb2981,No date found
maidonans,‚Ü‚¢‚Ç‚Èƒjƒ…[ƒX,ŒË“cŒb—œA‘å•¨——D‚ç3l‚Å‹‰ØƒVƒ‡ƒbƒgu‚Ù‚ñ‚Ü‚ÉD‚«‚È“ñlBÎ‚¢‚·‚¬‚½vul¶‚ğ‹¤—L‚Å‚«‚éK‚¹v,https://news.yahoo.co.jp/articles/737b1360c3d00466a89c336f292244c23de209c3,No date found
maidonans,‚Ü‚¢‚Ç‚Èƒjƒ…[ƒX,‚à‚¤‚·‚®“y—p‚Ì‰Nc‚¤‚È‚¬‚ğH‚×‚é‚Ì‚Éo‚¹‚é‹àŠz‚ÍH‘I‚ÔÛ‚Éd‹‚·‚éƒ|ƒCƒ“ƒgu‘Y‚Å‚ ‚é‚±‚Æv,https://news.yahoo.co.jp/articles/5c59987c3f8091acb9ebbdc225a0dab6ec414bf3,No date found
maidonans,‚Ü‚¢‚Ç‚Èƒjƒ…[ƒX,“®•¨•a‰@‚Ì‘O‚É” @’†‚É‚Í¶‚Ü‚ê‚ÄŠÔ‚à‚È‚¢5•C‚Ìq”L@–h”ÆƒJƒƒ‰‚É‚Í•sR‚Èl•¨@gŒ³”»–¾‚·‚é‚à[‚È–â‘è‚ª•‚‚©‚ñ‚¾,https://news.yahoo.co.jp/articles/a00c870406536f88b80fedf70bdb2e6ccf62831a,No date found
maidonans,‚Ü‚¢‚Ç‚Èƒjƒ…[ƒX,‰Äê‚É—LŒøI•Û—âƒoƒbƒO‚Ì•Û‰·«‚ª‰½”{‚É‚à‚È‚éƒ‰ƒCƒtƒnƒbƒNAƒP[ƒL“X‚ªŒÄ‚ÑŠ|‚¯u—â“€H•i‚â“÷A‹›‚Å‚¨‚·‚·‚ßv,https://news.yahoo.co.jp/articles/015e35cfae566dde775b2ef08c167f2edde553b6,No date found
maidonans,‚Ü‚¢‚Ç‚Èƒjƒ…[ƒX,‚İ‚¿‚å‚ÏA”üƒfƒRƒ‹ƒe‚Æ‹¹Œ³‚ğ‘å’_”â˜I@ƒtƒ@ƒ“‚ÍŠ½Šìu’´ƒZƒNƒV[IIvuŒ©‚é‚½‚Ñ‚É”ü‚µ‚­‚È‚Á‚Ä‚¢‚­v,https://news.yahoo.co.jp/articles/03c108c3739d6023acba786ba13728ef2e93107b,No date found
maidonans,‚Ü‚¢‚Ç‚Èƒjƒ…[ƒX,uƒS[ƒ‹ƒfƒ“ƒJƒ€ƒC“Wv‚És‚Á‚½‚çuƒzƒ‰[‚È‚±‚Æ‚É‚È‚Á‚Ä‚½vc‚±‚ê‚Íuƒzƒ‹ƒ}ƒŠƒ“’Ğ‚¯Hv,https://news.yahoo.co.jp/articles/670915c98dd110d66819f36c3421c51c7ae21b11,No date found
maidonans,‚Ü‚¢‚Ç‚Èƒjƒ…[ƒX,•½¬ƒuƒ`ã‚ª‚è‹Èu‹C•ªãXªªv‚ª‘h‚écl‹CƒAƒCƒhƒ‹‚ªƒoƒuƒ‹ƒo[ƒWƒ‡ƒ“‚ÅƒJƒo[Iu‰´’B‚ÌÂt‚ª‹A‚Á‚Ä—ˆ‚½vu“ú–{‚ğŒ³‹C‚Év,https://news.yahoo.co.jp/articles/043b82e94f816178e5c212b50fa878923bb1a2a3,No date found
maidonans,‚Ü‚¢‚Ç‚Èƒjƒ…[ƒX,y–Ÿ‰æzƒEƒiƒM‚Ì‘ã‚í‚è‚É‚È‚é‚©H“Á’èŠO—ˆ¶•¨uƒAƒƒŠƒJƒiƒ}ƒYv‚ğ•ß‚Ü‚¦‚ÄŠ—Ä‚«˜¥‚Éc‹»–¡‚»‚»‚éƒLƒƒƒ“ƒvƒŒƒ|,https://news.yahoo.co.jp/articles/8fba21fd16e01ba60f4792db209677f538ed569b,No date found
maidonans,‚Ü‚¢‚Ç‚Èƒjƒ…[ƒX,‚Ó‚í‚Ó‚í‚Ì‚í‚½‚ ‚ß‚ª‰ĞX‚µ‚¢u–‚ŠE‚ÌPv‚ÉIH ‹‚³‚Å—n‚¯‚ÄˆÓŠO‚È–‘Ô‚Écuˆ«–‚‚Ì¢Š«Hvu‚à‚Í‚â–‚Œ•v,https://news.yahoo.co.jp/articles/6d07a9ea458648707931bdec380a4b329ae195eb,No date found
maidonans,‚Ü‚¢‚Ç‚Èƒjƒ…[ƒX,ô‘ó—pôÜAŒv—Ê‚¹‚¸‹l‚ß‘Ö‚¦ƒpƒEƒ`‚©‚ç’‚®l‚ª‚¢‚é‚Á‚Ä–{“–IH@ƒ[ƒJ[u–Ú•ª—Ê‚ÍNGAŒ´‰t‚±‚Ú‚·‚Æô‘ó‹@‚ª‚Ş‚±‚Æ‚àv,https://news.yahoo.co.jp/articles/7ef3f4c14cb5355ded514a28ddbca3daf851decd,No date found
maidonans,‚Ü‚¢‚Ç‚Èƒjƒ…[ƒX,‚¢‚ë‚Í‚·1–{600‰~HŠ„‚‚¾‚¯‚ÇcƒAƒCƒhƒ‹ƒIƒ^ƒN‚ª”[“¾‚·‚é——R‚Æ‚Íu©•ª‚àƒIƒ^ƒN‚¾‚©‚ç•ª‚©‚évuv‚¢o‚Íƒvƒ‰ƒCƒXƒŒƒXv,https://news.yahoo.co.jp/articles/77c0fa1d75956640778c88a13f3dd9c5ad967aaf,No date found
maidonans,‚Ü‚¢‚Ç‚Èƒjƒ…[ƒX,uƒLƒ““÷ƒ}ƒ“v‚ÌÄ“oê‚Åƒtƒ@ƒ“‚ğ–£—¹‚µ‚½“G’´l‚½‚¿cu‰“oê‚Íˆ«–ğ‚¾‚Á‚½‚Ì‚ÉvƒCƒ[ƒWˆêV‚µ‚½Š´“®‚Ì‡‚Æ‚Í,https://news.yahoo.co.jp/articles/e36179e1de09b0d957fb7640453e548e0fc21793,No date found
maidonans,‚Ü‚¢‚Ç‚Èƒjƒ…[ƒX,u•—ŠÔOo–…v‘å¼Œ‹‰Ô55ÎA•Ï‚í‚ç‚Ê‹ß‰e‚Éƒtƒ@ƒ“Š½Šì@u‚ä‚©‚¿‚á‚ñ‚©‚í‚¢‚¢vu“µ‚ª‘å‚«‚­‚Ä‚«‚ê‚¢v,https://news.yahoo.co.jp/articles/a8d250781f2bab2843d0d3509237b5d95aabd859,No date found
maidonans,‚Ü‚¢‚Ç‚Èƒjƒ…[ƒX,‘Ü‚É“ü‚ê‚½6ƒLƒA6–œ‰~•ª‚ÌŠÛˆ¹¨‚­‚Á•t‚¢‚Äˆê‰ò‚Écˆê‘Ì‰½‚ª‹N‚«‚½Hˆ¹‰®‚à”ß–ÂuŒ³‚É‚Í–ß‚¹‚È‚¢vu—\‘zŠO‚¾‚Á‚½v,https://news.yahoo.co.jp/articles/5cfdd247e89b6ddaead41d1f6e611ae417977560,No date found
maidonans,‚Ü‚¢‚Ç‚Èƒjƒ…[ƒX,ƒRƒXƒpÅ‹­Hæ‚è“SƒXƒLƒ‹uˆê•M‘‚«æÔŒ”v‚Æ‚Íc‰•œ‚Å”ƒ‚¤‚æ‚èŠ„ˆÀA’·‹——£‚¾‚Æ“r’†‰ºÔ‚à‰Â”\uJR‚Ì“Á«‚ğƒtƒ‹Šˆ—pv,https://news.yahoo.co.jp/articles/7c425ec3aee48d5beca525f6ec69626c885126dd,No date found
maidonans,‚Ü‚¢‚Ç‚Èƒjƒ…[ƒX,¼‹C‚ª‘½‚¢‚±‚ê‚©‚ç‚Ì‹Gß‚É–ğ—§‚¿‚»‚¤cŒx‹’¡‚ªĞ‰î‚·‚éuÕ‚ªc‚ç‚È‚¢ƒwƒAƒSƒ€‚ÌŒ‹‚Ñ•ûv,https://news.yahoo.co.jp/articles/8a9937284e7e50e50af66122c91ae9a33b85a094,No date found
maidonans,‚Ü‚¢‚Ç‚Èƒjƒ…[ƒX,–²‚Ì“ñ¢‘ÑZ‘î‚ÅA‘z’èŠO‚Ìu‰ÅŒÆ–â‘èv”­¶@•s–‚½‚ß‚ŞÈ‚Éc•vu—£¥‚Ì•sˆÀ‚ğŠ´‚¶‚Ä‚¢‚Ü‚·vy•v•w–â‘èŒ¤‹†‰ÆE‰ª–ì‚ ‚Â‚±‚³‚ñ‚ªƒAƒhƒoƒCƒXz,https://news.yahoo.co.jp/articles/38484753881b0bb1d6a33afabd2751be756cd978,No date found
maidonans,‚Ü‚¢‚Ç‚Èƒjƒ…[ƒX,º—DE‰“–ì‚Ğ‚©‚é‚³‚ñ@Ê^W‚ª”­”„Œˆ’è@…’…‚É‰’§íA–³–h”õ‚È•”‰®’…p‚à,https://news.yahoo.co.jp/articles/ee82af539ff01b2fed037f1afc6def58ab62c813,No date found
maidonans,‚Ü‚¢‚Ç‚Èƒjƒ…[ƒX,• ‚ğ‹ó‚©‚¹‚½–ìŒ¢‚ªŠO”L‚ğP‚¤@˜a‰ÌR‚ÅŒJ‚è•Ô‚³‚ê‚é”ß‚µ‚İ@•¡”‚Ì•ÛŒìŒ¢”L’c‘Ì‚ª˜AŒg‚µ‚Ä‰ğŒˆ‚ğ–Íõ,https://news.yahoo.co.jp/articles/a9dabe7609d9601c6925dc5a1b33f6bb8e8e8989,No date found
maidonans,‚Ü‚¢‚Ç‚Èƒjƒ…[ƒX,“¬•a’†‚àuƒLƒŒƒCv’Ç‹c‚ª‚ñ‚Å–S‚­‚È‚Á‚½42Î‚Ì”ü—eŠO‰Èˆã@ƒuƒƒO‚Å–¾‚é‚­”­M‘±‚¯AÅŒã‚Í”ŠÔ‚©‚¯‚Ä·•M,https://news.yahoo.co.jp/articles/d26c4164e6a652bbcb2bf5abb2a7f8535f8e5898,No date found
maidonans,‚Ü‚¢‚Ç‚Èƒjƒ…[ƒX,u‚±‚Ìq‚Í—v‚ç‚È‚¢‚Ìv”ˆç•úŠü‚Ì‚—î‚Ì”‚¢åA‚Ü‚³‚©‚ÌˆêŒ¾@•ÛŒì‚³‚ê‚½ƒVƒjƒAŒ¢‚Íˆ¤›g‚½‚Á‚Õ‚è¨’N‚©‚ç‚àˆ¤‚³‚ê‚é‘¶İ‚É,https://news.yahoo.co.jp/articles/26d3e6a4b1c483bec9300694f723dd5bb41c9cdf,No date found
maidonans,‚Ü‚¢‚Ç‚Èƒjƒ…[ƒX,•ÓŒ©‚¦‚İ‚è47ÎAƒm[ƒXƒŠ[ƒu‚©‚ç“ñ‚Ì˜r‚Ì‚¼‚­u‰Ä‚Á‚ÛvƒR[ƒf‚ğ”â˜Iu‚¢‚ÂŒ©‚Ä‚à–{“–‚ÉãY—ívu‚¨—‡‚¢‚Å‚·v,https://news.yahoo.co.jp/articles/a4d6be4362f3afa68f209af46bc6e0f4a5bd6188,No date found
maidonans,‚Ü‚¢‚Ç‚Èƒjƒ…[ƒX,y—v’ˆÓz‰J‚Ì“ú‚Í–ŒÌ‚ª‹N‚±‚è‚¢‚â‚·‚¢IH@’m‚Á‚Ä‚¨‚«‚½‚¢ˆÀ‘S‰^“]‚Ì‚½‚ß‚Ìg5‚Â‚Ì”éŒh,https://news.yahoo.co.jp/articles/cfe9e4f2128b928af1678457c73296dccec16ce9,No date found
maidonans,‚Ü‚¢‚Ç‚Èƒjƒ…[ƒX,u•”‰®Š±‚µLv‚ğ–h‚®‚É‚Ícô‘ó•¨‚ªŠ£‚­‚Ü‚Å‚Ìƒ^ƒCƒ€ƒŠƒ~ƒbƒg‚Í5ŠÔˆÈ“àIH@ƒpƒiƒ\ƒjƒbƒN‚ª‹³‚¦‚éA”~‰J‚ÌŠ£‘‡ƒeƒNƒjƒbƒN,https://news.yahoo.co.jp/articles/9f43c56ca5ce007b076d33adc88db3f6cd8c77a8,No date found
maidonans,‚Ü‚¢‚Ç‚Èƒjƒ…[ƒX,u‘S—Í‚Å•@ƒYƒ{‚·‚é•¶’¹vIH‚¢‚¢‚È`‚Æ‘A‚Ü‚µ‚ª‚él‘±ou“ªŠÛ‚²‚Æ“ü‚Á‚Ä‚éwv,https://news.yahoo.co.jp/articles/6ed1f23a71d90c7f9aa64c81e926efac101ab48c,No date found
maidonans,‚Ü‚¢‚Ç‚Èƒjƒ…[ƒX,‚¤‚¾‚é‚æ‚¤‚È‹‚³‚Ì’†Aƒp[ƒLƒ“ƒOƒGƒŠƒA‚ÉÌ‚Ä‚ç‚ê‚Ä‚¢‚½5•C‚Ìq”L@¶‚«c‚Á‚½1•C‚ªK‚¹‚ğ‚Â‚©‚Ş‚Ü‚Å,https://news.yahoo.co.jp/articles/27aaf244b6d552d6feab0f599a5f600b814ac3c8,No date found
maidonans,‚Ü‚¢‚Ç‚Èƒjƒ…[ƒX,uqŒ¢‘ã‚â‚Á‚Ä‚½–‚ğ¡‚â‚ç‚ê‚Ä‚évó‚¯Œp‚ª‚ê‚éÄŒ¢‚Ì‰Âˆ¤‚¢s“®@u—D‚µ‚¢q‚É‚È‚Á‚Ä‚Ëv,https://news.yahoo.co.jp/articles/f74f1cbc24dae791919092884222e66736356bb1,No date found
maidonans,‚Ü‚¢‚Ç‚Èƒjƒ…[ƒX,u‹KŠiŠO‚ÉƒfƒJ‚­‚È‚Á‚½vƒ`ƒƒ‚³‚ñ‚É‹Á‚«Iu•Ä‚Æ‹U‚Á‚Ä‚à‚¢‚¯‚»‚¤‚Å‚·‚Ëv,https://news.yahoo.co.jp/articles/94d56696efddbe702bcc7f492b2c678a0899400a,No date found
maidonans,‚Ü‚¢‚Ç‚Èƒjƒ…[ƒX,uÅ‹ßA•v•w’‡‚ª‚æ‚­‚È‚¢v‚ÆŠ´‚¶‚é‚ ‚È‚½‚Öcu˜b‚µ‡‚¢‚©‚çn‚ß‚Ä‚İ‚Ü‚µ‚å‚¤v@ŠÖŒW‰ü‘P‚ÌƒAƒvƒ[ƒ`A•v•wƒJƒEƒ“ƒZƒ‰[‚©‚ç‚ÌƒAƒhƒoƒCƒX,https://news.yahoo.co.jp/articles/16a737ac634083d7b777dc7fe928f2fa36a51273,No date found
maidonans,‚Ü‚¢‚Ç‚Èƒjƒ…[ƒX,y–Ÿ‰æzuŒ³‹C‚¾‚æv“ø‚Ì‹´‚ğ“n‚Á‚½ƒyƒbƒg‚½‚¿‚©‚ç‚ÌƒƒbƒZ[ƒW‚Æ‚ÍHu°‚ê‚½‹ó‚ğŒ©ã‚°‚éŠy‚µ‚İ‚ª‘‚¦‚Ü‚µ‚½v,https://news.yahoo.co.jp/articles/75a9843aed117beee1f3a8c77a70ca372df2261c,No date found
maidonans,‚Ü‚¢‚Ç‚Èƒjƒ…[ƒX,ƒJƒ‰[‚ğŠO‚µ‚½‚±‚Æ‚ª‚È‚¢ƒ~ƒ~‚¿‚á‚ñ@u‹·‚¢ƒGƒŠƒA‚Å¶‚Ü‚ê‚Ä¶‚«‰„‚Ñ‚Ä‚«‚½”Lv‚ª’¼–Ê‚µ‚Ä‚¢‚é—û,https://news.yahoo.co.jp/articles/70f6ea0ec45c2220b35c781d204de297b7395908,No date found
maidonans,‚Ü‚¢‚Ç‚Èƒjƒ…[ƒX,uX‚ÆTwitter‚ª‘åŒ–‰ÜIHvƒXƒ}ƒz‰æ–Ê‚É‹N‚±‚Á‚½‹Á‚«‚Ì–‘Ô‚ÉA‘åŠì—˜‚ª‚í‚«‚ ‚ª‚é,https://news.yahoo.co.jp/articles/b50fbcf3d9b6eebdbde9a05ee05b823c244eb26d,No date found
maidonans,‚Ü‚¢‚Ç‚Èƒjƒ…[ƒX,¬4‘§q‚ªA’j«‹³t‚Ìˆç‹x‚ÉuM‚¶‚ç‚ê‚È‚¢Iv¨‚»‚ÌŒ¾—t‚Ì^ˆÓ‚Éu’©‚©‚ç—Üo‚½vÌ^‚Ì—’,https://news.yahoo.co.jp/articles/a946a6df5502fd0e4a338867500ca9190e708690,No date found
maidonans,‚Ü‚¢‚Ç‚Èƒjƒ…[ƒX,y“VË‚·‚¬‚éIz23–{‚ÌƒŠƒR[ƒ_[‚Å©ì‚µ‚½uƒpƒCƒvƒIƒ‹ƒKƒ“v‚ª‘å”½‹¿@‹ÁˆÙ‚Ì”­‘z‚Æ‚»‚Ì»ì‰ß’öc‘nìŠyŠí‚ğè‚ª‚¯‚é‰¹Šy‰Æ‚É•·‚¢‚½,https://news.yahoo.co.jp/articles/2464606a7925f2a57933c35deb764a346939901e,No date found
maidonans,‚Ü‚¢‚Ç‚Èƒjƒ…[ƒX,u‚È‚º‚©“¯‚¶ƒ^ƒCƒ~ƒ“ƒO‚Åw’Évc‘oq‚Ìo–…‚ª“¯‚¶“ú‚Éq‚Ç‚àoY@‚Z‘ã‚Íƒ\ƒtƒgƒeƒjƒX‚ÌƒyƒA‚Å‚àŠˆ–ô,https://news.yahoo.co.jp/articles/c8b0f6702d64e3b53ab34a85cdffea9e86b7f318,No date found
maidonans,‚Ü‚¢‚Ç‚Èƒjƒ…[ƒX,u›˜i‚Ş‚­‚¢‚Êjv‚Æ‚ÍHu‚±‚ñ‚ÈŠ¿š‚ ‚Á‚½‚ñ‚¾Ivu‚Ü‚³‚É‚¤‚¿‚ÌŒ¢v“Še‚É‚à‚Ó‚à‚Ó‚ª‘åW‡,https://news.yahoo.co.jp/articles/d842c03876ecd7fe9ee8638682e61c9648e6e016,No date found
maidonans,‚Ü‚¢‚Ç‚Èƒjƒ…[ƒX,•@…‚ğ‚½‚ç‚µA•‚¢–Ñ‚ÍÔ’ƒF‚É•ÏF@Hê’n‘Ñ‚É‚¢‚½ƒ{ƒƒ{ƒ‚Ì”LA•ÛŒì‚³‚ê‚é‚Æc‚Ó‚ñ‚í‚è’·–Ñ‚ÌƒCƒPƒƒ“”L‚É,https://news.yahoo.co.jp/articles/ae32762c03b0afd4cb403dfa24dcbc384f06d8e1,No date found
maidonans,‚Ü‚¢‚Ç‚Èƒjƒ…[ƒX,‚±‚ê‚Íƒjƒƒ‚ñ‚¾H@lŠÔ‚Ìw‚Éñ‚ğ‚©‚µ‚°‚½q”L@–ì¶–¡‹­‚ß‚Ì«Ši‚©‚çˆê“]AK‚¹‚Â‚©‚ñ‚Å—D‚µ‚¢Šç‚É,https://news.yahoo.co.jp/articles/e0bb835fa85f90d48c7a8fca93ae177f96aea30f,No date found
maidonans,‚Ü‚¢‚Ç‚Èƒjƒ…[ƒX,V¥—·s‚Í555“úŠÔ‚Ì¢ŠEˆêü@‘u‚â‚©ƒJƒbƒvƒ‹c‹A‘‚É‚ÍA‚·‚Á‚©‚èƒƒCƒ‹ƒh‚É,https://news.yahoo.co.jp/articles/63500239412025950deb836e5cd49b9d51bb081a,No date found
maidonans,‚Ü‚¢‚Ç‚Èƒjƒ…[ƒX,”L‚³‚ñAu‚È‚º‘«‚ğ‚»‚±‚É‚­‚Á‚Â‚¯‚Ä‚¢‚é‚ÌHvU•à‚Åo‰ï‚Á‚½”L‚Ì“äs“®‚É”šÎ,https://news.yahoo.co.jp/articles/836f13277aa631f3c4013c28582fed77ac461688,No date found
maidonans,‚Ü‚¢‚Ç‚Èƒjƒ…[ƒX,40Î——D‚ÌuƒZ[ƒ‰[ƒ€[ƒ“vƒRƒXƒvƒŒ@Ì^‚Æˆá˜aŠ´‚Åƒlƒbƒg‘›‘R@ u‰Âˆ¤‚·‚¬‚évu‚¨d’u‚«‚¾‚¯‚Å‚ÍÏ‚Ü‚³‚ê‚È‚¢Š´‚¶iÎjv,https://news.yahoo.co.jp/articles/243d9f16941dd42fa3c6cb28d631d6aec85df8ba,No date found
maidonans,‚Ü‚¢‚Ç‚Èƒjƒ…[ƒX,l‹C”o—D‚ªŒöŠJ‚µ‚½g‘SgÊ^h‚Éƒlƒbƒg‚´‚í‚Â‚­@u‚Ç[‚È‚Á‚Ä‚ñ‚ÌIHHvuŠç‚¿‚Á‚¿‚á[v,https://news.yahoo.co.jp/articles/dfde7daa26b96b2c8e4904960507199bf2288841,No date found
maidonans,‚Ü‚¢‚Ç‚Èƒjƒ…[ƒX,u‚²—˜‰v‚ ‚è‚»‚¤v”DP’†‚Ì‚¨Î‚¢Œ|lA¡‚µ‚©‚Å‚«‚È‚¢ƒRƒXƒvƒŒ”â˜I¨SNS‚Å‚Íu‘Ò‚¿ó‚¯‚É‚µ‚½v‚Ìº‚à,https://news.yahoo.co.jp/articles/5bf1d18793c049259a65c2dee700729d5a09c060,No date found
maidonans,‚Ü‚¢‚Ç‚Èƒjƒ…[ƒX,2024”N–â‘è‚à’¼Œ‚ICŠw—·s‚Ì‘İØƒoƒX‚ªè”z•s”\‚ÉcuƒoƒX‰^“]è‚ªŒ¸‚Á‚Ä‚¢‚­–¢—ˆv‚ğƒf[ƒ^‚ÍŒê‚é,https://news.yahoo.co.jp/articles/a1f54cac84c243a1219fdf727b9e092dceffafcd,No date found
maidonans,‚Ü‚¢‚Ç‚Èƒjƒ…[ƒX,ƒƒCƒp[‚ğ“®‚©‚·‚Æˆø‚Á‚©‚©‚Á‚ÄuƒKƒKƒKƒbcv©‚»‚ñ‚ÈuƒrƒrƒŠv‚ğ¡‚·‚®~‚ß‚½‚¢I@Œ»–ğ®”õm‚ª‹³‚¦‚ég‘Îˆ–@h,https://news.yahoo.co.jp/articles/98643c7e85af052079b7f9b19e281d4dd930655c,No date found
maidonans,‚Ü‚¢‚Ç‚Èƒjƒ…[ƒX,u’†¬Šé‹Æf’fmv‘Šiæ“¾‚µƒLƒƒƒŠƒAƒ`ƒFƒ“ƒWI Œšİ‹Æ¨ƒRƒ“ƒTƒ‹‚É“]E‚µ”NûƒAƒbƒv¨‚»‚µ‚Ä“Æ—§@g¬Œ÷‚Ì”éŒh‚ğ•·‚¢‚Ä‚İ‚½,https://news.yahoo.co.jp/articles/847f96d310dc76711460154bd0eaf938b6ad0e07,No date found
maidonans,‚Ü‚¢‚Ç‚Èƒjƒ…[ƒX,ƒKƒVƒƒƒKƒVƒƒƒ“I¨ÄŒ¢u‚¨‚¶‚¢‚³‚ñ‚ªcƒƒ“ƒƒ“v‚²‹ßŠ‚³‚ñ‚ÌŠëŒ¯‚ğ@’mA–i‚¦‚Ä’m‚ç‚¹‚½u‚¨è•¿ƒƒ“‚¿‚á‚ñv‚ÉÌ^‚Ìº,https://news.yahoo.co.jp/articles/e69fc921d436bd721f1887e65f00424a0a7ddb83,No date found
maidonans,‚Ü‚¢‚Ç‚Èƒjƒ…[ƒX,U•à‚µ‚Ä‚½‚çuŒF‚ª‚¢‚é‚¼AÔ‚Éæ‚êv‚ÆŒ©’m‚ç‚Ê‚¨‚¶‚³‚ñcçSçO‚·‚é‰É‚Í‚È‚©‚Á‚½@‚ ‚È‚½‚È‚ç‚Ç‚¤‚·‚éHu—U‰û‚Ìè–@‚â‚Á‚½‚ç•|‚·‚¬‚év,https://news.yahoo.co.jp/articles/7bd30170248d77b05a5f2ba3f027e5eb079dba14,No date found
maidonans,‚Ü‚¢‚Ç‚Èƒjƒ…[ƒX,•v‚Ì‚±‚Æ‚ÍD‚«‚¾‚¯‚Çcu•s–‚ÉŠ´‚¶‚é‚Æ‚±‚ëv@3ˆÊ‚Íu˜b‚ğ•·‚©‚È‚¢vA2ˆÊ‚Íu—D‚µ‚³‚ª‘«‚è‚È‚¢v,https://news.yahoo.co.jp/articles/8505968bd4749dd65165aff06ec2afca5723e8a0,No date found
maidonans,‚Ü‚¢‚Ç‚Èƒjƒ…[ƒX,ƒRƒƒiŒã‚É‘‚¦‚Ä‚¢‚éu6Œ•avcŒÇ—§‚µ‚½S‚ğx‚¦‚éu–K–âŠÅŒìƒXƒe[ƒVƒ‡ƒ“v‚Ìæ‚è‘g‚İ‚ÆAƒPƒA‚ÌˆÓ‹`‚Æ‚Í,https://news.yahoo.co.jp/articles/abc88522fe659162bdf7dfbd02a630bfc866a6a9,No date found
maidonans,‚Ü‚¢‚Ç‚Èƒjƒ…[ƒX,u‚¦HƒXƒiƒbƒN‚Ìƒ}ƒ}‚ÉàY‚ğ‚ ‚°‚½‚¢HvˆâY•ªŠ„Œã‚ÉŒ©‚Â‚©‚Á‚½•ƒ‚ÌˆâŒ¾‘@u‚Ü‚³‚©•s—ÏŠÖŒW‚¾‚Á‚½‚çcvÕŒ‚‚Ì“à—e‚Æ‘Î‰ôys­‘m‚ª‰ğàz,https://news.yahoo.co.jp/articles/779fd854aa89c880bf65f2c027301091d03ad9c5,No date found
maidonans,‚Ü‚¢‚Ç‚Èƒjƒ…[ƒX,u•”‰®‚É”­¶‚µ‚Ä‚¢‚½‹•‹óv‚Ì³‘Ì‚ÍcH@“ä‚Ì‰Âˆ¤‚ç‚µ‚³‚É”½‹¿u‰Æ’ë“àƒuƒjƒƒƒbƒNƒz[ƒ‹v,https://news.yahoo.co.jp/articles/f787d399c95119936c9b74befe764a548ab15ac2,No date found
maidonans,‚Ü‚¢‚Ç‚Èƒjƒ…[ƒX,u•v‚Æ‰½“ú‚àŒû‚ğ—˜‚¢‚Ä‚¢‚È‚¢cv•v•wŒ–‰ÜŒã‚ÉA–³‹‚³‚ê‘±‚¯‚Ä”Y‚Ş‚ ‚È‚½‚Öu‚±‚Ì‚Ü‚Ü—£¥‚·‚é‚µ‚©‚ ‚è‚Ü‚¹‚ñ‚©Hvyê–å‰Æ‚ªƒAƒhƒoƒCƒXz,https://news.yahoo.co.jp/articles/ce3b26baa53763bf5b61bfa9b11175574ce95f5c,No date found
maidonans,‚Ü‚¢‚Ç‚Èƒjƒ…[ƒX,˜b‘è‚ÌTikTokerE‚ ‚©‚¹‚ ‚©‚è‚³‚ñ@‚Ó‚ñ‚í‚èƒoƒXƒg•“§–¾Š´MAX‚Ì…’…p@ƒhƒ‰ƒ}u‰Ôç•‘v‚Ì‘}“ü‰Ì‚àƒŠƒŠ[ƒX,https://news.yahoo.co.jp/articles/1fc14d75118423c1ebcbb551be128032f3060b31,No date found
maidonans,‚Ü‚¢‚Ç‚Èƒjƒ…[ƒX,u’p‚¶‚ç‚¢ƒoƒj[ƒK[ƒ‹v‚ÅƒoƒYƒb‚½TikToker‚Æ‚«‚¿‚á‚ñ@—d‰ƒoƒXƒg‚â“÷Œúƒqƒbƒv‚ğÅ‘å˜Io@1stÊ^W‚Í‘Ì“–‚½‚èƒVƒ‡ƒbƒg–Ú,https://news.yahoo.co.jp/articles/00602b8122088eb26666ec45786173f3058f8980,No date found
maidonans,‚Ü‚¢‚Ç‚Èƒjƒ…[ƒX,u‚È‚©‚È‚©‰Æ‘°‚ªŒˆ‚Ü‚ç‚È‚¢q‚Á‚ÄA‘Ò‚Á‚Ä‚¢‚él‚ª‚¢‚é‚ñ‚¾‚æ‚Ëv‚ ‚è‚Ì‚Ü‚Ü‚ğˆ¤‚µ‚Ä‚Ù‚µ‚¢cO–Ñ”LEƒ~[ƒi‚¿‚á‚ñ‚ªŒ©‚Â‚¯‚½Ô‚¢…,https://news.yahoo.co.jp/articles/790b1940422146d906751c9e226360a0b6e2e4e3,No date found
maidonans,‚Ü‚¢‚Ç‚Èƒjƒ…[ƒX,HIKAKIN‚Í2ˆÊcuD‚«‚ÈYouTubervƒ‰ƒ“ƒLƒ“ƒO@1ˆÊ‚Íƒƒ“ƒo[‘Sˆõ‚ªˆ¤’mŒ§og‚Ì6l‘gƒOƒ‹[ƒv,https://news.yahoo.co.jp/articles/358109f12ac98ee4f66389f6b0db7e8992fb40fd,No date found
maidonans,‚Ü‚¢‚Ç‚Èƒjƒ…[ƒX,ƒeƒiƒ“ƒgƒrƒ‹‚Å‘‚¦‘±‚¯‚éŠO”L@Œš•¨“à‚Í•³”A‚ÌL‚¢@u–ì—Ç”Lƒrƒ‹v13•C‚ÌˆêÄ•ÛŒì‚ªn‚Ü‚Á‚½,https://news.yahoo.co.jp/articles/9393dcd0bf6760a3c3613b7a9aeb97d91d36c2ff,No date found
maidonans,‚Ü‚¢‚Ç‚Èƒjƒ…[ƒX,uh”‘æ‚Ì•z’c‚©‚È‚è•|‚©‚Á‚½‚ÈvˆÃˆÅ‚Ì’†A‚¸‚ç‚è‚Æ•~‚©‚ê‚½”’‚¢•z’c‚É‹°•|cu’N‚©Q‚Ä‚éŠ´‚¶vuˆÃˆÅ‚É‚±‚ê‚¾‚Æv,https://news.yahoo.co.jp/articles/a42cdf67724dc316e92f96ad1b9e16266aae3b03,No date found
maidonans,‚Ü‚¢‚Ç‚Èƒjƒ…[ƒX,’ëæ‚Å¶‚Ü‚ê‚½q”L@¬‚³‚È–½‚ğ‹º‚©‚·”L“`õ«• –Œ‰Š‚ğŠ³‚Á‚Ä‚¢‚½@84“úŠÔ‚Ì¡—ÃŒã‚ÉŠïÕ‚ÌŠ°‰ğ@‚»‚µ‚ÄV‚µ‚¢‰Æ‘°‚Ì‚«‚¸‚È,https://news.yahoo.co.jp/articles/129609df4903c1c7abe1f0a5ea4e5e658b5cc7ae,No date found
maidonans,‚Ü‚¢‚Ç‚Èƒjƒ…[ƒX,l‹C—«YouTuberA•Ò‚İã‚°ƒhƒŒƒX‚Å”ü”w’†‚ğ”â˜Iu‚Æ‚Á‚Ä‚àãY—ívuŠç‚¿‚¢‚³‚·‚¬Iv,https://news.yahoo.co.jp/articles/4d260f2e540c41fa98359e5f3579d9b165fe1ddc,No date found
maidonans,‚Ü‚¢‚Ç‚Èƒjƒ…[ƒX,İ’†‘“ú–{‘ågŠÙ‚ª”¼Šøu–\Š¿‚©‚çç‚Á‚Ä‚­‚ê‚½v“ú–{l•êqPŒ‚”Æ‚ÉhE‚³‚ê‚½’†‘l—«‚ğ’Ç“‰u”ñí‚Éc”Ov,https://news.yahoo.co.jp/articles/a25494bc0cae4b153493511e085887f32176a8dd,No date found
maidonans,‚Ü‚¢‚Ç‚Èƒjƒ…[ƒX,Œ´“_‚Í‘åã‹…ê‚ÅŒ©‚½u]‰Ä‚Ì21‹…vc—q–ì‹…‚Ì”­“Wx‚¦‚éŒ³“ú–{‘ã•\“ŠèE”ª–Ø‹vmq‚³‚ñ@30Î‚Å’§‚ñ‚¾g‚à‚¤‚Ğ‚Æ‚Â‚Ì–²h‚Ì“’B“_,https://news.yahoo.co.jp/articles/015026d044125d15a2df157e6d0ed45e4c8d602c,No date found
maidonans,‚Ü‚¢‚Ç‚Èƒjƒ…[ƒX,yƒLƒbƒ`ƒ“‚ ‚é‚ ‚éz—â‘ ŒÉ‚ÅŠúŒÀ‚ğØ‚ç‚µ‚ª‚¿‚ÈHŞE’²–¡—¿ƒ‰ƒ“ƒLƒ“ƒOc2ˆÊ‚Íu”[“¤vA@”[“¾‚Ì1ˆÊ‚ÍH,https://news.yahoo.co.jp/articles/5dff343cbe47932471ab831e1c2aa5196ec62913,No date found
maidonans,‚Ü‚¢‚Ç‚Èƒjƒ…[ƒX,ƒGƒT‚ğ‹‚ß‚ÄƒRƒ“ƒrƒj‚ÉŒ»‚ê‚½ŠO”L‚½‚¿@‹ß—×‚ÌƒGƒT‚â‚è‚³‚ñ‚Ì€‹‚ª——R‚¾‚Á‚½@‚ ‚éƒ{ƒ‰ƒ“ƒeƒBƒA‚Ì1”N‚É‚í‚½‚éTNRŠˆ“®,https://news.yahoo.co.jp/articles/15208b631c26216081a1821f0d08327c9cf65ae7,No date found
maidonans,‚Ü‚¢‚Ç‚Èƒjƒ…[ƒX,Œğ’Ê–ŒÌ‚É‘˜‚¢A”‡‚¢‚Â‚­‚Î‚Á‚Ä“¦‚°‚é”L@u‚È‚ñ‚Æ‚©‹~‚¢‚½‚¢A‚Å‚à¡—Ã”ï‚ªo‚¹‚È‚¢vc—E‹C‚ ‚éŒˆ’f‚ª‚à‚½‚ç‚µ‚½gŠïÕh,https://news.yahoo.co.jp/articles/1b24527a6ed342608d8ed1217e0275f6e4f005b8,No date found
maidonans,‚Ü‚¢‚Ç‚Èƒjƒ…[ƒX,u‚Æ‚±‚ë‚Å‚¨‘O’N‚¾‚Á‚¯v32”N‚Ô‚è‚ÉÄ‰ï‚µ‚½“¯‹‰¶‚ª‹Á‚­•Ï–e‚Ô‚è@18Îu‚ß‚Á‚¿‚áƒCƒPƒƒ“v¨50Îu‚·‚²‚¢ŠÑ˜\v,https://news.yahoo.co.jp/articles/fe5430893a452b5824d6168a951357f2200abce4,No date found
maidonans,‚Ü‚¢‚Ç‚Èƒjƒ…[ƒX,‚®‚É‚á‚ñ‚®‚É‚á‚ñ¨‚®‚Å‚ñIH@¶Œã10ƒJŒ‚Ì—‚Ìq‚ªH‚×‚È‚ª‚çQ—‚¿c‡–‚‚ÉŸ‚Ä‚È‚¢p‚ª256–œ‰ñÄ¶u’´‚©‚í‚¢‚¢Iv,https://news.yahoo.co.jp/articles/08588dc73e9b86226c33f4907dabf00a0470066b,No date found
maidonans,‚Ü‚¢‚Ç‚Èƒjƒ…[ƒX,u‰´‚É‚Å‚«‚Ä‘å’JãÄ•½‚É‚Å‚«‚È‚¢‚±‚Æv“Še‚³‚ê‚½Ê^‚É‚Íc‚±‚ê‚Íˆê–{æ‚ç‚ê‚½I,https://news.yahoo.co.jp/articles/37fe2c2091acff0eec96691055d5665d9686b2db,No date found
maidonans,‚Ü‚¢‚Ç‚Èƒjƒ…[ƒX,‚¨‚É‚¬‚è‚Íuƒ‰ƒbƒvv‚Å‚Í‚È‚­uƒAƒ‹ƒ~ƒzƒCƒ‹v‚Å•ï‚ñ‚Å‚İ‚Ä@ƒxƒ`ƒƒ‚Â‚©‚È‚¢‚¨‚¢‚µ‚³‚Ì——RAƒ[ƒJ[‚ª‰ğà,https://news.yahoo.co.jp/articles/2feb6a6884dcfd17a13ac85e53df0a46664ad732,No date found
maidonans,‚Ü‚¢‚Ç‚Èƒjƒ…[ƒX,u‹Ê‚Ë‚¬ŠÛ‚²‚Æ1ŒÂ‚ÅAƒƒCƒ“‚Ì‚¨‚©‚¸‚É‚È‚é‚Ì‚Í•‚©‚è‚Ü‚·IvcƒŒƒ“ƒW‚ÅŠÈ’PI‹Ê‚Ë‚¬‚ğgÅ‹­‚É”ü–¡‚µ‚­H‚×‚éƒŒƒVƒsh‚É’–Ú,https://news.yahoo.co.jp/articles/6698e5aa439d9cae3fd18fc163280065f1a40d60,No date found
maidonans,‚Ü‚¢‚Ç‚Èƒjƒ…[ƒX,‰¡’f•à“¹uÎ‚ßv‚É‚µ‚Ä‚İ‚½‚ç–ŒÌŒ¸­IH@‰¡’f’†‚Ì•àsÒ‚É‹C‚Ã‚«‚â‚·‚­cˆ¤’mŒ§u‰sŠp‰¡’f•à“¹v‚Ì•sv‹c,https://news.yahoo.co.jp/articles/8967b21dcddd55bd3074e7d5e2dc06919b4baafb,No date found
maidonans,‚Ü‚¢‚Ç‚Èƒjƒ…[ƒX,è—zŒ¬ƒVƒEƒ}ƒC•Ù“–u‚ ‚È‚½‚ÌH‚×•û‚ÍHvæ‘ãĞ’·‚Íuc’u‚«‚²”Ñè‘OŒ^v‚Å22èAŒ»Ğ’·‚Íu‰¡’u‚«‚²”Ñ‰EŒ^v‚Å44è,https://news.yahoo.co.jp/articles/70fef8c1c9c78e4f8db5f8d2698fe751ac532ddd,No date found
maidonans,‚Ü‚¢‚Ç‚Èƒjƒ…[ƒX,ƒLƒ““÷ƒ}ƒ“EVƒVƒŠ[ƒYuŠ®àø’´ln‘c•Òv•ú‘—‘O‚É’m‚Á‚Ä‚¨‚«‚½‚¢cƒuƒƒbƒPƒ“Jr.‚Ì‹ŒƒVƒŠ[ƒY‚Å‚Ì”M‚¢“¬‚¢‚Ì‹OÕ,https://news.yahoo.co.jp/articles/e72610fcc643c5dd25ad3848d2b2144ee55a34cd,No date found
maidonans,‚Ü‚¢‚Ç‚Èƒjƒ…[ƒX,‚ ‚Ìu‹Iƒm‘‰®ƒGƒRƒoƒbƒOv‚Éc‰H“c‹ó`ŒÀ’èƒo[ƒWƒ‡ƒ“‚ª“oê@“ú–{’n}•”òs‹@ƒfƒUƒCƒ“A‚¿è‚Ì’·‚³‚Í’²ß‰Â”\,https://news.yahoo.co.jp/articles/6b9dd371eb0eee53dd2f2202f20eb8598eb27fe9,No date found
maidonans,‚Ü‚¢‚Ç‚Èƒjƒ…[ƒX,Œ¤ƒiƒIƒRAƒhƒ‰ƒSƒ“ƒ{[ƒ‹‚Ìl‹CƒLƒƒƒ‰‚ÉŒƒ•ÏI‚È‚Ì‚Éu‚·‚®ƒoƒŒ‚évu‚¢‚âŠ®¬“x‚‚¢wv,https://news.yahoo.co.jp/articles/fcab5b1adf55841d2784477b517d8587cf490b51,No date found
maidonans,‚Ü‚¢‚Ç‚Èƒjƒ…[ƒX,ƒGƒAƒRƒ“‚ğ‚Â‚¯‚½‚ÉŠ´‚¶‚éƒCƒ„‚ÈL‚¢c‚»‚ê‚ÍƒJƒr‚Ì”­¶‚ªŒ´ˆö‚©‚à@”~‰J‚Ì‚¢‚Ü‚±‚»c^‰Ä‚ğ‘O‚Éƒƒ“ƒeƒiƒ“ƒX‚ğ,https://news.yahoo.co.jp/articles/7ee884bfee1c9713c4317e21fc5823392cbaefb0,No date found
maidonans,‚Ü‚¢‚Ç‚Èƒjƒ…[ƒX,ƒ^ƒoƒR‚ª‚¢‚­‚ç’lã‚ª‚è‚µ‚½‚ç‹Ö‰Œ‚·‚éHc10l‚É1l‚Íu‚¢‚­‚ç‚É‚È‚Á‚Ä‚à‚â‚ß‚È‚¢v@‹i‰ŒÒ200l‚É’²¸,https://news.yahoo.co.jp/articles/f2177b1c9467259cd33f0e923207eca923923697,No date found
maidonans,‚Ü‚¢‚Ç‚Èƒjƒ…[ƒX,uƒVƒ‡[ƒVƒƒƒ“ƒN‚Ì‹ó‚Évå‰‰‚µ‚½87Î‚Æ65Î@ƒXƒLƒ“ƒwƒbƒhAƒVƒ‹ƒo[ƒwƒA‚Ì2ƒVƒ‡ƒbƒgu’·¶‚«‚µ‚ÄvuˆÌ‘å‚È2lv,https://news.yahoo.co.jp/articles/dccc471deb2dddd3b4d7803590a283be1482d2b9,No date found
maidonans,‚Ü‚¢‚Ç‚Èƒjƒ…[ƒX,ƒ}ƒ}‚İ‚½‚¢‚ÉAƒ{ƒN‚à‚ ‚°‚½‚¢‚Èc‹ƒ‚¢‚Ä‚¢‚é0Î’í‚ÉA2Î’·’j‚Ìs“®‚ª—D‚µ‚·‚¬‚é u‘f“G‚È‚¨ŒZ‚¿‚á‚ñIvuˆ¤‚ªˆì‚ê‚Ä‚év,https://news.yahoo.co.jp/articles/7532e2af1bd99a9742c7e1cde743392e91a0e3b1,No date found
maidonans,‚Ü‚¢‚Ç‚Èƒjƒ…[ƒX,‘å’J‚Ìˆ¤Œ¢ƒfƒRƒsƒ“‚ª”w•‰‚Á‚Ä‚¢‚½uƒ‰ƒ“ƒhƒZƒ‹vA‘å”½‹¿‚ğó‚¯Ä”Ì”„Œˆ’è@ƒ[ƒJ[u‚Æ‚Ä‚àŠğ‚µ‚¢v,https://news.yahoo.co.jp/articles/f59cd3db83fc87f47239369bb115cb334346b946,No date found
maidonans,‚Ü‚¢‚Ç‚Èƒjƒ…[ƒX,Œã‚ğâ‚½‚È‚¢‰Äê‚ÌuÔ“à‚Ö‚Ìq‚Ç‚àæ‚èc‚µvcŒx‹’¡‚È‚Ç‚ª’ˆÓŠ«‹NAq‚Ç‚à‚ª‚Å‚«‚éSOS‚Ìè–@‚àĞ‰î,https://news.yahoo.co.jp/articles/cfcf3f41ba745700c3c45ce96a83dc2a2ebc7f21,No date found
maidonans,‚Ü‚¢‚Ç‚Èƒjƒ…[ƒX,ŠÏ‹qÈ‚Å‘ºã@—²‘Iè‚ğ”­Œ©cH¨u‰Z“ñ‚Âvu‡ƒTƒ{‚Á‚Ä‰‰‡‚É‰ñ‚Á‚Ä‚Ä‘vƒlƒbƒg‘å·‚èã‚ª‚èySNS‚É~—Õ‚µ‚½–{l‚É˜b‚ğ•·‚¢‚½z,https://news.yahoo.co.jp/articles/6dc14066e045e603c987ec106829c7b0669bd212,No date found
maidonans,‚Ü‚¢‚Ç‚Èƒjƒ…[ƒX,y–Ÿ‰æzuŒ™‚È‚±‚Æ‚ğŒ¾‚í‚ê‚Ä‚à‚È‚ºAÅ‰‚É“{‚ê‚È‚¢‚Ì‚©Hv‚ğŠG‚Å}‰ğ¨‚È‚é‚Ù‚ÇIuS‚Ì•‰’Sƒ[ƒ^[v‚ªã‚ª‚Á‚Ä‚¢‚­‚ñ‚Å‚·‚Ë,https://news.yahoo.co.jp/articles/4dae6d5c9442655a4931d543da26265f92316cbe,No date found
maidonans,‚Ü‚¢‚Ç‚Èƒjƒ…[ƒX,y–Ÿ‰æzlŠÔ‚Ì’í‚Ì–Ê“|‚ÍŒ©‚È‚¢”Lc‚Å‚àAqˆç‚Ä‚Í‰‰‡‚µ‚Ä‚éHuƒcƒ“ƒfƒŒ‚È—D‚µ‚³”­ŠövuoŒäcIv,https://news.yahoo.co.jp/articles/e7c04c41fe36e88d310e26501d0fb80a88803a77,No date found
maidonans,‚Ü‚¢‚Ç‚Èƒjƒ…[ƒX,‚ˆêƒ~ƒXƒRƒ“ƒOƒ‰ƒ“ƒvƒŠEç—t—S—[‚³‚ñ‚ª‚®‚Á‚Æ‘ål‚É@‘ålƒOƒ‰ƒrƒA‚Å‰ƒqƒbƒv‚ğ‘å’_”â˜I,https://news.yahoo.co.jp/articles/1edfaf820f546db05e9c2cfe20b79f8cfe2223a7,No date found
maidonans,‚Ü‚¢‚Ç‚Èƒjƒ…[ƒX,‚ ‚Ç‚¯‚È‚¢‚Ì‚ÉƒOƒ‰ƒ}ƒ‰ƒX@——D‘å‰€‚İ‚ä‚¤‚³‚ñ@ƒ`ƒ…[ƒuƒgƒbƒv‚ÌƒrƒLƒjp‚ÉƒhƒLƒb,https://news.yahoo.co.jp/articles/e385ecd590646af6118c6c6818a4584173fd5b67,No date found
maidonans,‚Ü‚¢‚Ç‚Èƒjƒ…[ƒX,ƒAƒjƒ‚â–Ÿ‰æ‚É“oê‚·‚éuÅ‹­‚¾‚Æv‚¤Œ•mƒLƒƒƒ‰ƒNƒ^[v@”ê‘ºŒ•SAƒƒƒmƒAEƒ]ƒ‚ğ’´‚¦‚½1ˆÊ‚Í,https://news.yahoo.co.jp/articles/690f838a4d44a4a9fa5723da6310fb564b4a3a32,No date found
maidonans,‚Ü‚¢‚Ç‚Èƒjƒ…[ƒX,l‹C‚¨Î‚¢Œ|lA10ƒJŒ‚ÅƒoƒLƒoƒL‚Ì“÷‘Ì•¸‚©‚ñ‚ÈŠç‚Â‚«‚ÉŒƒ•Ï@ƒlƒbƒg‹Áœ±uƒ}ƒW‚Åª«‚ ‚é‚Èvu‘¸Œh‚·‚év,https://news.yahoo.co.jp/articles/f6225527b2608e0c1995baf04be566072b0c76c0,No date found
maidonans,‚Ü‚¢‚Ç‚Èƒjƒ…[ƒX,“Sò‚É‹r‚ªh‚³‚è“®‚¯‚È‚­‚È‚Á‚½•”L@Œ}‚¦“ü‚ê‚é‚½‚ßƒyƒbƒg‰Â•¨Œ‚Éˆø‚Á‰z‚µ‚½—«@Ô‚¢…‚ÅŒ‹‚Î‚ê‚Ä‚¢‚½‚ñ‚¾‚Ë,https://news.yahoo.co.jp/articles/cc53e4b6922b6fdadf7a4b60bf83386638183ed5,No date found
maidonans,‚Ü‚¢‚Ç‚Èƒjƒ…[ƒX,u”w’†‚Î‚Á‚­‚èƒ„ƒo‚¢cvTWICEEƒ‚ƒ‚A”üƒ{ƒfƒBày—ôIƒŠƒ{ƒ“‚ÅŒ‹‚ñ‚¾ƒLƒƒƒ~ƒ\[ƒ‹‚Å”ü”w’†‚ ‚ç‚íuƒXƒ^ƒCƒ‹—Ç‚·‚¬v,https://news.yahoo.co.jp/articles/b9a655e9a09cfbb05b569670a89ec8dd96734749,No date found
maidonans,‚Ü‚¢‚Ç‚Èƒjƒ…[ƒX,u‚È‚ñ‚»‚êv”‚¢å‚à‹Á‚«I‚Â‚Üæ—§‚¿‚Å‚¨‚â‚ÂH‚×‚é”L‚³‚ñu‘O‰qŒ|pƒpƒtƒH[ƒ}ƒ“ƒXvu‚µ‚Á‚Û‚Ìƒ‰ƒCƒ“‚ª‚Ü‚½‹Éãv,https://news.yahoo.co.jp/articles/eef57a0274756d2f646539c9b3992bc9646c464f,No date found
maidonans,‚Ü‚¢‚Ç‚Èƒjƒ…[ƒX,–Àq‚É‚È‚Á‚½”‚¢”L@Œü‚©‚Á‚½æ‚É‚Í‚»‚Á‚­‚è‚ÌƒLƒWƒgƒ‰ŠO”L‚ª‚¢‚Á‚Ï‚¢@Œˆ‚ßè‚Æ‚È‚Á‚½u‚Ü‚ñŠÛ‚Ìèv‚¾‚Á‚½,https://news.yahoo.co.jp/articles/5c535bd8b019e0035222251dd356ccb94a6dbc52,No date found
maidonans,‚Ü‚¢‚Ç‚Èƒjƒ…[ƒX,ƒmƒŠƒmƒŠ‚Å—x‚éƒIƒEƒ€‚É‹Á‚«I‚»‚Î‚É‚Í‹•–³Šç‚ÅŒ©ç‚éŒ¢‚³‚ñuƒAƒCƒhƒ‹ƒ’ƒ^ƒN‚ÆƒCƒxƒ“ƒgƒXƒ^ƒbƒtwv,https://news.yahoo.co.jp/articles/1f1a7dba915ce824cdfa9a163d338584f4488d63,No date found
maidonans,‚Ü‚¢‚Ç‚Èƒjƒ…[ƒX,‘åãsÁ–h‹Çu‹~‹}‘à‚ÌƒRƒ“ƒrƒj—˜—p‚É‚²—‰ğ‚ğv¨ƒlƒbƒg^“¯A˜J‚¢‚Ìº‚àu‘àˆõ‚àlŠÔ‚Å‚·vu“°X‚Æg‚Á‚Äv,https://news.yahoo.co.jp/articles/fbc98c082944908b0dea7500e8b71e8bf0388b43,No date found
maidonans,‚Ü‚¢‚Ç‚Èƒjƒ…[ƒX,ƒsƒ“‚Æ‚­‚é‚Ì‚ÍŠÖ¼‚¾‚¯H•‘‘ä‚Ìãè‰ºèA‚ ‚éŠo‚¦•û‚ÉSNS‚Å”½‹¿uo‚³‚ñ‚ª‚Ô‚Â‚©‚é•û‚ªãèvu¼“ú–{‚Ì–¯—p‚Ì—á‚¦v,https://news.yahoo.co.jp/articles/c4aff4a93c2684af146aa032b4773d434ab767bd,No date found
maidonans,‚Ü‚¢‚Ç‚Èƒjƒ…[ƒX,uƒ~ƒƒ[ƒ~ƒƒ[‚¤‚é‚³‚¢‚©‚ç”‚¤‚±‚Æ‚É‚µ‚½‚ñ‚â‚Åve‚ğ–S‚­‚µ‚½q”L‚ğ•ÛŒì@ƒlƒbƒg–¯‚Ì•Œ¾‚Æ—ã‚Ü‚µ‚ªE“u‚»‚Ì”L‚ÍƒLƒ~‚É‚µ‚©”‚¦‚È‚©‚Á‚½‚ñ‚â‚ÅIv,https://news.yahoo.co.jp/articles/b96b999026c2b4c747fabb79f9a9079f7577ef6a,No date found
maidonans,‚Ü‚¢‚Ç‚Èƒjƒ…[ƒX,F‚Æ‚è‚Ç‚è‚Ìƒƒ{ƒbƒgì•i‚ª‘S•”A‚Í‚³‚İ1–{‚ÅIH@‚Ü‚³‚©‚Ì‘fŞ‚Åì‚éƒA[ƒgì•iA‰ªR‚Å‰ŒÂ“W,https://news.yahoo.co.jp/articles/b96b416bd9b944b24c067834d2b57ee7b43924cf,No date found
maidonans,‚Ü‚¢‚Ç‚Èƒjƒ…[ƒX,•ê”L‚Æ‚Í‚®‚ê‚½•sˆÀ‚°‚Èq”L@—D‚µ‚¢•ÛŒìå‚³‚ñ‚Æ‚Ìo‰ï‚¢‚ª‰^–½‚ğ•Ï‚¦‚½,https://news.yahoo.co.jp/articles/55c5a6f51788e808ae4bd29a420cfe8f15563e54,No date found
maidonans,‚Ü‚¢‚Ç‚Èƒjƒ…[ƒX,‹­§‘Ş‹‚ÅA‰Æ‹ï‚Ì·‚µ‰Ÿ‚³‚¦‚És‚­‚Æc15•C‚ÌŒ¢”L‚ª’u‚«‹‚è‚É@•³”A‚Ì“õ‚¢‚ª•@‚ğ‚Â‚­¦S‚ÈŒ»ê‚É‹Á‚«,https://news.yahoo.co.jp/articles/fb9901283d687a7867456850cf8f4938c4a1ed00,No date found
maidonans,‚Ü‚¢‚Ç‚Èƒjƒ…[ƒX,•ÛŒì”LƒVƒFƒ‹ƒ^[‚É“Ë‘RŒ»‚ê‚½”LAƒKƒ‰ƒX‘‹‚©‚ç’†‚ğŒ©‚Ä‚¢‚½¨‚²‚Í‚ñ‚ğ‚ ‚°‚é‚ÆƒKƒcƒKƒcA•G‚Ìã‚ª‘åD‚«‚É,https://news.yahoo.co.jp/articles/7981c6e8b27b045390aed07b9f1ebf66e9fb8255,No date found
maidonans,‚Ü‚¢‚Ç‚Èƒjƒ…[ƒX,‚—î‚Ì”‚¢å‚ª‹~‹}”À‘—A‹A‚ç‚Êl‚Æ‚È‚èc‚³‚ê‚½”L¨V‚µ‚¢”‚¢å‚ÌŒ³‚Ö@•ÛŒì’c‘Ìu“]‚Î‚Êæ‚Ìñ‚Ìˆ¤î‚ğv,https://news.yahoo.co.jp/articles/2ed2cbb61970236491ba797f210eb302813df2a8,No date found
maidonans,‚Ü‚¢‚Ç‚Èƒjƒ…[ƒX,uƒŠƒ“ƒSƒWƒ…[ƒXˆù‚ñ‚¾‚çv‚Ü‚³‚©‚Ì—ˆ‹q‚ªƒRƒ“ƒjƒ`ƒnu“cÉ‚ ‚é‚ ‚évu‚±‚ñ‚È‚¨èŒyƒgƒ‰ƒbƒv‚Åcv,https://news.yahoo.co.jp/articles/7a589ac4441e305e1b347b27b4fbeac78329915e,No date found
maidonans,‚Ü‚¢‚Ç‚Èƒjƒ…[ƒX,u”û–Ñ‚ªˆóÛ“I‚ÈŒ|”\lv‚Æ‚¢‚¦‚Îc—«Œ|”\l1ˆÊ‚ÍuˆäãçŠyvA’j«Œ|”\l‚Ì1ˆÊ‚ÍH,https://news.yahoo.co.jp/articles/d7f7be2aad7695c5e0d02e5c46901743d9f59d85,No date found
maidonans,‚Ü‚¢‚Ç‚Èƒjƒ…[ƒX,“Ø“÷‚Ì”–Ø‚è‚Å’ZŠÔ•ŠÈ’P‚Èu‚­‚é‚­‚éƒ`ƒƒ[ƒVƒ…[vcgƒAƒŒh‚ğg‚¤‚¾‚¯‚ÅA‚¤‚Ü–¡‚ğ“¦‚ª‚³‚¸ƒWƒ…[ƒV[‚ÉI,https://news.yahoo.co.jp/articles/1d3ff3fd886f9b33eca525ee16d56f997e4263d1,No date found
maidonans,‚Ü‚¢‚Ç‚Èƒjƒ…[ƒX,‚¨•Ù“–‚ª‚İ‚â‚·‚¢‰Ä‚ÉcƒT[ƒ‚ƒX‚ª“`ö‚·‚éuƒX[ƒvƒWƒƒ[‚Æ•Û‰·•Ù“–” ‚Ì³‚µ‚¢g‚¢•ûv,https://news.yahoo.co.jp/articles/9eb8badbe41e5101ad019d79cbc126f1365094cc,No date found
maidonans,‚Ü‚¢‚Ç‚Èƒjƒ…[ƒX,y1500‰~‚Ì’j‚Ìƒƒ}ƒ“zƒgƒ~ƒJ•Ÿ‘Ü‚Ì’†g‚É714–œl‚ª‹»–¡’ÃXu‚±‚¤‚¢‚¤‚Ì–²‚ª‚ ‚é‚æ‚ËIv,https://news.yahoo.co.jp/articles/1dc60c5a8c3f17669c011dde0f264fc884d67361,No date found
maidonans,‚Ü‚¢‚Ç‚Èƒjƒ…[ƒX,©†ŒoŒ±‚Ì‚ ‚é—«‚É•·‚¢‚½u—¿—‚ğ‚·‚éÛA“Á‚ÉƒXƒgƒŒƒX‚ğŠ´‚¶‚éuŠÔv@2ˆÊ‚ÍuŒã•Ğ•t‚¯‚ğ‚·‚é‚Æ‚«v,https://news.yahoo.co.jp/articles/4740aee17d6f08ca729d18ec5c2796dea2418990,No date found
maidonans,‚Ü‚¢‚Ç‚Èƒjƒ…[ƒX,‚æ‚­Œ©‚é‚Æu‚ñHvcƒgƒCƒv[‚É‚È‚è‚·‚Ü‚·ÄŒ¢‚Éu“¯‚¶’ƒFvuˆê–¡‚Æv‚Á‚Ä‚é‚ç‚µ‚¢v,https://news.yahoo.co.jp/articles/6b71a8a15bcc3884d7d79df88a471758071d608e,No date found
maidonans,‚Ü‚¢‚Ç‚Èƒjƒ…[ƒX,q‚Ç‚à‚Ìæ‚è•¨u‚Éc2ü‚Å400c‚¦‚ñcv‚±‚ñ‚È‚Æ‚±‚ë‚É‚à•¨‰¿‚u‚»‚µ‚Äq‚Í‚à‚¤ˆê‰ñIvi‹ƒj,https://news.yahoo.co.jp/articles/f5236fa06bfb903e6cc5b82ced70bdd4666ab1ba,No date found
maidonans,‚Ü‚¢‚Ç‚Èƒjƒ…[ƒX,R‚Å‚·‚êˆá‚¤l‚Ç‚¤‚µu‚±‚ñ‚É‚¿‚Ív‚Æˆ¥A‚·‚é‚Ì‚Í‚È‚ºH@À‚Í–œ‘‹¤’Ê‚ÌKŠµcg‘˜“ï–h~h‚ÉˆÓŠO‚ÈŒø‰Ê,https://news.yahoo.co.jp/articles/93cd4172fb70ab16e278ec8d1bac6405350b0993,No date found
maidonans,‚Ü‚¢‚Ç‚Èƒjƒ…[ƒX,u•|‚¢‚©H„‚Ìƒx[ƒOƒ‹‚ÌË”\‚ªvãY—í‚ÈÄ‚«F‚ÌŠ®àø‚Èƒx[ƒOƒ‹‚Éu‚à‚Á‚¿‚è‚µ‚Ä‚Ä”ü–¡‚µ‚»‚¤v‚ÆÌ^‚Ìº,https://news.yahoo.co.jp/articles/3ec8730d600acc95eaf945acf3b1107b12e2b934,No date found
maidonans,‚Ü‚¢‚Ç‚Èƒjƒ…[ƒX,‰Æ‚Ås•û•s–¾‚É‚È‚Á‚½q”Lc‚¦H‚±‚ñ‚È‚Æ‚±‚ë‚ÉI@u”L‚ ‚é‚ ‚évuˆÃ‚­‚Ä‹·‚­‚Ä‘åD‚«‚ÈêŠv,https://news.yahoo.co.jp/articles/c596d6d03ec318acf5124c53903607d4447417c9,No date found
maidonans,‚Ü‚¢‚Ç‚Èƒjƒ…[ƒX,•ƒ‚Ìˆâ•iuŠJ‚©‚¸‚Ì‹àŒÉv‚©‚çcŒ»‹à100–œ‰~‚ªo‚Ä‚«‚½I‚±‚Ì‚¨‹à‚Í‚à‚ç‚Á‚Ä‚¢‚¢‚ÌHys­‘m‚ª‰ğàz,https://news.yahoo.co.jp/articles/d315ccb33b16d65b334414a9329f2bdbb8b205b6,No date found
maidonans,‚Ü‚¢‚Ç‚Èƒjƒ…[ƒX,ÄŒÙ—p‚Å‹‹—¿íŒ¸A6Š„’ö“x‚Éu’è”NŒã‚Í‚±‚ñ‚È‚à‚Ì‚È‚Ì‚Å‚µ‚å‚¤‚©vyĞ˜Jm‚ª‰ğàz,https://news.yahoo.co.jp/articles/3bac61f838f2615552bb4dbb5dd3951a9bc699b5,No date found
maidonans,‚Ü‚¢‚Ç‚Èƒjƒ…[ƒX,w–¼’T’ãƒRƒiƒ“x‚Ì–¼Œ¾‚Å¼‹\“d˜b‚ğŒ‚‘ŞcŒx@‚ğéx‚é‘Šè‚É”­‚µ‚½ˆêŒ¾‚Æ‚ÍIH,https://news.yahoo.co.jp/articles/c06f2c6231c770465e8d099fc57c97d4d5dfffa1,No date found
maidonans,‚Ü‚¢‚Ç‚Èƒjƒ…[ƒX,¬1‚Ì‰QŠÏ“úu‚ ‚Á‹³‰È‘‚ğ–Y‚ê‚Ä‚¢‚éq‚ªv¨’ˆÓ‚³‚ê‚é‚Ì‚Å‚Í‚Æƒnƒ‰ƒnƒ‰‚µ‚½‚çcæ¶‚Ì‘Î‰‚Éuƒvƒ‚Ì‹³ˆçÒvuƒvƒ‰ƒCƒhç‚Á‚Ä‚­‚ê‚Ä‚év,https://news.yahoo.co.jp/articles/a4bd9e4b27ba9bb53f330b795092ffcadf0dd8e1,No date found
maidonans,‚Ü‚¢‚Ç‚Èƒjƒ…[ƒX,uŠï‚Ì–¡vu‚¨‚¼‚¾‚±–¡‚À‚³‚·vc“ä‚Ì“ú–{Œê‚ª‘‚©‚ê‚½’†‘H•i‚ªƒAƒƒŠƒJ‚Å”­Œ©‚³‚ê˜b‘è‚É@ˆÓ–¡‚ÍH–¡‚ÍHl@‘±X,https://news.yahoo.co.jp/articles/9642d93f7f4ec3bbc2f28d315a72c1bd6bf306a5,No date found
maidonans,‚Ü‚¢‚Ç‚Èƒjƒ…[ƒX,‚ ‚È‚½‚ÌŒã‚ë‚É‚àH˜Hã‚ÅŠ´‚¶‚½‹ü‚Ì³‘Ì‚Éœ±‘Rcuƒ`ƒ“ƒAƒiƒS‚İ‚½‚¢vu—Ç‚¢–‚ ‚é‚©‚àv,https://news.yahoo.co.jp/articles/5ba3b9f1933bd1325b43ba37974c37bb37367a2d,No date found
maidonans,‚Ü‚¢‚Ç‚Èƒjƒ…[ƒX,IƒJƒbƒvƒoƒXƒg‚Ì˜a’n‚Â‚©‚³‚³‚ñ ‰Ê^W‚Åˆê…‚Ü‚Æ‚í‚ÊŒÀŠE˜Io uƒzƒeƒ‹‚ÌƒV[ƒ“‚ÍŠ®‘S‚ÉgƒGƒ‰»h‚µ‚Ä‚Ü‚µ‚½vu”„‚ê‚È‚«‚áƒ„ƒo‚¢v,https://news.yahoo.co.jp/articles/f55d116d30268072d2642e99d2fc8544129bb685,No date found
maidonans,‚Ü‚¢‚Ç‚Èƒjƒ…[ƒX,ƒRƒXƒvƒŒƒCƒ„[ˆÉD‚à‚¦‚³‚ñ@ƒEƒGƒXƒgi‚è‚ñ‚¾”üƒ{ƒfƒB”â˜I@ƒ_ƒCƒGƒbƒg’§í‚Íu‰ß‹Å‘å’l‚É‚È‚Á‚Ä‚¢‚Äw‚â‚×‚¦cx‚Æv,https://news.yahoo.co.jp/articles/d6f121e8b3bdfe97f253ee2a66ace11cc28399b0,No date found
maidonans,‚Ü‚¢‚Ç‚Èƒjƒ…[ƒX,‚·‚×‚Ä‚Í“¹’·’Ç‚¢—‚Æ‚µ‚Ì‚½‚ß@‰A–d‚É‘–‚Á‚½“¡Œ´ˆÉüE—²‰ÆŒZ’í@‰A—ztA‘m—µAh—jt‚È‚Ç‚¤‚²‚ß‚¢‚½‹M‘°Ğ‰ï‚ÌˆÅ,https://news.yahoo.co.jp/articles/d17f83aea5433b7d23ad81a3656ae1025b0f3e76,No date found
maidonans,‚Ü‚¢‚Ç‚Èƒjƒ…[ƒX,©ìe‚Ì‚µŒ‚‚¿‚Å”L‚ğ•W“I‚É@’j‚É‰º‚³‚ê‚½”»Œˆ‚Í@‚¯‚ª‚ğ‚µ‚½”L‚Í‚¢‚Ü‚Ç‚¤‚µ‚Ä‚éH,https://news.yahoo.co.jp/articles/d456d4e7f2d2de8393faf3632349dafd1322af8d,No date found
maidonans,‚Ü‚¢‚Ç‚Èƒjƒ…[ƒX,u‰“—¶v‚ğ’m‚ç‚È‚¢ĞŒğ«”²ŒQ‚ÅŠO”L@”LƒJƒtƒF‚Åˆê–Ú‚Ú‚ê‚³‚ê—¢e‚³‚ñ‚Ì‰Æ‚Ö@æZŒ¢‚âæZ”L‚Æ‚Ì‘Š«‚Í,https://news.yahoo.co.jp/articles/0bb403dede74c13f0dd0d62c920a2a59be2476bd,No date found
maidonans,‚Ü‚¢‚Ç‚Èƒjƒ…[ƒX,‚¨‘|œƒƒ{ƒbƒg‚ğæ‚è‚±‚È‚·”L‚³‚ñu“®‚­‚µŠy‚µ‚¢v©•ª‚Åƒ{ƒ^ƒ“‚ğ‰Ÿ‚·‚±‚Æ‚àIH,https://news.yahoo.co.jp/articles/1635d61de2d6f1daedc4c6d9d1377cfebf12c701,No date found
maidonans,‚Ü‚¢‚Ç‚Èƒjƒ…[ƒX,¢ŠE‚É‚P‘ä‚µ‚©‚È‚¢Iƒxƒeƒ‰ƒ“‰Æ‹ïEl‚ªƒLƒbƒg‚ğƒx[ƒX‚Éu–Ø»ƒJ[v‚ğ»ì@‚V‚O”N‰z‚µ‚Ì–²‚ğŠ‚¦‚é,https://news.yahoo.co.jp/articles/b8cab061ea9f84267e33735e8dcbdeebe204bc4c,No date found
maidonans,‚Ü‚¢‚Ç‚Èƒjƒ…[ƒX,u“‚é‚È‚æIv‚²‚Í‚ñ‚ğ•K€‚Åç‚éƒ`ƒ“ƒ`ƒ‰‚ª‰Âˆ¤‚¢u¬‚³‚¢‚¨‚Ä‚Ä‚ÅŠí‚ğˆÚ“®v–ˆ“ú‚Ìs“®‚É‹Á‚«,https://news.yahoo.co.jp/articles/23bb64acbb8927df4b3fcb9122edb8f2432489a8,No date found
maidonans,‚Ü‚¢‚Ç‚Èƒjƒ…[ƒX,u‰º’Ãˆä‚ğƒoƒCƒND‚«‚Ì¹’n‚É‚µ‚½‚¢v@º“àƒKƒŒ[ƒW‚P‚O‘ä•ªAˆ¤Ô’­‚ß‚È‚ª‚çŒê‚è‡‚¦‚éˆê“‘İ‚µ‚Ìh‚ª‚VŒƒI[ƒvƒ“,https://news.yahoo.co.jp/articles/d7c7cc57b3e4dcc4a8333de9f406146880a77f04,No date found
maidonans,‚Ü‚¢‚Ç‚Èƒjƒ…[ƒX,1•C‚Ü‚½1•C@ƒGƒT–Ú“–‚Ä‚É’ë‚ÉŒ»‚ê‚é”L‚½‚¿@u•s”Dèp‚ğ‚µ‚È‚¯‚ê‚Îv@‰Æå‚Ìv‚¢‚ğó‚¯7•C‚ÌTNR‚ªn‚Ü‚Á‚½,https://news.yahoo.co.jp/articles/d225c24a373914b26018e5483a5c55ec4ea97219,No date found
maidonans,‚Ü‚¢‚Ç‚Èƒjƒ…[ƒX,50•CˆÈã‚ÌƒAƒƒVƒ‡‚ÆƒAƒƒVƒ‡MIX‚Ì‘½“ª”ˆç•ö‰ó@‚Ş‚²‚¢Œ»ê‚É‚àu‰Âˆ¤‚¢‚ªæ‚Év‚ÆÎ‚¤ƒAƒjƒ}ƒ‹ƒz[ƒ_[‚Ìª[‚¢ˆÅ,https://news.yahoo.co.jp/articles/eafcb038b478849966906b349efd02c1b5b23ac6,No date found
maidonans,‚Ü‚¢‚Ç‚Èƒjƒ…[ƒX,u¡‚·‚®•ø‚Á‚±‚µ‚ÄIv‚¢‚Á‚Æ‚«‚Å‚à‘Ò‚Â‚Ì‚ªŒ™‚È”L‚³‚ñA”‚¢å‚ğŒ©ã‚°‚é“{‚è‚Ì–Ú‚ª‰Âˆ¤‚·‚¬,https://news.yahoo.co.jp/articles/f6a69cfbfeb6683823ec31f24e3ea25b181bcecd,No date found
maidonans,‚Ü‚¢‚Ç‚Èƒjƒ…[ƒX,uYouTube‚Ìg‚¢•û‚ªãè‚¢‚¨Î‚¢Œ|l‚Ìƒ`ƒƒƒ“ƒlƒ‹vƒ‰ƒ“ƒLƒ“ƒO@1ˆÊ‚Í“Åã‚ª˜b‘è‚ğW‚ß‚é‚¨Î‚¢Œ|l‚Ìƒ`ƒƒƒ“ƒlƒ‹A2ˆÊˆÈ~‚à”[“¾H,https://news.yahoo.co.jp/articles/59c3302072f9383ba7e52fb54f97286671575130,No date found
maidonans,‚Ü‚¢‚Ç‚Èƒjƒ…[ƒX,“ú–{—·s‚Ì–£—Í‚Íu…‘°ŠÙv‚âu“®•¨‰€v‚É‚à@‘ä˜plE`l‚Ì8Š„‹­u–K“ú’†‚É“®•¨‚ªŒ©‚ç‚ê‚éêŠ‚És‚«‚½‚¢v,https://news.yahoo.co.jp/articles/bd60e7e7c9c6e2ecfbfe12cf05b815a780ee7e30,No date found
maidonans,‚Ü‚¢‚Ç‚Èƒjƒ…[ƒX,”‚¢å‚ª‹­§‘Ş‹A·‚µ‰Ÿ‚³‚¦‚ç‚ê‚½”L‚½‚¿‚Íc@‚R•C‚Ì”L‚ª‚½‚Ç‚Á‚½”Šï‚È‰^–½,https://news.yahoo.co.jp/articles/589ac84c61ce000b84da0b8163feb0c7ec1d97df,No date found
maidonans,‚Ü‚¢‚Ç‚Èƒjƒ…[ƒX,u•b‚Å”š—âv‚Å‚«‚éIcVŠ´Šo‚Ìƒ[ƒLƒ“ƒOƒxƒXƒg‚ª’a¶@ì‹ÆŒ»ê‚È‚Ç‚Å‘å‚«‚È˜b‘è‚É,https://news.yahoo.co.jp/articles/d2fac876878f811de7381d96a1805d1e0d9b3aa4,No date found
maidonans,‚Ü‚¢‚Ç‚Èƒjƒ…[ƒX,u–ğ–ƒ{ƒfƒB[vƒvƒm‚Ì‰ª“cÑ‰À‚ª”²ŒQƒXƒ^ƒCƒ‹‘SgƒVƒ‡ƒbƒg“ŠeA”ü‹r‚à‚ ‚ç‚í‚É uˆß‘•—‡‚¢‚·‚¬v‚ÆD•],https://news.yahoo.co.jp/articles/663411d0203594eec734e6fe3927b98f9712c606,No date found
maidonans,‚Ü‚¢‚Ç‚Èƒjƒ…[ƒX,’©H‚µ‚Á‚©‚èÛ‚Á‚Ä‚éH¨4l‚É3l‚ªu‚Ù‚Ú–ˆ“úÛ‚Á‚Ä‚¢‚év@’©H‚ÅH‚×‚é‚à‚Ì‚Íuƒpƒ“Œn‚ÌH–v‚ªÅ‘½,https://news.yahoo.co.jp/articles/37440fe924a8b5d92d0c18c8b47098ee58aaa878,No date found
maidonans,‚Ü‚¢‚Ç‚Èƒjƒ…[ƒX,ƒ}ƒ_ƒj‘Îô‚Æ‚µ‚ÄƒAƒEƒgƒhƒA‚Å˜b‘è‚Ì’œ‚¯c¡A‘‚¦‚Ä‚¢‚éƒgƒRƒWƒ‰ƒ~‚É‚à–ğ—§‚ÂIH@’‘Îô‚ğ»–ò‰ïĞ‚É•·‚¢‚½,https://news.yahoo.co.jp/articles/b7f40d938842934d9d91c0fd11be1e2439d740eb,No date found
maidonans,‚Ü‚¢‚Ç‚Èƒjƒ…[ƒX,oYŒã‚Ì‚¨•ê‚³‚ñ‚Ö“Á•Ê‚È‘¡‚è•¨cqˆç‚Äƒ}ƒ}‚ç‚ª‘n‚éu¬à‚Â‚«ƒR[ƒq[v‚±‚Ì‰Ä”Ì”„@u©•ª‚ÉŠÒ‚é‚Ğ‚Æ‚Æ‚«‚ğ“Í‚¯‚½‚¢v,https://news.yahoo.co.jp/articles/2868e08d73c5991f0ddcb4fff7babce9c0de682b,No date found
maidonans,‚Ü‚¢‚Ç‚Èƒjƒ…[ƒX,–Z‚µ‚¢ƒAƒs[ƒ‹‚·‚é•v‚ÉA7Î–ºuƒ}ƒ}‚ª–ˆ“ú‚Ç‚Ì‚­‚ç‚¢‚¨‘|œ‚µ‚Ä‚é‚©‚µ‚Á‚Ä‚éHv@‚»‚ÌŠÏ@Šá‚ÉŠ´“®uS‹­‚¢–¡•ûvu‚¿‚á‚ñ‚ÆŒ©‚Ä‚é‚ñ‚¾‚Ëv,https://news.yahoo.co.jp/articles/c8e5295f1c645e9183a3ba7716b0d51037956f9b,No date found
maidonans,‚Ü‚¢‚Ç‚Èƒjƒ…[ƒX,yƒJƒXƒnƒ‰z1”N‚Å11‰ñˆÈãó‚¯‚½‚±‚Æ‚ª‚ ‚él‚à@ó‚¯‚½ƒJƒXƒnƒ‰‚Ì“à—ec2ˆÊu–\Œ¾A”lºv,https://news.yahoo.co.jp/articles/0915df7f71acc66ecc0daa4e4af0569581de4011,No date found
maidonans,‚Ü‚¢‚Ç‚Èƒjƒ…[ƒX,”LƒXƒPƒbƒ`‚É‘§q‚³‚ñ‚ª‚ ‚é‚à‚Ì‚ğ•`‚«‘«‚·‚ÆcaV‚È–£—Í–Ú‚Ìu”L‚Ì“‡v‚ÉIH e‚àv‚í‚¸u‚Æ‚Ä‚àD‚«Iv,https://news.yahoo.co.jp/articles/6e95901ea1d538ee114d527a2cad109487e41e18,No date found
maidonans,‚Ü‚¢‚Ç‚Èƒjƒ…[ƒX,ƒpƒWƒƒƒ}p‚Å‹GßŠO‚ê‚Ìƒ^ƒPƒmƒRŠ ‚è‚ÖcŒyƒgƒ‰‚Éæ‚é•ƒ‚Ìp‚ÉíœÉ@–Æ‹–•Ô”[‚Ì‚½‚ßu“¯‹v‚ğ‘I‚ñ‚¾40‘ã’j«‚ÌŠoŒå,https://news.yahoo.co.jp/articles/00d67412cecb52d41c956e41f8ed165e8701ec3b,No date found
maidonans,‚Ü‚¢‚Ç‚Èƒjƒ…[ƒX,ƒjƒRƒjƒR‚²‹@Œ™‚È7ƒJŒ‚ÌÔ‚¿‚á‚ñ¨U‚è‚©‚¦‚Á‚½‚çcI@–Ú‚ğŒ©ŠJ‚¢‚ÄƒrƒbƒNƒŠuƒ}ƒ}‚¶‚á‚È‚©‚Á‚½‚Ì‚©‚ÈHvu‰Âˆ¤‚¢ÎŠçv,https://news.yahoo.co.jp/articles/0f0a797729c8fb7a6c025c29724f974c56244b75,No date found
maidonans,‚Ü‚¢‚Ç‚Èƒjƒ…[ƒX,ƒ”ƒBƒ“ƒe[ƒWƒfƒjƒ€‚ğ’E‚¢‚¾Ÿ“cˆ»”T‚³‚ñ@—d‰ƒ‰ƒ“ƒWƒFƒŠ[p‚Å–£—¹@uBLT MONSTER Round 2v‚É“oê,https://news.yahoo.co.jp/articles/b2731aaa0a1b3925dc724fc2b3884630388900c8,No date found
maidonans,‚Ü‚¢‚Ç‚Èƒjƒ…[ƒX,——D‘åŒFˆÇ—D‚³‚ñ@‚±‚ê‚Ü‚ÅŒ©‚¹‚È‚©‚Á‚½ƒAƒ“ƒjƒ…ƒC‚È•\î@uBLT MONSTER Round 2v‚É“oê,https://news.yahoo.co.jp/articles/dfa91762f4c806a5554e0159ed3c836bafe29fe1,No date found
maidonans,‚Ü‚¢‚Ç‚Èƒjƒ…[ƒX,ƒAƒCƒhƒ‹…–ì“µ‚³‚ñ‚Æ”g‘Å‚¿Û‚Å…—V‚Ñ@–³×‹C‚Èp‚ÉƒLƒ…ƒ“@uBLT MONSTER Round 2v‚É“oê,https://news.yahoo.co.jp/articles/4d6befc5ee947c8a59a16cd9db7b026098c3f20d,No date found
maidonans,‚Ü‚¢‚Ç‚Èƒjƒ…[ƒX,b—…‚Ì‚æ‚¤‚ÉŒÅ‚Ü‚Á‚½–Ñ‹Ê‚ğ”w•‰‚Á‚½ŠO”L@u•‚¯‚Ä‚ ‚°‚Äv‚ÆSOS@•‚ª‚È‚©‚Á‚½‚¨‚Î‚ ‚¿‚á‚ñ”L‚ÍˆÀZ‚Ì‰Æ‚ÉŒ}‚¦‚ç‚ê‚½,https://news.yahoo.co.jp/articles/cb5b7c195b961c181722b20dabaf02c4c58bcf2e,No date found
maidonans,‚Ü‚¢‚Ç‚Èƒjƒ…[ƒX,Œyƒgƒ‰‚É‚Í‚Ë‚ç‚ê‚½‘å‚¯‚ª‚ÌŠO”L@3ƒJŒ‚Ì“ü‰@¡—Ã‚ğŒo‚ÄK‚¹‚ğ‚Â‚©‚ñ‚¾@‘Š–_‚ÌæZ”L‚Æ•ø‚«‡‚¢–°‚é“úX,https://news.yahoo.co.jp/articles/cdbb1333593d009ca7ca379561256ad6ac6e5fa4,No date found
maidonans,‚Ü‚¢‚Ç‚Èƒjƒ…[ƒX,g”ü‚µ‚·‚¬‚é—q–ì‹…‘Ièh‚ÆŒÄ‚Î‚ê‚½29Î@‘u‚â‚©‚È”¯Œ`‚Éu‚ß‚¿‚á‚­‚¿‚á‰Âˆ¤‚¢vuJK‚İ‚½‚¢Iv,https://news.yahoo.co.jp/articles/0cba68a952c8e7ab45ed29421c514fbc759db4b6,No date found
maidonans,‚Ü‚¢‚Ç‚Èƒjƒ…[ƒX,‚¨“X‚Åˆù‚Ş‚æ‚¤‚Èu‚¨‚¢‚µ‚¢ƒnƒCƒ{[ƒ‹v‚ğ–¡‚í‚¢‚½‚¢cƒAƒTƒqƒr[ƒ‹’S“–Ò‚É•·‚¢‚½ƒ|ƒCƒ“ƒg‚ÆŠÈ’PƒAƒŒƒ“ƒW,https://news.yahoo.co.jp/articles/53af4d22457f0277dd15cc692222e3110b1cda55,No date found
maidonans,‚Ü‚¢‚Ç‚Èƒjƒ…[ƒX,‚ ‚ÌÁ‚µƒSƒ€‚ªƒAƒUƒ‰ƒV‚ÉIH@‚ ‚è‚»‚¤‚Å‚È‚©‚Á‚½p‚Éu“VË‚·‚¬‚Ü‚·v,https://news.yahoo.co.jp/articles/b6837b7f48e8f736a5f117c75f790f6c39443e62,No date found
maidonans,‚Ü‚¢‚Ç‚Èƒjƒ…[ƒX,Ô‚¿‚á‚ñ”L‚ğ•ÛŒìA‚Å‚àd–‚Åƒ~ƒ‹ƒN‚ª‚ ‚°‚ç‚ê‚È‚¢c@•‚¯‚ğ‹‚ß‚Ä–³–¬’·A‚µ‚å‚Ú‚ÚŠç‚©‚ç”ü”L‚É,https://news.yahoo.co.jp/articles/cc00e4b1aa5e64e9c043af8840697fbbddee3204,No date found
maidonans,‚Ü‚¢‚Ç‚Èƒjƒ…[ƒX,u×–‚‚µ‚È‚¢‚Å‚­‚¾‚³‚¢v‰f‰æuƒXƒ‰ƒ€ƒ_ƒ“ƒNv‚ğŒ©‚æ‚¤‚Æ‚µ‚½‚çA‘å‚«‚ÈŒ¢‚ªcuƒXƒŠƒ€ƒƒ“ƒR‚ğŒ©‚ëIv,https://news.yahoo.co.jp/articles/94c4e1fcba1f45e2ea3b9fe98feb17fc2fc14807,No date found
maidonans,‚Ü‚¢‚Ç‚Èƒjƒ…[ƒX,ulŠÔ‚ª•|‚¢‚ñ‚¾‚ë‚¤‚Èv‘½“ª”ˆç•ö‰ó‚©‚ç‹~o‚³‚ê‚½”LcƒpƒjƒbƒN‚â‰ßŒÄ‹z‚É¨30•CˆÈã‚ğƒVƒFƒ‹ƒ^[‚É•ÛŒì,https://news.yahoo.co.jp/articles/2f7dd5c547b3fbbc0a38eb8d53dee65928426c2c,No date found
maidonans,‚Ü‚¢‚Ç‚Èƒjƒ…[ƒX,”ò‚Ño‚µ‚½”‚¢”L@‰J‘±‚«‚Ì‚QTŠÔ‚Ì‘{õŒ€‚Ì––‚É–³–•ÛŒì@”æ‚êØ‚Á‚Ä–°‚é‘Ì‚ğ’‡—Ç‚µ‚Ìo–…”L‚ª—D‚µ‚­–Ñ‚Ã‚­‚ë‚¢,https://news.yahoo.co.jp/articles/d2387b8e316562e3857a5126dd8f2dcf7bd9fc02,No date found
maidonans,‚Ü‚¢‚Ç‚Èƒjƒ…[ƒX,3Î‘§q‚ÌƒgƒCƒŒƒgƒŒ[ƒjƒ“ƒO¨ƒ}ƒ}uŒ™‚ª‚ç‚¸‚És‚­‚É‚Ícv@ï–¡‘SŠJ‚ÌƒgƒCƒŒ‚Éƒpƒp‚ªˆø‚«A—F’B‚à‚Ñ‚Á‚­‚èu‚Æ‚Á‚Ä‚à‘f“G‚È‹óŠÔv,https://news.yahoo.co.jp/articles/cd80ea0e0332d76beb8423d10a013498c972f3d9,No date found
maidonans,‚Ü‚¢‚Ç‚Èƒjƒ…[ƒX,Ò‘‚É‘¹AƒIƒ€ƒc‚ªŒ‡‚©‚¹‚È‚¢”Lc‘Ï‚¦‚ç‚ê‚È‚­‚È‚Á‚½•ÛŒìå@ƒ{ƒ‰ƒ“ƒeƒBƒA‚ªˆø‚«æ‚èA–z•ú‚È«Ši‚ªŠJ‰Ô,https://news.yahoo.co.jp/articles/d17cb36cf5b574fe0e04cf8f91db880ecfa443f7,No date found
maidonans,‚Ü‚¢‚Ç‚Èƒjƒ…[ƒX,–ñ20”NŒo‚Á‚Ä–ì¶‚É–ß‚Á‚½cH@uˆ¤E’n‹…”vƒLƒƒƒ‰ƒNƒ^[‚Ìp‚É‹Á‚«,https://news.yahoo.co.jp/articles/aa10879d3d5452dc879836392d62c5e21ca2647e,No date found
maidonans,‚Ü‚¢‚Ç‚Èƒjƒ…[ƒX,’©—ç‚Æ’…‘Ö‚¦‚Ì‚½‚ß‚É’è‚æ‚è‚à30•ª‘‚­oĞ‚µ‚Ä‚¢‚Ü‚·B‚±‚ê‚Á‚Äc‹Æ‘ã‚Í‚à‚ç‚¦‚È‚¢‚Ì‚Å‚µ‚å‚¤‚©HyĞ˜Jm‚ª‰ğàz,https://news.yahoo.co.jp/articles/a00ebf484b98b1c19a090a22f359f6e3c21c5d71,No date found
maidonans,‚Ü‚¢‚Ç‚Èƒjƒ…[ƒX,‘ŠŸ‚®u—‹C—¬v‚É‚æ‚éq‹ó‹@–ŒÌ@5Œ‚É‚Í€Ò‚àcŒ»–ğCA‚ªŒê‚éA‹@“à‚Å‚Å‚«‚égˆÀ‘S‘Îôh‚Æ‚Í,https://news.yahoo.co.jp/articles/d90f2d696c322677a605195bd63b42fe5a7ec513,No date found
maidonans,‚Ü‚¢‚Ç‚Èƒjƒ…[ƒX,7Î‚Ì‘§q‚ª‚¨‚Æ‚È‚µ‚¢‚È‚Æv‚Á‚½‚çc‚±‚ñ‚ÈêŠ‚É‚¨ŠG•`‚«‚ğI u‚Ì‚Ñ‚Ì‚Ñƒ_ƒCƒiƒ~ƒbƒNvuÅŒã‚Ü‚Å‚â‚ç‚¹‚Ä‚ ‚°‚éƒ}ƒ}‚³‚ñ‚ª‘f“Gv,https://news.yahoo.co.jp/articles/e8f17f1d43d9c2a96239dc689b23d91550b75cd5,No date found
maidonans,‚Ü‚¢‚Ç‚Èƒjƒ…[ƒX,–x“c^—RAƒIƒ“”û•ƒm[ƒXƒŠ[ƒvƒƒ“ƒspu‚Í‚â‚ß‚Ì‰Ä‹x‚İvAƒAƒ“ƒ`ƒq[ƒ[‚©‚ç‘å’_ƒCƒƒ`ƒFƒ“u—‡‚Á‚Ä‚Ü‚·vu‰Âˆ¤‚·‚¬‚év,https://news.yahoo.co.jp/articles/52ff00368e7bca64dda49f01cfbd62cd44fd8ebd,No date found
maidonans,‚Ü‚¢‚Ç‚Èƒjƒ…[ƒX,¢ŠE‚ÌƒrƒWƒlƒX‚ÅA‰pŒê‚ª’Ê—p‚·‚é“ú–{l‚Í7“@‹Æ–±‚Å‚«‚éƒŒƒxƒ‹‚É–‚½‚È‚¢H@‘«‚ğˆø‚Á’£‚é–â‘è“_‚Í,https://news.yahoo.co.jp/articles/d87eb326e15549023f8d65691c67f6b46e734b45,No date found
maidonans,‚Ü‚¢‚Ç‚Èƒjƒ…[ƒX,ƒXƒv[ƒ“1–{‚ÅuƒgƒEƒ‚ƒƒRƒV‚Ì—±‚ªŠÈ’P‚ÉŠO‚¹‚évIHc”_—Ñ…YÈ‚ª‹³‚¦‚éƒ‰ƒCƒtƒnƒbƒN‚ÅA‚¨‚¢‚µ‚¢g—â»ƒ|ƒ^[ƒWƒ…h‚à‹CŒy‚É,https://news.yahoo.co.jp/articles/908033133150555a983556ccdce38a6e6b534e80,No date found
maidonans,‚Ü‚¢‚Ç‚Èƒjƒ…[ƒX,‹…ê‚ÅŠØ‘l‚É“Ë‘RƒXƒ}ƒz‚Ì‰æ–Ê‚ğŒ©‚¹‚ç‚êc–|–óƒAƒvƒŠ‚ÅŒğ—¬¨u•º–ğvŒã‚ÌÄ‰ï‚à–ñ‘©@ŠØ‘ƒtƒ@ƒ“‚©‚çŒ©‚½“ú–{–ì‹…‚Ì–£—Í‚Í,https://news.yahoo.co.jp/articles/3471f6e6b0a09cd5778da04c51b7308b6e50b186,No date found
maidonans,‚Ü‚¢‚Ç‚Èƒjƒ…[ƒX,•à‚¢‚½‚çs‚©‚ç5000‰~IH@u‚¤‚¿‚Ì©¡‘Ì‚à‚â‚Á‚Ä—~‚µ‚¢vu‘S‘“WŠJ‚ğv‹Á‚«‚ÌŒø‰Ê‚É‚Â‚¢‚ÄAs’·‚É•·‚¢‚½,https://news.yahoo.co.jp/articles/125208b77550be4b9a48aebc956b7e40c6f785fc,No date found
maidonans,‚Ü‚¢‚Ç‚Èƒjƒ…[ƒX,“Ë”@‚Ìƒsƒ“ƒ|ƒ“AƒhƒA‚ğŠJ‚¯‚é‚Æc’m‚ç‚È‚¢V1”N¶‚Ì—‚Ìq@‚©‚í‚¢‚¢‚¨Šè‚¢‚É‰õ‘øu©•ª‚à–À‚í‚¸—Í‚ğ‘İ‚µ‚Ä‚ ‚°‚½‚¢v,https://news.yahoo.co.jp/articles/b2c1ee62079ded8befd7a9cf159c9bd54a9d0205,No date found
maidonans,‚Ü‚¢‚Ç‚Èƒjƒ…[ƒX,’j«ãi‚ÉŠØ‘—·s‚És‚­‚Æ“`‚¦‚½‚çu–lƒpƒXƒ|[ƒg‚ğ‚Á‚Ä‚È‚¢v@‚»‚ÌŒ¾—t‚É—«‚ª‹°•|‚µ‚½——R‚Æ‚Í,https://news.yahoo.co.jp/articles/89217ff8b8195fd08cf157b6ba3d4a50aea6a217,No date found
maidonans,‚Ü‚¢‚Ç‚Èƒjƒ…[ƒX,‚Æ‚Â‚º‚ñŒ¢‚É‹ß‚Ã‚«AŒûŒ³‚Éè‚ğc@ƒIƒ„ƒcH“Å–òH‰½‚ğ‚ ‚°‚½‚©•·‚¢‚Ä‚à–³‹u‰ºè‚·‚é‚Æ–½‚ÉŠÖ‚í‚évuƒIƒ„ƒc‚ ‚°‚½‚©‚Á‚½‚ñ‚¾‚ë‚¤‚¯‚Çv,https://news.yahoo.co.jp/articles/1749d3f6ffec314703391debb347d35005f8bee4,No date found
maidonans,‚Ü‚¢‚Ç‚Èƒjƒ…[ƒX,í’n‚©‚ç‹AŠÒ‚µ‚½‘c•ƒA‘c•ê‚É‚ ‚Ä‚½è†‚Ì“à—e‚Íc@80”NŠÔ‘åØ‚É‚³‚êŠ»‚Öu‚¨‚¶‚¢‚¿‚á‚ñ‚ª‘Ò‚Á‚Ä‚é‚æB‚¨‚Î‚ ‚¿‚á‚ñA–À‚í‚¸s‚Á‚Ä‚Ëv,https://news.yahoo.co.jp/articles/bb24cf35f511ebf1bbab7638dcc3da42cfdb56a1,No date found
maidonans,‚Ü‚¢‚Ç‚Èƒjƒ…[ƒX,º˜aD‚«‚Ì23ÎƒCƒ“ƒtƒ‹ƒGƒ“ƒT[‚ª…’…p‚Å”²ŒQƒXƒ^ƒCƒ‹”â˜I@Ê^W”­”„‚Ìã“cƒ}ƒŠƒ“A”½‹¿‚Íu‘z‘œˆÈãv,https://news.yahoo.co.jp/articles/4feca89cc892e06c6df97622cb36d71890ab412b,No date found
maidonans,‚Ü‚¢‚Ç‚Èƒjƒ…[ƒX,y‰Ä‚Ìƒ{[ƒiƒXz’†¬Šé‹Æ‚Ì–ñ4Š„‚àu‘Šz—\’èv@‘Šz‚·‚é——R‚Íc2ˆÊuĞˆõ‚ÌˆÓ—~ŒüãvA1ˆÊ‚Í,https://news.yahoo.co.jp/articles/c51c99767e4f32f863b49475880524c6eb5713b0,No date found
maidonans,‚Ü‚¢‚Ç‚Èƒjƒ…[ƒX,‹ßŠ–À˜fE‰\‚É‚È‚è‚½‚­‚È‚¢‚©‚çu‹~‹}Ô‚ÌƒTƒCƒŒƒ“–Â‚ç‚³‚È‚¢‚Åv‘‚¦‚½IH@‹~–½m‚ª‘i‚¦‚éu~‚ß‚ç‚ê‚È‚¢v——R‚Æ‚Í,https://news.yahoo.co.jp/articles/53fd727f263161e1ec34e981a8f3922008d8d958,No date found
maidonans,‚Ü‚¢‚Ç‚Èƒjƒ…[ƒX,”üpŠÙ‚ÅA‚Ç‚Ìì•i‚ª1”ÔD‚«H@—ˆŠÙÒ‚ª“Š•[‚µ‚½u„‚µì•ivAƒ|ƒCƒ“ƒg‚Íu–ü‚â‚³‚ê‚é‚æ‚¤‚Èì•iv,https://news.yahoo.co.jp/articles/599343d328e7f00ba5baa01badc177f3c48b08be,No date found
maidonans,‚Ü‚¢‚Ç‚Èƒjƒ…[ƒX,yc‹Æz3l‚É1l‚ªuŒ20ŠÔˆÈãv‚¾‚Æu‘½‚¢‚ÆŠ´‚¶‚év¨‰ïĞ‚Ìˆù‚İ‰ï‚É‚àc‹Æ‘ã‚ğo‚·‚×‚«H,https://news.yahoo.co.jp/articles/4f7e2007d2e81c8cb2e6b8cb2716c2aed400bde2,No date found
maidonans,‚Ü‚¢‚Ç‚Èƒjƒ…[ƒX,u‹à”vƒlƒCƒ‹‚ª‘åƒoƒY‚èIƒXƒgƒƒ“ƒOƒ[ƒ‚âƒJƒ‹ƒsƒX‚àcŒÂ«”hƒlƒCƒŠƒXƒg‚ª‚¨‹q‚³‚ñ‚Æ¶‚İo‚·g‚Ô‚Á”ò‚ÑƒlƒCƒ‹h,https://news.yahoo.co.jp/articles/ebba4e0fa1c0bc4886a0f26f9af979ef3e051518,No date found
maidonans,‚Ü‚¢‚Ç‚Èƒjƒ…[ƒX,3ˆÊƒgƒCEƒv[ƒhƒ‹A2ˆÊMIXŒ¢cˆê”Ô”‚í‚ê‚Ä‚¢‚éŒ¢íƒ‰ƒ“ƒLƒ“ƒO1ˆÊ‚ÍHuŠOŒ©‚ªD‚«vu«Ši‚ªD‚«v,https://news.yahoo.co.jp/articles/0be1c89e8d8a51d5de48231be0668ccd6a54ed81,No date found
maidonans,‚Ü‚¢‚Ç‚Èƒjƒ…[ƒX,22Î“c’†”ü‹v‚³‚ñ@—ß˜a‚ÌƒOƒ‰ƒrƒAƒ”ƒB[ƒiƒX‚ª‚İ‚¹‚é‘ål‚Ì”üƒ{ƒfƒB@”¯‚ğ‚©‚«ã‚°’§‚Ş‚æ‚¤‚È‹ü,https://news.yahoo.co.jp/articles/6cc4bf9585a0cf6d35889bbae7e15fb7003d7399,No date found
maidonans,‚Ü‚¢‚Ç‚Èƒjƒ…[ƒX,^‚Á”’‚È“©Ší”§‚Æƒh”——Íƒ{ƒfƒB@ƒOƒ‰ƒrƒAƒXƒ^[ŸNˆä‰¹”T‚³‚ñ@‘N—óƒrƒLƒjp‚ğŒöŠJ,https://news.yahoo.co.jp/articles/05c91e462f9ad11174ae3ff0722b1987b0bb9a38,No date found
maidonans,‚Ü‚¢‚Ç‚Èƒjƒ…[ƒX,ƒrƒLƒj‚âƒ‰ƒ“ƒWƒFƒŠ[‚È‚Ç‰’§í@STU48H“¡—q‚³‚ñ1st Ê^W@u‚è‚±‚Ì‚Æ‚è‚±‚É‚È‚Á‚Ä‚­‚¾‚³‚¢v,https://news.yahoo.co.jp/articles/eccdb0e87731d5c4a36c3d0dd8bc80acaf02fe40,No date found
maidonans,‚Ü‚¢‚Ç‚Èƒjƒ…[ƒX,“¯—»‚Ì‘ÌL‚ª‹C‚É‚È‚é‚¯‚Çc‚Ç‚¤w“E‚·‚ê‚Î‚¢‚¢H@Ğ˜Jm‚ª‰ğà‚·‚égƒfƒŠƒP[ƒgh‚È–â‘è‚Ö‚Ì‘Îˆ–@uƒpƒƒnƒ‰‚É‚È‚è‚©‚Ë‚È‚¢v,https://news.yahoo.co.jp/articles/ec595b6532bcda15bb6e3c74fcd5cb7f6758193f,No date found
maidonans,‚Ü‚¢‚Ç‚Èƒjƒ…[ƒX,‚Ë‚¥‚Ë‚ªD‚«D‚«‘’©‚ÉŠOo‚µ‚½o‚ª‹A‘î¨3Î‚Ì–…‚ª‚Æ‚Á‚½‹Á‚«‚Ìs“®u‚Ü‚Á‚·‚®‚Èˆ¤vu‚¿‚å‚Á‚Ò‚èƒzƒ‰[Hv,https://news.yahoo.co.jp/articles/95d7f8640466f8697cfbbe06b90aec188fa45d78,No date found
maidonans,‚Ü‚¢‚Ç‚Èƒjƒ…[ƒX,‚Ü‚Ô‚µ‚·‚¬‚Ä‹Á‚«Iƒ‹à»u•Ÿ‘ò—@‹g@ˆë–œ‰~Dv‚¨’l’i100–œ‰~c¼â‰®ã–ì“X‚Å‘Šz10‰­‰~‚Ìu‹à»•iv‚ª‘åWŒ‹,https://news.yahoo.co.jp/articles/c2137997e2e0a24487c45ac51baff4d2555526ac,No date found
maidonans,‚Ü‚¢‚Ç‚Èƒjƒ…[ƒX,”‚¢å‚ª‚Â‚Ü‚Ã‚¢‚½uŠÔc”L‚ªˆêu‚Åu‚â‚ñ‚Ì‚©vƒ|[ƒY‚ÉI ‚ ‚Ü‚è‚ÌƒXƒs[ƒh‚Éu’E–Xvu”‚¢å‚ÌS”z‚æ‚è‚àí“¬‘Ô¨IHv‚ÆSNS”šÎ,https://news.yahoo.co.jp/articles/f9e14970871be6d752b2c9ddc5246b2abb9b008f,No date found
maidonans,‚Ü‚¢‚Ç‚Èƒjƒ…[ƒX,u‹²‚Ü‚Á‚ÄQ‚é‚ÌD‚«v‚ÈŒ¢‚³‚ñ@uƒtƒBƒbƒgŠ´”¼’[‚È‚¢v‚±‚ê‚Í‚Ç‚±H”‚¢å‚É•·‚¢‚½,https://news.yahoo.co.jp/articles/30a7d19306c7c8ef473af59c83edf12e4cd08edc,No date found
maidonans,‚Ü‚¢‚Ç‚Èƒjƒ…[ƒX,u—q‚¶‚ª”­Œ©‚µ‚Ü‚µ‚½v–³l‰w‚É’iƒ{[ƒ‹” ‚Åq”L‚ğˆâŠü@” ‚É‚ÍƒEƒCƒ“ƒi[‚Ì‚©‚¯‚çcu—D‚µ‚³‚Ì‚Â‚à‚èHvSNS‚Å“{‚è‚Ìº,https://news.yahoo.co.jp/articles/0fc6240c320c4220fabcd51cc1c4eefc0345620e,No date found
maidonans,‚Ü‚¢‚Ç‚Èƒjƒ…[ƒX,‚²”Ñ‚ÉŠv–½‚ğ‹N‚±‚µ‚¿‚á‚¦I ƒXƒv[ƒ“1”tuƒAƒŒv‚ğ“ü‚ê‚é‚¾‚¯‚ÅcV•Ä‚Ì‚æ‚¤‚Èu‚à‚¿‚à‚¿HŠ´v‚ÉƒOƒŒ[ƒhƒAƒbƒv,https://news.yahoo.co.jp/articles/208488079b78fe5580a24bb426f0f71d9fed3675,No date found
maidonans,‚Ü‚¢‚Ç‚Èƒjƒ…[ƒX,‘«‚ª‚Â‚«A3“ú3”Ó–Â‚«‘±‚¯‚½Ì‚Ä”Lc—D‚µ‚¢‰Æ‘°‚Éˆø‚«æ‚ç‚êAŒ}‚¦‚½‰¸‚â‚©‚ÈÅŠú,https://news.yahoo.co.jp/articles/58ca220d52fff5a2167702a52b9b0c557bb82089,No date found
maidonans,‚Ü‚¢‚Ç‚Èƒjƒ…[ƒX,‰J‚Ì“ú‚É‘u‚â‚©‚ÈƒNƒŠ[ƒ€ƒ\[ƒ_‚Í‚¢‚©‚ªH‰ªR‚Ì“®•¨‰€‚ªl‹CÒ‚ğƒCƒ[ƒW‚µ‚½‚RF‚ğŒÀ’è”Ì”„u‹‚­‚Ä‚¶‚ß‚¶‚ß‚µ‚½“ú‚É‚Ò‚Á‚½‚èv,https://news.yahoo.co.jp/articles/e16d6b1fbdda100d152d82edc7f4f29a76d96da8,No date found
maidonans,‚Ü‚¢‚Ç‚Èƒjƒ…[ƒX,”‚¢å‚ÉÌ‚Ä‚ç‚ê‚½q”Lc‰°•a‚Åƒxƒbƒh‚Ì‰º‚©‚ço‚ç‚ê‚¸cu‚¨Kƒgƒ“ƒgƒ“v‚ğ—v‹‚Å‚«‚é‚æ‚¤‚É‚È‚é‚Ü‚Å,https://news.yahoo.co.jp/articles/3305b7e4a66e75f0374e55f4cc22422aa25b01e8,No date found
maidonans,‚Ü‚¢‚Ç‚Èƒjƒ…[ƒX,u‚±‚ñ‚È‚É‚¢‚Á‚Ï‚¢c‚¸‚é‚¢ƒjƒƒv‚¿‚ã[‚é‚Æ‚í‚³‚Ñ’Ğ‚¯‚ğ¬“¯‚µ‚Ä‚µ‚Ü‚Á‚½”L‚¿‚á‚ñ‚ªƒKƒ“Œ©uM‚¶‚Ä‚à‚ç‚¦‚Ü‚¹‚ñv,https://news.yahoo.co.jp/articles/ab5c78b6e663856f85588bc3f8a645bc2a626a61,No date found
maidonans,‚Ü‚¢‚Ç‚Èƒjƒ…[ƒX,d·‚³‚Æ”ü35ÎA˜‚Ü‚ÅL‚Ñ‚éƒƒ“ƒOƒwƒA‚ğ”â˜I@ƒtƒ@ƒ“‚ÍŠ½Šìu’N‚æ‚è‚à—‡‚¤vu‚Ç[‚µ‚Ä‚»‚ñ‚È‚É”¯ãY—í‚È‚Ìv,https://news.yahoo.co.jp/articles/8f930122033e6319f95df45c11814a4f41415d84,No date found
maidonans,‚Ü‚¢‚Ç‚Èƒjƒ…[ƒX,—¼‹r‚ªƒoƒLƒoƒL‚ÉœÜ‚µ‚½q”L¨èp‚ğæ‚è‰z‚¦A–½‚ÌƒŠƒŒ[‚Å•‚©‚éuK‚¹‚ÈÎŠç‚É‚È‚é‚È‚ñ‚Äcv•ÛŒì’c‘Ì‚àŠ´“®‚Ìx‰‡‚Ìè,https://news.yahoo.co.jp/articles/8f3674add83a9092f5d5d56af3f1baf3edf15ca9,No date found
maidonans,‚Ü‚¢‚Ç‚Èƒjƒ…[ƒX,ƒ^[ƒ~ƒl[ƒ^[76ÎA”’ƒqƒQA”’”û‚ÌDX–ê@34Î–ºuÅ‚‚Ì‚¨•ƒ‚³‚ñIvƒAƒxƒ“ƒWƒƒ[ƒY”o—D•v‚Æ3ƒVƒ‡ƒbƒg,https://news.yahoo.co.jp/articles/edf4476b29357f8a37b5022d99797d251fc5cc71,No date found
maidonans,‚Ü‚¢‚Ç‚Èƒjƒ…[ƒX,dìä–í20ÎAŒ‹¥‹L”O“ú‚É•vE‚Ü‚¦‚¾‚µ‚ã‚ñ•q‚Ç‚à2l‚Æ‰«“ê—·s@‰Æ‘°Ê^‚ÉuK‚¹‚»‚¤‚Å‚±‚Á‚¿‚Ü‚ÅŠğ‚µ‚­‚È‚év,https://news.yahoo.co.jp/articles/8d9b3f5afc21bd2d6cbc2c790b35827422f9fe00,No date found
maidonans,‚Ü‚¢‚Ç‚Èƒjƒ…[ƒX,–¼‚à‚È‚«2‚¿‚á‚ñ‚Ë‚ç[‚ªc‚µ‚½ƒŒƒVƒscu¶ƒs[ƒ}ƒ“Å‹­‚ÌH‚×•ûv‚Æ‚ÍHƒCƒ“ƒ^[ƒlƒbƒg˜Vl‰ïŠ´—ÜuŒã¢‚Ü‚ÅŒê‚èŒp‚¬‚½‚¢v,https://news.yahoo.co.jp/articles/124827bf7809855eeb5820d872cc3587c8e2aedd,No date found
maidonans,‚Ü‚¢‚Ç‚Èƒjƒ…[ƒX,2ˆÊu9ƒ{[ƒ_[vìŒût“Ş•¼‰ºŸ©•½ctƒhƒ‰ƒ}u„‚µƒJƒbƒvƒ‹v1ˆÊ‚ÍH‰½‚àŒ¾‚í‚È‚­‚Ä‚à‚í‚©‚éŠÖŒWc‚¨—‡‚¢‰ß‚¬‚é2l,https://news.yahoo.co.jp/articles/e7af82930e928b1b80f79472a8ab3be846ef6b64,No date found
maidonans,‚Ü‚¢‚Ç‚Èƒjƒ…[ƒX,ƒ‰ƒ“ƒWƒFƒŠ[ƒ‚ƒfƒ‹2l‘g‚Ì³‘Ì‚Éuâ‘Î‚í‚©‚ñ‚È‚¢vu‚ß‚¿‚á‚­‚¿‚á—E‹Co‚½v@ƒ_ƒŒƒmƒKƒŒ–¾”ü‚³‚ñƒvƒƒfƒ…[ƒX,https://news.yahoo.co.jp/articles/270404623c64105e29cec0fd9ccd6ec85644096e,No date found
maidonans,‚Ü‚¢‚Ç‚Èƒjƒ…[ƒX,‚ ‚êcì‚Á‚½‚Ì‚É“n‚·‚Ì–Y‚ê‚Ä‚½H•ƒ‚Ì“ú‚ÌØ‚È‚¢ƒGƒsƒ\[ƒhAQ‚é’¼‘OA—â‘ ŒÉ‚ÅŒ©‚Â‚¯‚½‚à‚Ì‚Æ‚Í,https://news.yahoo.co.jp/articles/4a5c369706bd043ccf269ab2c846cc3f60eb9df3,No date found
maidonans,‚Ü‚¢‚Ç‚Èƒjƒ…[ƒX,ó–ì’‰M50ÎAƒ`ƒF[ƒ“—‚İ‚Â‚­ŠvƒWƒƒƒ“pIƒƒbƒN‚È’…‚±‚È‚µu‚â‚ñ‚¿‚ávu’N‚à‚ª—‡‚¤‚í‚¯‚¶‚á‚È‚¢v,https://news.yahoo.co.jp/articles/29603e1c96e7cd669c1fe32fdf54aac548bdfdea,No date found
maidonans,‚Ü‚¢‚Ç‚Èƒjƒ…[ƒX,ƒLƒƒƒbƒVƒ…ƒŒƒX‚ÌƒZƒ‹ƒtƒŒƒW‚ª“±“ü‚³‚ê‚½‚Ì‚É¨‚İ‚ñ‚ÈŒ»‹àƒŒƒW‚Öc“Œ–k‚Ìƒ}ƒNƒhƒiƒ‹ƒh‚Å—¬s‚µ‚È‚¢——R‚Æ‚Íu’nˆæ«‚à‚ ‚è‚»‚¤v,https://news.yahoo.co.jp/articles/d602a4ae0ba3fc408f9eaf96845c676ebcb52f1b,No date found
maidonans,‚Ü‚¢‚Ç‚Èƒjƒ…[ƒX,Šó­¶•¨IH”’‚­‚Õ‚é‚Á‚Æ‚µ‚½¿Š´c‹™t‚ª…‘°ŠÙ‚É‚¿‚ñ‚¾“ä‚Ì¶‚«•¨‚Æ‚Íuƒ^ƒPƒmƒR‚İ‚½‚¢‚ÈŒ`v,https://news.yahoo.co.jp/articles/df5f03d613d35f3c309bcd0aa1c92aaa248868a9,No date found
maidonans,‚Ü‚¢‚Ç‚Èƒjƒ…[ƒX,CoCoˆë‚Å–Ÿ‰æ‚ÌƒhƒJH‚¢ƒŠƒAƒ‹ÄŒ»I ‚Æ‚ñ‚©‚ÂA‰·‹Ê6ŒÂc3000Kcal’´ƒJƒŒ[A“Xˆõ‚à“®—hu’•¶ƒ~ƒXHv,https://news.yahoo.co.jp/articles/4b155284f659405589f038fc735a25c9fff80bdd,No date found
maidonans,‚Ü‚¢‚Ç‚Èƒjƒ…[ƒX,‚¨Œ©‘—‚èŒ|l‚µ‚ñ‚¢‚¿Au…ƒ_ƒEvƒnƒjƒgƒ‰——D‚Ìƒ‰ƒ“ƒWƒFƒŠ[p‚ğŠ¬”\@ƒOƒ‰ƒrƒAw“ü‚ÅuƒhƒLƒhƒLv,https://news.yahoo.co.jp/articles/ef2f494df4665b1b34756b3978b2f4e6ecadf60b,No date found
maidonans,‚Ü‚¢‚Ç‚Èƒjƒ…[ƒX,ƒsƒ“ƒN‚Ìƒ‰ƒ“ƒWƒFƒŠ[p‚Å•–‚«@STU48’†‘º•‘‚³‚ñ@1stÊ^W‚©‚çæsƒJƒbƒg‘æ“ñ’e,https://news.yahoo.co.jp/articles/b3a6d88c231f8659f8ee981a35b25690246266b5,No date found
maidonans,‚Ü‚¢‚Ç‚Èƒjƒ…[ƒX,–£˜f‚Ìƒqƒbƒv@—d‰ƒoƒbƒNƒVƒ‡ƒbƒg‚Å”YE@ƒ}ƒWƒpƒ“E‰«Œû—D“Ş‚³‚ñ@ud–‹A‚è‚Ì—U˜fv‚ğƒOƒ‰ƒrƒA‚Å•\Œ»,https://news.yahoo.co.jp/articles/38f020c8d2ce2b662b7d8ddb282097a4d97bcbf3,No date found
maidonans,‚Ü‚¢‚Ç‚Èƒjƒ…[ƒX,ƒZƒNƒV[‚È–Ôƒ^ƒCƒc‚Å–£—¹@‚¦‚È‚±~–Ÿ‰æu•`‚­‚È‚é‚¤‚¦‚ÍvƒRƒ‰ƒ{ƒOƒ‰ƒrƒA,https://news.yahoo.co.jp/articles/ec7139d93d3e4bc5927ba5f4d2c51512ffe464e6,No date found
maidonans,‚Ü‚¢‚Ç‚Èƒjƒ…[ƒX,ƒGƒ“ƒ[ƒ‹ƒXƒtƒ@ƒ“‚ª‘å’J‚Ìƒ†ƒjƒtƒH[ƒ€‚ğu‰ü‘¢v ƒKƒ€ƒe[ƒv‚Æ†‚ÅcƒAƒCƒfƒA‚ÉSNS‘åƒEƒP,https://news.yahoo.co.jp/articles/02848813cfa551fdcf1d3a945a38cc216cf093d4,No date found
maidonans,‚Ü‚¢‚Ç‚Èƒjƒ…[ƒX,TVo‰‰‘ŠŸ‚®A“ä‚ÌƒVƒ“ƒK[uŒÜ”ü‚Ğ‚ë‚¦v@‰Ì‚Æƒg[ƒN‚Å–Úw‚·‚Íuƒ|ƒCÌ‚Äƒ[ƒv,https://news.yahoo.co.jp/articles/8c9be5eb8772747a83205ea51e1492b83f1423b6,No date found
maidonans,‚Ü‚¢‚Ç‚Èƒjƒ…[ƒX,u‘å•’lˆø‚«v‚©‚ç‹~‚Á‚½”‚¢å‚ª“Ë‘R€@Šš‚İ•È‚Æ–³‘Ê–i‚¦‚ğ‹N‚±‚µ‚½Œ¢AV‚½‚È—¢e‚Ì‚à‚Æ‚ÅƒSƒƒSƒK‚¹‚É,https://news.yahoo.co.jp/articles/0b03f05d6b9f41937ce36af9d9c20c81a174cc8d,No date found
maidonans,‚Ü‚¢‚Ç‚Èƒjƒ…[ƒX,º˜a‚ÌƒAƒCƒhƒ‹Îì‚Ğ‚Æ‚İuƒvƒŠƒ“ƒZƒXƒvƒŠƒ“ƒvƒŠƒ“‚Å[‚·v@64Î‚Ì‹ß‰e‚Éƒtƒ@ƒ“Š½Šìu‚È‚Â‚©‚µ‚¢Ivu•Ï‚í‚ç‚¸‚©‚í‚¢‚¢v,https://news.yahoo.co.jp/articles/b8714f8dcc515f0f0c6a9f01c0fc5cf6db3dc452,No date found
maidonans,‚Ü‚¢‚Ç‚Èƒjƒ…[ƒX,‚—î’j«u‘‚¦‚Ä‚µ‚Ü‚Á‚½”L‚ğAŠC‚ÉÌ‚Ä‚És‚­v¨‚ÍHˆ ‘Rc‚·‚®‚É•ÛŒìu”L_—l‚ªŒ©‚Ä‚¢‚Ä‚­‚¾‚³‚Á‚½Iv,https://news.yahoo.co.jp/articles/b7790b44df0e181fb292c5a39254b6f341f4b48c,No date found
maidonans,‚Ü‚¢‚Ç‚Èƒjƒ…[ƒX,ˆß—Ş‚ªƒJƒrL‚¢IHc‚»‚ê‚Íô‘ó‹@‚Ì‰˜‚ê‚ªŒ´ˆö‚©‚à@ƒNƒŠ[ƒjƒ“ƒO‚Ìƒvƒ‚ª‹³‚¦‚é‚¨è“ü‚ê•û–@,https://news.yahoo.co.jp/articles/5f45c2591aedf6484b61586db6efebf238f9e97a,No date found
maidonans,‚Ü‚¢‚Ç‚Èƒjƒ…[ƒX,‚±‚ñ‚È‹Î–±æ‚Ìl‚ÆuŒ‹¥‚µ‚½‚¢vƒ‰ƒ“ƒLƒ“ƒO@ƒgƒˆƒ^Aƒpƒiƒ\ƒjƒbƒNA”C“V“°‚ğ’´‚¦‚½1ˆÊ‚ÍH,https://news.yahoo.co.jp/articles/18ea18b0d7823d68ae7c1583b4deb5b6416f5ab8,No date found
maidonans,‚Ü‚¢‚Ç‚Èƒjƒ…[ƒX,u‚¦HƒTƒhƒ‹‚ª–³‚¢cv‚»‚ê‚¾‚¯“‚ñ‚Å‚Ç‚¤‚·‚é‚ÌH@‹ß”N‘‰Á‚µ‚Ä‚¢‚éu©“]Ô““ïvcŒ³Œx@Š¯‚É•·‚¢‚½–h”Æ‘Îô,https://news.yahoo.co.jp/articles/c47750734109d239f13fa78b5effd77c7f3e18d8,No date found
maidonans,‚Ü‚¢‚Ç‚Èƒjƒ…[ƒX,u‚ ‚ñ‚È–º‚É‚ÍàY‚Í‚â‚ç‚ñIv‚Ì‚Í‚¸‚ªcÀŒ»‚³‚ê‚È‚©‚Á‚½80‘ã’j«‚ÌˆâŒ¾@s­‘m‚ª‰ğà‚·‚égƒgƒ‰ƒuƒ‹‰ñ”ğôh,https://news.yahoo.co.jp/articles/04360e0ddcb01ea50b2cd6928f21441ec0852279,No date found
maidonans,‚Ü‚¢‚Ç‚Èƒjƒ…[ƒX,u–¢—ˆ‚ÌƒŒƒ‚ƒ“ƒTƒ[vŠJ‚¯‚é‚Ì“ï‚µ‚¢H@‚à‚Ì‚Ü‚Ëƒ^ƒŒƒ“ƒgAÕŒ‚‚ÌŠJ••ƒV[ƒ“ŒöŠJu–{“–‚É‹C‚ğ•t‚¯‚Ä‰º‚³‚¢vVŠ²ü‚Å•¬‚«o‚µ‚½l‚à,https://news.yahoo.co.jp/articles/33b3cd3ff2637a6524efbfec6bb35f5f319a64c3,No date found
maidonans,‚Ü‚¢‚Ç‚Èƒjƒ…[ƒX,ƒ}ƒCƒiƒX‹à—˜­ô‰ğœ¨u‚¿‰Æ‚Ìw“üŠú‚ğ‘‚ß‚½‚¢v‚Æl‚¦‚él‚Í4Š„’´,https://news.yahoo.co.jp/articles/79265740930c6df2209b44c2803bff7db0b71595,No date found
maidonans,‚Ü‚¢‚Ç‚Èƒjƒ…[ƒX,‘“JŒõq‚Æ^–î‚İ‚«@”o—D“¡ŠÔ‘uq‚ª‘åæ”y‚©‚ç‹³‚í‚Á‚½‚±‚Æ@u¶‚Á‚Ä‚­‚ê‚él‚Í‘åØvo‰‰‰f‰æ‚©‚ç‚ÌŠw‚Ñ,https://news.yahoo.co.jp/articles/b15c734226ab2d817ef98ba9eab5e71ce8b34953,No date found
maidonans,‚Ü‚¢‚Ç‚Èƒjƒ…[ƒX,uZ¢‘ã‚Éx‚³‚ê‚Ä‚¢‚é22ÎˆÈ‰º‚Ì’j«”o—Dvƒ‰ƒ“ƒLƒ“ƒO@‚ ‚ÌƒOƒ‹[ƒv‚Ìƒƒ“ƒo[‚ªTOP3‚ğ“ÆèI,https://news.yahoo.co.jp/articles/8f25d03631c66c74984b801418e819d66d628e69,No date found
maidonans,‚Ü‚¢‚Ç‚Èƒjƒ…[ƒX,u11”N‚à‚¨ŠO‚ÅŠæ’£‚Á‚½v‚—î‚Ì”LA‘Ò‚¿‘±‚¯‚Äc‚æ‚¤‚â‚­—D‚µ‚¢—¢e‚³‚ñ‚Æ‚ß‚®‚è‰ï‚¢u‚à‚¤Š¦‚¢v‚¢‚à‹‚¢v‚¢‚à‹ó• ‚à‚È‚­‚È‚é‚Ëv,https://news.yahoo.co.jp/articles/948948ae461364bdee91dca6ac0a1dd65a00be96,No date found
maidonans,‚Ü‚¢‚Ç‚Èƒjƒ…[ƒX,u40`60‘ã‚ÌƒCƒPƒIƒW”o—Dv‚Æ‚¢‚¦‚ÎH@40‘ã‚Í‹Ê–ØGA60‘ã‚Íˆ£ìãÄA50‘ã‚Í–¼ìƒhƒ‰ƒ}‚Å‹¤‰‰‚µ‚½2l‚ªTOP2,https://news.yahoo.co.jp/articles/19d08ee7363ea757afd18ad0098d43e7c6f8b9b1,No date found
maidonans,‚Ü‚¢‚Ç‚Èƒjƒ…[ƒX,–¼‰æ‚ğƒ‚ƒ`[ƒt‚ÉH@11Î–º‚Æ7Î‘§q‚Ì©B‚èÊ^‚É‹Á‚«u¦‚¢ƒZƒ“ƒX‚Å‚·‚Ëv,https://news.yahoo.co.jp/articles/5551a8cb7bc6b3b71230c6c971152f69a56ba76b,No date found
maidonans,‚Ü‚¢‚Ç‚Èƒjƒ…[ƒX,uŒ¢‚Ì–Â‚«º‚ª‚¤‚é‚³‚¢‚©‚çAˆÔÓ—¿‚ğ•¥‚¦v—×l‚©‚ç‚ÌƒNƒŒ[ƒ€‚É‹Â“Vc•ú‚Á‚Æ‚¢‚Ä‚à‘åä•vH@–@“IƒŠƒXƒN‚ğ•ÙŒìm‚ª‰ğà,https://news.yahoo.co.jp/articles/ceef5b7dab898c65259b6fc5e707c792fc813e30,No date found
maidonans,‚Ü‚¢‚Ç‚Èƒjƒ…[ƒX,l‚Ì‰ï˜b‚Éu•·‚«¨‚ğ—§‚Ä‚Ä‚évIH@”L‚³‚ñ‚Ì‚¨¨‚ª‰Âˆ¤‚¢‚±‚Æ‚Éu‚ß‚Á‚¿‚á•·‚¢‚Ä‚é‚â‚ñvu‚±‚ñ‚È¨‚Í‰‚ß‚ÄŒ©‚½v,https://news.yahoo.co.jp/articles/3b777f1a296b3a2cbf36df31559498cdf24676b9,No date found
maidonans,‚Ü‚¢‚Ç‚Èƒjƒ…[ƒX,‰ïĞ‚ÌƒvƒŒƒ[ƒ“‚à”ü—eº‚Ì‰ï˜b‚à•|‚­‚È‚¢I@u‘åŠì—˜ƒtƒŒ[ƒ€ƒ[ƒNv‚Åg‚É‚Â‚¯‚éu“ª‚Ì‰ñ“]‚ª‘¬‚¢l‚Ìvl–@v‚ªd–‚Æ“úí‚ğ•Ï‚¦‚é,https://news.yahoo.co.jp/articles/aaa2bef693aeffeca1611d8b5122b266403f2b7c,No date found
maidonans,‚Ü‚¢‚Ç‚Èƒjƒ…[ƒX,‰f‰æw‚ ‚Ü‚ë‚Á‚­xƒLƒƒƒXƒg‚Ìl‹Cƒ‰ƒ“ƒLƒ“ƒO@1ˆÊ‚ÍcÎ•Ÿ’à’ß•r‚³‚ñ‚ª‰‰‚¶‚éA65Î•ƒe‚ÌgÄ¥‘Šèh‚ğ‰‰‚¶‚½——D,https://news.yahoo.co.jp/articles/eaf3b540d39b3a948bc21b35f9367b06ae600e34,No date found
maidonans,‚Ü‚¢‚Ç‚Èƒjƒ…[ƒX,u€‚Ê‚Æ‚«‚Í—J‰Ì’c‚Ì‰Ô‰ª‚¶‚á‚È‚­‰Ô‰ªŒ£¡‚Æ‚µ‚Äv ŒÇ‚‚Ì˜Vƒ~ƒ…[ƒWƒVƒƒƒ“‚Ìæ]•ñ‚ÉŠñ‚¹‚Ä@‰Ì—w‹È‚âƒOƒ‹[ƒvƒTƒEƒ“ƒY‚à‘åD‚«‚¾‚Á‚½,https://news.yahoo.co.jp/articles/813b2bddafa7b9a38c9345fd69eb7a668e7088a8,No date found
maidonans,‚Ü‚¢‚Ç‚Èƒjƒ…[ƒX,©•ª‚ªA‰Æ‘°‚ªAƒyƒbƒg‚ªcuğ”N‚Ì‰Ä‚ÉA©‘î‚Å’N‚©‚ª”M’†Ç‚É‚È‚Á‚½vŒoŒ±‚ª‚ ‚é‚Ì‚Í–ñ2Š„@–ˆ“úƒGƒAƒRƒ“‚ğ’©‚Ü‚Å‚Â‚¯‚Á‚Ï‚È‚µ‚ÅQ‚él‚Í”¼”,https://news.yahoo.co.jp/articles/c271662885cd29719d3faabc17558aae35ed3dff,No date found
maidonans,‚Ü‚¢‚Ç‚Èƒjƒ…[ƒX,u‚¤‚¿‚Ìq‚É‚È‚è‚½‚¢‚Ì‚È‚çA’†‚É‚¨‚Í‚¢‚èvŒºŠÖƒhƒA‚ğŠJ‚¯‚ÄŒÄ‚Ñ‚©‚¯‚é‚ÆcIH@ˆ¤”L‚Ì€‚ª‚«‚Á‚©‚¯‚Åo‰ï‚Á‚½ulŠÔ‚ÌŒ¾—t‚ª•ª‚©‚é”Lv,https://news.yahoo.co.jp/articles/19e83a15e64d9749d84a017b2fc0ca4c0322ff4c,No date found
maidonans,‚Ü‚¢‚Ç‚Èƒjƒ…[ƒX,‚Õ‚Á‚­‚èO‚Åƒtƒ@ƒ“”YE “ì‚İ‚ä‚©‚³‚ñA‰Ê^W•\†ƒJƒbƒgŒöŠJ u‚¨•—˜C‚ÌƒV[ƒ“‚ª‚¨‹C‚É“ü‚èv,https://news.yahoo.co.jp/articles/d0ce0b5b91d74a94462c617187513eb5bd0b66dc,No date found
maidonans,‚Ü‚¢‚Ç‚Èƒjƒ…[ƒX,‰äÈ‚ä‚è‚©‚³‚ñ@V—B‚³‚ñ@Â‰È‚Ü‚«‚³‚ñ@˜b‘è‚Ì”ü—‚ª¨‚¼‚ë‚¢@uGIRLS graph.vƒJƒbƒgŒöŠJ,https://news.yahoo.co.jp/articles/6f23df656ed905694f86011f2fdb49c677e681c5,No date found
maidonans,‚Ü‚¢‚Ç‚Èƒjƒ…[ƒX,30Î‚Ì—d‰ƒ{ƒfƒB@‰i”ö‚Ü‚è‚â‚³‚ñ•ƒ‰ƒ“ƒWƒFƒŠ[‚Å—U˜f@uGIRLS graph.v— •\†•Šª––ƒOƒ‰ƒrƒA,https://news.yahoo.co.jp/articles/0e9d4690ed6fdb3dc6db7371210606828df8cc7e,No date found
maidonans,‚Ü‚¢‚Ç‚Èƒjƒ…[ƒX,“]E‚É‚æ‚Á‚Äu”Nû‚ª‘‚¦‚½Eívƒ‰ƒ“ƒLƒ“ƒO@‚±‚Ì1”N‚Å‚à‚Á‚Æ‚àL‚Ñ‚½‚Ì‚Ícu‘g‚İ‚İƒGƒ“ƒWƒjƒAv‚Ì14–œ‰~@‚»‚Ì——R‚ÍH,https://news.yahoo.co.jp/articles/2be6e1abfe7a09796d7717d85263054df9a0482f,No date found
maidonans,‚Ü‚¢‚Ç‚Èƒjƒ…[ƒX,‚¨ˆêl—l‚Ì‚Ù‚¤‚ªŠy‚µ‚ß‚é‚±‚Æ1ˆÊ‚Íu‰f‰æŠÓÜv@ˆê•û‚Åc‚¨ˆêl—l‚Å‚·‚é‚É‚Íg“ïˆÕ“x‚ª‚‚¢h‚±‚Æ‚ÍH,https://news.yahoo.co.jp/articles/abf65f617c48b0abd848c0b9654650fbb9bc9be6,No date found
maidonans,‚Ü‚¢‚Ç‚Èƒjƒ…[ƒX,s•û•s–¾‚É‚È‚Á‚Ä10”Nc‚·‚Å‚Éu€–Sˆµ‚¢v‚Æ‚È‚Á‚Ä‚¢‚½ŒZ‚ª“Ë‘RŒ»‚ê‚½@–S‚«•ƒ‚ÌàY‘Š‘±‚Í‚Ç‚¤‚È‚é‚Ì‚©ys­‘m‚ª‰ğàz,https://news.yahoo.co.jp/articles/abefb72bf010acb00f4e10c3bbc54448b675619c,No date found
maidonans,‚Ü‚¢‚Ç‚Èƒjƒ…[ƒX,À‚Í‹“sE‘åãE_ŒË‚¾‚¯‚Å‚Í‚È‚©‚Á‚½H@ˆÓŠO‚ÉL‚©‚Á‚½JR¼“ú–{u‹ã_ƒGƒŠƒAv,https://news.yahoo.co.jp/articles/c058218e6d2af92e9d1ada4e353830c6f24d66af,No date found
maidonans,‚Ü‚¢‚Ç‚Èƒjƒ…[ƒX,’ƒ”¯¨7F‚ÌƒŒƒCƒ“ƒ{[ƒJƒ‰[¨ƒsƒ“ƒN‚Ìƒ{ƒuƒXƒ^ƒCƒ‹@’†ìãÄq‚³‚ñ‚ª‘å’_ƒCƒƒ`ƒFƒ“‚Å•µˆÍ‹CƒKƒ‰ƒŠ,https://news.yahoo.co.jp/articles/c2f63112187fcfd554519f3458f588da90c9d770,No date found
maidonans,‚Ü‚¢‚Ç‚Èƒjƒ…[ƒX,ƒVƒ“ƒOƒ‹ƒ}ƒU[‚ª“Ë‘R€c‘Ş‹ŠúŒÀ”—‚éƒAƒp[ƒg‚É‚Í6•C‚Ì”L‚ª@c‚³‚ê‚½q‚Ç‚à‚½‚¿‚ÌSOS‚ª–½‚ğ‚Â‚È‚®,https://news.yahoo.co.jp/articles/4d35c30978d2b7bedf73f94121c9ba1105b61b2b,No date found
maidonans,‚Ü‚¢‚Ç‚Èƒjƒ…[ƒX,u•’Ê‚Ìƒ}ƒ“ƒz[ƒ‹‚Æ‚Íˆá‚¤‚Ì‚¾‚æI•’Ê‚Ì‚Æ‚ÍIvc‹“sE‹’OŒãs‚Éu‹@“®ímƒKƒ“ƒ_ƒ€v•`‚©‚ê‚½ƒ}ƒ“ƒz[ƒ‹‚¨–ÚŒ©‚¦,https://news.yahoo.co.jp/articles/bb97a42c62ace2833ab7b4481fb07c32c1025f3b,No date found
maidonans,‚Ü‚¢‚Ç‚Èƒjƒ…[ƒX,ƒ|ƒbƒvƒR[ƒ“‚Æƒ}ƒVƒ…ƒ}ƒ‚ÅAŠÈ’P‚©‚í‚¢‚¢ƒXƒC[ƒcI@ƒ[ƒ\ƒ“‚ÌƒAƒCƒfƒAƒŒƒVƒs‚Éuq‚Ç‚à‚Æì‚Á‚Ä‚İ‚½‚¢Iv,https://news.yahoo.co.jp/articles/8d69dfce5734a62d2dfe5a27bd1ee57f5318257c,No date found
maidonans,‚Ü‚¢‚Ç‚Èƒjƒ…[ƒX,“Œ‘å‘²•v‚ğƒQƒbƒg‚µ‚½g•Î·’l50hÈ‚Ì”é–§‚Æ‚Í@ƒfƒ”ƒB•vl‚Ì–{‚Ål¶ŠoÁc‹Á‚«‚Ììí‚ÆA‚¿‚å‚Á‚Æ‰ö‚µ‚°‚ÈV¥¶Šˆ,https://news.yahoo.co.jp/articles/3bcd38f41b92d36ae4233a726ec4c44dabf4d4dd,No date found
maidonans,‚Ü‚¢‚Ç‚Èƒjƒ…[ƒX,q”L‚Ì–½‚ÍuƒSƒ~‚¶‚á‚È‚¢Iv’iƒ{[ƒ‹” ‚ÅƒSƒ~Ì‚Äê‚ÉˆâŠücñ‚É‘å‚«‚Èu“‚¢vu’ÉX‚µ‚¢cv“{‚è‚Ìº‚ªE“,https://news.yahoo.co.jp/articles/74078401aacbeaa2f6cba78c2b1033297b197516,No date found
maidonans,‚Ü‚¢‚Ç‚Èƒjƒ…[ƒX,Z¢‘ã‚ª’–Ú‚·‚éu“¯¢‘ã‚Ì——DE—«ƒ^ƒŒƒ“ƒgv@1ˆÊ‚ÍcH‚©‚çn‚Ü‚é’©ƒhƒ‰w‚¨‚Ş‚·‚Ñx‚Ìå‰‰——D,https://news.yahoo.co.jp/articles/f1b7f1aefb510ae0912b8da8f0f6e7ccc4bc4e3f,No date found
maidonans,‚Ü‚¢‚Ç‚Èƒjƒ…[ƒX,‚±‚ê‚Íâ‘Î”ü–¡‚µ‚¢‚â‚Â‚Å‚·‚ËIcƒ~ƒcƒJƒ“Ğˆõ‚ª–{‹C‚Ål‚¦‚½uƒ`[ƒYÄ‚«‚¨‚É‚¬‚èv,https://news.yahoo.co.jp/articles/848cbad6b33d4c337645ad038c56c8bc93277147,No date found
maidonans,‚Ü‚¢‚Ç‚Èƒjƒ…[ƒX,y“®‰æzƒƒKƒlp‚ª‚ ‚Ì—L–¼Œ|l‚ğœfœiHc140–œ‰ñÄ¶‚³‚ê‚½ÄŒ¢‚ª˜b‘è u‚È‚ñ‚Å‚©Šù‹Š´‚ª‚ ‚évuºo‚µ‚ÄÎ‚Á‚½v,https://news.yahoo.co.jp/articles/6d7cb849f57d1a382282f091dd82d36b584778f4,No date found
maidonans,‚Ü‚¢‚Ç‚Èƒjƒ…[ƒX,u”’‚¢‹“ƒvˆÈ—ˆ‚Ì“²‚ê“‚‘òõ–¾‚Æ‹¤‰‰@3‘ã‚É‚í‚½‚é‘“JŒõq‚Æ‚Ì‰@”o—DE•Ğ‰ªç”V•uB‰e‚Í–²‚Ì‚æ‚¤‚ÈŠÔ‚Å‚µ‚½v,https://news.yahoo.co.jp/articles/8f94fc45f7af975a4ee961aeb949d2d9b7ce428d,No date found
maidonans,‚Ü‚¢‚Ç‚Èƒjƒ…[ƒX,39Î‹´–{ƒ}ƒiƒ~‚³‚ñ@‘æ2q”DP‚Ì‚Ü‚ñŠÛ‚¨• ‚Ì—ÕŒƒVƒ‡ƒbƒg“Še@uÅŒã‚Ìƒ}ƒ^ƒjƒeƒBƒ‰ƒCƒt‚àŠy‚µ‚İ‚Ü‚·v,https://news.yahoo.co.jp/articles/a5fe86394f1bbcaf4cc11b7f798518e5c78e929c,No date found
maidonans,‚Ü‚¢‚Ç‚Èƒjƒ…[ƒX,Œ³NHKƒAƒiA‰‚ÌCMo‰‰‚Éƒlƒbƒg‹Á‚«@uƒeƒŒƒrŒ©‚Ä‚Ñ‚Á‚­‚è‚µ‚½vuƒtƒŠ[‚¾‚©‚ç“–‘R‚©v,https://news.yahoo.co.jp/articles/43534cac793ad3c847ecf6f17299c8e5a7d437ae,No date found
maidonans,‚Ü‚¢‚Ç‚Èƒjƒ…[ƒX,10•ª‚Ù‚Ç–³’f’“—Ö¨u”±‹à5–œ‰~v—v‹‚³‚ê‚½I –{“–‚É•¥‚í‚È‚¢‚Æƒ_ƒ‚Å‚·‚©Hu©•ª‚ªˆ«‚¢‚ªc”[“¾‚Å‚«‚È‚¢v yê–å‰Æ‚ª‰ğàz,https://news.yahoo.co.jp/articles/78b206c4042ed5fdbac07beff7a8ae9899303749,No date found
maidonans,‚Ü‚¢‚Ç‚Èƒjƒ…[ƒX,ƒSƒL—p‚Ìgƒuƒ‰ƒbƒNƒLƒƒƒbƒvh‚©‚Æv‚Á‚½‚çc‚Ü‚³‚©‚Ì³‘Ì‚É”šÎ@‚È‚º‚»‚ÌêŠ‚ÉIH ƒ[ƒJ[‚ÌSNS‚à”½‰uŒ©‚¦‚Ä‚«‚½v,https://news.yahoo.co.jp/articles/aa3a3ab8d8c4ca01e6a6e27e7e8cefda558f75ff,No date found
maidonans,‚Ü‚¢‚Ç‚Èƒjƒ…[ƒX,ƒpƒŠŒÜ—ÖcƒTƒbƒJ[‚Å“ú–{‚ÆƒCƒXƒ‰ƒGƒ‹‚ª‘Îí‚Ö@1972”Nƒ~ƒ…ƒ“ƒwƒ“‚Ìˆ«–²‚Í‘¼l–‚Å‚Í‚È‚¢,https://news.yahoo.co.jp/articles/7c558fedc079ebc3859619e68fced7b1ed51fb2b,No date found
maidonans,‚Ü‚¢‚Ç‚Èƒjƒ…[ƒX,‚·‚Á‚Ò‚ñEƒrƒLƒjEƒ‰ƒ“ƒWƒFƒŠ[@30Îƒ‚ƒeƒNƒŠƒGƒCƒ^[›–{—Tq‚³‚ñ1stÊ^W@u‚Ş‚¿‚Ş‚¿‚µ‚Ä‚é‚¯‚Çcv,https://news.yahoo.co.jp/articles/f44ec227a98fdbd05a7530dc24c6c5d5aac21e69,No date found
maidonans,‚Ü‚¢‚Ç‚Èƒjƒ…[ƒX,ƒAƒCƒhƒ‹“V‰HŠóƒ‚³‚ñ@‚Â‚é‚ñ“©Ší”§‚É‹P‚­‚Ó‚ñ‚í‚èƒoƒXƒg@uGIRLS graph. 006v•\†•Šª“ªƒOƒ‰ƒrƒA“oê,https://news.yahoo.co.jp/articles/8b61949142057b773686260646cb7ebf65e029f4,No date found
maidonans,‚Ü‚¢‚Ç‚Èƒjƒ…[ƒX,19ÎƒOƒ‰ƒhƒ‹R‰ª‰ë–í‚³‚ñ@IƒJƒbƒvƒoƒXƒg‚Ì”²ŒQƒvƒƒ|[ƒVƒ‡ƒ“”â˜I@ƒrƒLƒj‚Å‚ ‚È‚½‚ğ‚¨oŒ}‚¦,https://news.yahoo.co.jp/articles/bf72318b8ad788a6f7285385366f1693867be156,No date found
maidonans,‚Ü‚¢‚Ç‚Èƒjƒ…[ƒX,ƒX[ƒp[‚Ì’l’i•\¦uƒvƒ‰ƒCƒT[v100‹Ï‚Ål‹C@ˆÓŠO‚È—˜—p–@‚Æ‚Í,https://news.yahoo.co.jp/articles/5a46145a3344b61d381edc02a3e472744f86b28c,No date found
maidonans,‚Ü‚¢‚Ç‚Èƒjƒ…[ƒX,Œ‹¥®‚ÉEê‚Ìl‚ğuµ‘Ò‚µ‚½‚­‚È‚¢v6Š„‹­@Eê‚Ìl‚ÌŒ‹¥®‚ÉuQ‰Á‚µ‚½‚­‚È‚¢vl‚ÌŠ„‡‚ÍH,https://news.yahoo.co.jp/articles/5f0ef9d25ed809a02a07f9312f70aa39872ec98c,No date found
maidonans,‚Ü‚¢‚Ç‚Èƒjƒ…[ƒX,u‚ñ[‚Üv¶Œã4ƒJŒÔ‚¿‚á‚ñ‚Ìºu”æ‚ê‚«”ò‚ñ‚¾vuÔ‚¿‚á‚ñ‚Ì“õ‚¢‚µ‚Ä‚«‚½Iv1‰­‰ñÄ¶,https://news.yahoo.co.jp/articles/9f924e02f2d437372cc467cff3bc30f08f91e68b,No date found
maidonans,‚Ü‚¢‚Ç‚Èƒjƒ…[ƒX,y¸—öŒoŒ±‚ª‚ ‚é—«‚É•·‚¢‚½z—§‚¿’¼‚é‚Ì‚ÉÅ‚àŒø‰Ê‚ª‚ ‚Á‚½s“®E‹tŒø‰Ê‚¾‚Á‚½‚Æv‚¤NGs“®‚ğ’²¸I,https://news.yahoo.co.jp/articles/a01a1451168696e59c0bd6b51cf5743025bdfd95,No date found
maidonans,‚Ü‚¢‚Ç‚Èƒjƒ…[ƒX,ƒŒƒgƒ‹i’ƒ“X‚ğ‹~‚¢‚½‚¢IŠÅ”ÂA“à‘•‚»‚Ì‚Ü‚Ü3“X•Üˆø‚«Œp‚®’j«‚Ì•¨Œêuæ‘ã‰œ‚³‚ñ‚ª‚¨‹q—l‚Év,https://news.yahoo.co.jp/articles/5e9eab17c6c71ede753850befd91ec26bc74d3c0,No date found
maidonans,‚Ü‚¢‚Ç‚Èƒjƒ…[ƒX,ƒTƒ„•t‚«}“¤‚ğuó’Ğ‚¯‚Ì‘f~‚í‚³‚Ñv‚Å’Ğ‚¯‚Ş‚¾‚¯Icƒr[ƒ‹‚ª‚æ‚­‡‚¤AƒGƒoƒ‰Ğˆõ‚Ìg— ‹ZƒŒƒVƒsh,https://news.yahoo.co.jp/articles/a421debf69391b7d809406593dd3069fb1855849,No date found
maidonans,‚Ü‚¢‚Ç‚Èƒjƒ…[ƒX,uƒeƒŒƒr‚â†”ÑŠí‚à‚È‚­v@º˜a‚É‚ ‚±‚ª‚êc25Î‚ÌŒ³ƒAƒCƒhƒ‹@u”ü‹ó‚Ğ‚Î‚è‚³‚ñ‚ªD‚«Aº˜a‰Ì—w‚©‚ç‚ÍŒi‹C‚Ì—Ç‚³‚ğŠ´‚¶‚év,https://news.yahoo.co.jp/articles/9025eff4a07ac4265fd4bb48e0bc05f9e77dabbe,No date found
maidonans,‚Ü‚¢‚Ç‚Èƒjƒ…[ƒX,u‚Õ‚é‚Õ‚é‚Ávg–ğ–ƒ{ƒfƒB[hƒvƒm‚Ì‰ª“cÑ‰À‚ªO‚ÇƒAƒbƒvÊ^‚ğ“ŠeuƒZƒNƒV[v‚Æƒtƒ@ƒ“‚©‚çD•],https://news.yahoo.co.jp/articles/b2ddac0c6abffd6d40335cc4714e9d19689fefc0,No date found
maidonans,‚Ü‚¢‚Ç‚Èƒjƒ…[ƒX,®Œ`‚µ‚½l‹C—«Œ|lApŒãÊ^‚ğ‘Š•û‚ª“Še@ƒtƒ@ƒ“u“w—Í‰Æ‚Å‰Âˆ¤‚·‚¬vƒIƒ_ƒEƒGƒ_¬“c,https://news.yahoo.co.jp/articles/3f201c0a8361812470ba7e1ee54b3e941f3eaa9e,No date found
maidonans,‚Ü‚¢‚Ç‚Èƒjƒ…[ƒX,“¯±’†‚Ì’j—‚É•·‚¢‚½cŒ»İ‚ÌZ‚Ü‚¢‚ÌŠÔæ‚è‚Íu1LDKv‚ªÅ‘½@ˆê•ûA—‘z‚Æ‚·‚éŠÔæ‚è‚ÍH,https://news.yahoo.co.jp/articles/10e86c11db0e726146a2047097d6d6299bb1aa8d,No date found
maidonans,‚Ü‚¢‚Ç‚Èƒjƒ…[ƒX,‰Ä‚Ì‹‚³‚ÉG‘’n–c•ö‰ó‚µ‚½u–²‚ÌƒCƒ“ƒOƒŠƒbƒVƒ…ƒK[ƒfƒ“Œv‰æv@ŠQ’‚Ì–ÒP‚ÅA‚²‹ßŠ‚©‚ç‚Íwè“ü‚ê‚µ‚ëx‚Æ‹êî‚à,https://news.yahoo.co.jp/articles/e10ddd31f9d6d1ed41b67a921986640df13986c3,No date found
maidonans,‚Ü‚¢‚Ç‚Èƒjƒ…[ƒX,‰Ì•‘ŠêŠE‚ÌƒvƒŠƒ“ƒX@24Î‚Ì•Ğ‰ªç”V•‚ª‰f‘œì•i‚É’§í‚·‚é——R@u‰Ì•‘Šê‚ª‚ ‚é‚±‚Æ‚ª“–‚½‚è‘O‚Å‚Í‚È‚¢vƒRƒƒi‰Ğ‚ÅŠw‚ñ‚¾Šë‹@Š´,https://news.yahoo.co.jp/articles/7adc384127d262edb9d19d574d42eebadc833a40,No date found
maidonans,‚Ü‚¢‚Ç‚Èƒjƒ…[ƒX,uOŠpƒR[ƒ“‚ğ’u‚«‚·‚¬‚½Œ‹‰ÊvÅ¶‚ÉoŒ»‚µ‚½•¨‘Ì‚Éƒlƒbƒg‹Áœ±¨”­Œ©‚µ‚½ƒXƒ^ƒbƒtuƒgƒ‰ƒEƒ}‚É‚È‚Á‚½v,https://news.yahoo.co.jp/articles/62c4aac717cb741e5d1fbe677f6db905cdef394a,No date found
maidonans,‚Ü‚¢‚Ç‚Èƒjƒ…[ƒX,VƒAƒjƒwƒLƒ““÷ƒ}ƒ“ Š®àø’´ln‘c•Òx‚Å‚Íˆ«–‚’´l‚É’–ÚIcŒ´ì‚ÅU‚è•Ô‚é–¼Ÿ•‰3‘I,https://news.yahoo.co.jp/articles/51c2cc0360ad0c77d25981f28326580d5a054b4a,No date found
maidonans,‚Ü‚¢‚Ç‚Èƒjƒ…[ƒX,uƒLƒEƒCƒtƒ‹[ƒcv‚Ì”ç‚ª“’‚Ş‚«‚Ì‚æ‚¤‚Éƒcƒ‹ƒb‚Æ‚Ş‚¯‚éIHcŠÈ’P‚·‚¬‚ég‹Á‚«‚Ìƒ‰ƒCƒtƒnƒbƒNh‚Æ‚Í,https://news.yahoo.co.jp/articles/eadff6d4407583745639732caccdcec0a2c46fb3,No date found
maidonans,‚Ü‚¢‚Ç‚Èƒjƒ…[ƒX,‰½‚Å“¤‚ª”’‚¢‚ÌIH•Ÿ“‡Œ§‚Ì‘’®‚Å‡€^‚Á”’‚ÈÔ”Ñ‡‚ª‚¨“yYA “ä‚Ì—¿—‚Ì³‘Ì‚Æ‚Íy’nŒ³‚Ì‘’‹V‰ïĞ‚É•·‚¢‚½z,https://news.yahoo.co.jp/articles/491f73dce806fc82ceb59541ed64acb58ae95ede,No date found
maidonans,‚Ü‚¢‚Ç‚Èƒjƒ…[ƒX,”Ş—‚É‚µ‚½‚¢º—DNo.1ÂR‚È‚¬‚³‚³‚ñ@‚©‚í‚¢‚³‘SŠJ‚ÌƒLƒƒƒ~ƒ\[ƒ‹p@ƒfƒWƒ^ƒ‹Ê^WƒAƒU[ƒJƒbƒg,https://news.yahoo.co.jp/articles/2436e97510f85bfc639e2006f1a975cb28607cfd,No date found
maidonans,‚Ü‚¢‚Ç‚Èƒjƒ…[ƒX,TikTok‚Å˜b‘è‚Ì19Î–k–ì^ˆß‚³‚ñ@—ˆßE”’ƒrƒLƒjEÔƒrƒLƒj‚Ìµ•Ï‰»@‰¤“¹‚Ì‰ÄƒOƒ‰ƒrƒA‚Å–£—¹,https://news.yahoo.co.jp/articles/33e3fd28841309f1004c4844dff1c52d6d1776a3,No date found
maidonans,‚Ü‚¢‚Ç‚Èƒjƒ…[ƒX,u‚²‚ß‚¥‚¥‚¥‚¥‚ñAQ–V‚µ‚½Iv‚²”Ñ‚ª‚È‚­‚ÄŒƒ‚¨‚±‚Ì”L‚³‚ñu“{‚è‚Á‚Õ‚è‚ª‚²—§”hvu”Ñ‚Í‚Ü‚¾‚©‚İ‚½‚¢‚ÈŠçv,https://news.yahoo.co.jp/articles/98c8c482df9f95020a363c0b8ea262649f11d499,No date found
maidonans,‚Ü‚¢‚Ç‚Èƒjƒ…[ƒX,1Î‘§q‚Ìè‚ÌÊ^‚ª‰Âˆ¤‚·‚¬‚Äcu‚Õ‚É‚Õ‚É‚µ‚Ä‚évuƒAƒjƒ‚İ‚½‚¢v‚Æâ^‚Ìº,https://news.yahoo.co.jp/articles/fee41722257980cfa3d523405da003bda66825da,No date found
maidonans,‚Ü‚¢‚Ç‚Èƒjƒ…[ƒX,ƒRƒ“ƒvƒŒƒbƒNƒX‚ğŠ´‚¶‚Ä‚¢‚éuŠç‚Ìƒp[ƒcv‚Í‚Ç‚±H@3ˆÊu•vA2ˆÊu–Úv,https://news.yahoo.co.jp/articles/6edcfc3043f3327d90986b93921b0c268302aed4,No date found
maidonans,‚Ü‚¢‚Ç‚Èƒjƒ…[ƒX,480g‚Å¶‚Ü‚ê‚½’´’áo¶‘Ìd™‚Ì‘§qA‰^“®‰ï‚Å’ú‚ß‚¸‘–‚ép‚É•ê‚Í—Ü@u‚æ‚­Šæ’£‚Á‚Ä‘å‚«‚­‚È‚è‚Ü‚µ‚½‚Ëvu©•ª‚à’áo¶‘Ìd™vSNS‚Å‰·‚©‚¢º,https://news.yahoo.co.jp/articles/cc68e430cfdf4f38167018ae6a7a0d1383d7061f,No date found
maidonans,‚Ü‚¢‚Ç‚Èƒjƒ…[ƒX,‘½“ª”ˆç•ö‰ó‚ÅAˆ«L•Y‚¤º“à‚©‚ç‹~o‚µ‚½”L‚½‚¿¨—¢e‚Éˆø‚«æ‚ç‚êA”ü‚µ‚¢p‚ğ‚Æ‚è‚à‚Ç‚·,https://news.yahoo.co.jp/articles/aee4fda515ab7744a6c26237864ea83721f6c40b,No date found
maidonans,‚Ü‚¢‚Ç‚Èƒjƒ…[ƒX,ƒ_[ƒNƒTƒCƒh‚É‘Â‚¿‚½Ô‘^‰q“ñ‚³‚ñcuRe:ƒŠƒxƒ“ƒWv‚Ù‚Á‚±‚èƒƒCƒLƒ“ƒO“®‰æ‚Å”Ò‰ñH u‰Âˆ¤‚¢vuƒhƒ‰ƒ}‚Æˆá‚Á‚Ä˜a‚â‚©v¡–éÅI‰ñ,https://news.yahoo.co.jp/articles/2714a7946e5af33eb241f32702a65e0b3a5146f1,No date found
maidonans,‚Ü‚¢‚Ç‚Èƒjƒ…[ƒX,•Xì‚«‚æ‚µ‚³‚ñAƒCƒ[ƒWˆêV‚ÌÅVƒrƒWƒ…ƒAƒ‹ŒöŠJ@u”ü‚µ‚·‚¬vu’j‘O‚É‚È‚Á‚Ä‚¨‚ç‚ê‚évu’¤‚Ì‚æ‚¤v‚Æƒtƒ@ƒ“Š½Šì‚ÌInstagramÄŠJ,https://news.yahoo.co.jp/articles/e05b435efe177a3b51e7a8f8481461eb1f074755,No date found
maidonans,‚Ü‚¢‚Ç‚Èƒjƒ…[ƒX,y‚»‚±‚ÍƒAƒJƒ“Iz‰á‚Éh‚³‚ê‚ÄÅ‚àŒ™‚ÈêŠ‚ÍH@3ˆÊu‚¨‚Å‚±vA2ˆÊu‘«‚Ìwv,https://news.yahoo.co.jp/articles/2434ef2bf7a6fce0c434f0ab68a3df4f8e17bee0,No date found
maidonans,‚Ü‚¢‚Ç‚Èƒjƒ…[ƒX,‚¨“X‚ÌŒûƒRƒ~‚Íˆ«‚¢ŒûƒRƒ~‚à‚ ‚é•û‚ªM—Š‚Å‚«‚éIH@u’ˆÓ“_‚ª•ª‚©‚évu‚¢‚¢——R‚Î‚©‚è‚ ‚é‚Æ‰R‚Á‚Û‚¢v,https://news.yahoo.co.jp/articles/a32caef0f797440daec2a4d8144aa6c5811cacb7,No date found
maidonans,‚Ü‚¢‚Ç‚Èƒjƒ…[ƒX,Œô“c˜Ò–¢‚³‚ñA–…misono‚³‚ñ‚ÌƒJƒŒ[ƒ‰[ƒƒ““X‚ğ“ËŒ‚–K–â@u”ü–¡‚µ‚·‚¬‚ÄI‚¤‚»[‚ñIvÊ^‚Éu‰F’ˆˆê‚©‚í‚¢‚¢vuÅ‚‚Ìo–…v,https://news.yahoo.co.jp/articles/8bb166698432fcc0da465fb9af87cdb5d53005a9,No date found
maidonans,‚Ü‚¢‚Ç‚Èƒjƒ…[ƒX,y–ìØƒ\ƒ€ƒŠƒG“`özuƒAƒXƒpƒ‰ƒKƒXv‚Ì—â“€•Û‘¶ƒeƒNƒjƒbƒN‚Éu‚ä‚Å‚È‚­‚Ä‚à‚¢‚¢‚ñ‚¾Iv,https://news.yahoo.co.jp/articles/eda02c2bd63e34e8002dab040fd0c1ff4dfd47ed,No date found
maidonans,‚Ü‚¢‚Ç‚Èƒjƒ…[ƒX,y‚±‚ê‚©‚ç‚Ì‹Gß‚É‘åŠˆ–ô‚Ì— ‹Zz‚»‚¤‚ß‚ñ‚Æˆê‚É‚ä‚Å‚é‚¾‚¯‚ÅƒRƒV‚ªo‚ÄƒvƒŠƒbƒvƒŠ‚Écu–¾“ú‚Ì‚¨’‹‚É‘‘¬ì‚è‚Ü‚·v,https://news.yahoo.co.jp/articles/a076b63cac1573abb4ed08ba1a6dccabba1cd311,No date found
maidonans,‚Ü‚¢‚Ç‚Èƒjƒ…[ƒX,y’–Ú‚Ì•Ä•²ƒpƒ“z‚Ó‚Á‚­‚çÄ‚­‚½‚ß‚É‚ÍH@•Ä•²ê–å‰Æ‚É•·‚¢‚½uŒÅ‚­‚È‚Á‚Ä‚àƒpƒ“•²‚Ì‚æ‚¤‚Ég‚¦‚Ü‚·‚æv,https://news.yahoo.co.jp/articles/96384de8d7c3f7334a530d0683ea6d7b1926044b,No date found
maidonans,‚Ü‚¢‚Ç‚Èƒjƒ…[ƒX,uƒUƒ‰ƒ‚ ‚Á‚½‚æ‚ÈH‚Á‚Ä’T‚µ‚½‚çvƒUƒ‰ƒ‚É¬‚¶‚Á‚Ä‚¢‚½‚Ì‚Íc¬6–º‚ÉuƒŠƒX‚©‚ævu–È‚ ‚ßì‚ë‚¤‚Æv,https://news.yahoo.co.jp/articles/bef85b6245ec0a7e60124dd3dd2626e485fcc365,No date found
maidonans,‚Ü‚¢‚Ç‚Èƒjƒ…[ƒX,©•ª‚Ìƒ|ƒXƒg‚Éu‰´‚àvcuŠç‚È‚¢vó‹µ‚ªˆÓŠO‚É‘åƒoƒYƒŠA‚±‚ê‚Á‚Ä‚ ‚é‚ ‚é‚©‚àIH,https://news.yahoo.co.jp/articles/46ee5780164544d71bc75c45a5b00b8a0312e8c2,No date found
maidonans,‚Ü‚¢‚Ç‚Èƒjƒ…[ƒX,“ú–{•‘—x‰Æ‚Å”o—D‚Ì“¡ŠÔ‘uq@“`“‚ÆV‚µ‚¢‚à‚Ì‚Ì—Z‡‚É–Ùl@u‘c•ê‚ª–S‚­‚È‚Á‚½‚Æ‚«A“ú–{•‘—x‚ÌƒXƒCƒbƒ`‚ª“ü‚Á‚½‹C‚ª‚µ‚Ü‚·v,https://news.yahoo.co.jp/articles/9917c433db893b2bdb33baaa4eaca23d9adf323e,No date found
maidonans,‚Ü‚¢‚Ç‚Èƒjƒ…[ƒX,uƒŠƒ‚[ƒg‰ï‹c’†v‚Á‚Û‚¢Œ¢‚ÌÊ^‚ª‘åƒoƒY‚è¨‘S‘‚ÌŒ¢”L‚ª‘±X‚Æ‰ï‹c‚ÉgQ‰ÁhAu‰Âˆ¤‚·‚¬vu‚¸‚Á‚ÆŒ©‚Ä‚ç‚ê‚év,https://news.yahoo.co.jp/articles/72d9101fe883770fb2a72b9ff1e9eff82e2056e0,No date found
maidonans,‚Ü‚¢‚Ç‚Èƒjƒ…[ƒX,u—ß˜a6”N6Œ6“ú‚Ğ‚©‚è666†6†Ôv‚ÉæÔ@‹L”O‚·‚×‚«VŠ²ü‚Ìƒ`ƒPƒbƒg‚É8–œl‚ªŠ½Šì,https://news.yahoo.co.jp/articles/104ec5bd9b9303c4084f7ea5dec42dc257329364,No date found
maidonans,‚Ü‚¢‚Ç‚Èƒjƒ…[ƒX,È‚Éu‚±‚Ì¼‹\t‚ªv‚ÆŒ¾‚í‚ê‚½•vAˆê–Ú—Ä‘R‚Ì——R‚É15–œl‚ª‹Á‚«@À’í‚ÍƒAƒCƒhƒ‹‚È‚Ì‚ÉIH,https://news.yahoo.co.jp/articles/977e6e648543a2514d8c79491d7f1cae65df7c25,No date found
maidonans,‚Ü‚¢‚Ç‚Èƒjƒ…[ƒX,“¹˜H‚Ås‚«“|‚ê‚½”L‚ğ•ÛŒì¨œ”ÕœÜ‚Å‘åèpA•à‚¯‚é‚æ‚¤‚É@‰^–½‚Ìo‰ï‚¢‚ª‘Ò‚Á‚Ä‚¢‚½I,https://news.yahoo.co.jp/articles/f23fe87c78f821db89405cb1bac50fb36f364d68,No date found
maidonans,‚Ü‚¢‚Ç‚Èƒjƒ…[ƒX,10Œ‚©‚çæ”­–ò‚Ì©ŒÈ•‰’SŠz‚ªã‚ª‚éI‘ÎÛ‚Í1000•i–Ú‚à¨ƒŠƒAƒ‹‚È‹àŠz‚ğ–òÜt‚É•·‚¢‚½u’m‚ç‚È‚¢‚Æ‘¹‚·‚éIv,https://news.yahoo.co.jp/articles/e509bd3567e830aa2d5faa831e512619e49e5a23,No date found
maidonans,‚Ü‚¢‚Ç‚Èƒjƒ…[ƒX,y”ß–Âzuƒxƒr[ƒJ[‚ªIÔ‚¿‚á‚ñ‚ªIv©“]Ô‚ª‰¡’f•à“¹‚Å•àsÒ‚ÉŒƒ“ËI–ŒÌ‚ÌÄŒ»“®‰æ‚ªÕŒ‚@“Še‚µ‚½Œx@‚É•·‚¢‚½,https://news.yahoo.co.jp/articles/ec4a5df9222b1a160a4b8cd4ba5e67c9fb771fd6,No date found
maidonans,‚Ü‚¢‚Ç‚Èƒjƒ…[ƒX,ƒRƒ“ƒrƒj‚Ì’“Ôê‚ÅA‰a‚â‚è‚Ìl‚ğ‘Ò‚¿‘±‚¯‚é“úX‚ÉI~•„@’nˆæ”LEƒZƒuƒ“‚­‚ñ‚Ì•ÛŒì‚ª–â‚¢‚©‚¯‚éu–{“–‚Ì—D‚µ‚³v‚Æ‚Í,https://news.yahoo.co.jp/articles/d1bbc45837d215d77e2622aea28b6d899ba5c624,No date found
maidonans,‚Ü‚¢‚Ç‚Èƒjƒ…[ƒX,ƒXƒCƒJ‚Ì‘N“x‚ğŒ©‹É‚ß‚é‚É‚Íc’@‚¢‚Ä‰¹‚ğ•·‚­‚æ‚èu‚±‚±‚ğŒ©‚ÄIv@ge‘P‘ågh‚ª‰ğà‚·‚éƒeƒNƒjƒbƒN,https://news.yahoo.co.jp/articles/1ac7fac8a3cd818c4f6d162178b615fd38db39a2,No date found
maidonans,‚Ü‚¢‚Ç‚Èƒjƒ…[ƒX,“ñ\Î‚É‚È‚Á‚½–{“c–]Œ‹‚³‚ñ@FLASH‰•\†•‘ålƒOƒ‰ƒrƒA‚É’§í,https://news.yahoo.co.jp/articles/ca4260a8efb07c802240fcb5cbfe23bfc73d5576,No date found
maidonans,‚Ü‚¢‚Ç‚Èƒjƒ…[ƒX,‹P‚­ƒoƒXƒg‚ğƒŠƒ{ƒ“‚Å‚­‚é‚İc@ƒOƒ‰ƒhƒ‹‰¡–ì‚·‚İ‚ê‚³‚ñ@º˜aƒAƒCƒhƒ‹‚ğ—d‰‚É•\Œ»,https://news.yahoo.co.jp/articles/d77436b9854f4e1120d7a64ea23a75de33fdb93e,No date found
maidonans,‚Ü‚¢‚Ç‚Èƒjƒ…[ƒX,u­‚ª•‚‚¢‚Ä‚éIHvl‚ÌS‚ğä‚«‚Â‚¯‚é•sv‹c‚È–£—Íu‡¬‚É‚µ‚©Œ©‚¦‚È‚¢i–J‚ßŒ¾—tjv,https://news.yahoo.co.jp/articles/bf0a877f0b9bb32724202b049ff1c70ea3170689,No date found
maidonans,‚Ü‚¢‚Ç‚Èƒjƒ…[ƒX,uƒWƒƒƒ“ƒv‚ª‚Å‚«‚È‚¢”LA‚Ç‚±‚©ˆ«‚¢‚Ì‚Å‚Ív•a‰@‚És‚Á‚½‚çA‚Ü‚³‚©‚Ìf’f‚É‹Á‚«@‚»‚ñ‚È”L‚¢‚é‚ÌHbˆãt‚É•·‚¢‚½,https://news.yahoo.co.jp/articles/77e421a43312b01834043efc6a47261c4fcd3eca,No date found
maidonans,‚Ü‚¢‚Ç‚Èƒjƒ…[ƒX,¿–â‚É“š‚¦‚é‚¾‚¯A‚`‚h’ñˆÄ‚ÌƒIƒŠƒWƒiƒ‹ƒJƒNƒeƒ‹‚Íˆ‚Èˆê”t@l‚Æ˜b‚µ‚Ä‚¢‚é‚æ‚¤‚È‹CŒ­‚¢‚É‚à‹Á‚«@‰ªR‚Ìƒo[‚Å‹LÒ‚ª‘ÌŒ±,https://news.yahoo.co.jp/articles/e6220fb602027e0b4e7e18fde131cd1b5bcfc7e6,No date found
maidonans,‚Ü‚¢‚Ç‚Èƒjƒ…[ƒX,–ìX‘º—F‹Iq‚³‚ñA18Î’·—‚Íu‚¨•ê‚³‚ñ—‚Å”ül‚³‚ñv ‰‚ß‚Ä‚Ìeq2lƒƒP‚Åg’‡—Ç‚µƒVƒ‡ƒbƒgh”â˜I@•v‚Í‚Q’šŒeEì’J,https://news.yahoo.co.jp/articles/95ceb58cf2f01f703095ac8a17b7c8ad88444cbb,No date found
maidonans,‚Ü‚¢‚Ç‚Èƒjƒ…[ƒX,“ª’¸•”‚Éuƒn[ƒgv‚ªoŒ»@ƒAƒ“ƒK[ƒ‹ƒYE“c’†‚³‚ñ‚ÉŠïÕ‚ÌQ•Ècu‚³‚·‚ªV¥‚³‚ñvuˆ¤‚ªˆì‚ê‚Ä‚«‚½‚Ì‚Å‚·‚Ëv,https://news.yahoo.co.jp/articles/58fc50d01185f9af1efe4cefdf42e88103e0177a,No date found
maidonans,‚Ü‚¢‚Ç‚Èƒjƒ…[ƒX,–Ú‚ª‡‚¦‚ÎuƒVƒƒ[IIIv–ì—Ç‚ğ¶‚«”²‚¢‚½ƒIƒX”L@ŒŒ‚¾‚ç‚¯‚Ì‘«‚Å•ÛŒì‚³‚ê‰Æ‘°‚à‚Å‚«‚½‚Ì‚ÉcŒ©‚ç‚ê‚È‚©‚Á‚½–ŠJ‚Ì÷A‚»‚ê‚Å‚à,https://news.yahoo.co.jp/articles/ab548ebabbc82b0a5d4f350bee4a62836a2e3bd9,No date found
maidonans,‚Ü‚¢‚Ç‚Èƒjƒ…[ƒX,uƒsƒ“ƒ|[ƒ“vƒCƒ“ƒ^[ƒzƒ“‚ª–Â‚é‚Æ“®‚«o‚·1Î‘oqAKŠµ‚É‚È‚Á‚½‚ ‚és“®‚Éu‚±‚ê‚Í‹—¯ç‚Å‚«‚È‚¢wvu¡“ú‚©‚ç‚±‚Ì‰Æ‚É‹A‚è‚Ü‚·v,https://news.yahoo.co.jp/articles/81359a0546f10c42dc7ed4348fb43f09e7ee40ac,No date found
maidonans,‚Ü‚¢‚Ç‚Èƒjƒ…[ƒX,Ô‚¢‚·ƒeƒjƒXƒvƒŒ[ƒ„[E‘å’J“q‘Iè‚ÌˆêŒ¾‚ªƒqƒ“ƒg‚ÉI˜V•Ü˜a‰Ùq“X‚ªèŒy‚Éˆù‚ß‚é‚ ‚ñ‚±ˆù—¿‚ğŠJ”­B‚±‚±ˆê”Ô‚ÌŠæ’£‚è‚Ç‚«‚É‘f‘‚­‚Ç‚±‚Å‚àƒGƒlƒ‹ƒM[ƒ`ƒƒ[ƒW,https://news.yahoo.co.jp/articles/8f71dbc4ed19a5cc71f8c14a86edaad2ded301c7,No date found
maidonans,‚Ü‚¢‚Ç‚Èƒjƒ…[ƒX,’À‘İ•¨Œ‚ÉZ‚Ş’j—‚É•·‚¢‚½cu‘å‰Æ‚³‚ñ‚Æƒgƒ‰ƒuƒ‹‚É‚È‚Á‚½ŒoŒ±‚ª‚ ‚évl‚Í6.3%@‚Ç‚ñ‚Èƒgƒ‰ƒuƒ‹‚ª‚ ‚Á‚½H,https://news.yahoo.co.jp/articles/17582f73cffcea7fdfd99c3bdb50b1798dd45cdd,No date found
maidonans,‚Ü‚¢‚Ç‚Èƒjƒ…[ƒX,TikTok‚Å‘åƒoƒY‚èI7l‘gƒAƒCƒhƒ‹uAppare!v‚ª–²‚Ì•“¹ŠÙ‚Ö ŠÏ‹q50l‚©‚çƒXƒ^[ƒgcƒ‰ƒCƒuƒAƒCƒhƒ‹‚Ì’¸“_‚É‚È‚é‚Ü‚Å,https://news.yahoo.co.jp/articles/edd372e9457d649df5bfecba294a0a97ac4f448d,No date found
maidonans,‚Ü‚¢‚Ç‚Èƒjƒ…[ƒX,uƒcƒoƒ‚Ì‚Ğ‚È‚ª”ò‚Ô—ûK‚ğ‚µ‚Ä‚¢‚Ü‚·v‰w‚Ìˆ¤‚ ‚Ó‚ê‚é’ˆÓ‘‚«‚É‚Ù‚Á‚±‚è@˜b‚ğ•·‚¢‚½,https://news.yahoo.co.jp/articles/f949002fbd32f6fa276df2471225c1253d0239a8,No date found
maidonans,‚Ü‚¢‚Ç‚Èƒjƒ…[ƒX,uŠ¾‚ğ‚©‚«‚â‚·‚¢lv‚ª‘½‚¢“s“¹•{Œ§ƒ‰ƒ“ƒLƒ“ƒO@3ˆÊuRŒ`Œ§vA2ˆÊu‰«“êŒ§vA1ˆÊ‚Íc@¼‚“Œ’áH,https://news.yahoo.co.jp/articles/055501d780b3d5bde2790ba31ea2fc5a09abcda0,No date found
maidonans,‚Ü‚¢‚Ç‚Èƒjƒ…[ƒX,‚È‚ºu©•ª‚Å“d˜b‚ğ‚©‚¯‚È‚¢’j«v‚ª‘½‚¢‚Ì‚©HŠJ‹Æˆã‚Ì“Še‚Éu‚ ‚é‚ ‚év‚Ìº‚ªE“uŠÔ‚Ì–³‘Ê‚¾‚©‚çcv,https://news.yahoo.co.jp/articles/f9e20e31fa87bd0d6806d834ac11924a5c64cb05,No date found
maidonans,‚Ü‚¢‚Ç‚Èƒjƒ…[ƒX,yƒ}ƒEƒ“ƒeƒBƒ“ƒOãiz3l‚É1l‚ªuEê‚É‚¢‚év‚Æ‰ñ“šc“Á’¥“I‚Ès“®‚ÍH@2ˆÊud–‚ªo—ˆ‚é‚±‚Æ‚ğ©–v,https://news.yahoo.co.jp/articles/5e661b9e2cb201b75fa4fcd98b3172af069eff40,No date found
maidonans,‚Ü‚¢‚Ç‚Èƒjƒ…[ƒX,‚Ä‚ñ‚¿‚ŞA‹¹Œ³•‚Ù‚Á‚»‚èƒEƒGƒXƒg‚ ‚ç‚ícƒVƒ‡[ƒNƒ‰ƒuˆß‘•uYŒã2ƒJŒ‚È‚Ì‚É‚·‚²‚¢vuq‚¿‚Æ‚ÍM‚¶‚ç‚ê‚È‚¢v,https://news.yahoo.co.jp/articles/25eaa765a3b7b360f7138f04ce2269372f9231f2,No date found
maidonans,‚Ü‚¢‚Ç‚Èƒjƒ…[ƒX,ƒW[ƒ“ƒYEƒpƒ“ƒc‚Í— •Ô‚³‚¸OKIc—ºŠ£‘‡‹@‚Åô‘ó•¨‚ğ‘¬UŠ£‚©‚·•û–@,https://news.yahoo.co.jp/articles/1ddd795bfcb6d448207614691213dd3c7bc088fd,No date found
maidonans,‚Ü‚¢‚Ç‚Èƒjƒ…[ƒX,4Î‚ªƒEƒNƒŒƒŒ‚Å’e‚«Œê‚ècìŒì‹È‚µ‚½ƒIƒŠƒWƒiƒ‹ƒ\ƒ“ƒO‚É‚ß‚½‹C‚¿‚ÍH@uË”\‚Ì‰òvu‘f“G‚È‰ÌIv‚Æ129–œ‰ñÄ¶,https://news.yahoo.co.jp/articles/c8e85923ad37c66cce2ad2c5d9cd9605a4fcef77,No date found
maidonans,‚Ü‚¢‚Ç‚Èƒjƒ…[ƒX,uŠÒ—ï”ü‹r‚Å‚à”q‚ñ‚Å‚ëvƒVƒ‡[ƒgƒpƒ“ƒc‚Åƒq[ƒ‹—š‚«‚±‚È‚·•ê@Œã‚ëp‚É‹Á‚«u20‘ã‚¶‚á‚ñvuãY—í‚¾‚µ“w—Í‚ª‚·‚²‚¢v,https://news.yahoo.co.jp/articles/bf7ea418af31778e226e0d9fbadeb4964bffd346,No date found
maidonans,‚Ü‚¢‚Ç‚Èƒjƒ…[ƒX,uŠ®‘S‚Éƒ‚ƒfƒ‹‚³‚ñ‚¾‚Æv‚Á‚½v‚»‚ÌŒãc•lŒû‹q‚³‚ñAƒgƒŒ[ƒjƒ“ƒOp‚ªuƒJƒbƒ`ƒ‡‰Âˆ¤‚¢vu‹Ø“÷‚Í‚Ç‚±‚Ü‚Åi‰»‚·‚é‚ñ‚¾‚ë‚¤v,https://news.yahoo.co.jp/articles/8ae85f885914ca05ff334380ce28f30aa7908841,No date found
maidonans,‚Ü‚¢‚Ç‚Èƒjƒ…[ƒX,•—˜C‚É“ü‚ç‚È‚¢•vu•Ê‚É‚¢‚¢‚¶‚á‚ñv‚»‚Ì——R‚ÉAÈ‚Í“{‚è”š”­I@‘‚¦‚Ä‚¢‚éu•—˜CƒLƒƒƒ“ƒZƒ‹ŠEŒGv‚ÌÀ‘Ô,https://news.yahoo.co.jp/articles/eefbf50be70b040d9b41c98728e53a80eaf7170f,No date found
maidonans,‚Ü‚¢‚Ç‚Èƒjƒ…[ƒX,uƒZƒ“ƒX‚É‚Íc‚‚ª‚ ‚év”æ•¾‚µ‚½ƒNƒŠƒGƒCƒ^[‚Ì––˜H‚Íc@d–‚ğ‘±‚¯‚é‚½‚ß‘åØ‚È‚±‚Æ‚É‹¤Š´‘±XuˆÓ—~‚àƒAƒCƒfƒBƒA‚à‚È‚­‚È‚Á‚Ä‚µ‚Ü‚Á‚½v,https://news.yahoo.co.jp/articles/5f669d94fc878854736e729908c11f8e1660dbb3,No date found
maidonans,‚Ü‚¢‚Ç‚Èƒjƒ…[ƒX,´ƒƒrƒLƒj‚â‘å’_ƒnƒCƒŒƒO@‘òŒûˆ¤‰Ø‚³‚ñ@ƒƒŠƒnƒŠƒ{ƒfƒB•”ü’JŠÔƒJƒbƒg‚ğ•úo,https://news.yahoo.co.jp/articles/ea2143826cf2c65e9785b1c2afa2472a22991279,No date found
maidonans,‚Ü‚¢‚Ç‚Èƒjƒ…[ƒX,Œ³‚Å‚ñ‚Ï‘gEª–{“â‚³‚ñ@ƒZƒNƒV[”üK‚ğ‚¿‚ç‚è@ƒK[ƒ^[ƒxƒ‹ƒg•tƒrƒLƒj‚Åƒtƒ@ƒ“”YE,https://news.yahoo.co.jp/articles/1a865904c3d2e2d7a0b2a3ba90397bdfb83c0d90,No date found
maidonans,‚Ü‚¢‚Ç‚Èƒjƒ…[ƒX,u‚à‚Á‚Æ—V‚Ô‚ñ‚¾‚¢Iv•”‰®’†‚ğ‘–‚è‰ñ‚éqŒ¢@‚Æv‚Á‚½‚ç‚Ö‚»“V‚ÅƒO[ƒO[@“V^à£–Ÿ‚È‚ ‚È‚½‚É˜N•ñ‚ª“Í‚¢‚½‚æ,https://news.yahoo.co.jp/articles/13d9f004acf7bcb583bba4cc9e2c9fa408bf2a5e,No date found
maidonans,‚Ü‚¢‚Ç‚Èƒjƒ…[ƒX,‚Å‚Á‚©‚¢‹›‚ª…—g‚°‚³‚ê‚½I¶‚«‚Ä‚é“®‰æ‚É”½‹¿@u‚È‚ñ‚Ì‹›Hvu‚±‚ñ‚Èp‰‚ß‚ÄŒ©‚½vc‚»‚ÌŒã‚Í,https://news.yahoo.co.jp/articles/e22cacdcd33c50df61618f0328e58e141e188359,No date found
maidonans,‚Ü‚¢‚Ç‚Èƒjƒ…[ƒX,’í”L‚ªŒZ”L‚É“Ë‘R‚ÌˆĞŠdcSNS‚Å˜b‘è‚Ì”Lƒtƒ@ƒ~ƒŠ[@u‚ ‚ñ‚È‚É’‡—Ç‚µ‚¾‚Á‚½‚Ì‚Év‚Ç‚¤‚µ‚½‚ç‚¢‚¢H,https://news.yahoo.co.jp/articles/bad74cb83f81cee10ab97bd9d17fc97e31f376b4,No date found
maidonans,‚Ü‚¢‚Ç‚Èƒjƒ…[ƒX,ƒ|ƒPƒ‚ƒ“~“Œ‹‚Î‚È“Ş@ƒsƒJƒ`ƒ…ƒEƒXƒyƒVƒƒƒ‹ŠÊ‚ª‚©‚í‚¢‚·‚¬‚éI@ƒLƒ‰ƒLƒ‰‚¨‚ß‚ß‚ÅŒ©‚Â‚ß‚é‹¹ƒLƒ…ƒ“ƒ|[ƒY@ŒÀ’èƒXƒeƒbƒJ[‚à•t‘®,https://news.yahoo.co.jp/articles/a26d3a28854a54a8f9b09fc4b06ab605500383e5,No date found
maidonans,‚Ü‚¢‚Ç‚Èƒjƒ…[ƒX,u‚±‚ñ‚È‚É–‘«“x‚Ì‚‚¢‘åã“yY‚Í‚È‚¢v@ç“ú‘O‚Ìƒ‹i’ƒ‚Ì–¼•¨ƒƒjƒ…[‚Éu‘åãl‚¾‚¯‚Ç‚¿‹A‚è‚Å‚«‚é‚Ì‚Í’m‚ç‚È‚©‚Á‚½v,https://news.yahoo.co.jp/articles/f62e82d0944fd0b2aaa934e3186db8d069d9a5ac,No date found
maidonans,‚Ü‚¢‚Ç‚Èƒjƒ…[ƒX,ŠO‚Ì¢ŠE‚ÉƒhƒLƒhƒL@•à‚­‚±‚Æ‚ğ’m‚ç‚È‚©‚Á‚½ƒVƒFƒbƒgƒ‰ƒ“ƒhEƒV[ƒvƒhƒbƒO@U•à‚âƒgƒCƒŒ‚ğ‹³‚í‚è‚¨—˜Œû‚³‚ñ‚É‚È‚Á‚½@‚½‚¾‚¢‚Üƒgƒ‰ƒCƒAƒ‹’†,https://news.yahoo.co.jp/articles/12dc0428ed32312925afa8a06951b6d65a818e64,No date found
maidonans,‚Ü‚¢‚Ç‚Èƒjƒ…[ƒX,ƒSƒ~Ì‚Äê‚Å–Â‚¢‚Ä‚¢‚½¶Œã3“ú ‚Ì”L@u¬‚³‚·‚¬‚Äˆç‚Ä‚ç‚ê‚È‚¢‚©‚àv”Y‚ñ‚¾eq‚ªæ‚Á‚½s“®‚Íc,https://news.yahoo.co.jp/articles/dc987637cf78d63bcfa478f28a9e8cb011590e1c,No date found
maidonans,‚Ü‚¢‚Ç‚Èƒjƒ…[ƒX,u–²‚İ‚½‚¢vuH‚×‚½‚¢v“dÔ“à‚É‹‘å‚Èƒnƒbƒs[ƒ^[ƒ“AŠúŠÔŒÀ’è‚ç‚µ‚¢‚¼@‹T“c»‰Ù‚É•·‚¢‚½,https://news.yahoo.co.jp/articles/0602dda60af222221146f98f09d72280ad689827,No date found
maidonans,‚Ü‚¢‚Ç‚Èƒjƒ…[ƒX,uŒ|–¼‚Å‚·‚©H‚Æ•·‚©‚ê‚Ü‚·‚ªA–{–¼‚Å‚·v‚ ‚Ü‚è‚É‚à’·‚¢‚¨–¼‘O‚Éu‹M‘°‚Á‚Û‚¢vuãY—í‚·‚¬‚Ü‚·‚Ëv,https://news.yahoo.co.jp/articles/a92d7ef25f7c52954f91b1487c9e3a4e0a9cc860,No date found
maidonans,‚Ü‚¢‚Ç‚Èƒjƒ…[ƒX,ƒc[ƒŠƒ“ƒO’†‚Éº‚©‚¯‚ç‚ê‚Ä¨‹ŒÔƒoƒCƒNƒT[ƒNƒ‹‚Ö‚Ì‹­ˆø‚ÈŠ©—U@’f‚Á‚Ä‚àuŠço‚µ‚Æ‚©‚È‚¢‚ÆFX¢‚é‚æHv,https://news.yahoo.co.jp/articles/2cf6389cec79065264a7a1f5cc24108fa03c5424,No date found
maidonans,‚Ü‚¢‚Ç‚Èƒjƒ…[ƒX,SNS‚Ö‚Ì“ŠeA1“ú5‰ñ‚Í‘½‚¢A­‚È‚¢H@50‘ãˆÈ‰º‚Ì’j—‚ª“Še‚µ‘±‚¯‚éA‚»‚Ì——R‚Íc,https://news.yahoo.co.jp/articles/a1a363acc57461c8030397dec1023e39e2cbeb90,No date found
maidonans,‚Ü‚¢‚Ç‚Èƒjƒ…[ƒX,uƒpƒp‚ÌP‚ª‚¢‚¢[‚Á‚ÄŒ¾‚Á‚½‚â‚Â‚Å‚·‚Ëv1–‡‚ÌƒCƒ‰ƒXƒg‚É•¨Œê‚ª‚¤‚©‚Ôu‚İ‚ñ‚È‚¨”æ‚ê‚³‚Ücv,https://news.yahoo.co.jp/articles/6db134fc66c248f5d7665ce533656838f0206c48,No date found
maidonans,‚Ü‚¢‚Ç‚Èƒjƒ…[ƒX,‹‚Ì˜V•Ü˜a‰Ùq‰®A12“X‚Ì25”N‚É‚¨‚æ‚Ô‰¡‚Ì‚Â‚È‚ª‚è‚Æ‚ÍH@”ü‚µ‚¢ˆÓ ‚Ì‰Ùq‚ğˆç‚ñ‚¾A‘z‚¢‚ğ•·‚¢‚½,https://news.yahoo.co.jp/articles/0b01b84b2ec605ca8004e41ab03b75c5cc045472,No date found
maidonans,‚Ü‚¢‚Ç‚Èƒjƒ…[ƒX,•@‚Ì”ü—e®Œ`‚ğ”’c“o˜^Ò186–œ‚Ìl‹CYouTuber@u®Œ`ˆË‘¶Çv”ñ“ï‚ÉŒÄ‚Ñ‚©‚¯u„‚¶‚á‚È‚¢’N‚©‚ÉŒü‚¯‚È‚¢‚Åv,https://news.yahoo.co.jp/articles/7e60e72924e3f2d2a460e29565a7f22cb9054151,No date found
maidonans,‚Ü‚¢‚Ç‚Èƒjƒ…[ƒX,yÔ‚ª…–vIƒhƒA‚ªŠJ‚©‚È‚¢Iz’Eo‚Ég‚¤u‹Ù‹}’Eoƒnƒ“ƒ}[vcÀ‚Íg‚¢•û‚ÉƒRƒc‚ª‚ ‚è‚Ü‚·@Œx‹’¡‚Ì“Še‚É’–Ú,https://news.yahoo.co.jp/articles/be454aafa4344f32654f8bbb4f09914cef5bc1c1,No date found
maidonans,‚Ü‚¢‚Ç‚Èƒjƒ…[ƒX,yŒÕ‚É—ƒz’j‘•‚Ìu‚æ‚Ëv–ğ‚Å˜b‘è‚Ì“y‹u‰›—œ@“¯‚¶u‚Ç‚¢v‚Å‚àAuˆävu‹v‚Å‚Í•ª•z‚Éˆá‚¢‚ªcˆÓŠO‚È–¼š‚Ìƒ‹[ƒc‚Æ‚ÍH,https://news.yahoo.co.jp/articles/6f723985c6f9d66642c55d542bffcc413168b3e8,No date found
maidonans,‚Ü‚¢‚Ç‚Èƒjƒ…[ƒX,u‚¨‘OAš‚ª“Ç‚ß‚Ä‚é‚¾‚ëcv”‚¢å‚à‹Â“V‚µ‚½ÄŒ¢‚Ìs“®‚É17–œl‚ª‹Áœ±Iu‚à‚µ‚©‚µ‚Ä“VËŒ¢Hvu‚±‚ê‚Í“Ç‚ß‚Ä‚Ü‚·‚Ëv,https://news.yahoo.co.jp/articles/6f82057c95c8440b643d78f9b03bac9a5bfd06db,No date found
maidonans,‚Ü‚¢‚Ç‚Èƒjƒ…[ƒX,uƒvƒƒ|[ƒYv‚ªŒ‹¥¶Šˆ‚ğ¶‰E‚·‚éH@5”NˆÈ‰º‚Å—£¥‚µ‚½•v•w‚©‚çŒ©‚¦‚Ä‚«‚½ŒXŒü‚Íc,https://news.yahoo.co.jp/articles/476b880eead6fb54facb36171f3a4586a0335556,No date found
maidonans,‚Ü‚¢‚Ç‚Èƒjƒ…[ƒX,°‚É—‚Æ‚µ‚½ƒCƒ„ƒzƒ“‚ªŒ©‚Â‚©‚ç‚È‚¢u‹[‘Ô‚·‚¬‚éBŒ©‚¦‚½Hv@95–œˆÈã‚Ì‰{——uƒRƒ“ƒ^ƒNƒg—‚Æ‚µ‚½‚Ì‚Æ“¯ƒŒƒxƒ‹vu³‰ğ‹³‚¦‚Äv,https://news.yahoo.co.jp/articles/51a3a3325409ee3cbb337cebf3667c29fe0bb129,No date found
maidonans,‚Ü‚¢‚Ç‚Èƒjƒ…[ƒX,Œô“c˜Ò–¢AƒcƒA[æ‚ÌÊ^‚ğƒtƒ@ƒ“â^@–¼•¨‚ğè‚Éu‚±‚ñ‚È‚É‚©‚Á‚±‚æ‚­‚Ä‚é‚Ì‚­[‚¿‚á‚ñ‚¾‚¯vuCM—ˆ‚Ü‚·‚æv,https://news.yahoo.co.jp/articles/10c0c655828dc2b7209ed5a95a4958447fff30a8,No date found
maidonans,‚Ü‚¢‚Ç‚Èƒjƒ…[ƒX,ƒTƒbƒJ[Œ³“ú–{‘ã•\E–kàV‹‚ª–º‚Æ‚Ìƒc[ƒVƒ‡ƒbƒgŒöŠJ u–º‚³‚ñ”ülIvueq’‡—Ç‚·‚¬‚év‚Æ”½‹¿,https://news.yahoo.co.jp/articles/44a2eef19a2204fc70f74efa76bc0fa4d26b39d7,No date found
maidonans,‚Ü‚¢‚Ç‚Èƒjƒ…[ƒX,u‹Æ–±ƒX[ƒp[vuƒI[ƒP[vuƒCƒIƒ“vcu“úí“I‚Ég—p‚·‚éƒX[ƒp[vƒ‰ƒ“ƒLƒ“ƒO‚Ì1ˆÊ‚ÍH,https://news.yahoo.co.jp/articles/954d92bf827d38d38ee4e5a49bca9ed58f552742,No date found
maidonans,‚Ü‚¢‚Ç‚Èƒjƒ…[ƒX,ŒƒˆÀ•Ù“–AƒJƒŠƒtƒHƒ‹ƒjƒA•Ä‚Ì“±“ü——R‚É‹Á‚«@l‹CƒX[ƒp[‚Ì“\‚è†‚ª˜b‘ècÀH‚µ‚Ä‚İ‚é‚Æ,https://news.yahoo.co.jp/articles/61566e3cd72ab608878d44e28ca54f2cbf8c4aa6,No date found
maidonans,‚Ü‚¢‚Ç‚Èƒjƒ…[ƒX,uƒVƒ…[ƒ‹‚·‚¬‚év–³—¿ƒwƒ‹ƒXƒPƒAî•ñ‚Ì•\†‚É”½‹¿@ƒ}ƒXƒNƒƒƒ“‚ÉƒpƒbƒN¨uŠ£‘‡”§vA“ª‚Ì’†‚Å‘¾ŒÛ¨u“ª’Év,https://news.yahoo.co.jp/articles/e06096d9a010bb2ce79c2a6d0c133bf6c2c8a1ca,No date found
maidonans,‚Ü‚¢‚Ç‚Èƒjƒ…[ƒX,ğ‚ª‚¨‚¢‚µ‚­‚È‚éHŒÃ‘ãƒAƒ“ƒfƒX‚Ìu“J‚«ƒ{ƒgƒ‹v‚Åu‚è‚ª–L‚©‚Évuƒpƒ“ƒ`Œø‚¢‚½–¡‚Év¨‰ªR‘å‚ÅÀŒ±A‰ÈŠw“Iª‹’’T‚Á‚Ä‚İ‚½‚ç,https://news.yahoo.co.jp/articles/a8a14750f6456e79b0ae23929ce5240ebfc9cc4e,No date found
maidonans,‚Ü‚¢‚Ç‚Èƒjƒ…[ƒX,ƒAƒ{ƒJƒh‚Ìí‚â”ç‚ğÄ—˜—p‚µ‚½ƒA[ƒgEG‰İ‚Ã‚­‚è‚ª˜b‘è‚É@ƒGƒR‚È‚¾‚¯‚¶‚á‚È‚¢‘fŞ‚Ì–£—Í,https://news.yahoo.co.jp/articles/60e18b4dc8a85fba96497c99a25a9cc58e0a805e,No date found
maidonans,‚Ü‚¢‚Ç‚Èƒjƒ…[ƒX,11Î‚Ü‚Å”ÉB@•ÛŒì‚³‚ê‚½ƒrƒVƒ‡ƒ“EƒtƒŠ[ƒ[‚Í”ß‚µ‚°‚È“µ‚¾‚Á‚½@•ø‚«ã‚°‚é‚Æ˜r‚Ì’†‚Å‚·‚â‚·‚â@u‚¤‚¿‚É‚¨‚¢‚Åv‚Æ—D‚µ‚¢‰Æ‘°‚É‚ß‚®‚è‰ï‚¦‚½,https://news.yahoo.co.jp/articles/891db133fe1f5d868eed2d49487585bbd3982658,No date found
maidonans,‚Ü‚¢‚Ç‚Èƒjƒ…[ƒX,Œ³“úŒüâ46E‰eR—D‰ÀA•‘‘äu–¢—ˆ­”NƒRƒiƒ“v‚Ìƒƒ“ƒs[ƒXp‚ğ”â˜I@“Œ‹Œö‰‰‚ÌçˆªŠyŒ}‚¦u‚à‚Á‚Æ‚à‚Á‚Æ¸i‚µ‚Ü‚·Iv,https://news.yahoo.co.jp/articles/de4f8e1f841e02272b3a6e09012bcb5a3916fcb6,No date found
maidonans,‚Ü‚¢‚Ç‚Èƒjƒ…[ƒX,’–‚©‚çó‚¯‚½‚Í–ü‚¦‚½‚¯‚ÇcŒ³—ÂŒ¢‚ªŒ©‚¹‚éuHv‚Ö‚Ì·’…@—˜Œû‚ÅŠÃ‚¦‚ñ–V‚Ì‚ ‚È‚½‚ÉK‚¹‚ª–K‚ê‚Ü‚·‚æ‚¤‚É,https://news.yahoo.co.jp/articles/f2db5b82ef08527825b5f683d4406a3b9fe64cdb,No date found
maidonans,‚Ü‚¢‚Ç‚Èƒjƒ…[ƒX,–³’ïR‚·‚¬I“Áê‚È‚¨•—˜CƒXƒ^ƒCƒ‹‚ÌÄŒ¢‚ª˜b‘èc‚¨•—˜C‚Ì‚ ‚Æ‚É‚Íg‚²‚¿‚»‚¤ƒtƒ‹ƒR[ƒXh,https://news.yahoo.co.jp/articles/3dd9b7a921efcca1183df342017e2a9f1f2f5ff6,No date found
maidonans,‚Ü‚¢‚Ç‚Èƒjƒ…[ƒX,ˆÓu‚ ‚éHI“X“ª‚Å¤•i‚ğƒIƒXƒXƒ‚·‚ég‚Í‚½‚ç‚­‚Ê‚¢‚®‚é‚İh‚ğDM‚Å•åWu‚Í‚½‚ç‚­‚Ê‚¢‚®‚é‚İbotv‚ªl‹C,https://news.yahoo.co.jp/articles/aa636ff1ee71154ea9a9dfef2229ed9f4372c785,No date found
maidonans,‚Ü‚¢‚Ç‚Èƒjƒ…[ƒX,ñ‚ğ™ù‚Ü‚ê‚ÄƒEƒW‚ª‚í‚¢‚½q”Lc•ÛŒì’c‘Ì•K€‚ÌƒTƒ|[ƒg‚Åˆê–½‚ğæ‚è—¯‚ßŒ³‹C‚É,https://news.yahoo.co.jp/articles/7a724b3de257f2126dba36c8a26485e2b361e488,No date found
maidonans,‚Ü‚¢‚Ç‚Èƒjƒ…[ƒX,uK‚¹‚É‚µ‚½‚¢v‚Æˆø‚«æ‚Á‚½‚Í‚¸‚ªA‹`•ê‚Æ‚Ì•Ê‚ê‚É—‚¿‚Ş„‚ğx‚¦‚Ä‚­‚ê‚½@‰Æ‘°‚ÌãJ‚Ì‘åØ‚³‚ğ‹³‚¦‚Ä‚­‚ê‚½•ÛŒì”L‚½‚¿,https://news.yahoo.co.jp/articles/7e3f45876abf1d7cd010652c32ea40c1d651f6d5,No date found
maidonans,‚Ü‚¢‚Ç‚Èƒjƒ…[ƒX,u‚«‚µ‚ß‚ñv‚ÅƒJƒ‹ƒ{ƒi[ƒ‰‚Í‚¢‚©‚ªH@”_…È’S“–Ò‚ÌÕŒ‚”’cƒ‚ƒ`ƒ‚ƒ`–Ë‚ªuÀ‚ÍƒpƒXƒ^ƒ\[ƒX‚Æ‘Š«”²ŒQv,https://news.yahoo.co.jp/articles/2c8c27de124449ba081d91ab42df6bb838dd31ac,No date found
maidonans,‚Ü‚¢‚Ç‚Èƒjƒ…[ƒX,w52ƒwƒ‹ƒc‚ÌƒNƒWƒ‰‚½‚¿xl‹CƒLƒƒƒXƒgƒ‰ƒ“ƒLƒ“ƒO@“¯—¦1ˆÊ‚ÍcålŒö–ğ‚Ì™ç‰Ô‚Æ‚à‚¤1l‚ÍH,https://news.yahoo.co.jp/articles/07282726ab97a38bf11cae73087300fceeebac53,No date found
maidonans,‚Ü‚¢‚Ç‚Èƒjƒ…[ƒX,AŠˆ¶‚Ì6Š„’´u‰ÄŠú‚ÍƒŠƒNƒ‹[ƒgƒX[ƒcˆÈŠO‚Ì•‚ÅAŠˆ‚ğ‚µ‚½‚¢vcˆê•ûAŠé‹Æ‘¤‚Ì•‘•w’è‚ÍH,https://news.yahoo.co.jp/articles/b4f0462f073c6232ee7dee552a8f355988c49508,No date found
maidonans,‚Ü‚¢‚Ç‚Èƒjƒ…[ƒX,ƒRƒƒi‰Ğ‚Å¸‹Æ‚µ‚½ƒLƒƒƒoì@‘SàY‚ğ‚Á‚Ä—öl‚Í‹‚Á‚½@ƒpƒpŠˆ‚É—Š‚ç‚´‚é‚ğ“¾‚È‚­‚È‚Á‚½—«‚½‚¿@‰×•—Œ´ì‰f‰æu‚Â‚ä‚Ì‚ ‚Æ‚³‚«vŠÄ“ÂƒCƒ“ƒ^ƒrƒ…[,https://news.yahoo.co.jp/articles/08b02ac0f3c39d3ca84d128663558169aeb3c68e,No date found
maidonans,‚Ü‚¢‚Ç‚Èƒjƒ…[ƒX,u‚¦Hƒ`ƒLƒ““ì”Ø‚Á‚Äƒ|ƒŠ‘Ü‚Å‚Â‚­‚ê‚é‚ÌIHv ô‚¢•¨‚ªŒ¸‚ç‚¹‚éA–³ˆó“`ö‚Ìuƒ`ƒLƒ““ì”Ø•—vƒŒƒVƒs‚ª˜b‘è,https://news.yahoo.co.jp/articles/f18467ef305a7fe73ba88b76a5b4811558e1a1f2,No date found
maidonans,‚Ü‚¢‚Ç‚Èƒjƒ…[ƒX,u’Àã‚°—\’è‚ª‚È‚¢v’†¬Šé‹Æ‚Í4Š„ãc’Àã‚°‚µ‚È‚¢——R‚Ì3ˆÊuŒÙ—pˆÛ‚Ì—DævA2ˆÊuŒi‹C’á–Àv,https://news.yahoo.co.jp/articles/673d37b80b7a9b5cce44b75c335ef8d1402b0b07,No date found
maidonans,‚Ü‚¢‚Ç‚Èƒjƒ…[ƒX,–S‚«‘c•ƒ‚ªˆ¤—p‚µ‚½ƒvƒ–ì‹…–¼ŠÓA‚ ‚é‘Iè‚ªu•“h‚èv‚Éc——R‚ÉSNS”šÎA‘·uÅŒã‚Ü‚Å‹lƒtƒ@ƒ“‚¾‚Á‚½‚È‚Ÿv,https://news.yahoo.co.jp/articles/3834dc58e1215bc98aa415cdff9ad6270ca342fc,No date found
maidonans,‚Ü‚¢‚Ç‚Èƒjƒ…[ƒX,‰‰‹Z”h‚¨Î‚¢Œ|l‚ÌŠÅŒìt’·p‚Éƒlƒbƒg‘›‘R@ˆã—ÃŠÖŒWÒ‚ªâ^u‚¤‚¿‚Éƒzƒ“ƒg‚É‚¢‚évu‚·‚Î‚ç‚µ‚¢ÄŒ»—Ív,https://news.yahoo.co.jp/articles/cbbae4a33e48d8ccc6b5a21963489e0a69e62842,No date found
maidonans,‚Ü‚¢‚Ç‚Èƒjƒ…[ƒX,‚¨‹q—lIHu‚»‚¤‚¢‚Á‚½sˆ×‚Í‚²‰“—¶‰º‚³‚¢v …‘°ŠÙ‚Ì‚¨Šè‚¢‚ğç‚ê‚È‚©‚Á‚½’¿‹q‚Æ‚Ícu”ü–¡‚µ‚»‚¤‚¾‚Á‚½‚Ì‚©‚Èv,https://news.yahoo.co.jp/articles/0dd086d1231d25c7da88924626604c21df26a527,No date found
maidonans,‚Ü‚¢‚Ç‚Èƒjƒ…[ƒX,–Ôƒ^ƒCƒc ƒrƒLƒj ƒVƒ‡[ƒpƒ“@ƒAƒCƒhƒ‹ƒOƒ‹[ƒv#2i2EX“ˆ‚ ‚ñ‚è‚³‚ñ@”YEƒVƒ‡ƒbƒg˜A”­,https://news.yahoo.co.jp/articles/f19650612a135b57b1e8cfd67a5ad345cf3071e6,No date found
maidonans,‚Ü‚¢‚Ç‚Èƒjƒ…[ƒX,ã”¼g—‡‚Ìgèƒuƒ‰hƒVƒ‡ƒbƒg@——D‘å‹v•Û÷q‚³‚ñ‚ªV‹«’n‚Ì‘å’_”§Œ©‚¹@4thÊ^W‚ª7Œ”­”„,https://news.yahoo.co.jp/articles/d116b765f009969997f5494d5dbb2ee645f2b800,No date found
maidonans,‚Ü‚¢‚Ç‚Èƒjƒ…[ƒX,‘u‚â‚©ƒrƒLƒj‚ÌŒµ‘IƒJƒbƒgIƒ~ƒXFLASH2024ƒOƒ‰ƒ“ƒvƒŠ‰““¡‚Ü‚ß‚³‚ñ ”’Î‚³‚ñ ‹{ì‚İ‚â‚Ñ‚³‚ñ@‰‚ÌƒfƒWƒ^ƒ‹Ê^W,https://news.yahoo.co.jp/articles/0ce2b00e7512ba956cd270ce12fba45b457b8eba,No date found
maidonans,‚Ü‚¢‚Ç‚Èƒjƒ…[ƒX,ÔƒrƒLƒj@ƒ`ƒ…[ƒuƒgƒbƒv@ƒƒ“ƒs[ƒX@–L“cƒ‹ƒi‚³‚ñ‚ª3í‚Ì…’…‚Å”üƒ{ƒfƒB”â˜I,https://news.yahoo.co.jp/articles/52bcf39b9360db246a8414a653bc20280336d2ac,No date found
maidonans,‚Ü‚¢‚Ç‚Èƒjƒ…[ƒX,‚µ‚½‚½‚©‚ÈƒOƒ[ƒoƒ‹ƒTƒEƒX‚ÌŠOŒğ@”eŒ ‘ˆ‚¢‘±‚¯‚é•ÄE’†E˜I‚É—’_@‘Î—§‚ğ‹tè‚É‚Æ‚Á‚½“V”‰ŠOŒğ‚à,https://news.yahoo.co.jp/articles/3936e63236aa311b7ad83a8eca58c80990126c3b,No date found
maidonans,‚Ü‚¢‚Ç‚Èƒjƒ…[ƒX,«Ši—ÇD‚Å‚¨—˜Œû@‚È‚º‚ ‚È‚½‚É‚Í‚²‰‚ª‚È‚¢‚ÌH@•ÛŒìŒ¢’‡ŠÔ‚Ì—·—§‚¿‚ğŒ©‘—‚é‚±‚Æ1”N”ƒJŒ@‚Â‚¢‚É‚ ‚È‚½‚Ì”Ô‚ª‚â‚Á‚Ä‚«‚½I,https://news.yahoo.co.jp/articles/8ab3561dcfd152fea65eed5c4119305b79163735,No date found
maidonans,‚Ü‚¢‚Ç‚Èƒjƒ…[ƒX,XV‚³‚ê‚éu‰ß‹Å’áv‚ÆuÕŒ‚v@o¶—¦1.20@uŒ‹¥‚µ‚È‚¢áÒv‚»‚ê‚Æ‚àuŒ‹¥Œã‚Éq‚Ç‚à‚ğ‚½‚È‚¢•v•wv‚Ì‚¹‚¢H,https://news.yahoo.co.jp/articles/4db420a50cef9df14267f36f3123112226374a94,No date found
maidonans,‚Ü‚¢‚Ç‚Èƒjƒ…[ƒX,ƒJƒoƒ“‚Ì’ê‚©‚ç’×‚ê‚½‚ ‚ê‚ª‚±‚ñ‚É‚¿‚Í@”ßŒ€‚ğŒJ‚è•Ô‚³‚È‚¢‚½‚ß‚ÌÅ‹­–h‹ïu‚¨‚É‚¬‚èƒA[ƒ}[v‚ª”š’a,https://news.yahoo.co.jp/articles/6c4d5fc6b45de04994ae569116d6e027986f3c46,No date found
maidonans,‚Ü‚¢‚Ç‚Èƒjƒ…[ƒX,‘Ì‚ğL‚Î‚¹‚È‚¢‹·‚¢ƒP[ƒW@•ÛŒì‚³‚ê‚½Œ³—ÂŒ¢‚Í‘‰‚¹‚±‚¯åñáŒ‚ª‚ ‚Á‚½@‘Ì—Íæ‚è–ß‚µ‚ÄŒ³‹C‚Éƒ‰ƒ“@uK‚¹‚ª‚ ‚È‚½‚É–K‚ê‚Ü‚·‚æ‚¤‚Év,https://news.yahoo.co.jp/articles/aeabd37528c5027fc84c2bbb452bdfecfa63635e,No date found
maidonans,‚Ü‚¢‚Ç‚Èƒjƒ…[ƒX,’ÒŠó”ü‚Ì•vE™‰Y‘¾—zAÈ‚Ìƒtƒ@ƒ“Ø–¾‘‚ğŒöŠJ uƒmƒ“F‚Éõ‚ß‚ç‚ê‚Ü‚µ‚½vAu’Ò‚¿‚á‚ñv‚Ìæ‚èˆµ‚¢à–¾‘‚Æ‚Í,https://news.yahoo.co.jp/articles/a150510e5b5965543b03aa9153007f393b8de05b,No date found
maidonans,‚Ü‚¢‚Ç‚Èƒjƒ…[ƒX,–@‰ü³‚Å–â‚í‚ê‚éH•iŠÖ˜A‹ÆŠE‚Ìu‰q¶ŠÇ—v@ˆÀSEˆÀ‘S‚ÉŒü‚¯‹‚ß‚ç‚ê‚Ä‚¢‚é‘Îô‚Í,https://news.yahoo.co.jp/articles/c9c3ee0af53e9bbf3eb2ecb3c820a509f3f90fb6,No date found
maidonans,‚Ü‚¢‚Ç‚Èƒjƒ…[ƒX,‚¨‚Å‚±‘SŠJ•ŠÛƒƒKƒl@”ü—‚ÌŒƒ•ÏƒVƒ‡ƒbƒg‚Éƒtƒ@ƒ“Š½Šì@ƒhƒNƒ^[ƒCƒGƒ[ˆ¤ŒöŒ¾‚àÔ—¼ˆø‘Ş‚ÉS”z‚·‚éº,https://news.yahoo.co.jp/articles/696a2820fdef70f3f690e1d9902987c6ca1995ba,No date found
maidonans,‚Ü‚¢‚Ç‚Èƒjƒ…[ƒX,–º‚Ì•s“oZ‚ª‚«‚Á‚©‚¯@”L‚Æ‰ß‚²‚¹‚éƒtƒŠ[ƒXƒN[ƒ‹ŠJZ@•ÛŒì”LŠˆ“®‚ÅÎŠç‚Æ©M‚ğæ‚è–ß‚·q‚Ç‚à‚½‚¿,https://news.yahoo.co.jp/articles/1e79111416ded856cf6c5e6a07ab216f93c76694,No date found
maidonans,‚Ü‚¢‚Ç‚Èƒjƒ…[ƒX,‹g‘ò—º@–Ú•˜@@‰¡•l—¬¯@“ú–{ƒAƒJƒfƒ~[ÜVl”o—DÜƒmƒ~ƒl[ƒg”o—Dƒ‰ƒ“ƒLƒ“ƒO@——D•”–å‚ğ”­•\I,https://news.yahoo.co.jp/articles/ebfdbb5e5766ff5da1d079dd478c815ebe2c525c,No date found
maidonans,‚Ü‚¢‚Ç‚Èƒjƒ…[ƒX,K-1‚ÅŒŒğ‚¦‚½Œ³‰¤Ò53ÎA51Î‚ª2ƒVƒ‡ƒbƒgu‰´‚½‚¿‚ÍK-1ŒZ’ívƒtƒ@ƒ“Š½Šìu”Ş‚ç‚Í“`àvuÅ‚àˆÌ‘å‚È2lv,https://news.yahoo.co.jp/articles/3cb69ac0b08374ceb573b411bf523c7e0e2ab7a9,No date found
maidonans,‚Ü‚¢‚Ç‚Èƒjƒ…[ƒX,”ÉBê‚Ìƒ`ƒƒƒEƒ`ƒƒƒE2•C‚Éq‹{’~”^Ç‚Ì‹^‚¢@‚Í‚ç‚Í‚ç‚·‚é•ÛŒì’c‘ÌƒXƒ^ƒbƒt@“–‚Ìƒƒ“ƒR‚Í‚«‚å‚Æ‚ñŠç,https://news.yahoo.co.jp/articles/7ccd04b4958a243fa0fb1246e18ad7fab0ed7384,No date found
maidonans,‚Ü‚¢‚Ç‚Èƒjƒ…[ƒX,y•ƒ‚Ì“úƒNƒCƒYzŠò•ŒA‰«“êA•Ÿ‰ª‚É‘½‚­ŠâèA’¹æAÂX‚É­‚È‚¢@‚±‚ê‚Á‚Ä‚Ç‚ñ‚È‚¨•ƒ‚³‚ñH,https://news.yahoo.co.jp/articles/ecc1634f6f53bea7672352e0dbb9d8b1463e45a2,No date found
maidonans,‚Ü‚¢‚Ç‚Èƒjƒ…[ƒX,uŒõ‚éŒNv“¡Œ´ˆÉü–ğ‚ÌO‰YãÄ•½@‘S‘46ˆÊ‚Ì–¼š‚É”é‚ß‚ç‚ê‚½—ğj‚Æ‚Í@Š™‘q–‹•{Å‘å¨—ÍEO‰Yˆê‘°‚Ì––åá,https://news.yahoo.co.jp/articles/f9a16fb398ef9cbdd6ea4a138b7de74165ab6768,No date found
maidonans,‚Ü‚¢‚Ç‚Èƒjƒ…[ƒX,æ“V«‚ÌŠïŒ`H@•ÛŒì‚³‚ê‚½q”L‚ÍŒã‚ë‘«‚ª‚È‚©‚Á‚½@u‹­‚­‚µ‚Á‚©‚è‚Æ¶‚«‚Ä‚¢‚¯‚é‚æ‚¤‚Év@Šè‚¢‚ğ‚ß‚Äu‚ ‚ñ‚æv‚Æ–¼‚Ã‚¯‚½,https://news.yahoo.co.jp/articles/989502e8d4dba03ec615c16cd96748f6b06879ea,No date found
maidonans,‚Ü‚¢‚Ç‚Èƒjƒ…[ƒX,’Z‚¢‚Ğ‚à‚ÅŒºŠÖ‚É10”NAg“®‚«‚Å‚«‚È‚©‚Á‚½”‚¢Œ¢‚ğ•ÛŒì¨ƒKƒŠƒKƒŠ‚Åœ‚ª‹È‚ª‚Á‚½‘Ì‚Ébˆãu”ñl“¹“I‚È‹s‘Òv,https://news.yahoo.co.jp/articles/577ccb4b7bbfd2df2e38e2d9b4a4f096680eda46,No date found
maidonans,‚Ü‚¢‚Ç‚Èƒjƒ…[ƒX,l¶•Ï‚¦‚½R-1ƒOƒ‰ƒ“ƒvƒŠŒˆŸ•‘‘ä@ã‘å‘²36Îƒsƒ“Œ|lu‚Ç‚­‚³‚¢ƒXƒCƒbƒ`Šé‰æv@‰ïĞ‚ğ«‚ß‚ÄÈ‚Æã‹,https://news.yahoo.co.jp/articles/aada0312ed603906e5b31e1a242320428f3eb60a,No date found
maidonans,‚Ü‚¢‚Ç‚Èƒjƒ…[ƒX,u•ƒ‚Íğ—‚Å•ê‚ÍƒlƒOƒŒƒNƒgv  lç“ªg“s’z‘ñ‹I‚Ì•ê²‹M‘ã‚³‚ñ‚Ì‘sâ—c­Šú@Œ‹¥Œã‚Í7ç–œ‰~‚ÌØ‹à”­Šo@u©•ª‚ª¡“ú€‚ñ‚¾‚Æ‚µ‚Ä‚àcv,https://news.yahoo.co.jp/articles/9c72da600ce6df2b9f9b5b4bfee521d08864c6e4,No date found
maidonans,‚Ü‚¢‚Ç‚Èƒjƒ…[ƒX,‚SˆÊ_“c‚¤‚Ì@3ˆÊŠ”ü@2ˆÊŠ‹±q@‚±‚ê‚Á‚Ä‰½‚Ìƒ‰ƒ“ƒLƒ“ƒOH,https://news.yahoo.co.jp/articles/05b18b9291ac576d911f213819afe3240a5c37f9,No date found
maidonans,‚Ü‚¢‚Ç‚Èƒjƒ…[ƒX,3”NŠÔ‚Å‹Á‚«‚Ìi‰»IƒŒƒSƒA[ƒg‚ÌƒrƒtƒHƒAƒtÊ^‚ª˜b‘è@”¼”N‚©‚¯‚½ÅVì‚ÌƒNƒIƒŠƒeƒB‚É‹Á‚«,https://news.yahoo.co.jp/articles/770193dc5284da2e72b5f3bb2a1f6300be01e434,No date found
maidonans,‚Ü‚¢‚Ç‚Èƒjƒ…[ƒX,ƒ_ƒCƒGƒbƒg–¯‚Ì–¡•ûI@ƒvƒ‹ƒvƒ‹‚Ğ‚ñ‚â‚èu…ƒ[ƒŠ[v‚Í’´’áƒJƒƒŠ[@‚í‚ç‚Ñ–İ•—‚à‚¨‚·‚·‚ß,https://news.yahoo.co.jp/articles/cf397a056e98091afa66cd133c068ace310466fd,No date found
maidonans,‚Ü‚¢‚Ç‚Èƒjƒ…[ƒX,“sS‚ÌV’z‚Í‚“«@‚»‚ê‚Å‚à30‘ã“Æg‚ª‚¿‰Æ‚ğuŒü‚·‚é——R@uŒ‹¥‚µ‚½‚ç”ƒ‚¤vuq‚Ç‚à‚ğ‚Ì‚Ñ‚Ì‚Ñˆç‚Ä‚½‚¢v,https://news.yahoo.co.jp/articles/37038f2af81b2d8d796a14efc3b94baa5d529940,No date found
maidonans,‚Ü‚¢‚Ç‚Èƒjƒ…[ƒX,V•x—T‘wuƒCƒ“ƒJƒ€ƒŠƒbƒ`v‚ÌğŒ‚Í@¢‘Ñ”Nû1500–œ‰~@“Š‘ƒŠƒeƒ‰ƒV[”²ŒQ@‚²–J”üÁ”ï‚ÌˆÓ—~‚‚ß,https://news.yahoo.co.jp/articles/41ebbcd6abcacced9b0e0502522e45b9089a0aa1,No date found
maidonans,‚Ü‚¢‚Ç‚Èƒjƒ…[ƒX,ŒËŒš‚Ä‚Ìu‘î”zƒ{ƒbƒNƒXv‚ÅÎ‚¦‚Ê”ßŒ€@u‹`•ê‚ªì‚è‚·‚¬‚½‚¨‚©‚¸‚ğ“ü‚ê‚évu‚¨—×‚³‚ñ‚ªŸè‚É’u‚«”zw’èv,https://news.yahoo.co.jp/articles/24093c963578a48fc89c3241a403163d15fdf32d,No date found
maidonans,‚Ü‚¢‚Ç‚Èƒjƒ…[ƒX,ˆêl•é‚ç‚µŒoŒ±Ò‚ª‘I‚Ôu”ƒ‚í‚È‚­‚Ä‚æ‚©‚Á‚½‚Æv‚¤‰Æ“dvƒ‰ƒ“ƒLƒ“ƒO@2ˆÊ‚ÍuƒeƒŒƒrv,https://news.yahoo.co.jp/articles/44b787be8e33f790dc0dd9837bc549f292bdfe2f,No date found
maidonans,‚Ü‚¢‚Ç‚Èƒjƒ…[ƒX,"q‚Ç‚à‚ÌˆÀ‘S‚ğç‚è‚½‚¢cŠù‘¶‚Ì–å”à‚¢‚©‚µ“ü‘ŞºŠÇ—AˆÀ‰¿‚È–h”ÆƒVƒXƒeƒ€‚ÅA•Ûˆç‰€E—c’t‰€‚É""–h”ÆŠv–½""",https://news.yahoo.co.jp/articles/10cfcfaaf3ef7d3a798906a55c4f973f75a6df3c,No date found
maidonans,‚Ü‚¢‚Ç‚Èƒjƒ…[ƒX,”ú”iŒÎ‚æ‚è­‚µL‚­A‘Î”n‚æ‚è­‚µ‹·‚¢c“Œ‹ƒh[ƒ€1–œ4381ŒÂ•ªu“ú–{‚Å‚¢‚¿‚Î‚ñL‚¢‘ºv‚Í‚Ç[‚±‚¾H,https://news.yahoo.co.jp/articles/7496c8eb453a02bcdbcdd9b0c4b45877bbac3ca1,No date found
maidonans,‚Ü‚¢‚Ç‚Èƒjƒ…[ƒX,Œã‰÷æ‚É—§‚½‚¸IH@ƒ~ƒŒƒjƒAƒ‹¢‘ã‚ª‘I‚ñ‚¾uŠw¶‘ã‚É•×‹­‚µ‚Ä‚¨‚¯‚Î‚æ‚©‚Á‚½‹³‰Èvc2ˆÊ‚Íu”Šwv,https://news.yahoo.co.jp/articles/cb8f425120f24f481a5cd510c357f1d67fef7855,No date found
maidonans,‚Ü‚¢‚Ç‚Èƒjƒ…[ƒX,wƒSƒWƒ‰-1.0xo‰‰ƒLƒƒƒXƒg‚Ìl‹Cƒ‰ƒ“ƒLƒ“ƒO@1ˆÊ‚Íq–ğ‘ã‚©‚ç‚»‚Ì‰‰‹Z—Í‚ª‚‚­•]‰¿‚³‚ê‚é”o—D,https://news.yahoo.co.jp/articles/efbe04ae4452ae3fbc93ae780d8d842e00ba8f1e,No date found
maidonans,‚Ü‚¢‚Ç‚Èƒjƒ…[ƒX,ƒzƒ“ƒ_‰‚Ìƒp[ƒ\ƒiƒ‹ƒ†[ƒX“d“®ƒoƒCƒN@uEM1 e:v‚ª¦‚·–¢—ˆĞ‰ï@’S“–Ò‚É•·‚¢‚½,https://news.yahoo.co.jp/articles/32827606f92989fda43506db621c800c1941fe04,No date found
maidonans,‚Ü‚¢‚Ç‚Èƒjƒ…[ƒX,”ÉBê‚©‚ç•ÛŒì@11Î‚Ìƒ_ƒbƒvƒ‹‚Í”ß‚µ‚°‚ÈŠç‚ğ‚µ‚Ä‚¢‚½@u‚»‚Ì—Ü‚ğÎŠç‚É•Ï‚¦‚æ‚¤‚Ëv—a‚©‚èƒ{ƒ‰ƒ“ƒeƒBƒA‚Ìˆ¤î‚ª“Í‚¢‚½“úA˜VŒ¢‚ÉŠïÕ‚ª–K‚ê‚½,https://news.yahoo.co.jp/articles/b0bd7e1c8e822fc957be14683d0799151512f193,No date found
maidonans,‚Ü‚¢‚Ç‚Èƒjƒ…[ƒX,ƒRƒ“ƒ\ƒİ–û‚Å‰º–¡Aƒ}ƒˆ‚ğ‚Ì‚¹‚ÄAƒg[ƒXƒ^[‚ÅÄ‚­‚¾‚¯I u‚³‚³‚İ‚ª‚ ‚Á‚½‚ç–À‚í‚¸ì‚è‚½‚­‚È‚év‚¨èŒyƒŒƒVƒs‚ª˜b‘è,https://news.yahoo.co.jp/articles/4e0f4f48efb05da677056f85dc8c8b978f77398d,No date found
maidonans,‚Ü‚¢‚Ç‚Èƒjƒ…[ƒX,ŒºŠÖæ‚É–Ú‚ªŠJ‚¢‚½‚Î‚©‚è‚Ìq”L@’u‚«‹‚è‚É‚µ‚½‚Ì‚Í’N@—D‚µ‚³‚ÌƒŠƒŒ[‚ª¬‚³‚È–½‚ğ‹~‚Á‚½@u‚¸‚Á‚Æ‚Ì‚¨‰Æ‚ğ•K‚¸Œ©‚Â‚¯‚é‚©‚ç‚Ëv,https://news.yahoo.co.jp/articles/5d00b4cb543fe1bb7458d05f3c4f489ba9ecd44d,No date found
maidonans,‚Ü‚¢‚Ç‚Èƒjƒ…[ƒX,”L‚Ì‚Ù‚Á‚Øu‚¨‚à‚¿‚ª”÷–­‚É‚¿‚À‚ñ‚Å‚«‚½v‚à‚¿‚à‚¿“~–Ñ‚Æ‚Ì‚¨•Ê‚ê‚É”½‹¿u‚¨–İ‚Æ‚«‚È‚±–İ‚Æ‚ÌŠ„‡‚ª‹t“]‚µ‚»‚¤v,https://news.yahoo.co.jp/articles/6a73146544ba4719576dce0bb2259cfcb784a921,No date found
maidonans,‚Ü‚¢‚Ç‚Èƒjƒ…[ƒX,82ÎAƒpƒŠ‚Ì—L–¼ƒJƒtƒFƒ}ƒ_ƒ€‚Í“ú–{l—«@ƒtƒ‰ƒ“ƒXl‚Éˆê–Ú’u‚©‚ê‚éƒtƒ@ƒbƒVƒ‡ƒ“‚ª˜b‘èu‚¨‚µ‚á‚ê‚É”N—îŠÖŒW‚È‚¢v,https://news.yahoo.co.jp/articles/378b539c344b5fdd18d72e8bf57f0ebeb485c8ee,No date found
maidonans,‚Ü‚¢‚Ç‚Èƒjƒ…[ƒX,’·àV‚Ü‚³‚İAVŠ_Œ‹ˆßAˆ»£‚Í‚é‚©c“ú–{ƒAƒJƒfƒ~[Üå‰‰——DÜƒmƒ~ƒl[ƒg‚Ì——Dƒ‰ƒ“ƒLƒ“ƒO”­•\,https://news.yahoo.co.jp/articles/f1161ea94bd5257e271142922fe5002b5bc0a2a4,No date found
maidonans,‚Ü‚¢‚Ç‚Èƒjƒ…[ƒX,u•a‹C‚¿‚¾‚©‚ç”„‚ê‚È‚¢v ƒuƒŠ[ƒ_[‚©‚çŒ©•ú‚³‚ê‚½q”L‚Í–Ñ‹Ê‚¾‚ç‚¯@Œ÷‚ğ‘t‚µ‚½•–ò¡—Ã@¬‚³‚È‘Ì‚ÅK‚¹’T‚µ,https://news.yahoo.co.jp/articles/9cdd49664ebe17bf85d7316773b3c4c9c7583c18,No date found
maidonans,‚Ü‚¢‚Ç‚Èƒjƒ…[ƒX,uŒÕ‚É—ƒvÄ“oê‚Å”½‹¿‚ÌƒnEƒˆƒ“ƒXAƒhƒ‰ƒ}‚ÌƒCƒ[ƒW•¢‚·ƒCƒ“ƒXƒ^‚àl‹C@‚ ‚ÌƒƒKƒl‚ğŠO‚·‚Æcu‰Âˆ¤‚·‚¬‚év33Î,https://news.yahoo.co.jp/articles/91210be4b6d1af18895eb56a887b0bd12e9406ae,No date found
maidonans,‚Ü‚¢‚Ç‚Èƒjƒ…[ƒX,‘½“ª”ˆç•ö‰ó‚Ì“Æ‹‚—î—«‘î‚©‚ç•ÛŒì‚µ‚½‰·Œú‚Èƒ`ƒƒƒgƒ‰@—D‚µ‚¢—¢e‚Éˆø‚«æ‚ç‚ê‚ÄK‚¹‚É‚È‚ê‚é‚Æv‚Á‚½‚ªcƒgƒ‰ƒCƒAƒ‹’†~‚ğŒˆ‚ß‚½——R,https://news.yahoo.co.jp/articles/ec4580c3d9597b39651efc5b7fa9c025d48deb56,No date found
maidonans,‚Ü‚¢‚Ç‚Èƒjƒ…[ƒX,u‘’‹V‚ğo‚·‹à‚ª‚È‚¢v‰Æ‘°‚Ìˆâ‘Ì‚ğ3”N‹ß‚­ƒoƒbƒO‚É‹l‚ß¶Šˆ‚µ‚Ä‚¢‚½•ƒq@d–‚Æ‰Æ‚ğ¸‚¢Aƒzƒeƒ‹‚âŒö‰€‚ğ“]X‚Æc,https://news.yahoo.co.jp/articles/c9278a99a4793a376785b6dbae9f145b8320e4e8,No date found
maidonans,‚Ü‚¢‚Ç‚Èƒjƒ…[ƒX,q‚Ç‚àŒü‚¯‚Ì‚Í‚¸‚ªc‘ål‚à‘åâ^I 1‚©Œ”¼‚Å”NŠÔ–Ú•W”‚ğ“Ë”jASNS‚Å˜b‘è‚Ìu‚±‚Ü‚²‚Üƒtƒ@ƒCƒ‹v‚Á‚ÄH ƒTƒNƒ‰ƒNƒŒƒpƒX‚É•·‚¢‚½,https://news.yahoo.co.jp/articles/669635d9df094fddd3f2587ee2ed5ff0f938f0f8,No date found
maidonans,‚Ü‚¢‚Ç‚Èƒjƒ…[ƒX,’†R”ü•ä54ÎAƒŒƒA‚È§•p‚ÅuƒAƒ‹ƒoƒCƒg‚µ‚Ü‚µ‚½Iv@ƒtƒ@ƒ“uÅ‹­‚É‚©‚í‚¢‚¢vu‚±‚ñ‚È“Xˆõ‚³‚ñ‚¢‚½‚çâ‘Î’Ê‚¤v,https://news.yahoo.co.jp/articles/2446d455bd0cafab017159de5250586d41838957,No date found
maidonans,‚Ü‚¢‚Ç‚Èƒjƒ…[ƒX,ƒNƒIƒŠƒeƒB‚‚·‚¬I100‹Ïƒ~ƒjƒ`ƒ…ƒAŠE‚ÌŠv–½™@‰f‰æŠÙ‚ÌƒCƒX‚©‚çƒWƒIƒ‰ƒ}lŠÔ‚Ü‚Åc‚±‚¾‚í‚è‚Íu100‰~ˆÈãv‚ÌŠ´“®,https://news.yahoo.co.jp/articles/e1488786dcf4723a4e7384cec9782f7c95d47414,No date found
maidonans,‚Ü‚¢‚Ç‚Èƒjƒ…[ƒX,y‰Ä‚ÌQŠÔ’…z3l‚É1lˆÈã‚ªu10”NˆÈã’…ŒÃ‚µ‚½TƒVƒƒƒcv‚ÅQ‚Ä‚¢‚é‚±‚Æ‚ª”»–¾,https://news.yahoo.co.jp/articles/b6c82f8eef66563e07cb9ee215ac2ceaa1a5ccd7,No date found
maidonans,‚Ü‚¢‚Ç‚Èƒjƒ…[ƒX,‚¨‚Î‚ ‚¿‚á‚ñ‚ğu‚Î‚Ÿ‚Îv‚ÆŒÄ‚×‚é‚æ‚¤‚É‚È‚Á‚½1Î™@ŠO‚Å’m‚ç‚È‚¢—«‚É‚Ü‚ÅcIHQ‚Ä‚éƒ}ƒ}uˆá‚¤‚ñ‚Å‚·Iv,https://news.yahoo.co.jp/articles/9575f2c79ca8e2c9da689aff82588998385ac3e6,No date found
maidonans,‚Ü‚¢‚Ç‚Èƒjƒ…[ƒX,18Î‚Ì”N‚Ì·•v•wAo‰ï‚¢‚ÍÈ‚ª9Î‚ÌIH ”é–§‚ÌŒğÛ‚à¬‚³‚È‘º‚Å‚Í‘S‚ÄƒoƒŒƒoƒŒ@ƒ‚ƒWƒ‚ƒW•v‚Æ‚ÌŒ‹¥‚ğŒˆˆÓ‚µ‚½o—ˆ–‚Æ‚Í,https://news.yahoo.co.jp/articles/3c8465c1e8e3256f0c8fd2fca6abd04033238123,No date found
maidonans,‚Ü‚¢‚Ç‚Èƒjƒ…[ƒX,ƒ‰ƒ“ƒWƒFƒŠ[p‚ÅƒoƒXƒ^ƒu‚É@ƒ^ƒŒƒ“ƒg‰i”ö‚Ü‚è‚â‚³‚ñ@30Î‚Ì‰~n‚Ì”ü‚ğ”â˜I,https://news.yahoo.co.jp/articles/7b45ec1d0f1b785469f8c1288d71d2657b92fa30,No date found
maidonans,‚Ü‚¢‚Ç‚Èƒjƒ…[ƒX,u‹Tˆä‘PsƒR[ƒ`‚ª‘åD‚«‚Å‚·v ƒ^ƒŒƒ“ƒg‰v“cŒb—œØ‚³‚ñ ‚Â‚é‚ñ“©Ší”§‚Ì‹P‚­ƒrƒLƒjp‚ÅFLASH‰“oê,https://news.yahoo.co.jp/articles/7278e28547f643122bd6ac82f1f9c10332e375fb,No date found
maidonans,‚Ü‚¢‚Ç‚Èƒjƒ…[ƒX,ƒOƒ‰ƒhƒ‹•Œyƒgƒ‰—qO“c—I‹M‚³‚ñ@‰^“]È‚ÅGƒJƒbƒvƒoƒXƒg‚ğ˜Io@ƒW[ƒWƒƒƒ“‚ğ’E‚¢‚ÅƒLƒ…[ƒg‚ÈƒrƒLƒjp‚É,https://news.yahoo.co.jp/articles/f5f7d0d7ab18b885db1ee23a52d5d9d4621c3150,No date found
maidonans,‚Ü‚¢‚Ç‚Èƒjƒ…[ƒX,10ü”NŒ}‚¦‚½ƒnƒXƒ‰[@•œ‚³‚ÆƒJƒbƒR‚æ‚³‚ğ—¼—§@Vƒ^ƒCƒvuƒ^ƒtƒƒCƒ‹ƒhv‚É‚İ‚é‘æ2ƒtƒF[ƒY‚Ì—\Š´,https://news.yahoo.co.jp/articles/d006b9ef6495b47bfa152178fc35916bfdf7eca9,No date found
maidonans,‚Ü‚¢‚Ç‚Èƒjƒ…[ƒX,6”NŠÔ‚àŸB‚Ì’†@”ÉBêog‚Ìƒ`ƒƒƒEƒ`ƒƒƒEŒ¢@’n–Ê‚ğ“¥‚İ‚µ‚ß©•ª‚Ì‘«‚Å‚ä‚Á‚­‚è‚Æ•à‚İA‚Â‚¢‚Éu‚¤‚¿‚É‚¨‚¢‚Åv‚Ìº‚ª,https://news.yahoo.co.jp/articles/5a52408aa5de00a16de2dedbaba3883234ac7ab0,No date found
maidonans,‚Ü‚¢‚Ç‚Èƒjƒ…[ƒX,uƒtƒ@ƒbƒVƒ‡ƒ“ƒZƒ“ƒX‚ª‚¢‚¢—ğ‘ãƒhƒ‰ƒ}v‚Æ‚¢‚¦‚ÎH3ˆÊ‚Í¸—öƒVƒ‡ƒRƒ‰ƒeƒBƒGA2ˆÊ‚ÍsilentA1ˆÊ‚ÍH,https://news.yahoo.co.jp/articles/9f4863dee6e6e86f020f71a95d5cc39b35fd3f8a,No date found
maidonans,‚Ü‚¢‚Ç‚Èƒjƒ…[ƒX,‹Q‚¦‚ÅNOHR’†‚ÌŒE’n‚Åg‚ğŠñ‚¹‡‚¤6•C‚ÉqŒ¢@‰h—{‚ğæ‚Á‚Äƒ_ƒj‚Éh‚³‚ê‚½‘Ì‚à´Œ‰‚É@uŒ³‹C‚É¬’·‚µ‚½‚ç‚à‚Á‚ÆK‚¹‚É‚È‚ë‚¤‚Ëv,https://news.yahoo.co.jp/articles/68b9fb3cf601dbf57033e12dba1c7d2933fa836b,No date found
maidonans,‚Ü‚¢‚Ç‚Èƒjƒ…[ƒX,u°‚É—‚¿‚é–Ñ‚ªŒ¸‚évu‹à‘K“I‚É—]—T‚ª‚È‚¢vc•v‚ªu’E–Ñ‚ğ‚µ‚Ä‚İ‚½‚¢v‚ÆŒ¾‚¢o‚µ‚½‚ç^¬‚·‚éH,https://news.yahoo.co.jp/articles/1512d85ca37822959e0f0e4dbb909936bdf8cd97,No date found
maidonans,‚Ü‚¢‚Ç‚Èƒjƒ…[ƒX,uS—ìÊ^‚É‚áIv“§–¾ƒ{ƒEƒ‹‚ğ‚æ‚­Œ©‚é‚ÆcuƒIƒRŠç‚Ì‚É‚á‚ñ‚±‚ªƒbv,https://news.yahoo.co.jp/articles/15fb2fa80c83ffcf29ab9de54165c7e13662a307,No date found
maidonans,‚Ü‚¢‚Ç‚Èƒjƒ…[ƒX,“f‚«–ß‚µ‚½ƒGƒT‚Å–½‚ğ‚Â‚È‚®–ìŒ¢eq@‘Ì’†‚Ì‚¯‚ª‚Æƒ_ƒj‚ª¦‚·Œµ‚µ‚¢ŠÂ‹«@•ÛŒì‚³‚ê‚½qŒ¢‚Í‹Q‚¦‚©‚ç‰ğ•ú‚³‚êSŠJ‚¢‚½,https://news.yahoo.co.jp/articles/79f142641ba5495ccfa71de8a46fe80a2a71ea0e,No date found
maidonans,‚Ü‚¢‚Ç‚Èƒjƒ…[ƒX,yÂ‚¶‚»z‚½‚­‚³‚ñ‚ ‚Á‚Ä•Û‘¶‚É¢‚é‚Ícƒrƒ“‚É“ü‚ê‚½…‚É‘}‚µ‚Ä—â‘ ŒÉ‚Ö@‚è‚Æ‚İ‚¸‚İ‚¸‚µ‚³‚ğ’·‚­ƒL[ƒv,https://news.yahoo.co.jp/articles/4615599004d89d712bfa6cd1bdb53de77e9e054c,No date found
maidonans,‚Ü‚¢‚Ç‚Èƒjƒ…[ƒX,ñ‚ªƒUƒbƒNƒŠ‚Â‚¢‚½–ì—Ç”Lu•ÛŒ’Š‚É˜A—‚³‚ê‚é‚©‚àvŒx‰úS‹­‚¢q‚É‹ß‚Ã‚¢‚½ƒJƒŠƒJƒŠ•ßŠl‘åìí,https://news.yahoo.co.jp/articles/343b4a3930c9d3e54fbc0f2e5c0271cd2753878c,No date found
maidonans,‚Ü‚¢‚Ç‚Èƒjƒ…[ƒX,‰Àq‚³‚Ü’…—pA…FƒŒ[ƒXƒƒ“ƒs¨Œ‹¥‘O—«‚Él‹C‚ÌƒAƒCƒeƒ€‚¾‚Á‚½@ˆ¤—pÒu‘S•ûˆÊDŠ´“xvu‚«‚¿‚ñ‚ÆŠ´o‚év,https://news.yahoo.co.jp/articles/3b697a35b1bb0d1ec6d0ca1eecbf8398b1f44b6f,No date found
maidonans,‚Ü‚¢‚Ç‚Èƒjƒ…[ƒX,‚“‡—çqAwœÜ‚µ‚Ä‚½@‚Ù‚Á‚»‚èƒSƒ‹ƒtƒEƒFƒA‚ÅƒXƒCƒ“ƒOuƒXƒ^ƒCƒ‹”²ŒQIvu‚©‚Á‚±‚¢‚¢v,https://news.yahoo.co.jp/articles/f74586159891e9197a54043f561fad8d4164127b,No date found
maidonans,‚Ü‚¢‚Ç‚Èƒjƒ…[ƒX,wŒÕ‚É—ƒx‰ÆÙİ—§‚Ö“Ğq‚Ég–¼ƒAƒVƒXƒgh@OR—½‹P‚ªŒê‚éA’íE’¼–¾‚Ì¬’·uí‘ˆ‚ğŒo‚Ä”Ş‚Í•Ï‚í‚Á‚½v,https://news.yahoo.co.jp/articles/3cc657475932eb329b03a4be301c28b24ca446fb,No date found
maidonans,‚Ü‚¢‚Ç‚Èƒjƒ…[ƒX,“¹“Ú–x‚Ì‘Ò‚¿‡‚í‚¹ƒXƒ|ƒbƒguƒ^ƒJƒnƒVŒNv‘œ‚ª‚ ‚Æ”“ú‚Å‚¢‚È‚­‚È‚éIH ŠX‚ÌˆÚ‚è•Ï‚í‚èŒ©‚Â‚ß‘±‚¯60”N@s–¯‚Ì”M‚¢º‚ğó‚¯ˆÓŠO‚ÈêŠ‚ÖˆÚ“],https://news.yahoo.co.jp/articles/f24df4a10044565ba09ecd8962404400f7603b53,No date found
maidonans,‚Ü‚¢‚Ç‚Èƒjƒ…[ƒX,u‚ ‚ÆŒ‚É1–œ‰~‚­‚ç‚¢‚È‚çcvZ‘îƒ[ƒ“‚Ì–ˆŒ•ÔÏŠzg‚ ‚Æ‚à‚¤­‚µ—\ZƒAƒbƒvh‚Ì—‚Æ‚µŒŠ@‘z’èŠO‚Ì’lã‚°ƒ‰ƒbƒVƒ…‚ÅA‚ ‚í‚â‰Î‚ÌÔ,https://news.yahoo.co.jp/articles/745f1e9016188074a69aba2ebcc87faa83224591,No date found
maidonans,‚Ü‚¢‚Ç‚Èƒjƒ…[ƒX,u“Œ‹‚Å“­‚«‚½‚¢“²‚ê‚ÌƒIƒtƒBƒXŠXvƒ‰ƒ“ƒLƒ“ƒO@2ˆÊ‚Íu—LŠy’¬v@“­‚«‚½‚¢ƒIƒtƒBƒXŠX‚Ì“Á’¥‚ÍH,https://news.yahoo.co.jp/articles/bd395ef3e1998273cecdd42c9384ace24087914f,No date found
maidonans,‚Ü‚¢‚Ç‚Èƒjƒ…[ƒX,M‚¶‚Ä‚¢‚½lŠÔ‚É•ß‚Ü‚¦‚ç‚ê‚½I“{‚è”š”­I–ì—Ç”L‚Â‚İ‚ê‚¿‚á‚ñ@uâ‘Î‚É‹–‚³‚È‚¢vc‰Æ‘°‚Æ‚ÌãJ‚ÍÄ‚Ñ’z‚¯‚é‚Ì‚©,https://news.yahoo.co.jp/articles/1f8364efe73a06edc7472f773eaa8f1614b2379d,No date found
maidonans,‚Ü‚¢‚Ç‚Èƒjƒ…[ƒX,•X‚Ìc’éƒqƒ‡[ƒhƒ‹47ÎA‹tOŠpŒ`‚Ì“÷‘Ì‚ÅƒƒVƒAƒ“ƒtƒbƒNAƒpƒEƒ“ƒhAŠÖß‹ZuŒ»–ğ‘ã‚æ‚è‚â‚¹‚Ä‚év,https://news.yahoo.co.jp/articles/5f4e112f2c17ba53e1424d0383fc6782b4438892,No date found
maidonans,‚Ü‚¢‚Ç‚Èƒjƒ…[ƒX,ƒ†ƒjƒNƒŒö®‚ª“`ö‚·‚éuƒVƒƒƒc‚ÌŠ±‚µ•ûvc”G‚ê‚Ä‚¢‚é‚¤‚¿‚ÉL‚Î‚µ‚ÄAŒú‚İ‚ ‚éƒnƒ“ƒK[‚ğg‚Á‚ÄAƒVƒ’m‚ç‚¸I,https://news.yahoo.co.jp/articles/f2b395929b174313b414ebbc9b31d7c796c800f5,No date found
maidonans,‚Ü‚¢‚Ç‚Èƒjƒ…[ƒX,’Å–¼‹j•½59ÎAƒVƒ‹ƒo[ƒwƒA•Œû‚Ğ‚°u‚¨‚¶‚¢vp‚Å•Êl‹‰I u’N‚¾‚©•ª‚©‚ç‚È‚¢vuƒfƒRƒ‹ƒe‚Ü‚Å‚¨‚¶‚¢—lv,https://news.yahoo.co.jp/articles/23bc69ff74d4e9e0ac0a692bcc2baa4c06b70a84,No date found
maidonans,‚Ü‚¢‚Ç‚Èƒjƒ…[ƒX,y’ˆÓz©“®ÔÅ‚ğ•¥‚¢–Y‚ê‚½‚ç‚Ç‚¤‚È‚éH@”[ŠúŒÀ‚©‚ç20“ú‘OŒã‚Å“Â‘£óAÔŒŸ‚ªó‚¯‚ç‚ê‚¸A‰„‘Ø‹àE·‚µ‰Ÿ‚³‚¦‚à,https://news.yahoo.co.jp/articles/490c2d938d678b4a5956dba5aca31c32b0d62ff7,No date found
maidonans,‚Ü‚¢‚Ç‚Èƒjƒ…[ƒX,ƒOƒ‚¢‚Ù‚ÇƒRƒoƒG•ßŠlIƒyƒbƒgƒ{ƒgƒ‹‚ÌƒRƒoƒGƒzƒCƒzƒC‚ªŒø‰Êâ‘å u•”‰®‚É‚±‚ñ‚È‚É‚¢‚½‚Ìcvu¡‚©‚ç‚Ì‹Gß‚Éd•óv,https://news.yahoo.co.jp/articles/b89143bf55b0386ec66fffeae4a9863d8f6523af,No date found
maidonans,‚Ü‚¢‚Ç‚Èƒjƒ…[ƒX,ƒ”’ƒjƒbƒg‚ğ’E‚®‚ÆIƒJƒbƒv•–L–ƒ{ƒfƒB@ƒOƒ‰ƒhƒ‹–ƒ‘q‹G‚³‚ñ@ˆ³Šªƒ{ƒfƒB‚Å‚ ‚È‚½‚ğ—U˜f,https://news.yahoo.co.jp/articles/800a8399421e169485e186975b9b8ce2e6a22ea4,No date found
maidonans,‚Ü‚¢‚Ç‚Èƒjƒ…[ƒX,B90‚ÌƒAƒCƒhƒ‹“ì‚İ‚ä‚©‚³‚ñ@‚¿‚å‚Á‚Æ”wL‚Ñ‚µ‚½‘ålƒrƒLƒj@ƒ}ƒVƒ…ƒ}ƒƒoƒXƒg‚ğ”â˜I,https://news.yahoo.co.jp/articles/4c53afe60d1ed471d092976c71d4fb2747dc11d2,No date found
maidonans,‚Ü‚¢‚Ç‚Èƒjƒ…[ƒX,‘Ol–¢“‚ÌŒyl‹ìsê‚ğØ‚èŠJ‚¢‚½u¬‚³‚È–¼Ôv@ƒXƒYƒLEƒWƒ€ƒj[‚Ì”¼¢‹IƒXƒg[ƒŠ[,https://news.yahoo.co.jp/articles/c92f00b6d5a8cf539be9ff8960da7812dbf56726,No date found
maidonans,‚Ü‚¢‚Ç‚Èƒjƒ…[ƒX,«‚ğÔ—‡X‚ÉŒê‚ê‚éêŠ‚ğ‚Â‚­‚è‚½‚¢cu—«‚Él‹C‚Ìƒ‰ƒuƒOƒbƒYvu«‚ÌŒ’N‚ğl‚¦‚éH¶Šˆ‚Á‚ÄHv,https://news.yahoo.co.jp/articles/ef987ffbced57b1b0abe998841fb9ac7a717b332,No date found
maidonans,‚Ü‚¢‚Ç‚Èƒjƒ…[ƒX,u‰ó‚ê‚Ä‚Ç‚¤‚µ‚æ‚¤‚à‚È‚¢vƒx[ƒX‚ªuƒhƒ‰ƒ€ˆÖqv‚Æ—Z‡¨uV‚½‚ÈˆÖqv‚É@§ì‚µ‚½l‚É•·‚¢‚½,https://news.yahoo.co.jp/articles/7e7fd0cf6ac6255df6c1f9b0db844a2744bed857,No date found
maidonans,‚Ü‚¢‚Ç‚Èƒjƒ…[ƒX,y–Ÿ‰æzÔq‚ÆVŠ²ü‹AÈ¨w’èÈ‚Æ‚Á‚½‚ªu‚Ù‚Ú‚¸‚Á‚Æ˜AŒ‹•”v‚ ‚é‚ ‚é@‚Å‚àu•K‚¸•‚¯‚Ä‚­‚ê‚él‚ª‚¢‚év,https://news.yahoo.co.jp/articles/89502b2fdebd559c81c4c154d1d7bce452d48de8,No date found
maidonans,‚Ü‚¢‚Ç‚Èƒjƒ…[ƒX,uƒZƒ“ƒX‚ª‚¢‚¢‚¨‚µ‚á‚ê‚È–Ÿ‰ævƒ‰ƒ“ƒLƒ“ƒO@TOP3‚ğ–î‘ò‚ ‚¢‚³‚ñ‚Ìì•i‚ª“ÆèI,https://news.yahoo.co.jp/articles/ac4255d3aa019fe313159778c3a30b4f62fcafb7,No date found
maidonans,‚Ü‚¢‚Ç‚Èƒjƒ…[ƒX,¬Šw¶‚Ì3l‚É1l‚ªu—‡Šá‹—Í1.0–¢–v@•ÛŒìÒ‚ªl‚¦‚é—‡Šá‹—Í’á‰º‚ÌÅ‘åŒ´ˆö‚ÍH,https://news.yahoo.co.jp/articles/d9a9cc9e27c88496eca34a5df73dfcc14893a1d8,No date found
maidonans,‚Ü‚¢‚Ç‚Èƒjƒ…[ƒX,1Î‘oq‚Ì—‚Ìq‚ªŒJ‚èo‚·‚¢‚½‚¸‚ç@‚â‚è‚½‚¢•ú‘è‚ª‰Âˆ¤‚·‚¬‚éu‚Ü‚é‚ÅƒCƒ^ƒ`‚²‚Á‚±wvuUŒ‚¦‚Ü‚¶‚¢v,https://news.yahoo.co.jp/articles/745f36d0a2dfe108055d117987045f35059d3578,No date found
maidonans,‚Ü‚¢‚Ç‚Èƒjƒ…[ƒX,ŒºŠÖæ‚Ì’iƒ{[ƒ‹A•sR‚Év‚Á‚ÄŠJ‚¯‚é‚Æc’†‚É‚ÍA‰º—Ÿ‚Æ”A‚Ü‚İ‚ê‚Ì¶‚«‚à‚Ì‚ª@ŠïÕ‚Ì‰ñ•œ‚ÅA22Î‚Ì’·õ”L‚É¬’·‚µ‚½‚Ó‚­‚­‚ñ‚Ì•¨Œê,https://news.yahoo.co.jp/articles/5d70e560470e30f0e5dda0bcdd75030a6f2f254e,No date found
maidonans,‚Ü‚¢‚Ç‚Èƒjƒ…[ƒX,ƒv[ƒ‹‚ğ”š‘–‚·‚éŒ¢‚³‚ñAŠy‚µ‚»‚¤I‚Æv‚¢‚«‚âuŠçAƒRƒƒbIv¨u–ô“®Š´‚ª“`‚í‚éwv,https://news.yahoo.co.jp/articles/31385d375438f983164343042759067727e95c0f,No date found
maidonans,‚Ü‚¢‚Ç‚Èƒjƒ…[ƒX,u—]–½1TŠÔv‚Æ‚¢‚í‚ê‚½‹à‹›A•a‹C‚ğæ‚è‰z‚¦‚Äc10ƒJŒ¶‚«‰„‚Ñ“ø‚Ì‹´‚ğ“n‚éu‚¢‚ë‚ñ‚È‰‚âo‰ï‚¢‚ğŒq‚¢‚Å‚­‚ê‚½v”‚¢å‚ÍŠ´Ó‚µ‚©‚È‚¢,https://news.yahoo.co.jp/articles/837d9c9020bacf2ce95c15b50b3a1ebcab477337,No date found
maidonans,‚Ü‚¢‚Ç‚Èƒjƒ…[ƒX,˜H“ª‚ğœfœr‚¢Aámá‚ğŠ³‚Á‚Ä‚¢‚½eq”L‚ğ•ÛŒì¨“ü‰@¡—Ã‚µA—¢e‚Éˆø‚«æ‚ç‚êK‚¹‚Â‚©‚Ş,https://news.yahoo.co.jp/articles/981f0dc50aa7872578450be5f03538ae17b081e0,No date found
maidonans,‚Ü‚¢‚Ç‚Èƒjƒ…[ƒX,—«1000l‚É•·‚¢‚½u‚±‚Ìl‚Æ‚Í•t‚«‡‚¦‚È‚¢v‚Æv‚¤‚±‚Æc3ˆÊu´Œ‰Š´‚ª‚È‚¢vA2ˆÊu•¶‹å‚â‹ğ’s‚ª‘½‚¢v,https://news.yahoo.co.jp/articles/d2be22c23d208bd7c9ef62b5a43795da6940e37e,No date found
maidonans,‚Ü‚¢‚Ç‚Èƒjƒ…[ƒX,ÄŒ»“x‚ª‚·‚²‚¢cuç‚Æçq‚Ì_‰B‚µv‰f‰æ‚Æ•‘‘ä‚Ì”äŠr‰æ‘œ‚ª˜b‘è‚ÉAƒpƒyƒbƒgƒfƒUƒCƒi[‚ª“Še,https://news.yahoo.co.jp/articles/d83920637c26ec9a847d8f14bd4769f58bf42a8a,No date found
maidonans,‚Ü‚¢‚Ç‚Èƒjƒ…[ƒX,‚ ‚Ì’²–¡—¿‚Å’Ğ‚¯‚é‚¾‚¯A‚â‚İ‚Â‚«u‚Ğ‚ñ‚â‚èƒgƒ}ƒgv‚ª˜b‘èuƒgƒ}ƒg‰½ŒÂ‚ ‚Á‚Ä‚à‘«‚è‚È‚¢vu‘Š«‚¢‚¢‚ñ‚¾v,https://news.yahoo.co.jp/articles/02783941d16bbf857ef30595268352dd72717dbf,No date found
maidonans,‚Ü‚¢‚Ç‚Èƒjƒ…[ƒX,Oã—IˆŸAƒnƒƒC‚ÅB‰e‚µ‚½…’…Ê^ŒöŠJ@‹¹Œ³‚â‚­‚Ñ‚ê˜I‚í‚ÉcuŠC‚æ‚è‚±‚Á‚¿‚É–Ú‚ª‚¢‚­v‚ÆD•],https://news.yahoo.co.jp/articles/2ae7e862c71e442bfee4f39fbf007c57e65d3c2c,No date found
maidonans,‚Ü‚¢‚Ç‚Èƒjƒ…[ƒX,uŒ{‚³‚³‚İv‚ÍAƒŒƒ“ƒ`ƒ“‚µ‚Ä‚©‚ç—â“€‚·‚é‚Æ’´‚µ‚Á‚Æ‚èIcƒjƒ`ƒŒƒCƒt[ƒY‚ª‹³‚¦‚éƒpƒT‚Â‚«‰ğÁ‚ÌƒAƒCƒfƒA,https://news.yahoo.co.jp/articles/9741dc5aba611239a5a6ce88cd8c056c672f9822,No date found
maidonans,‚Ü‚¢‚Ç‚Èƒjƒ…[ƒX,‚’m‚Ì‚¿‚­‚í‚ÍA—ô‚¯‚È‚¢I@‚±‚ê‚ªƒ`ƒNƒLƒ…ƒEcuÕŒ‚‚Å‚·vu”ü–¡‚µ‚»‚¤Iv,https://news.yahoo.co.jp/articles/fdd996c86574b11e6f39cacfb92509c8ef48a59c,No date found
maidonans,‚Ü‚¢‚Ç‚Èƒjƒ…[ƒX,y–Ÿ‰æzu‚©‚ç‚ ‚°‚Íè”²‚«‚â‚ëIv‚¦‚ÁA‰´‰Šã‚·‚éH¨u‚±‚Ì’U“ß‚³‚ñ‚È‚ç‰Šã‚µ‚È‚¢v‚ÆÌ^‚Ìº,https://news.yahoo.co.jp/articles/0727174002ff0ecc72cb3f94fe71d58820b8a2f4,No date found
maidonans,‚Ü‚¢‚Ç‚Èƒjƒ…[ƒX,uc‹Æƒ[ƒv‚ÌEê‚Í–{“–‚ÉK‚¹H@–ˆ“úÅ‚è‚È‚ª‚ç“­‚«AŠy‚µ‚İ‚¾‚Á‚½è“–‚àÁ‚¦‚½cáèĞˆõ‚ª’¼–Ê‚µ‚½gŒ»Àh,https://news.yahoo.co.jp/articles/ad9d1ac4c3529688fdf6f6344e24928055af56ae,No date found
maidonans,‚Ü‚¢‚Ç‚Èƒjƒ…[ƒX,“®•¨•a‰@‚ª•|‚¢¨Šy‚µ‚¢‚ğŠ‚¦‚éƒAƒCƒfƒA‚ª‰æŠú“IIu‚Ç‚¤‚µ‚Ä‚à‚Á‚Æ‘‚­•a‰@‚Écv‚ğ–h‚®æ‚è‘g‚İ‚Æ‚ÍH,https://news.yahoo.co.jp/articles/46c599e71eaa2fff9edc069a9d2feb3598d18d6a,No date found
maidonans,‚Ü‚¢‚Ç‚Èƒjƒ…[ƒX,58ÎƒGƒŒƒJƒV‹{–{_ŸA10Î‚Ì­”NÊ^‚Éƒtƒ@ƒ“Š½Šìu‚«‚á‚í‚¢‚¢IvuˆÓu‹­‚»‚¤‚È–Ú—Ívu¡‚Æ•Ï‚í‚è‚Ü‚¹‚ñv,https://news.yahoo.co.jp/articles/e1241f92b58c937f75943f78b0247788a176c4a9,No date found
maidonans,‚Ü‚¢‚Ç‚Èƒjƒ…[ƒX,‚»‚ë‚»‚ë•Ğ•t‚¯‚½‚¢‰H–Ñ•z’cuˆ³k‘Ü‚Å•ÛŠÇ‚ÍNGv‚Á‚Ä–{“–H¨‚¨è“ü‚ê•û–@‚ğQ‹ïƒ[ƒJ[‚É•·‚¢‚½uƒRƒCƒ“ƒ‰ƒ“ƒhƒŠ[‚ÅŠ£‘‡‚à—v’ˆÓ‚Å‚·v,https://news.yahoo.co.jp/articles/5f4418933750a8e6fd1f16c491c97bc01d58c474,No date found
maidonans,‚Ü‚¢‚Ç‚Èƒjƒ…[ƒX,‚Â‚í‚è‚ª‚Ğ‚Ç‚­‚Äƒ_ƒEƒ“’†@‚»‚±‚É•v‚ªu‚ ‚Ì‚³AƒgƒCƒŒ‚ÉƒSœœƒŠ‚ª‚¢‚é‚æHv@‚»‚ê‚Íˆê‘Ì‚È‚ñ‚Ì•ñIH,https://news.yahoo.co.jp/articles/cb8881f621a13d3633bb7906f616f48ad4fc8d46,No date found
maidonans,‚Ü‚¢‚Ç‚Èƒjƒ…[ƒX,u¬1–º‚Ìh‘èc‡‚Á‚Ä‚é‚Ì‚É‚È‚ºHvZ”‚ÌÌ“_•û–@‚ÉuŒµ‚µ‚·‚¬‚È‚¢Hvu‚â‚é‹C‚È‚­‚È‚Á‚¿‚á‚¤v,https://news.yahoo.co.jp/articles/7adec3aa70b2ca4cc76d7b44a9ff2a2cb02c8415,No date found
maidonans,‚Ü‚¢‚Ç‚Èƒjƒ…[ƒX,“Sƒtƒ‰ƒCƒpƒ“‚ğˆç‚Ä‚é˜_‘ˆuôÜ‚Íƒ_ƒvuô‚Á‚Ä‚à•Ê‚É•Ï‚í‚ç‚È‚¢v@ÀÛ‚Í‚Ç‚¤‚È‚ÌHcƒ[ƒJ[‚É•·‚¢‚½,https://news.yahoo.co.jp/articles/38e4cc9ebadff233e50ae57d542d646238918430,No date found
maidonans,‚Ü‚¢‚Ç‚Èƒjƒ…[ƒX,¬Šw¶‘ã‚Ì”S“y×HA•ƒuŠÔˆá‚Á‚ÄÌ‚Ä‚Ä‚µ‚Ü‚Á‚½v‚ÆÄˆË—Š@40‘ã‚É‚È‚Á‚½‘§q‚ª€”õ‚µ‚½‚Ì‚Ícu‚»‚ê’ö‘å–‚È‚à‚Ì‚¾‚Á‚½‚ñ‚Å‚·‚Ëv,https://news.yahoo.co.jp/articles/aa311b1aec73d5969a4505e8bee5a2696906cabe,No date found
maidonans,‚Ü‚¢‚Ç‚Èƒjƒ…[ƒX,“Œ‘å‘²ƒAƒCƒhƒ‹A”îæ’†‰ÁŠQÒ‚©‚ç¦’k‹àu·X‚ÈƒlƒbƒgƒŠƒ“ƒ`vˆê•”‚Šw—ğ‚©‚ç‚Ì”íŠQ‚àu¸_‚¦‚®‚Á‚Ä‚¢‚é‚±‚Æ–Y‚ê‚È‚¢‚Åv,https://news.yahoo.co.jp/articles/c5cbfc9155d5de54f8da0457026712c9ad195044,No date found
maidonans,‚Ü‚¢‚Ç‚Èƒjƒ…[ƒX,‚Ä‚ñ‚¿‚ŞAƒEƒGƒXƒg–£‚¹‚éQ‚»‚×‚èƒVƒ‡ƒbƒg‚ğŒöŠJuƒMƒƒƒ‹‚Ä‚ñ‚¿‚Ş‚©‚í‚¢‚¢`vuF‹C‚ª‚ß‚¿‚á‚­‚¿‚á‘‚µ‚½‹C‚ª‚·‚év,https://news.yahoo.co.jp/articles/1dfc3fb124e485b8c985cb925b27930939256ce9,No date found
maidonans,‚Ü‚¢‚Ç‚Èƒjƒ…[ƒX,‘åãE–kV’nu‘S‚Ä‚ğ‚Â—«v‚Æo‰ï‚Á‚½–ì—Ç”L‚Í¡@ƒGƒ‹ƒƒX‚ÌƒZ[ƒ^[‚Å–½‚ğ‚Â‚È‚¢‚¾‘åŠ¦”g‚Ì–éA‚»‚µ‚Ä“Ë‘R‚Ì¸çH‚ÌŒ‹––‚Í,https://news.yahoo.co.jp/articles/38a82caa707a300f8dbf0881bf1a115198791df6,No date found
maidonans,‚Ü‚¢‚Ç‚Èƒjƒ…[ƒX,STU48’†‘º•‘‚³‚ñ@ƒXƒN[ƒ‹…’…‚ÌæsƒJƒbƒgŒöŠJ@1stÊ^W‚Åƒ‰ƒ“ƒWƒFƒŠ[B‰e‚É’§í,https://news.yahoo.co.jp/articles/717fd95c09ac3bda414128c32accbab293d0760b,No date found
maidonans,‚Ü‚¢‚Ç‚Èƒjƒ…[ƒX,——D÷ˆä“ú“Şq‚³‚ñ@l¶‰…’…B‰e‚Å‚Ó‚Á‚­‚ç”üƒoƒXƒg•“K‚Ì”²ŒQƒ{ƒfƒBŒöŠJ@u‚¨”n‚³‚ñ‚Ì‚æ‚¤‚È“K‚Å‚·v,https://news.yahoo.co.jp/articles/56e88d77a53e9b9f746264e05b53fe00ce6984f8,No date found
maidonans,‚Ü‚¢‚Ç‚Èƒjƒ…[ƒX,3‚ÌƒqƒƒCƒ“E‚ä‚ß‚Á‚¿A§•p‚Å‘S—Í•ÏŠç‚ğ”â˜I@ÎŠç‚Æ‚ÌƒMƒƒƒbƒv‚É”½‹¿uÎ‚Á‚½‚ívu‚©‚í‚¢‚¢v,https://news.yahoo.co.jp/articles/9117bf4f84652ac41608c3807b395a8ae7b486d4,No date found
maidonans,‚Ü‚¢‚Ç‚Èƒjƒ…[ƒX,‹“s‚ÌZ‘îŠX‚ÉŠÅ”Â‚·‚ço‚³‚È‚¢“ä‚Ìu‹›‰®v‚ª‚ ‚Á‚½I@ƒŠƒmƒxŒÃ–¯‰Æ‚É‰f‚¦‚éõicl‹C‚ÌƒƒP‚ÍH,https://news.yahoo.co.jp/articles/3455a3308dd2b0e2724f1cdcf68313f8f7670fcf,No date found
maidonans,‚Ü‚¢‚Ç‚Èƒjƒ…[ƒX,“ª‚ğ‹à’Æ‚Å‰£‚ç‚êA”S’…ƒe[ƒv‚Å‚®‚é‚®‚éŠª‚«‚É‚³‚ê‚Ä‚¢‚½”L@‚Q”NˆÈã‚ÌÎŒ‚ğ‚©‚¯‚Ä­‚µ‚¸‚ÂS‚ğŠJ‚«AV‚½‚È‰Æ‘°‚ÌŒ³‚Ö,https://news.yahoo.co.jp/articles/f7faf4fed0d9dd23cbe653cb3bfcc0119ea1734b,No date found
maidonans,‚Ü‚¢‚Ç‚Èƒjƒ…[ƒX,‚à‚¤q‚Ç‚à‚ÉAè‚ğU‚è‚Ù‚Ç‚©‚ê‚È‚¢IcŒx‹’¡‚ª„§‚·‚éuè‚Ì‚Â‚È‚¬•ûv‚É7–œg‚¢‚¢‚Ëh@ĞŠQ‚É‚à—LŒø‚È•û–@‚Æ‚ÍH,https://news.yahoo.co.jp/articles/537d7548ef210d1b12205bc41554db1da336920e,No date found
maidonans,‚Ü‚¢‚Ç‚Èƒjƒ…[ƒX,uƒ‰[ƒƒ“‚Ì‹ï‚ğD‚«‚É·‚Á‚Ä‘—‚ê‚éLINEƒXƒ^ƒ“ƒvv‚ª˜b‘èAV‹@”\uƒXƒ^ƒ“ƒvƒAƒŒƒ“ƒWv‚Å¨§ìÒ‚É•·‚¢‚½,https://news.yahoo.co.jp/articles/44750a80ee06bcf6a52995540173dab5a799db2d,No date found
maidonans,‚Ü‚¢‚Ç‚Èƒjƒ…[ƒX,u’j—•½“™‚È‚ñ‚ÄƒEƒ\Aéx‚³‚ê‚¿‚áƒ_ƒv•êe‚ÌŒ¾—t‚É¢˜f@‘‡E–Úw‚·—qŠw¶‚ª’¼–Ê‚·‚éAƒLƒƒƒŠƒAŠÏ‚Ì¢‘ãŠÔƒMƒƒƒbƒv,https://news.yahoo.co.jp/articles/33da83581f6f0091e58afa691f29369327cf76d3,No date found
maidonans,‚Ü‚¢‚Ç‚Èƒjƒ…[ƒX,q‚Ç‚àŒü‚¯ŠÃŒûƒJƒŒ[‚ğu‘ålŒü‚¯‚Éh‚­‚µ‚½‚¢v‚Í‚Ç‚¤‚·‚éHƒnƒEƒXH•i‚Ìê–å‰Æ‚ª’¼“`u‚ ‚ÌƒXƒpƒCƒX‚ğ‚©‚¯‚é‚¾‚¯‚Åcv,https://news.yahoo.co.jp/articles/2039badd8d6e87e61b58feca58b74d5df1671916,No date found
maidonans,‚Ü‚¢‚Ç‚Èƒjƒ…[ƒX,—¼è‚Éu•@v‚ÅŒ¢‚Éƒ‚ƒeƒ‚ƒe‚Ì‚¨‚¶‚¢‚¿‚á‚ñA¢˜b‚à‚µ‚È‚¢‚Ì‚ÉHƒ‚ƒe‚é”éŒ‚ğ•·‚­‚Æcu‚·‚×‚Ä‚ÌlŠÔŠÖŒWv‚É’Ê‚¶‚é,https://news.yahoo.co.jp/articles/893ca20029662291a14de2f6253f778a220f95f7,No date found
maidonans,‚Ü‚¢‚Ç‚Èƒjƒ…[ƒX,y”F¯‚ª’ïR‚µ‚Ä‚­‚éz‚È‚ñ‚©‘«‘½‚­‚È‚¢H•‚¸‚­‚ß4–{‘«‚Ìam‚ÉSNS–¯u•È‚Éh‚³‚év³‘Ì‚Í¢ŠE‚ÅŠˆ–ô‚·‚é‘å“¹Œ|l,https://news.yahoo.co.jp/articles/e22ab8703e3ab51a2002611f6d760a718b54ac37,No date found
maidonans,‚Ü‚¢‚Ç‚Èƒjƒ…[ƒX,ulŠÔŠÖŒW‚Ì’z‚«•û‚ªŠw‚×‚éƒhƒ‰ƒ}BEST10v@1ˆÊ‚Í‘ã‚Ì–â‘è‚ğ”½‰f‚µ‚Ä‚«‚½Šw‰€ƒhƒ‰ƒ},https://news.yahoo.co.jp/articles/fd2473c72721f267976f8816a4172bfe098d7261,No date found
maidonans,‚Ü‚¢‚Ç‚Èƒjƒ…[ƒX,u‚¨‹à‚ğ‚©‚¯‚½‚Ù‚¤‚ª—Ç‚¢‚Æv‚¤‰Æ“dvƒ‰ƒ“ƒLƒ“ƒO@3ˆÊuƒGƒAƒRƒ“vA2ˆÊuô‘ó‹@vA1ˆÊ‚ÍH,https://news.yahoo.co.jp/articles/b79d6eaa5c1c78521ba1cdc521a28456e8426342,No date found
maidonans,‚Ü‚¢‚Ç‚Èƒjƒ…[ƒX,‹Ù‹}Ô—¼‚É“¹‚ğ‚ä‚¸‚é‚Æ‚«AƒnƒU[ƒh‚Â‚¯‚éH‚Â‚¯‚È‚¢Hu‚±‚ê‚ÍŒ‹\“ï‚µ‚¢–â‘èv’m‚é‚±‚Æ‚ª‘åØ,https://news.yahoo.co.jp/articles/7f5c074cc06ef75afcb3a7987ec60a216e1cd980,No date found
maidonans,‚Ü‚¢‚Ç‚Èƒjƒ…[ƒX,Èu•}—{‚ğ’´‚¦‚Ä“­‚«‚½‚¢v¨•vu‘å^¬vc‰Æ–ˆç™‚Ì•‰’S‚ÍH@È‘¤‚ÌˆÓŒ©‘±Xu‰½‚à‚µ‚È‚¢‚ñ‚¾‚ævu¡‚Ü‚Å’Ê‚è‚Å‚«‚é‚È‚ç‚Æ‚¢‚¤ğŒ•t‚«v,https://news.yahoo.co.jp/articles/09c8b6d7e1d2e33f3afcc367383d20a63aff83dc,No date found
maidonans,‚Ü‚¢‚Ç‚Èƒjƒ…[ƒX,yŒ³AKB48z“ñ™‚Ìƒ}ƒ}Eì‰h—›“Ş‚ªŒ³•óƒWƒFƒ“ƒk‚Æƒ†ƒjƒo•ƒvƒŠƒNƒ‰ ‚¨‘µ‚¢ƒXƒk[ƒs[–Xu‚Z¶‚Ì‹x“ú‚İ‚½‚¢v,https://news.yahoo.co.jp/articles/a8ac7ee83824b25ed75787f3f573424f86015dfe,No date found
maidonans,‚Ü‚¢‚Ç‚Èƒjƒ…[ƒX,u¬4–º‚Ìƒyƒ“‚ª“‚Ü‚ê‚½v“¯‹‰¶‚ªƒyƒ“‚ğ•M” ‚É“ü‚ê‚é‚Ì‚ğ–º‚ª–ÚŒ‚A’S”Cu‚ ‚Æ‚Å•Ô‚µ‚Ä‚Ëv¨•Ô‚µ‚Ä‚­‚ê‚È‚¢u‚»‚Ìê‚Å•Ô‚³‚¹‚é‚×‚«v”á”»E“,https://news.yahoo.co.jp/articles/e4b2712e7e8d7890f4ae496c482e09e59afd25e7,No date found
maidonans,‚Ü‚¢‚Ç‚Èƒjƒ…[ƒX,u1ŒûÀ5–œ‰~‚Åæˆøvu•ñV‚Í’†‘‚Ì‰¼‘z’Ê‰İƒTƒCƒg—˜—pvcˆÅƒoƒCƒg‚Ì—U‚¢‚ğó‚¯‚½ŒoŒ±‚ª‚ ‚él‚Í2Š„ã,https://news.yahoo.co.jp/articles/828ca9fb345a735a4db0634a913ac9aeb424d5f6,No date found
maidonans,‚Ü‚¢‚Ç‚Èƒjƒ…[ƒX,uƒƒ“ƒY“úP‚Ç‚¤v‚¤Hv¨u—Š‚ŞI’j‚Ì“úP—¬s‚Á‚Ä‚­‚êv9Š„ˆÈã‚Ì’j«‚Ì–{‰¹‚ÍH,https://news.yahoo.co.jp/articles/c4006bc0768a0b562a2f013318d804a0e469ec01,No date found
maidonans,‚Ü‚¢‚Ç‚Èƒjƒ…[ƒX,uƒ}ƒ}‚É“à‚¾‚©‚ç‚ÈIv6ÎŒZ‚ª¶Œã11ƒJŒ‚Ì‘oq‚ğ•ø‚«‚©‚©‚¦c@ÎŠç‚Ì——R‚Éu‚¨ŒZ‚¿‚á‚ñÅ‚II–ü‚³‚ê‚Ü‚·v,https://news.yahoo.co.jp/articles/c16000e11a141cc7a0b5da9a411e80d9b3121f8c,No date found
maidonans,‚Ü‚¢‚Ç‚Èƒjƒ…[ƒX,ul¶‚Ì”¼•ª‚ğˆê‚É‰ß‚²‚µ‚Ä‚­‚ê‚Ä‚ ‚è‚ª‚Æ‚¤v –é’†‚É•‚¯‚½¬‚³‚È–½‚ÍA22”NŠÔ‚à‰Æ‘°‚Ìˆêˆõ‚Éc’·õ”LƒXƒY‚¿‚á‚ñ‚Ì•¨Œê,https://news.yahoo.co.jp/articles/48160fb694deccbec4b423478b2f063d22abd0e8,No date found
maidonans,‚Ü‚¢‚Ç‚Èƒjƒ…[ƒX,‹¥–\‚ÈƒTƒ100•C’´‚ª”ò‚Ño‚·“Á•Ê‰f‘œ‚ªVh‚É@uBTTF2‚ÌƒAƒŒ‚¾vu‚Ü‚³‚ÉVhLv‚Æ‘‚­‚à‘å”½‹¿@ƒ‘YƒTƒ‰f‰æu‰·òƒVƒƒ[ƒNv,https://news.yahoo.co.jp/articles/9b8a5350a733fa2b741d7e38c51dfb0ac5763440,No date found
maidonans,‚Ü‚¢‚Ç‚Èƒjƒ…[ƒX,ƒcƒ„ƒb‚Æ‚µ‚½‹¹‹Ø•• ‹Øc‹Ø“÷ƒ€ƒLƒ€ƒL‚Ì‚­‚Üƒpƒ“@uƒpƒ“‚ÉƒhƒL‚Á‚Æ‚µ‚½vu‚È‚©‚â‚Ü‚«‚ñ‚ÉŒN‚Ìº‚ªv,https://news.yahoo.co.jp/articles/ef7bfda3ce9e36677224b589d2ef04730ef74d34,No date found
maidonans,‚Ü‚¢‚Ç‚Èƒjƒ…[ƒX,‚³‚©‚ÈƒNƒ“‚Ì‚ ‚Ó‚êo‚éˆ¤‚Éc•¶––‚ª“Ç‚ß‚È‚¢IH@˜b‘è‚É‚È‚Á‚½ƒƒbƒZ[ƒWu‚Ü‚é‚ÅM’·‚ÌÜŸBóHv,https://news.yahoo.co.jp/articles/2e32efe0ea36b97cfbf0de94d588aa6d614380ba,No date found
maidonans,‚Ü‚¢‚Ç‚Èƒjƒ…[ƒX,‚Â‚é‚ñ“©Ší”§‚Æ‰Ô•¿ƒrƒLƒj@ƒoƒXƒg‚Í‚İo‚·ƒ`ƒ…[ƒuƒgƒbƒv@–L“cƒ‹ƒi‚³‚ñ–£˜f‚Ì…’…ƒVƒ‡ƒbƒg”â˜I,https://news.yahoo.co.jp/articles/1c56a90349860b9d4a4fe55fce18cee6fc0f0925,No date found
maidonans,‚Ü‚¢‚Ç‚Èƒjƒ…[ƒX,ƒOƒ‰ƒhƒ‹“c’†”ü‹v‚³‚ñ@•ƒrƒLƒj‚âƒ`ƒ…[ƒuƒgƒbƒv‚Å‘ål‚ÌF‹C@ƒAƒCƒhƒ‹‘ã‚Í‚È‚©‚Á‚½ˆê–Ê‚Åƒtƒ@ƒ“”YE,https://news.yahoo.co.jp/articles/4c9c4fa1b42faf4506e8aa5995ec7991b92de8de,No date found
maidonans,‚Ü‚¢‚Ç‚Èƒjƒ…[ƒX,u‘Ì‚ğG‚ç‚¹‚Ä‚­‚ê‚È‚¢v ”‚¢å‚³‚ñˆê‰Æ‚ğ‚â‚«‚à‚«‚³‚¹‚½Œ³–ìŒ¢@‘O‘«‚¿‚å‚±‚ñ‚Åu—V‚ñ‚ÅvƒAƒs[ƒ‹@‰Æ‘°‚Ìˆêˆõ‚É,https://news.yahoo.co.jp/articles/8c30a0aace6993c5161c188dc67aa601a2ca42e2,No date found
maidonans,‚Ü‚¢‚Ç‚Èƒjƒ…[ƒX,ƒLƒƒƒxƒc‚“«‚Åì‚ê‚È‚¢IH‚¨D‚İÄ‚«‚ÌV’ñˆÄuBLTv@‚à‚â‚µA“¤•c{‚½‚Ü‚Ë‚¬‚Å‚Ì‘ã‘ÖƒŒƒVƒs,https://news.yahoo.co.jp/articles/9791f05142923a98f9a7e372cc4b666c35faf6d8,No date found
maidonans,‚Ü‚¢‚Ç‚Èƒjƒ…[ƒX,u‰Æ‘°Ê^‚ÉŒÖ‚ç‚µ‚°‚ÉƒJƒƒ‰–Úüv‚ÌŒ¢‚³‚ñ@‚è‚è‚µ‚­A‚¯‚È‚°‚È•\î‚É‚Ù‚Á‚±‚èu‚·‚²‚¢‚µ‚Á‚©‚è‚µ‚½Šç‚Â‚«v,https://news.yahoo.co.jp/articles/0aa64a3c215177125d100d88ef0b9a0e6118195f,No date found
maidonans,‚Ü‚¢‚Ç‚Èƒjƒ…[ƒX,Œ¢‚É‚æ‚é™ù–ŒÌc”NŠÔ5000Œ‹ß‚­@©•ª‚Ìƒyƒbƒg‚ªg‰ÁŠQÒh‚É‚È‚Á‚½‚Ì”…Ó”C‚ÍHc•ÙŒìm‚ª‰ğà‚·‚éu•ÛŒ¯‚Ì‘I‚Ñ•ûv,https://news.yahoo.co.jp/articles/671a2e1e399dcc75d0fc8b78e62abde20ee5df28,No date found
maidonans,‚Ü‚¢‚Ç‚Èƒjƒ…[ƒX,Œ³gƒMƒƒƒ‹‚ÌƒJƒŠƒXƒ}hA¡‚Í”ü—e‰Æ45Î @H&M‚Ìƒfƒjƒ€‚ÅƒVƒ“ƒvƒ‹ƒR[ƒfu‚©‚í‚¢‚¢Ivu‘u‚â‚©‚·‚¬‚év,https://news.yahoo.co.jp/articles/f2e80b766985557dae3afa89618a64b059770b31,No date found
maidonans,‚Ü‚¢‚Ç‚Èƒjƒ…[ƒX,‚±‚ñ‚È‚Éˆ¤î‚ğ’‚¢‚Å‚¢‚é‚Ì‚É@•\î‚ğo‚¹‚È‚¢Œ³–ìŒ¢@”‚¢å‚ÍM‚¶‚Ä‘Ò‚¿‘±‚¯‚½@¡‚Å‚Í•z’c‚Ì’†‚É‚à‚®‚è‚±‚ñ‚Å‚­‚éŠÃ‚¦‚ñ–V,https://news.yahoo.co.jp/articles/972fa6acfd9a6379e68983a9ef1b14fd01efbb08,No date found
maidonans,‚Ü‚¢‚Ç‚Èƒjƒ…[ƒX,‰J‚Ì’†‚¸‚Ô”G‚ê‚Å–Â‚¢‚Ä‚¢‚½q”L¨¡‚Í‚Ó‚Á‚­‚çA‚¨‚µ‚á‚×‚è‚È”ü”L‚Éu‚¿‚å‚¤‚Ç1”NvuK‚¹‚È‚¨Šç‚ªÅ‚v,https://news.yahoo.co.jp/articles/dd479c211b44aec51cc2f1d3213ab57e369a90a6,No date found
maidonans,‚Ü‚¢‚Ç‚Èƒjƒ…[ƒX,yŒ³‰Ô“c”üŒbqz55ÎEMiekoA13Î”N‰º•v‚ÆK‚¹ƒc[ƒVƒ‡ƒbƒgu‘f“G‚·‚¬‚Ä‚½‚ß‘§vu‚Ü‚·‚Ü‚·A“²‚ê‚¿‚á‚¢‚Ü‚·v,https://news.yahoo.co.jp/articles/a01d84371d894d32bb1766230ceb06391aa07807,No date found
maidonans,‚Ü‚¢‚Ç‚Èƒjƒ…[ƒX,ŒÇ“Æ€‚µ‚½—«‘î‚É‚Ì‚±‚³‚ê‚½4•C‚Ì”L@‘åØ‚Éˆç‚Ä‚ç‚ê‚½‹L˜^‚É—ÜA‚½‚¾ˆø‚«æ‚èè‚ª‚¨‚ç‚¸c,https://news.yahoo.co.jp/articles/663d870c9749eb0dd877191ce119ba3c2e10c93b,No date found
maidonans,‚Ü‚¢‚Ç‚Èƒjƒ…[ƒX,ŠÖ¼l‚©‚ç‘ƒcƒbƒRƒ~Iƒhƒ‰ƒ}“à‚Ìu“V‰¤›vƒCƒ“ƒgƒl[ƒVƒ‡ƒ“‚Éˆá˜aŠ´Hˆê‚ÍƒgƒŒƒ“ƒh“ü‚è,https://news.yahoo.co.jp/articles/507bd0f269cd7c2687f94acca0943093920ec5fa,No date found
maidonans,‚Ü‚¢‚Ç‚Èƒjƒ…[ƒX,uĞ‰ïl3”N–Ú‚Ì—â‘ ŒÉv‚Ü‚³‚©‚Ì’†g‚É‘å”½‹¿Iud–‚Åƒ€ƒJ‚Â‚¢‚Ä‚àc‚Ü‚ ‰Æ‚É‹A‚ê‚ÎƒRƒŒ‚ª‚ ‚é‚µ‚ÈIv,https://news.yahoo.co.jp/articles/bf3cccf846730521bcb3142dadffbec46d89ea95,No date found
maidonans,‚Ü‚¢‚Ç‚Èƒjƒ…[ƒX,‰ƒ_ƒCƒGƒbƒgAZ¢‘ã‚Ì4l‚É1l‚ªu¬E’†Šw¶v@Œ’NŠQ‚µ‚½ŒoŒ±‚àcu©•ª‚Ì‘ÌŒ^‚É©M‚ğ‚¿‚½‚¢vu‚©‚Á‚±‚æ‚­‚È‚è‚½‚¢v,https://news.yahoo.co.jp/articles/adb8e882002bf737e681fca5224e51b595566b75,No date found
maidonans,‚Ü‚¢‚Ç‚Èƒjƒ…[ƒX,y‹Á‚«‚Ì–Àz‚à‚â‚µ‚ğ“ü‚ê‚é‚Ì‚Íu–ìØºv‚Å‚Í‚ ‚è‚Ü‚¹‚ñ@‚¢‚Á‚½‚¢‚Ç‚±‚ÖHc‚Å‚«‚é‚¾‚¯’á‚¢‰·“x‚Åu“~–°ó‘Ô‚Év,https://news.yahoo.co.jp/articles/2ab1018ac6d337f46250a9132ddece33ffc713a1,No date found
maidonans,‚Ü‚¢‚Ç‚Èƒjƒ…[ƒX,q‚Ç‚à‚ÉƒXƒ}ƒz‚ğ“n‚·‚Ì‚Í’†1‚©‚çA‚1‚©‚çH@e‚ª•ø‚¦‚é•sˆÀ‚Íu¼‹\‚É‚ ‚í‚È‚¢‚©vuˆË‘¶‚µ‚È‚¢‚©v,https://news.yahoo.co.jp/articles/402d6f4ef421278f7135715baf6a084dbd1ca631,No date found
maidonans,‚Ü‚¢‚Ç‚Èƒjƒ…[ƒX,1Î’í‚Æ—V‚ñ‚Å‚¢‚½‚Ì‚Éc‹}‚É“®‚©‚È‚¢I¨3ÎŒZ‚ªS”z‚µ‚Ä‹ß‚Ã‚­‚Æc@u“VË‚·‚¬‚éwvu«—ˆ‘å•¨v‚Æ355–œ‰ñÄ¶,https://news.yahoo.co.jp/articles/a5d84208d5c65ec54bcd5b134d0f82d8224dc971,No date found
maidonans,‚Ü‚¢‚Ç‚Èƒjƒ…[ƒX,83Î‚ª‹–‰Âæ“¾u¶‚«‚ª‚¢‚¾‚©‚çA‚ ‚Æ20”N‚ÍŠæ’£‚éIv@–@‰ü³‚Åèì‚è’Ğ•¨‚ ‚«‚ç‚ß‚½l‚à‚¢‚é‚È‚©üˆÍ‚ÌhŒƒ‚É,https://news.yahoo.co.jp/articles/e2f076af543efe3bbb0309ef57ee63509cbfc469,No date found
maidonans,‚Ü‚¢‚Ç‚Èƒjƒ…[ƒX,‚¨‚Å‚±‚ÌL‚³A‰½cm‚©‚ç”––ÑH@w‚ª‰½–{•ªH@”––Ñ‚É‘Î‚µ‚Ä‚à‚Á‚Æ‚àŒµ‚µ‚¢“s“¹•{Œ§3ˆÊ‚Í“Ş—ÇA2ˆÊ‚ÍOd,https://news.yahoo.co.jp/articles/581d3c8a81a244e0db8c6785db314fd0e2ffdc41,No date found
maidonans,‚Ü‚¢‚Ç‚Èƒjƒ…[ƒX,4l‚É3l‚ªu©‘î‚Ì‰®ŠO‚É•¨’uû”[‚ª•K—vv‚Æ‰ñ“šA“ü‚ê‚é‚à‚Ì2ˆÊuƒJ[—p•ivA1ˆÊ‚ÍH,https://news.yahoo.co.jp/articles/1205f98947e4be22c47d190f0f86c8a68b47b196,No date found
maidonans,‚Ü‚¢‚Ç‚Èƒjƒ…[ƒX,”Â–ì—F”ü‚³‚ñƒvƒƒfƒ…[ƒXuRoLuANGELv@‘I”²4l‚ªƒsƒ“ƒN‚ÌƒrƒLƒj‚Å‰ƒOƒ‰ƒrƒA@ƒLƒ…[ƒg‚È–£—Í‚ğ‚¨“Í‚¯I,https://news.yahoo.co.jp/articles/6788053ecc1b1fbb8776512a30aa7bc106e63711,No date found
maidonans,‚Ü‚¢‚Ç‚Èƒjƒ…[ƒX,u‚Æ‚à‚¿‚ñ‰Âˆ¤‚·‚¬vuƒ^ƒCƒ€ƒXƒŠƒbƒv‚µ‚½‚©‚Æv‚Á‚½v 32Î”Â–ì—F”ü‚³‚ñƒrƒLƒjp‚É 11”N‚Ô‚è‚Ìƒ„ƒ“ƒ}ƒK•\†•ƒOƒ‰ƒrƒA‚É‘å”½‹¿,https://news.yahoo.co.jp/articles/f8ed52288185f6a0fc66a5bf97cd71d19c65d986,No date found
maidonans,‚Ü‚¢‚Ç‚Èƒjƒ…[ƒX,‹Tu“®‚¯‚È‚¢cv”Lu•‚¯‚Ä‚ ‚°‚éƒjƒƒv@—FîŠ´‚¶‚éƒŠƒAƒ‹u”L‚Ìè‚ğØ‚è‚é‹TvA“®‰æ‚Éƒlƒbƒg–¯ÕŒ‚,https://news.yahoo.co.jp/articles/aab97c96fb4d3f206641f2ddcda7ce1b037532db,No date found
maidonans,‚Ü‚¢‚Ç‚Èƒjƒ…[ƒX,ƒKƒ“ƒ_ƒ€ƒtƒ@ƒ“‚Ÿµ‚Ì‰”•Mí‚èc‚Ì‚Í‚¸‚ª‘§q‚Ív‚í‚Ê”½‰A3”NŒã‚É‘±‚«‚ª‚ ‚Á‚½•ƒ‚Æq‚Ì‹¹”MƒXƒg[ƒŠ[,https://news.yahoo.co.jp/articles/4a80a91ebd81545cac63c1d6c6590cae5b3f0218,No date found
maidonans,‚Ü‚¢‚Ç‚Èƒjƒ…[ƒX,ŒğÛ‘O‚Éuè‚ğ‚Â‚È‚®v‚Ì‚ÍƒAƒŠHè‚Â‚È‚¬NGA‚Â‚È‚¢‚ÅOK‚Ì‘Šè‚Ì“Á’¥‚ÍHc–¢¥—«‚Ìƒzƒ“ƒl‚Æ‚Í,https://news.yahoo.co.jp/articles/58cb13ed378022ff09ff2747a46692c45d47ecd5,No date found
maidonans,‚Ü‚¢‚Ç‚Èƒjƒ…[ƒX,83”N‘gƒAƒCƒhƒ‹56Î•58Î@‚Ù‚Á‚Ø–§’…ƒc[ƒVƒ‡ƒbƒg‚Éƒtƒ@ƒ“Š½Šìu¡‚à•Ï‚í‚ç‚¸‚«‚ê‚¢v,https://news.yahoo.co.jp/articles/5949496f8cfe82c08e99204b47c331b8841f4956,No date found
maidonans,‚Ü‚¢‚Ç‚Èƒjƒ…[ƒX,L“‡¨‰ªR¨“Ş—Ç¨“Œ‹@qŒ¢‚«‚å‚¤‚¾‚¢‚Ì‘ƒ—§‚¿‚Ì—·@ƒS[ƒ‹‚ÍŠâèE—¤‘O‚“c‚Ì—D‚µ‚¢”‚¢å‚³‚ñ@‘åkĞ‚ª–a‚¢‚¾‚²‰,https://news.yahoo.co.jp/articles/fffac02edf9aa964c54dea4ea967c213f2395c8c,No date found
maidonans,‚Ü‚¢‚Ç‚Èƒjƒ…[ƒX,‰Ä‚Ì•”‰®’…A‰½’…‚Á‚Ä‚éHD‚«‚È•”‰®’…‚Ìƒ^ƒCƒv2ˆÊuƒƒ“ƒs[ƒXvA1ˆÊ‚Íy—«2921l‚É•·‚¢‚½z,https://news.yahoo.co.jp/articles/2bee07e49c090de257ad577f7a190d0a3d554659,No date found
maidonans,‚Ü‚¢‚Ç‚Èƒjƒ…[ƒX,‚ ‚È‚½‚ÍŠO”L‚Å‚·‚©H”‚¢”L‚Å‚·‚©H@”ğ”DèpÏE‘å‚¯‚ª‚àŠ®¡‚Ìƒ~ƒXƒeƒŠƒAƒXƒK[ƒ‹”L‚³‚ñ@K‚¹‚È”L¶‚ğ–Úw‚·,https://news.yahoo.co.jp/articles/c4317c0385958aaebd16c760ba33a6e108cc1291,No date found
maidonans,‚Ü‚¢‚Ç‚Èƒjƒ…[ƒX,ƒLƒƒƒbƒgƒt[ƒh‚ÉˆÍ‚Ü‚ê‚Ä‚é‚±‚Æ‚Éu‹C‚Ã‚­‘Ov¨u‹C‚Ã‚¢‚½Œãv”L‚³‚ñA‚É‚Á‚±‚èuŠì‚Ñ‚ª‰B‚¹‚È‚¢v,https://news.yahoo.co.jp/articles/433bc99e306c7fb19ad865f393ee1d153d54b68c,No date found
maidonans,‚Ü‚¢‚Ç‚Èƒjƒ…[ƒX,•ÛŒì{İ‚©‚ç÷“nƒZƒ“ƒ^[‚Ö@Œx‰úS‹­‚ß‚Ì•ÛŒìŒ¢‚ÆÚ‚µ•û3‰Óğ‚ğŒµç‚µ‚½ƒXƒ^ƒbƒt@‚Ü‚½S‚ğŠJ‚¢‚Ä‚­‚ê‚Ä‚ ‚è‚ª‚Æ‚¤,https://news.yahoo.co.jp/articles/caee14c3ce3a8808ea28d43d5c2fb05374354847,No date found
maidonans,‚Ü‚¢‚Ç‚Èƒjƒ…[ƒX,u•êe‚©‚ç‚Ì‹s‘ÒAŠwZ‚Å‚Ì‚¢‚¶‚ßAe‘°‚©‚ç‚Ì«”íŠQv“Åeˆç‚¿”­’BáŠQ‚Ì—«‚ªAƒXƒgƒŠ[ƒgƒsƒAƒm‚Ål¶‚ğæ‚è‰z‚¦‚é‚Ü‚Å,https://news.yahoo.co.jp/articles/745133bf45a7e299d15b83af353f3c07ee8ec864,No date found
maidonans,‚Ü‚¢‚Ç‚Èƒjƒ…[ƒX,‚Ü‚½“¯‚¶êŠ‚ÉcŠü‚Ä‚ç‚ê‚½q”L47•C‚ğ•ÛŒì@‘Ü‚ÌŒû‚ğŒ‹‚ñ‚¾ƒrƒj[ƒ‹‘Ü‚à@‚í‚¸‚©‚ÈŠÔ‚µ‚©¶‚«‚ç‚ê‚È‚©‚Á‚½‚ ‚È‚½‚½‚¿‚ğ–Y‚ê‚È‚¢,https://news.yahoo.co.jp/articles/e4f1572fd664c794ec8ef63c4f93743461582a20,No date found
maidonans,‚Ü‚¢‚Ç‚Èƒjƒ…[ƒX,DJ SODAA•Ğ–Ú‚ªƒpƒ“ƒpƒ“‚Éî‚êã‚Á‚Ä‘å•ÏI@‚ÇƒAƒbƒv©B‚èÊ^ŒöŠJ‚Éu‚¨‘å–‚É‚µ‚Ä‚Ëvu‚»‚ê‚Å‚àƒLƒŒƒCIv,https://news.yahoo.co.jp/articles/ea41f66f5c4cddf90dcaec118ff1876e78602369,No date found
maidonans,‚Ü‚¢‚Ç‚Èƒjƒ…[ƒX,ƒqƒQ‚ÅŒƒ•ÏIH@—‡”–‚³‚ñ‚ªu‚Ç‚ñ‚Ç‚ñål‚Û‚­‚È‚ç‚ê‚Ä‚¢‚év@À‚Í‚¨‘·‚³‚ñ‚Ì‚½‚ßu–Úw‚¹©‘OƒqƒQƒTƒ“ƒ^v,https://news.yahoo.co.jp/articles/cec62bc67359bed1bd6bafc63b2e8b18c47d6642,No date found
maidonans,‚Ü‚¢‚Ç‚Èƒjƒ…[ƒX,22”NŠÔA2200•C‚Ìu˜HãƒlƒRv‚ğ’Ç‚¢‘±‚¯‚½Ê^‰ÆAW‘å¬‚Å500–œƒJƒbƒg‚©‚çŒµ‘IuS‚ğ‘Å‚Âˆ£Dvu‚½‚­‚Ü‚µ‚³v,https://news.yahoo.co.jp/articles/c425d44d33cff6d598d0f490c7cab17dc4370246,No date found
maidonans,‚Ü‚¢‚Ç‚Èƒjƒ…[ƒX,uŒõ‚éƒpƒWƒƒƒ}v–°‚é‚Ì‚É”­ŒõA‚È‚ºH¨qˆç‚Ä‰Æ’ë‚©‚çƒƒŠƒbƒg‘±XuŠì‚ñ‚Å•z’c‚É“ü‚évuˆÃˆÅ‚Å“¥‚Ü‚È‚¢v,https://news.yahoo.co.jp/articles/b7172784fdd4ed3c0e9a8e468bd9c84ae773d981,No date found
maidonans,‚Ü‚¢‚Ç‚Èƒjƒ…[ƒX,ƒ‚ƒfƒ‹Eƒˆƒ“ƒA‚³‚ñ38Î‚ªƒƒ“ƒVƒ‡ƒ‹ƒ_[…’…‚ğ”â˜I@”ü–e‚Æƒp[ƒtƒFƒNƒgƒ{ƒfƒB‚Éƒtƒ@ƒ“Š½ŠìuƒXƒ^ƒCƒ‹‚æ‚·‚¬vu‚©‚í‚¢‚¢v,https://news.yahoo.co.jp/articles/2075e5b411a40f8e36f63353188139ef79187a9e,No date found
maidonans,‚Ü‚¢‚Ç‚Èƒjƒ…[ƒX,èp6‰ñc¬™‚ª‚ñ‚Ì‘§q‚©‚ç‹³‚¦‚ç‚ê‚½ul¶‚Á‚Ä‚ËAŠy‚µ‚Ş‚½‚ß‚É‚ ‚é‚ñ‚¾‚ævã‰¹“f‚©‚¸A‘OŒü‚«‚É¶‚«‚év‚¢,https://news.yahoo.co.jp/articles/7e453a236ec0c941ed58e0551e1faaa295576730,No date found
maidonans,‚Ü‚¢‚Ç‚Èƒjƒ…[ƒX,u•‰‚¯‚½[•‰‚¯‚½[‚Ü‚½•‰‚¯‚½ôvã_‚É˜A”sH‚ç‚Á‚½¼•ƒtƒ@ƒ“63ÎŒ|l‚Ì’Q‚«ßu‚‹´Œõ¬‚Í2ŒRs‚«v,https://news.yahoo.co.jp/articles/7e030132173ab872f7c4260f7f97407c2e2125a8,No date found
maidonans,‚Ü‚¢‚Ç‚Èƒjƒ…[ƒX,O–¡ü•¶‰»‚ª‘åƒsƒ“ƒ`c‰ÔŠX‚ÌŒ³Œ|‹W‚ç‚ª‰‰‘t•û–@‚ğè‚Ù‚Ç‚«u˜Vá’j—’N‚Å‚àe‚µ‚İ‚â‚·‚¢vA–¯‘°ŠyŠíŒ¤‹†‰Æ‚Æƒ^ƒbƒO,https://news.yahoo.co.jp/articles/8dab97dc28d31c9c3f73d2e6ce3508686074690c,No date found
maidonans,‚Ü‚¢‚Ç‚Èƒjƒ…[ƒX,u‘s‘å‚È‚¨‚Ü‚Ü‚²‚ÆvƒK[ƒfƒjƒ“ƒO—ğ5”NASNS‚Åâ^‚³‚ê‚é’ë@ƒLƒbƒ`ƒ“ƒJ[d—l‚Ìƒ~ƒ[ƒbƒg‚Íu„ê—p‚ÌƒeƒB[ƒ‹[ƒ€v,https://news.yahoo.co.jp/articles/6f6ffeafd24738c11afed331a4f6d41b6ff4b6fd,No date found
maidonans,‚Ü‚¢‚Ç‚Èƒjƒ…[ƒX,ƒXƒ}ƒz‚»‚Á‚­‚è‚Èu‚½‚¾‚Ì•‚¢”Âv‚È‚º”­”„Hg‚¢“¹‚ÍƒJƒtƒF‚Å‚ÌêŠæ‚ècˆÈŠO‚É‚à‚³‚Ü‚´‚Ü,https://news.yahoo.co.jp/articles/3360c0efadb1a3214263b7903970206ab8e94231,No date found
maidonans,‚Ü‚¢‚Ç‚Èƒjƒ…[ƒX,u’N‚¾‚æA‚â‚Á‚½‚Ìv‘î”zƒ{ƒbƒNƒX‚É‰×•¨‚ªƒMƒ`ƒMƒ`cæ‚èo‚¹‚¸ä©‘RI ƒlƒbƒg–¯‚à–Ú‚©‚ç—Ø‚Ì‹~o•û–@‚Æ‚Í,https://news.yahoo.co.jp/articles/bcec02e06939ce401941b998e40642f5b4747753,No date found
maidonans,‚Ü‚¢‚Ç‚Èƒjƒ…[ƒX,‘ä˜p‚Æ‘Œğ‚ğ‚Â‘‚ğƒ[ƒ‚É@’†‘EK­Œ @“ì‘¾•½—m‚Æ’†“ì•Ä‚ÅØ‚è•ö‚µHì‚ğis’†,https://news.yahoo.co.jp/articles/b0ef99428bb2f13668e7b0f5e1afca1dfc870c17,No date found
maidonans,‚Ü‚¢‚Ç‚Èƒjƒ…[ƒX,ƒOƒ‰ƒhƒ‹—’¹¹–ç‰Á‚³‚ñ@”G‚ê‚½ƒS[ƒ‹ƒhƒrƒLƒj‚Å‰p@ˆ³ŠªƒoƒXƒg‚ª‚Í‚İo‚µ‚»‚¤@ƒfƒWƒ^ƒ‹Ê^W”­”„,https://news.yahoo.co.jp/articles/3c1b269277e0add3d4cc2d2fa5d5903bec7de9b4,No date found
maidonans,‚Ü‚¢‚Ç‚Èƒjƒ…[ƒX,ƒAƒCƒhƒ‹•›½ØXq‚³‚ñ@‚³‚í‚â‚©ƒrƒLƒj‚Å”²ŒQƒXƒ^ƒCƒ‹”â˜I@ƒN[ƒ‹•ƒZƒNƒV[‚Å”YE,https://news.yahoo.co.jp/articles/43718a42c790710906295443a10e7ddc5a7e10d5,No date found
maidonans,‚Ü‚¢‚Ç‚Èƒjƒ…[ƒX,uƒŒƒX‚Å‚Í‚È‚¢v‚Å‚à•p“x‚ÍuŒ”‰ñ’ö“xvu”N‚É1‰ñ‚à‚È‚¢v@Šù¥’j—‚ÌˆÓ–¡[‚È‰ñ“š,https://news.yahoo.co.jp/articles/90fc887cce751572fc34d3def28e78b70bdec712,No date found
maidonans,‚Ü‚¢‚Ç‚Èƒjƒ…[ƒX,‚ ‚È‚½‚Ì”Lƒ`ƒƒƒ“‚ªAˆÀ‘S‚É“V‘‚ÉÀ‚­‚½‚ß‚Écbˆãt‚ª‚Ü‚Æ‚ß‚½ŠÅæ‚è‚Ìƒ}ƒjƒ…ƒAƒ‹,https://news.yahoo.co.jp/articles/f12d116173e48954271c7f2d03e4cdf15e9055ef,No date found
maidonans,‚Ü‚¢‚Ç‚Èƒjƒ…[ƒX,Šü‚Ä‚ç‚ê‚½Hñ‚É‚ÍŒÃ‚¢ñ—Ö@“®•¨ˆ¤ŒìƒZƒ“ƒ^[‚Ìû—eŒ¢‚Í‚¨‚Ñ‚¦‚½–Ú‚ğ‚µ‚Ä‚¢‚½@•ÛŒì{İ‚ÅU•à‚ğ‚±‚È‚µ•\î‚ª­‚µ‚¸‚Â_˜a‚É,https://news.yahoo.co.jp/articles/0c636c5c2ec7b728312c845e36a6cfcaacfc3b4c,No date found
maidonans,‚Ü‚¢‚Ç‚Èƒjƒ…[ƒX,ƒRƒƒiƒEƒCƒ‹ƒX‚Í{İ‚Ì•v‚ğˆø‚«—£‚·@‹“s‚Ì87Î—«‚ª‰ÌWA“úí‚â•v•wˆ¤‚Â‚Ã‚é,https://news.yahoo.co.jp/articles/ac12c61ab18619c336c78b364321c88f64b32eeb,No date found
maidonans,‚Ü‚¢‚Ç‚Èƒjƒ…[ƒX,–ö—t•q˜Y63ÎuƒJƒ~‚³‚ñ‚Æƒf[ƒgv@‚ÇƒAƒbƒv‹ß‰e‚Éu‚â‚Á‚Ï‚èƒMƒo‚¿‚á‚ñƒJƒbƒR‚¢‚¢vu‘f“G‚È”N‚Ìd‚Ë•ûv,https://news.yahoo.co.jp/articles/16ac7593ea5191d66112ac61d83361f019f35aaf,No date found
maidonans,‚Ü‚¢‚Ç‚Èƒjƒ…[ƒX,–Ÿ‰æ‰Æ‚â‚µ‚ë‚ ‚¸‚«‚³‚ñ‚àâ^@ƒŠƒAƒ‹‚ÈƒSƒ~Š´‚É‚±‚¾‚í‚Á‚½uÅˆ«‚Ì¬•¨“ü‚êv‚ª˜b‘è@u3“xŒ©‚µ‚½vuŠÔˆá‚¦‚ÄÌ‚Ä‚ç‚ê‚»‚¤v,https://news.yahoo.co.jp/articles/f6a58c95365d0102df2ee5c5d9c069a6109d440a,No date found
maidonans,‚Ü‚¢‚Ç‚Èƒjƒ…[ƒX,–Ñ‚Ì•¿‚Å«•Ê‚ª•ª‚©‚éH@u’ƒƒgƒ‰E’ƒƒVƒ‚ÍƒIƒX—¦‚‚ßvuO–ÑEƒTƒr‚ÍƒƒX—¦‚‚ßv@•ÛŒì’c‘Ì‚Ìl‚É•·‚¢‚½,https://news.yahoo.co.jp/articles/e0b3c160ca30b12a671797efad16fa034a170322,No date found
maidonans,‚Ü‚¢‚Ç‚Èƒjƒ…[ƒX,•ĞŒ¾“ú–{Œê‚ÅuƒJƒ“ƒR[AƒJƒ“ƒR[v@‹“sE—’R‚â´…›•t‹ß‚Å‰¡s‚·‚é”’ƒ^ƒN@“E”­‘j‚ŞƒAƒvƒŠŒˆÏ,https://news.yahoo.co.jp/articles/b2a8b2320e5e5cb171fb743d1de05ff91e630736,No date found
maidonans,‚Ü‚¢‚Ç‚Èƒjƒ…[ƒX,”¨‚ÉŒ©‚©‚¯‚È‚¢” @’†‚É‚ÍŠã‚µ‚½q”L‚½‚¿@u€‚È‚¹‚é‚í‚¯‚É‚Í‚¢‚©‚È‚¢v•ÛŒìå‚Í“O–é‚Å•Û‰·‚Æ“_Šá“_•@@u÷“n‰ï‚ÅK‚¹‚ğŒ©‚Â‚¯‚æ‚¤‚Ëv,https://news.yahoo.co.jp/articles/d267787566b79a928f5238fe9d281fd9da308c4c,No date found
maidonans,‚Ü‚¢‚Ç‚Èƒjƒ…[ƒX,ƒ_ƒ“ƒv¼–{63ÎA‚Ù‚Á‚Øƒn[ƒg‚Ìƒ_ƒ“ƒX“®‰æ”â˜I@ƒtƒ@ƒ“Š½ŠìuƒŠƒ“ƒO‚ğ‰º‚è‚é‚Æ‚±‚ñ‚È‚É‚©‚í‚¢‚¢v,https://news.yahoo.co.jp/articles/e863f58f87ca148f05f7cca46ffe4c06f0ef94f9,No date found
maidonans,‚Ü‚¢‚Ç‚Èƒjƒ…[ƒX,“¹˜H‚É“h‚ç‚ê‚½u”’‚¢2–{üv‚Ìƒiƒ]@“ú–{ˆê’Z‚¢‰¡’f•à“¹‚¾‚Á‚½I@‘åãA‹“sAÃ‰ª‚É‘¶İ‚µ‚Ä‚¢‚½,https://news.yahoo.co.jp/articles/676555b19a26ea346b1d27f4680af238966703c9,No date found
maidonans,‚Ü‚¢‚Ç‚Èƒjƒ…[ƒX,’nk‚©‚ç3ƒJŒ@‚í‚ª‰Æ‚É–ß‚Á‚½ƒ‰ƒuƒ‰ƒh[ƒ‹‚Í‰Æ’†‚ğƒNƒ“ƒNƒ“@u‚â‚Á‚Ï‚è‚±‚±‚ªˆê”ÔIv‚Æ‚²‹@Œ™,https://news.yahoo.co.jp/articles/23a8c849478edb904ea861391826e09b765d3ec4,No date found
maidonans,‚Ü‚¢‚Ç‚Èƒjƒ…[ƒX,3ˆÊ’‡–ì‘¾‰ê@2ˆÊá—t—³–ç@2024”Ntƒhƒ‰ƒ}‚Å‰‰‹Z‚ªŒõ‚Á‚½”o—D@1ˆÊ‚Í“ú—jŒ€ê‚ÉV•—‚«‚ñ‚¾ˆÙF‚Ì•ÙŒìm–ğ,https://news.yahoo.co.jp/articles/c28c98c8317d18f71f330ce61dd34184b7775c95,No date found
maidonans,‚Ü‚¢‚Ç‚Èƒjƒ…[ƒX,––±Š‚É–ˆ“úƒGƒT‚ğ‚Ë‚¾‚è‚É‚­‚éŠO”L‚ğ•ÛŒì¨ƒ_ƒ“ƒ{[ƒ‹‚Æ‚Ì‘Š«‚Ì—Ç‚³‚ğÀŠ´¨‹­‰»ƒ_ƒ“ƒ{[ƒ‹»”L‰Æ‹ïAŠJ”­‚µ‚½‚æI@Œy‚­‚ÄŠæä‚ÅƒŠƒTƒCƒNƒ‹‚à,https://news.yahoo.co.jp/articles/c0a5febf5e9bdfa161e5dd57ef981b38ca875803,No date found
maidonans,‚Ü‚¢‚Ç‚Èƒjƒ…[ƒX,uÅ“K‚Ì— ƒƒU‚ ‚è‚ª‚Æ‚¤‚²‚´‚¢‚Ü‚·v@ƒXƒeƒ“ƒŒƒX»ƒ{ƒgƒ‹‚Ì•Û—âE•Û‰·@ƒ[ƒJ[‚ªƒRƒc“`ö,https://news.yahoo.co.jp/articles/6b5652b4b25a86479bd5a213e6ba51f00aa98aca,No date found
maidonans,‚Ü‚¢‚Ç‚Èƒjƒ…[ƒX,4ˆÊˆ¢”g‚¨‚Ç‚è@3ˆÊ‹_‰€Õ@2ˆÊ‚¨‚í‚ç•—‚Ì–~@ã‹}Œğ’ÊĞ‚ª„‚·“ú–{‚Ì‰ÄÕ‚è@l‹Cƒ‰ƒ“ƒLƒ“ƒO1ˆÊ‚Í,https://news.yahoo.co.jp/articles/8692bed2b4338b9210a1d91419f6400d2d3f5c76,No date found
maidonans,‚Ü‚¢‚Ç‚Èƒjƒ…[ƒX,3ˆÊƒ}ƒcƒRA•“c“S–î@2ˆÊ’rã²@“]E‚Å”Y‚ñ‚¾’j—500l‚ª‘I‚ñ‚¾‘Š’k‚µ‚Ä‚İ‚½‚¢Œ|”\l@1ˆÊ‚Íul¶ŒoŒ±‚ª–L•x‚»‚¤vu“IŠm‚È“š‚¦‚ğ—D‚µ‚­—@‚µ‚Ä‚­‚ê‚»‚¤v,https://news.yahoo.co.jp/articles/ef78414a2c864a0c78dd8215b849abbca1516fb7,No date found
maidonans,‚Ü‚¢‚Ç‚Èƒjƒ…[ƒX,óŒ±“ú‚Æ¶—“ú‚ªd‚È‚Á‚½‚ç@¶—‚Ì•s’²‚É‚æ‚é’Ç§“xA”F’m“x‚Í‚í‚¸‚©2Š„,https://news.yahoo.co.jp/articles/8586f8716286676df55aae18308eb0019b64d4aa,No date found
maidonans,‚Ü‚¢‚Ç‚Èƒjƒ…[ƒX,‹t“]‚Ì”­‘zH‚¿‚á‚Ô‘ä•Ô‚µ‚Ì–\˜_H@‚—îÒ’è‹`u65Î¨70Îv¨˜J“­lŒû700–œlˆÈã‘¨’è”N‚â”N‹à‚É‚à‰e‹¿‚©,https://news.yahoo.co.jp/articles/01c7e16bdbcbcc939a7f41b179529d43c4cd187b,No date found
maidonans,‚Ü‚¢‚Ç‚Èƒjƒ…[ƒX,Ô’¹‹‚ª’ÁÀ‚·‚é“X“à‚É‚Íc|“S»‚Ì˜S‰®‚©‚çAƒzƒ‹ƒ}ƒŠƒ“’Ğ‚¯‰ğ–U•W–{‚Ü‚ÅI1000“_’´‚Ìg•ó•¨h‚ªW‚Ü‚éuŠï‰İ‰®”’’‹–²v‚ÌˆÙ¢ŠE,https://news.yahoo.co.jp/articles/d80e48532c48d9ed78887b17db0a5928b70ac404,No date found
maidonans,‚Ü‚¢‚Ç‚Èƒjƒ…[ƒX,À‰Æ‚ª‹ó‚«‰Æó‘Ôc‚Å‚àM—Š‚Å‚«‚é‰ğ‘ÌH–‹ÆÒ‚É’¼ÚˆË—Š‚µ‚È‚¢‚Æ‘å•Ï‚È‚±‚Æ‚ÉIH u•s“®Y‰®‚É—Š‚Ş‚Ì‚ÍNGv‚»‚Ì——R‚Æ‚Í,https://news.yahoo.co.jp/articles/6263eb24f2051f4b9c32a4e3b7f8ffc2ae49f81c,No date found
maidonans,‚Ü‚¢‚Ç‚Èƒjƒ…[ƒX,Œ¨o‚µNGA‘¾‚¢ƒq[ƒ‹NGcŒ‹¥®‚Å‚Ìu“äƒhƒŒƒXƒR[ƒhv‚Í•K—vH¨—«‚Ì7Š„’´‚ªu’…‚é•‚É–À‚Á‚½ŒoŒ±‚ ‚èv,https://news.yahoo.co.jp/articles/8370ec3398db3bd5df656ed05a07eed6564f7c04,No date found
maidonans,‚Ü‚¢‚Ç‚Èƒjƒ…[ƒX,ƒCƒ“ƒoƒEƒ“ƒh•s“®Y“Š‘‚ÅV‚½‚È–â‘è@“ú–{l‚ª’m‚ç‚¸‚ÉÅ‹à‚ğŒ¨‘ã‚í‚èIHc§“x‚Ì•sğ—u‘‚É‚Æ‚Á‚Ä‚à‘¹¸v–L“c^—Rq‚ª‰ğà,https://news.yahoo.co.jp/articles/6a1512599eff3b6a77f5d83feae2d1d28b40bdbe,No date found
maidonans,‚Ü‚¢‚Ç‚Èƒjƒ…[ƒX,q‚Ç‚à‚ÌK‚¢–‚É‚©‚¯‚ç‚ê‚é”ï—p‚Í‚¢‚­‚ç‚®‚ç‚¢H@ƒ{ƒŠƒ…[ƒ€ƒ][ƒ“‚Í1ƒJŒ‚ ‚½‚èu5000‰~`1–œ‰~‚Ü‚Åv,https://news.yahoo.co.jp/articles/f4344ce8aa12b3d6e9c1f9ea647b47204ec47e88,No date found
maidonans,‚Ü‚¢‚Ç‚Èƒjƒ…[ƒX,•‚¯‚½•”L‚É‚Í‚¢‚­‚Â‚à‚Ìd‚¢•a‹C@u‰¸‚â‚©‚É‰ß‚²‚·‚½‚ßèp‚ğ’ú‚ß‚Ü‚µ‚å‚¤v@bˆãt‚ÌŒ¾—t‚Éƒ{ƒ‰ƒ“ƒeƒBƒA‚ÍŒˆˆÓ‚µ‚½,https://news.yahoo.co.jp/articles/db49a2b06e0f5f178948593a6e6e352da5924ce6,No date found
maidonans,‚Ü‚¢‚Ç‚Èƒjƒ…[ƒX,ˆÀ•F—Ç˜au©•ª‚æ‚è’†Šw¶‚Ì•û‚ªãè‚¢v‚ÆŒª‘»@ƒKƒ“ƒ_ƒ€AƒAƒŠƒIƒ“A‹_ƒS[ƒOc‹ó‘OâŒã‚ÌƒAƒjƒ[ƒ^[‚É‚µ‚Ä–Ÿ‰æ‰Æ@‰‚Ì‘å‹K–Í‰ñŒÚ“W,https://news.yahoo.co.jp/articles/df14a29c3b6316475a8c4acdd647cd6c172bada9,No date found
maidonans,‚Ü‚¢‚Ç‚Èƒjƒ…[ƒX,‚Å‚©‚·‚¬‚È‚¢IHˆê”Ê“I‚ÈƒTƒCƒY‚Ì10”{c‹‘åƒ„ƒ}ƒ‚Ì”——Í‚ÉSNS‹Áœ±@“Á•Ê‚ÈŒŒ“‚Ì—{B‚Å’ö‚æ‚¢‰‚Ì‚èAŒã–¡‚ÍƒXƒbƒLƒŠ,https://news.yahoo.co.jp/articles/f73b19aa9a0146cbd6b968fcfc4b3ab4da743c8f,No date found
maidonans,‚Ü‚¢‚Ç‚Èƒjƒ…[ƒX,“”_‰Æ‚Å•é‚ç‚·”L@‘î”z•Ö‚Ìƒgƒ‰ƒbƒN‚Éæ‚Á‚Ä‚µ‚Ü‚¢—×‚Ì’n‹æ‚Ö@s•û’m‚ê‚¸‚Ì‚Ü‚Ü2TŠÔ‚ª‰ß‚¬‚½,https://news.yahoo.co.jp/articles/5a51f7eb0277fb9ec25746e21b0172bdcff71e8d,No date found
maidonans,‚Ü‚¢‚Ç‚Èƒjƒ…[ƒX,u‰Ì‚Åv‚¢o‚·‰w–¼vƒ‰ƒ“ƒLƒ“ƒO@30‘ãˆÈã‚Ì1ˆÊ‚Íw’ÃŒyŠC‹¬E“~ŒiFx‚Éo‚Ä‚­‚éuã–ì‰wvA20‘ãˆÈ‰º‚ÍH,https://news.yahoo.co.jp/articles/18783d39b9c43443d72e680756a90ea38a059304,No date found
maidonans,‚Ü‚¢‚Ç‚Èƒjƒ…[ƒX,Œã‚ë‹r‚ª‚ ‚ç‚Ê•ûŒü‚É‹È‚ª‚Á‚½q”L@‹r‚ª‚Â‚©‚Ê‚æ‚¤•ÛŒì‚µ‚ÄƒPƒA¨—§”h‚É¬’·‚µ‚½p‚ÉŠ´—Ü,https://news.yahoo.co.jp/articles/71de9bcdc8ec6dc1c3535002d54197714832ca94,No date found
maidonans,‚Ü‚¢‚Ç‚Èƒjƒ…[ƒX,’†“‡”ü‰ÃuNANAv‚ÌƒhƒŒƒX‚Ég‚ğ•ï‚İƒtƒ@ƒ“Š½Šìu‰Âˆ¤‚·‚¬‚évuˆê”ÔŒ©‚½‚©‚Á‚½ƒRƒ‰ƒ{v,https://news.yahoo.co.jp/articles/47eee9bada9fe2b6478c5b5f361054edf25f0662,No date found
maidonans,‚Ü‚¢‚Ç‚Èƒjƒ…[ƒX,¬‚³‚È‘Ì‚Å‚àŠˆ–ô‚Å‚«‚éIú‘õŒx@Œ¢26•C‚Éú‘õ‘@s•û•s–¾Ò‚Ì‘{õ‚â—e‹^Ò’ÇÕ‚Ö,https://news.yahoo.co.jp/articles/88c7ada3f9a4765c84ce884beef8f590fb451ca8,No date found
maidonans,‚Ü‚¢‚Ç‚Èƒjƒ…[ƒX,2024”Ntƒhƒ‰ƒ}‚Å‰‰‹Z‚ªŒõ‚Á‚Ä‚¢‚½——Dƒ‰ƒ“ƒLƒ“ƒO@2ˆÊ‚Í¶Œ©ˆ¤—ÚA1ˆÊ‚ÍwƒAƒ“ƒƒbƒgx‚Ìå‰‰——D,https://news.yahoo.co.jp/articles/e5fceeceb3ed7e91930f2ffe5d48a597c74183c6,No date found
maidonans,‚Ü‚¢‚Ç‚Èƒjƒ…[ƒX,‚Å‚«‚½‚çƒJƒbƒR‚¢‚¢‚Ècu—‘‚ğ•Ğè‚ÅŠ„‚é•û–@v@ˆ¬‚è•ûAŠ„‚éêŠ‚È‚Ç‚ÌƒRƒcAƒIƒ^ƒtƒNƒ\[ƒX‚ª“`ö,https://news.yahoo.co.jp/articles/1187ff41e00c4abeedb5ed476c5799317139544c,No date found
maidonans,‚Ü‚¢‚Ç‚Èƒjƒ…[ƒX,y”\“o”¼“‡’nkzŠC’ê4m—²‹N‚ªˆê–Ú—Ä‘R‚ÌƒrƒtƒH[ƒAƒtƒ^[Ê^@ˆê‘Ñ‚ªu»•lv‚É•Ï–e,https://news.yahoo.co.jp/articles/da8422be45e351e87751ac7c63a77161f21f8b89,No date found
maidonans,‚Ü‚¢‚Ç‚Èƒjƒ…[ƒX,‘]‘c•ƒ•ê‚Ì‰Æ‚ğg‘İØƒ‹[ƒ€ƒcƒA[h ƒxƒr[ƒ`ƒFƒA‚ÌƒoƒX‚Éæ‚Á‚½Ô‚¿‚á‚ñ“®‰æ‚ª452–œÄ¶IuƒiƒCƒXƒAƒCƒfƒBƒAvuK‚¹‚ÈuŠÔv,https://news.yahoo.co.jp/articles/762e1a524b925e24e5eb2e56cc87fd7af6811aa7,No date found
