media_en,media_jp,title_articles,link_articles,date_original
kab,KABŒF–{’©“ú•ú‘—,‹ãB“¹‰º‚èü‚Å‘åŒ^ƒoƒCƒN“]“|@’j«€–S@ˆê•”‹æŠÔ‚Å‚UŠÔ’Ês~‚ßyŒF–{z,https://news.yahoo.co.jp/articles/5df8cbd8734eab0464ccd173834a7c93e31ae605,9/28(“y) 19:11
kab,KABŒF–{’©“ú•ú‘—,ğ‹C‘Ñ‚Ñ‰^“]‹^‚¢‚Å’j‚ğŒ»s”Æ‘ß•ß@–³–Æ‹–‰^“]—e‹^‚Å‚à‘{¸yŒF–{z,https://news.yahoo.co.jp/articles/08938dd127ccb5a750a7ac707f4c89b8ddda85c5,9/28(“y) 19:11
kab,KABŒF–{’©“ú•ú‘—,ì‚É’j«ˆâ‘Ì@ƒJƒj‹™‚ğ‚µ‚Ä‚¢‚Ä“M‚ê‚½‚©yŒF–{z,https://news.yahoo.co.jp/articles/397875e8cd5dd6eb34db0bf9c447526eac2ab4a0,9/28(“y) 19:11
kab,KABŒF–{’©“ú•ú‘—,ƒ~ƒbƒtƒB[‚Æ”üpŠÙ‚ğŠy‚µ‚Ş“W——‰ï@‚P‚PŒ‚Q‚S“ú‚Ü‚ÅyŒF–{z,https://news.yahoo.co.jp/articles/3a776bc23a21754688ab0817db98905f18d9948d,9/28(“y) 19:11
kab,KABŒF–{’©“ú•ú‘—,Šé‹Æ—§’n58Œ1’›6000‰­‰~“Š‘@TSMCioŒö•\‚«‚Á‚©‚¯‚É‘‰ÁŒXŒü,https://news.yahoo.co.jp/articles/e8890ab7b581f3a5a261e37df1008ccc95667fe6,9/27(‹à) 19:31
kab,KABŒF–{’©“ú•ú‘—,ŒF–{Œ§˜A•[‚ÍÎ”j‚Éu­ô–{ˆÊ‚Ì‘Ù‘I‚¾‚Á‚½vŒ§˜AŠ²•”,https://news.yahoo.co.jp/articles/a6dedc3854336e82264b11a5acebd86984adf308,9/27(‹à) 19:31
kab,KABŒF–{’©“ú•ú‘—,“ŒŠC‘å—Õ‹óƒLƒƒƒ“ƒpƒX‚ÌˆäŒË…@—L‹@ƒtƒb‘f‰»‡•¨‚ÌŠî€‰º‰ñ‚é,https://news.yahoo.co.jp/articles/3c9840701237edee8a8d2cd3af30391075ee1989,9/27(‹à) 19:31
kab,KABŒF–{’©“ú•ú‘—,“V‘‰«‚Å‹™‘D‚ª’Ş‚è‘D‚ÆÕ“Ë@70‘ã’j«‚ğ”À‘—,https://news.yahoo.co.jp/articles/4501ee751d36ee37987daf1d2740419de69edec6,9/27(‹à) 19:31
kab,KABŒF–{’©“ú•ú‘—,¬Šw¶‚ªƒCƒmƒVƒV‚Éè‚ğ‚©‚Ü‚ê‚é@ŒF–{s¼‹æ‚Ì˜Hã,https://news.yahoo.co.jp/articles/1ec112bd8b9a28343d17635c5758f77dc1a6961f,9/27(‹à) 19:31
kab,KABŒF–{’©“ú•ú‘—,ŒF–{s‚ÌV’¡É®”õ‚ÖŠÖ˜A—\Z‚ğ‰ÂŒˆ@s“d‰„L‚àÀ{İŒv‚Ö,https://news.yahoo.co.jp/articles/b0832db9dc37e1f2e58e45729f70e50a3645ad03,9/27(‹à) 19:31
kab,KABŒF–{’©“ú•ú‘—,u’jq‚ÍƒYƒ{ƒ“A—q‚ÍƒXƒJ[ƒgcv‚©‚ç’E‹p@L‚ª‚é’j—‹¤’Ê‚Ì§•,https://news.yahoo.co.jp/articles/f958797eaa85fbbdf01bcb161c6c97b153e28f88,9/27(‹à) 19:30
kab,KABŒF–{’©“ú•ú‘—,ƒpƒŠŒÜ—Öƒ}ƒ‰ƒ\ƒ“6ˆÊu“ú–{‹L˜^–Úw‚µ‚Ä‚¢‚­vÔí•‹Å‘Iè‚ª’nŒ³EŒF–{‚Å“üÜ•ñ,https://news.yahoo.co.jp/articles/db403adc9ae3af41856f6b908dca53f513568976,9/27(‹à) 12:00
kab,KABŒF–{’©“ú•ú‘—,ŒF–{s‚ÌŒö—pÔ‚âƒ^ƒNƒV[@–h”ÆŠˆ“®‚ÅŒx@‚Æ˜AŒg,https://news.yahoo.co.jp/articles/d1a852ca93acbc566aec7c73b4c4206e1a69f3aa,9/27(‹à) 12:00
kab,KABŒF–{’©“ú•ú‘—,©–¯“}V‘Ù‚«‚å‚¤ŒßŒã‘Io‚Ö@ŒF–{Œ§˜A‚Å‚àŠJ•[ì‹Æ,https://news.yahoo.co.jp/articles/854ba9e91893e68bdd6953deb8768bfd9bdc5a15,9/27(‹à) 12:00
kab,KABŒF–{’©“ú•ú‘—,y‘¬•ñzŒF–{s‚â‰Fés‚È‚Ç‚Åk“x3,https://news.yahoo.co.jp/articles/8c95930befd854d8fabe40db9204ef85053b4ed2,9/26(–Ø) 20:50
kab,KABŒF–{’©“ú•ú‘—,–³À‘i‚¦–’†‚Å“Ç‚ñ‚¾1000û@–Æ“c‰h‚³‚ñ‚Ì–{‚ªŒF–{‘å‚É,https://news.yahoo.co.jp/articles/be732f8353a0e44099cd40ede4f98c43c3448cc4,9/26(–Ø) 19:18
kab,KABŒF–{’©“ú•ú‘—,ˆÃØ”Ô†®‚ÌƒJƒM‚ğŠJ‚¯Œ³ŒğÛ‘Šè‚Ì‰Æ‚Écu•œ‰‚·‚é‚½‚ßv’j‚ğ‘ß•ß,https://news.yahoo.co.jp/articles/6912443a44fb1cefec359542b8fad8d7abf1bd76,9/26(–Ø) 19:18
kab,KABŒF–{’©“ú•ú‘—,ì•Óì‚Ì—¬…Œ^ƒ_ƒ€@ŠÂ‹«‰e‹¿•]‰¿ƒŒƒ|[ƒgÅIˆÄ‚ğ’ñ¦,https://news.yahoo.co.jp/articles/fe2c73ed549c5909b6587a8f2b23a07fd1f6d77b,9/26(–Ø) 19:18
kab,KABŒF–{’©“ú•ú‘—,u‰€™‚Ì–j‚ğ‹²‚ñ‚¾‚¾‚¯v”F’è‚±‚Ç‚à‰€Œ³‹³“ª‚ÌãŠü‹p,https://news.yahoo.co.jp/articles/fc749bc07caea8a8df15a9aa0146335a96909fee,9/26(–Ø) 19:18
kab,KABŒF–{’©“ú•ú‘—,u‹C‚Ã‚©‚È‚©‚Á‚½v‰¡’f•à“¹‚Å©“]Ô‚Ì’j«‚Í‚Ë‚½‹^‚¢82Î‘ß•ß,https://news.yahoo.co.jp/articles/e9c3fee036a2c7aa89d9c93475716b3d8ef80b0f,9/26(–Ø) 19:18
kab,KABŒF–{’©“ú•ú‘—,uV‚µ‚¢‘ä˜p‚Ì–£—Í“`‚¦‚évÈ•v–Ø‘‚³‚ñ‚ªƒAƒ“ƒoƒTƒ_[‚É,https://news.yahoo.co.jp/articles/5d837f0019f3785c88910b5b1937b85a925fbe3b,9/26(–Ø) 19:18
kab,KABŒF–{’©“ú•ú‘—,©–¯“}‘Ù‘I@“Š•[‚ğI‚¦‚½ŒF–{Œ§“à‚Ì“}ˆõu“§–¾‚È“}‰^‰c‚ğv,https://news.yahoo.co.jp/articles/cb6ae340663fd0fc46ca6ba26a8a2e6432b06f2e,9/26(–Ø) 19:18
kab,KABŒF–{’©“ú•ú‘—,u‘êü•Ó‚ÉƒmƒƒEƒCƒ‹ƒX‚ª‘Ø—¯v“V‘EŒ‚Ì‘ê‚Ì…‰˜õ‚ÌŒ´ˆö‚Í“Á’è‚Å‚«‚¸,https://news.yahoo.co.jp/articles/8367c68313876b16727834d23dcaa20a3edc0b5a,9/26(–Ø) 19:18
kab,KABŒF–{’©“ú•ú‘—,y‘¬•ñz8Œ12“ú‚²‚ëƒmƒƒEƒCƒ‹ƒX“™‚É‚æ‚é‰˜õ”­¶‚©@“V‘EŒ‚Ì‘ê‚ß‚®‚èŒF–{Œ§‚ª’Ç‰Á’²¸,https://news.yahoo.co.jp/articles/16ceda6be349b86b8546a8f6dad0a49a6743346f,9/26(–Ø) 15:37
kab,KABŒF–{’©“ú•ú‘—,’jq¶“k‚Ì‰º”¼gG‚èB‰e‚µ‚½‹^‚¢@’†ŠwZ‹³t‚Ì’j‚ğÄ‘ß•ßu¡‚Í˜b‚µ‚½‚­‚È‚¢v,https://news.yahoo.co.jp/articles/ba3f11b2d2e3dc734cd7678b95900602235c50f3,9/26(–Ø) 11:57
kab,KABŒF–{’©“ú•ú‘—,•œŠˆ‚µ‚½˜O–å‘O‚Å—¬“L”n‚ğ•ò”[@ˆ¢‘h_Ğ‚Å“cÀÕ,https://news.yahoo.co.jp/articles/7d06dbddb7c9883a96b33d9213ed7ba0c470cf35,9/26(–Ø) 11:57
kab,KABŒF–{’©“ú•ú‘—,ŒF–{‚Ì’…—p—¦11.1%‘S‘•½‹Ï‰º‰ñ‚éu©“]Ôƒwƒ‹ƒƒbƒg‚Ì’…—p‚ğv,https://news.yahoo.co.jp/articles/ad2e04170b1e59fb8f7e33296594ffec6803748e,9/26(–Ø) 11:57
kab,KABŒF–{’©“ú•ú‘—,ˆê‚ÍW’cˆÚ“]‚àŒŸ“¢cŒF–{’nk‘O‚Ì…€‚Ü‚ÅlŒû‰ñ•œ@á”N‘w‚ª‘‰Á,https://news.yahoo.co.jp/articles/cf14e7a7f911b3921aa1796df7e7068512193ab5,9/25(…) 20:19
kab,KABŒF–{’©“ú•ú‘—,…–“•a”íŠQÒ’c‘Ì‚ÆŠÂ‹«È@Œ’N’²¸‚Ìè–@‚È‚Ç‹c˜_,https://news.yahoo.co.jp/articles/a38bd9074d7c26b44c43c7ccbb4367ac7eb1abc9,9/25(…) 20:19
kab,KABŒF–{’©“ú•ú‘—,jã‰‚Ì‹àIÔ‚¢‚·ƒ‰ƒOƒr[æ¼¹–î‘Iè@’nŒ³Er”ös‚ÉŠ´Ó‚Ì•ñ,https://news.yahoo.co.jp/articles/a4a7d74668d750a1bde6db93bbd4a781205cfa1d,9/25(…) 20:19
kab,KABŒF–{’©“ú•ú‘—,u‚ ‚¨‚è‰^“]‚ªŒãâ‚½‚È‚¢v’Ê•ñŒ”‚Í‘O”Nã‰ñ‚éƒy[ƒX@‹ãB“¹‚ÅˆêÄæ‚è’÷‚Ü‚è,https://news.yahoo.co.jp/articles/150ced9fd4ccbe2d4dd5f7ff8d1b338b980186a2,9/25(…) 20:19
kab,KABŒF–{’©“ú•ú‘—,V‰Á“üƒƒ“ƒo[‚à‹C‡@ŒF–{ƒ”ƒHƒ‹ƒ^[ƒY•KŸ‹FŠè,https://news.yahoo.co.jp/articles/533414f4b2a8cd8c06e8a8c13e0e21d7a4759fa7,9/25(…) 20:19
kab,KABŒF–{’©“ú•ú‘—,ŒF–{s’¡É‚ÌˆÚ“]EŒš‚Ä‘Ö‚¦‚ÖˆÏˆõ‰ï‚Å‰ÂŒˆ@Z–¯“Š•[‚ÉŒü‚¯‚½“®‚«‚à,https://news.yahoo.co.jp/articles/62853e95e29caaac9828511cbc8a7288f0b8e27c,9/25(…) 20:13
kab,KABŒF–{’©“ú•ú‘—,ŒF–{Œ§’m–‚ª•s“KØ”­Œ¾‚ğ‹c‰ï‚Å’ÂÓu”­Œ¾‚ÌÓ”C‚Æd‚İ‚ğ©Šov,https://news.yahoo.co.jp/articles/3adf685040cd2272be3f1949cc23f40d08d83ec5,9/25(…) 11:55
kab,KABŒF–{’©“ú•ú‘—,B1¸Ši–Úw‚µŒF–{ƒ”ƒHƒ‹ƒ^[ƒY•KŸ‹FŠèuƒXƒs[ƒh‚ ‚éƒ`[ƒ€‚Édã‚ª‚Á‚Ä‚¢‚év,https://news.yahoo.co.jp/articles/b2966e9d18c12dc54f28b553a0c57a1ef2982399,9/25(…) 11:55
kab,KABŒF–{’©“ú•ú‘—,‘å‰J‚É‚æ‚éĞŠQ€@ŒF–{s‚Ì”’ì‚ÅŒ©‚Â‚©‚Á‚½’j«,https://news.yahoo.co.jp/articles/77938503184db63ba32356da0f24139545168b8f,9/25(…) 11:55
kab,KABŒF–{’©“ú•ú‘—,JRãŒF–{‰w‰®ª—‰º@ŒF–{s‚ª{H‹ÆÒ‚É‘¹ŠQ”…‹‚ß’ñ‘i‚Ö,https://news.yahoo.co.jp/articles/8bf3866827c74a73d71b28e5ec15353667dc2614,9/24(‰Î) 19:25
kab,KABŒF–{’©“ú•ú‘—,u“ú–{ˆê‚É‚È‚è‚Ü‚·v‚Z¶‚à‚Ì‚Ã‚­‚èƒRƒ“ƒeƒXƒg‚Ö‹Ê–¼H‹Æ‚¶‚ªˆÓ‹C‚İ,https://news.yahoo.co.jp/articles/049971072e555596a2d6b5dcbdc2f734e2b657a7,9/24(‰Î) 19:25
kab,KABŒF–{’©“ú•ú‘—,ĞŠQ‚É’~“d’r‚Æ[“dƒ{ƒbƒNƒX‚ğ”ğ“ïŠ‚É@ŒF–{E‹e—z’¬‚Æ‹¦’è,https://news.yahoo.co.jp/articles/3032f5045774a161359383e6fd0b2a4d960b0b1d,9/24(‰Î) 19:25
kab,KABŒF–{’©“ú•ú‘—,ŒF–{Œ§‚Ì–Ø‘º’m–‚Ì‘YŒöŠJ@4Œ‚ÌA”CˆÈ—ˆ‰‚ß‚Ä,https://news.yahoo.co.jp/articles/a9269d010f31ed39718ed863a0e3c613e34c5c49,9/24(‰Î) 19:25
kab,KABŒF–{’©“ú•ú‘—,‘ä˜p‚ÌŒoÏŠt—»‚ÆŒF–{Œ§’m–uƒTƒCƒGƒ“ƒXƒp[ƒN\‘zv‚ÅˆÓŒ©ŒğŠ·,https://news.yahoo.co.jp/articles/cce06a2c7e752619137d0ac6fbdfba2b6134e6bf,9/24(‰Î) 19:25
kab,KABŒF–{’©“ú•ú‘—,—[•é‚ê‚Ì–ŒÌ‚É’ˆÓu‘‚ß‚Ìƒ‰ƒCƒg“_“”A”½ËŞg—p‚ğvH‚Ì‘S‘Œğ’ÊˆÀ‘S‰^“®,https://news.yahoo.co.jp/articles/850f67c7fbd88c6469ccc91238dfa5785017a99b,9/24(‰Î) 19:25
kab,KABŒF–{’©“ú•ú‘—,u–Ú•W‚ğ‚Á‚Äˆê’¼ü‚Év‹g“c¹•Û—¢‚³‚ñ‚ªƒƒbƒZ[ƒW@‰Fés‚Åu‰‰,https://news.yahoo.co.jp/articles/1034be24d7fcaa88c8461b2c3127097d849bb0d4,9/24(‰Î) 18:50
kab,KABŒF–{’©“ú•ú‘—,–ì“}‹¤“¬‚Ìs•û‚ÍcŒF–{4‹æ‚ÉˆÛV‚©‚ç‚ào”n‚Ö—§Œ›‚àŒó•â—i—§@ŸŠúO‰@‘I,https://news.yahoo.co.jp/articles/dac58b116a8bd3d1968d5183955f721093e7063a,9/24(‰Î) 18:50
kab,KABŒF–{’©“ú•ú‘—,“V‚Õ‚ç–û‚©‚çƒoƒCƒIƒfƒB[ƒ[ƒ‹”R—¿@ŒF–{s‚Ì¬ŠwZ‚É‰ñûƒ{ƒgƒ‹,https://news.yahoo.co.jp/articles/afeceed3379abe938d23076dc137555b1dbaf98b,9/24(‰Î) 11:57
kab,KABŒF–{’©“ú•ú‘—,ˆùğŒŸ–â‚É‰‚¶‚¸8ƒLƒ“¦‘–cƒK[ƒhƒŒ[ƒ‹‚ÉÕ“Ë@ğ‹C‘Ñ‚Ñ‰^“]‚ÅŒ»s”Æ‘ß•ß,https://news.yahoo.co.jp/articles/5958a76df543925da8c093747961fefe347896fc,9/24(‰Î) 11:57
kab,KABŒF–{’©“ú•ú‘—,¼‡’n‹æ‚Ì‚’ªĞŠQ‚©‚ç25”NuˆÓ¯‚‚Ü‚é‚à‚—î‰»‚Å‰Û‘è‚àcv,https://news.yahoo.co.jp/articles/6a5497f6f17249763593df2b41e17e08f2f3cc97,9/24(‰Î) 11:57
kab,KABŒF–{’©“ú•ú‘—,”’ì‚ÅŒ©‚Â‚©‚Á‚½ˆâ‘Ì@‘O“ú‚©‚ç•s–¾‚Ì60‘ã’j«‚Æ”»–¾@ŒF–{,https://news.yahoo.co.jp/articles/b390bbaeda000f31eeda48930ae0c56f27b8ffad,9/23(Œ) 19:26
kab,KABŒF–{’©“ú•ú‘—,u‚à‚µ¢˜b‚Å‚«‚È‚­‚È‚Á‚½‚çcl‚¦‚Äƒyƒbƒg”‚Á‚Äv“®•¨ˆ¤ŒìTŠÔ‚ÅƒCƒxƒ“ƒg,https://news.yahoo.co.jp/articles/8a2bda1be955de71a90322fee4d63dbe2917582d,9/23(Œ) 19:26
kab,KABŒF–{’©“ú•ú‘—,ŒÃ“T—ŒêƒAƒŒƒ“ƒW‚µ‚½ƒRƒ“ƒg‚Å—DŸ@ŒF–{˜WŠwZu‘S‘‚Z¶è˜bƒpƒtƒH[ƒ}ƒ“ƒXbq‰€v,https://news.yahoo.co.jp/articles/affe9b57f26ce308cb8074f60938902f59ba7105,9/23(Œ) 19:26
kab,KABŒF–{’©“ú•ú‘—,ƒXƒpƒCƒX‚Ã‚­‚è‚Å–òŠw•”‚Ìu‹`‚ğ‘ÌŒ±@ŒF–{‘å‚ÅeqƒK[ƒ‹ƒYƒXƒN[ƒ‹,https://news.yahoo.co.jp/articles/65d23d2ff2beb6a12e9b96900b34963ac8252fa3,9/23(Œ) 19:26
kab,KABŒF–{’©“ú•ú‘—,u¢ŠE‚ÌƒgƒbƒvƒvƒŒ[Œ©‚Äv““cŒ«“l‘Iè‚ª11Œ‚ÌŒF–{ƒ}ƒXƒ^[ƒYƒWƒƒƒpƒ“‚ğPR,https://news.yahoo.co.jp/articles/5610cb6d4d1ecb2e884fb6908ac963604263727b,9/23(Œ) 19:07
kab,KABŒF–{’©“ú•ú‘—,H‚Ì‹ó‹C‚Å‹‚³˜a‚ç‚®cu9Œ‚¢‚Á‚Ï‚¢‚Í^‰Ä“ú‚àvŒF–{,https://news.yahoo.co.jp/articles/eaadf0d32f510bc032858f905e32641c2e6bd21c,9/23(Œ) 19:07
kab,KABŒF–{’©“ú•ú‘—,—§Œ›–¯å“}‘ã•\‚É–ì“c‰À•F‘Io@ŒF–{Œ§˜Auæ‚è‘g‚İ‚ğ‰Á‘¬‚³‚¹‚év,https://news.yahoo.co.jp/articles/732ceb6539c13fb2c51efcd847de48da426705d1,9/23(Œ) 19:07
kab,KABŒF–{’©“ú•ú‘—,ŒF–{s‚Ì”’ì‚É’j«‚Ìˆâ‘Ì@•s–¾Ò‘{õ’†‚Ì–hĞƒwƒŠ‚ª”­Œ©,https://news.yahoo.co.jp/articles/7c8ab8a4f0bcd5161fe4f1c26d928b610f9b90aa,9/23(Œ) 12:31
kab,KABŒF–{’©“ú•ú‘—,”F’mÇ‚Ö—‰ğ‚ÆŠÖS‚ğ@ŒF–{é‚ğƒIƒŒƒ“ƒWF‚Éƒ‰ƒCƒgƒAƒbƒv,https://news.yahoo.co.jp/articles/af27ba1a64821cb561a68dc1b17234c98c0e672b,9/23(Œ) 11:57
kab,KABŒF–{’©“ú•ú‘—,ŒF–{˜WŠwZ‚ª—DŸuè˜bƒpƒtƒH[ƒ}ƒ“ƒXbq‰€v‰Àq‚³‚Ü‚Æ§’k,https://news.yahoo.co.jp/articles/0eb4db159c72bf96f74874a8102078d6a341a08b,9/23(Œ) 11:57
kab,KABŒF–{’©“ú•ú‘—,ƒ‚ƒ“ƒSƒ‹‚Ì—«ì‰Æ‚ç‚ğx‰‡@ƒNƒ‰ƒtƒgì•i‚ğŒF–{‚Å“W¦”Ì”„,https://news.yahoo.co.jp/articles/a7968513f980c016b61d2b4436efc3e13d90f6ad,9/23(Œ) 11:57
kab,KABŒF–{’©“ú•ú‘—,‰Fés‚Q‚SŠÔ~…—Ê‚XŒÅ‘å@‘S’n“_‚R‚O“Í‚©‚¸,https://news.yahoo.co.jp/articles/ba8c95f8ca81eee15b1a8b6035c00e8c5c55366b,9/22(“ú) 17:54
kab,KABŒF–{’©“ú•ú‘—,ŒF–{Œ§“à‚É“y»ĞŠQŒx‰úî•ñ@‰Fés‚É”ğ“ïw¦,https://news.yahoo.co.jp/articles/9bc89d83d329acec95f630168128eba907a66850,9/22(“ú) 13:00
kab,KABŒF–{’©“ú•ú‘—,22“ú’‹‚·‚¬‚É‚©‚¯‚Ä”ñí‚ÉŒƒ‚µ‚¢‰J‚Ì‚¨‚»‚ê@’á‚¢“y’n‚ÌZ…‚ÉŒx‰ú@ŒF–{,https://news.yahoo.co.jp/articles/01bd572dc8c1e9072c43ad3170724019b852b024,9/22(“ú) 7:39
kab,KABŒF–{’©“ú•ú‘—,ŒF–{Œ§‚Í‘å‰J‚Ì‚¨‚»‚ê@‚Q‚Q“ú’‹‰ß‚¬‚É‚©‚¯‚Ä,https://news.yahoo.co.jp/articles/e67fbd30fc0ccb76dad4572aed59eeae551ac157,9/21(“y) 19:40
kab,KABŒF–{’©“ú•ú‘—,ƒXƒ|‚f‚n‚l‚hbq‰€@u–ì‹…‚Ås‚¯‚È‚©‚Á‚½‚Ì‚Åv,https://news.yahoo.co.jp/articles/3155c132d46a35945410569b8f7d200af2cc52fb,9/21(“y) 19:23
kab,KABŒF–{’©“ú•ú‘—,ƒC[ƒXƒ^[q‹ó@ŒF–{[Š˜Rü@’èŠú•ÖAq‚Ö,https://news.yahoo.co.jp/articles/f84ff461063f23b9e7c9003288f66fbc7c9a0114,9/21(“y) 19:23
kab,KABŒF–{’©“ú•ú‘—,˜V‹€‰»‚µ‚½‹´‚Ìƒƒ“ƒeƒiƒ“ƒX@ã“V‘s”ó“‡‘å‹´,https://news.yahoo.co.jp/articles/e7d737362b3af4285f89584b8c550f527ecfd517,9/21(“y) 19:23
kab,KABŒF–{’©“ú•ú‘—,–Ò‹‚ÅuÄ‚¯vS”z@r”ö—œuV‚vûŠn—ÊŒ¸‚à,https://news.yahoo.co.jp/articles/6fbfecc7e450592f4171a0611333a657adba248d,9/21(“y) 19:23
kab,KABŒF–{’©“ú•ú‘—,ŒF–{s“d@‰^sƒgƒ‰ƒuƒ‹‘±”­‚Å‰ü‘Pw¦@‹Z”\•s‘«‚Ì‰^“]m‚ª‰^“]‚·‚éƒP[ƒX‚à,https://news.yahoo.co.jp/articles/147882763d1db534fb3c0c9a8c7416918afc9d47,9/20(‹à) 20:43
kab,KABŒF–{’©“ú•ú‘—,–K•Ä’†‚Ì’†Šw¶€–S–ŒÌ@‘å’Ã’¬‚ª‘æOÒˆÏ‚ğİ’u‚Ö,https://news.yahoo.co.jp/articles/c41173d81720ea369d6c82d11ca70a9285c279b8,9/20(‹à) 20:43
kab,KABŒF–{’©“ú•ú‘—,El–¢‹‚È‚Ç‚Ìß@”í‚Ì’j‚É’¦–ğ‚P‚W”NyŒF–{z,https://news.yahoo.co.jp/articles/164771bb140f7bb8e060d76b0c43b06a1d92152e,9/20(‹à) 20:43
kab,KABŒF–{’©“ú•ú‘—,uŒF–{Hğ‚Ü‚Â‚è‚Q‚O‚Q‚Sv‚Í‚¶‚Ü‚é,https://news.yahoo.co.jp/articles/0df5b22e30bbc602a39d92c33018e4ae99bc4e49,9/20(‹à) 20:43
kab,KABŒF–{’©“ú•ú‘—,g¶“k‚ğR‚éhŒF–{s—§’†ŠwZEˆõ‚Ìsˆ×‚ğ‘Ì”±‚Æ”F’è,https://news.yahoo.co.jp/articles/d8b6a29f3a13d06e50f337c846234dab06a04bbc,9/20(‹à) 20:43
kab,KABŒF–{’©“ú•ú‘—,y‘¬•ñzƒCƒ“ƒVƒfƒ“ƒg‘ŠŸ‚®ŒF–{sŒğ’Ê‹Ç‚É‰ü‘Pw¦,https://news.yahoo.co.jp/articles/888447c79eb47863a8c1c19499088777d0f5fa4a,9/20(‹à) 15:00
kab,KABŒF–{’©“ú•ú‘—,ŒF–{s–{’¡ÉˆÚ“]Œš‚Ä‘Ö‚¦‚È‚Ç@‹ï‘Ì“IŒŸ“¢‚Ö@ŠÖ˜A—\ZˆÄ‰ÂŒˆ‚ÌŒ©’Ê‚µ,https://news.yahoo.co.jp/articles/15f9f6b3c58a83a4a6a6ccb7e9d13c753a1d1880,9/20(‹à) 12:00
kab,KABŒF–{’©“ú•ú‘—,TSMCŒø‰Ê‚ğŒ§“ì‚É@ŒF–{Œ§‚ª”ª‘ãs‚ÉH‹Æ’c’n®”õ‚Ì•ûj,https://news.yahoo.co.jp/articles/eae1a585c842a69b81c64e75ac4b45d9bb46c2ab,9/19(–Ø) 19:33
kab,KABŒF–{’©“ú•ú‘—,9Œ‚ÌŠÏ‘ªjãÅ‚38.1‚ğŠÏ‘ª‚µ‚½b²’¬@‹‚³‚Å”_‰Æ‚à‘ÅŒ‚c,https://news.yahoo.co.jp/articles/fad6482c635cbc0fbc6659576850aaebf55dfbba,9/19(–Ø) 19:33
kab,KABŒF–{’©“ú•ú‘—,¡”N50“ú–Ú‚Ì–Ò‹“úcŒF–{é‚ÌŠÏŒõ‹qu‹‚·‚¬‚Äv,https://news.yahoo.co.jp/articles/802ff8b306d0ed8a272d85e8b80e30df017f0593,9/19(–Ø) 19:33
kab,KABŒF–{’©“ú•ú‘—,–K•Ä’†‚Ì’†Šw¶€–S–ŒÌ@ŒF–{E‘å’Ã’¬‚ª‘æOÒˆÏ‚ğİ’u‚Ö,https://news.yahoo.co.jp/articles/34622fd147709a0c080d66591a387084cebf099f,9/19(–Ø) 19:33
kab,KABŒF–{’©“ú•ú‘—,‘S‘‚Ì˜V•ÜE–¼“XƒOƒ‹ƒ‚ªŠy‚µ‚ß‚éu‚É‚Á‚Û‚ñ‚Ì–¡•S‘Iv24“ú‚Ü‚Å,https://news.yahoo.co.jp/articles/419f34f88cf8abce62100f05e1f959f91edaae73,9/19(–Ø) 19:33
kab,KABŒF–{’©“ú•ú‘—,—§Œ›–¯å“}‘ã•\í@ŒF–{Œ§ŠÖŒWÒ‚Ìˆê•[‚Í’N‚É,https://news.yahoo.co.jp/articles/b1d35e4100a302c6757a35c59ce146a1651da0e4,9/19(–Ø) 19:33
kab,KABŒF–{’©“ú•ú‘—,‹ß‹——£ƒ‚ƒrƒŠƒeƒBuWHILLvŒF–{‚ÅƒŒƒ“ƒ^ƒ‹ŠJn,https://news.yahoo.co.jp/articles/c15469778978e13b9fbebc7e5587bb67ea31669a,9/19(–Ø) 19:33
kab,KABŒF–{’©“ú•ú‘—,€ˆö‚Í’‚‘§@È‚ğEŠQ‚µ‚½—e‹^‚Å88Î’j‚ğ‘—ŒŸ@ŒF–{,https://news.yahoo.co.jp/articles/067d46b4e8f4cf676b2780cac1bcc8c6c258891b,9/19(–Ø) 19:33
kab,KABŒF–{’©“ú•ú‘—,‘å’ª‚Æ–’ª‚ªd‚È‚èŠC–Êã¸u‘D‚É‚àæ‚ê‚È‚¢v“V‘‚Ì‹™`,https://news.yahoo.co.jp/articles/e3e7546c6e23897df3d4a924e671c4e85ad20aba,9/19(–Ø) 19:33
kab,KABŒF–{’©“ú•ú‘—,ŠC‚Ån¬‚µ‚½Ä’‘u‚Ü‚ë‚â‚©‚È–¡v10Œ‚©‚ç”Ì”„‚Ö@ŒF–{,https://news.yahoo.co.jp/articles/acd6ff0809eb69bdd88e17707c9a58ead9fb7e01,9/19(–Ø) 12:00
kab,KABŒF–{’©“ú•ú‘—,È‚ğEŠQ‚µ‚½—e‹^‚Å88Î’j‘—ŒŸ@ñˆÈŠO‚ÉŠOŒ©‚Â‚©‚ç‚¸@ŒF–{,https://news.yahoo.co.jp/articles/f3fd79023bcd0a239422c115a99876192de24467,9/19(–Ø) 12:00
kab,KABŒF–{’©“ú•ú‘—,–’ª‚Æd‚È‚è“V‘‚Ì`‚ÅŠ¥…@20“ú‚É‚©‚¯‚Ä’ªˆÊ‚É’ˆÓ,https://news.yahoo.co.jp/articles/062a892e5fe4f93f81e66ed9d621631c2b9e291c,9/19(–Ø) 12:00
kab,KABŒF–{’©“ú•ú‘—,…–“•a‚ÌŠ³Ò”F’è‚ğ‹‚ß‚Ä”¼¢‹I@’j«‚ªŒF–{Œ§‚ğ’ñ‘i,https://news.yahoo.co.jp/articles/245b301307508ec94a62782922e56f41c0bd83fd,9/18(…) 20:00
kab,KABŒF–{’©“ú•ú‘—,©¡‰ï•â•‹à‚Ìg‚¢“¹‚ÍHuŒŸØ‚Å‚«‚éd‘g‚İ‚ğv,https://news.yahoo.co.jp/articles/2afd9e02d8d981aa549425d176962c2ce67af412,9/18(…) 19:41
kab,KABŒF–{’©“ú•ú‘—,Œ¤‹†‚ÅA•¨ÌW’†@ŒÜ–Ø‘º‚ÌR’†‚Å“]—‚µ’j«€–S,https://news.yahoo.co.jp/articles/0fb9de0baa3958f9e591c04dfd9e40237ef418da,9/18(…) 19:41
kab,KABŒF–{’©“ú•ú‘—,ƒMƒtƒgƒJ[ƒh8000–œ‰~•ª‚ğ©•ª–¼‹`‚Åc”w”C—e‹^‚Å‘ß•ß@ŒF–{,https://news.yahoo.co.jp/articles/19729244869c5740b58393a3b730bc7cde7f1560,9/18(…) 19:41
kab,KABŒF–{’©“ú•ú‘—,37’´‘±o‚Å–Ò‹‚Ì‹L˜^XV@19“ú‚à”M’†ÇŒx‰úƒAƒ‰[ƒg@ŒF–{,https://news.yahoo.co.jp/articles/3db924f67d453df075dbf73fb4fc528529eefd13,9/18(…) 19:41
kab,KABŒF–{’©“ú•ú‘—,ãŒF–{‰w‘O‚Ì‰®ª—‰º@Ä”­–h~‚ÖŒF–{s‚ªŒŸØ‰ïİ’u,https://news.yahoo.co.jp/articles/ddf6d106f255da41d3cf4c48d51cfe5beeb800a0,9/18(…) 19:41
kab,KABŒF–{’©“ú•ú‘—,h”‘Å1l1”‘200‰~@ŒF–{s‚ª2026”N“±“ü‚ğŒŸ“¢,https://news.yahoo.co.jp/articles/46f06caa4d946fb984308877340d712f12d183e7,9/18(…) 19:41
kab,KABŒF–{’©“ú•ú‘—,o“X—¿•¥‚Á‚½‚Ì‚ÉcƒCƒxƒ“ƒg’‡‰îÒ‚Æ˜A—‚Æ‚ê‚¸è”z‚à‚È‚µ@–ñ20l”íŠQ‘i‚¦,https://news.yahoo.co.jp/articles/8e7d36bd8684a788d7decd371dcedc17bd2df91e,9/18(…) 19:00
kab,KABŒF–{’©“ú•ú‘—,È‚ğEŠQ‚µ‚½‹^‚¢‚Å‘ß•ßu‚±‚Ì‚Ü‚Ü2l‚Å¶‚«‚Ä‚¢‚Ä‚à–À˜f‚ªcv‰½‚ª,https://news.yahoo.co.jp/articles/076f581e263e4f39893a6f5f7ec98a76bf8e60e7,9/18(…) 19:00
kab,KABŒF–{’©“ú•ú‘—,y‘¬•ñzJR­™“‡ü@‰F“y\”ª‘ãŠÔã‰ºü‚Å‰^“]Œ©‡‚í‚¹,https://news.yahoo.co.jp/articles/330a9d902de388d6359f240963875d6ff2db19b4,9/18(…) 16:42
kab,KABŒF–{’©“ú•ú‘—,Ô“¯m‚ªÕ“Ë‚µƒgƒ‰ƒbƒN‚ª‰¡“]@3l‹~‹}”À‘—@ŒF–{,https://news.yahoo.co.jp/articles/b3cb2e48c75d0f531c43a6e312f6602477c2e2c3,9/18(…) 11:58
kab,KABŒF–{’©“ú•ú‘—,–é‹óÆ‚ç‚·u’†H‚Ì–¼Œv“V•¶‘ä‚ÅŠÏ–]‰ï@ŒF–{,https://news.yahoo.co.jp/articles/f5e9b946c8dc39ed7b87389f0354972ff22817fa,9/18(…) 11:58
kab,KABŒF–{’©“ú•ú‘—,“ìˆ¢‘h‘º‚ÅZ‘î‚Æ‘qŒÉ‚ğ‘SÄ@Zl‚Í”ğ“ï‚µ‚Ä–³–,https://news.yahoo.co.jp/articles/0ab0f5ac37063f7a1635837550afa6ad00876292,9/18(…) 11:58
kab,KABŒF–{’©“ú•ú‘—,uÈ‚ª€‚Ì‚¤‚Æ‚µ‚Ä‚¢‚é‚Ì‚ğè“`‚Á‚½vEl—e‹^‚Å88Î’j‚ğ‘ß•ß@ŒF–{,https://news.yahoo.co.jp/articles/e7a21f33e8b1cdcb40e6c9d3919fd20f9a6a5a97,9/18(…) 11:58
kab,KABŒF–{’©“ú•ú‘—,’n‰¿ã¸—¦‚Ü‚½‚à‘å’Ã’¬‚ª‘S‘1ˆÊ@ŒF–{Œ§‚ÌTSMCü•Ó’nˆæ‚ªãˆÊ‚ğ“Æè,https://news.yahoo.co.jp/articles/fe331e45ae3f771cabcd12d3b83263ffed465132,9/17(‰Î) 20:14
kab,KABŒF–{’©“ú•ú‘—,El–¢‹‚Æ•ú‰Î‚È‚Ç‚Ìß@‰Œö”»‚Å”F‚ß‚é@ŒF–{,https://news.yahoo.co.jp/articles/4cb72b18d43729e33630c9f57e934917ca52cd83,9/17(‰Î) 20:08
kab,KABŒF–{’©“ú•ú‘—,‘S‘‰2500‰~ƒpƒX‚ÅŒF–{s“d‚âƒoƒX‚ª”¼Šz‚É@10Œ‚©‚çÀØÀŒ±,https://news.yahoo.co.jp/articles/3b43efaa575106895f8a8f0409670e5e6190af25,9/17(‰Î) 20:08
kab,KABŒF–{’©“ú•ú‘—,ˆË—ŠlŒûÀ‚©‚ç670–œ‰~‚ğ•s³o‹à@ŒF–{Œ§•ÙŒìm‰ï‚ª’¦‰úè‘±‚«,https://news.yahoo.co.jp/articles/14e8eb1e46aa0eed4b119c4ddcf3d338aa6e7527,9/17(‰Î) 20:08
kab,KABŒF–{’©“ú•ú‘—,‚—îƒhƒ‰ƒCƒo[‚ÌuK‚É“¯su”N—î‚ğd‚Ë‚é‚Æ‰^“]‹Z”\‚Í’á‰ºvˆÀ‘S‰^“]‚ğ,https://news.yahoo.co.jp/articles/5a688235a4d54351ad9cd1b1cacf97265cbf8f2d,9/17(‰Î) 20:08
kab,KABŒF–{’©“ú•ú‘—,’·õ‚Ì”é‚¯‚Â‚ÍHŒF–{‚ÌÅ‚—î—«111Î‚ğ‚­‚Üƒ‚ƒ“‚ç‚¨j‚¢,https://news.yahoo.co.jp/articles/eac86f96af50162c1b377a5c05c82cfad4996637,9/17(‰Î) 20:08
kab,KABŒF–{’©“ú•ú‘—,y‘¬•ñz80‘ã—«ˆâ‘Ì‚ÅŒ©‚Â‚©‚éuE‚µ‚Ä‚­‚ê‚ÆŒ¾‚í‚ê‚½cv•v‚©‚ç–î•·‚­@ŒF–{,https://news.yahoo.co.jp/articles/bdc3218720829535490db73c6e8117060ae38a7e,9/17(‰Î) 18:23
kab,KABŒF–{’©“ú•ú‘—,100ÎˆÈã‚Ì‚²’·õ‚³‚ñŒF–{Œ§2174l@10–œl‚ ‚½‚è‘S‘4ˆÊ,https://news.yahoo.co.jp/articles/0ed1b0da6b1973563fcf33e457de757fc213e4f4,9/17(‰Î) 11:53
kab,KABŒF–{’©“ú•ú‘—,ŒF–{‹‰J‚Å”íĞ@‹…–ì‚É‚©‚©‚é‘å£‹´‚Ì‹´Œ…‚ğ‰Ëİ,https://news.yahoo.co.jp/articles/48189c3654eb06184a16f8fde55258345e3f93e1,9/17(‰Î) 11:53
kab,KABŒF–{’©“ú•ú‘—,È‚ÌŠç‚È‚Ç‚ğ•ï’š‚ÅcEl–¢‹—e‹^‚Å’j‚ğŒ»s”Æ‘ß•ß@ŒF–{,https://news.yahoo.co.jp/articles/b2f3a1f71d0229f5bdb966670e6db81983dcfaf2,9/17(‰Î) 11:53
kab,KABŒF–{’©“ú•ú‘—,3367“_‰•åu‚±‚Ç‚à‚ÌƒRƒ“ƒN[ƒ‹v“Á•ÊÜ‚Í,https://news.yahoo.co.jp/articles/43c3d49cd6340d5393d5f23afae922f4033b9440,9/16(Œ) 19:42
kab,KABŒF–{’©“ú•ú‘—,ƒCƒ“ƒoƒEƒ“ƒhù—v‚ªD’²@ƒAƒ~ƒ…ƒvƒ‰ƒU‚­‚Ü‚à‚Æ8Œ‚Ì”„ã‘,https://news.yahoo.co.jp/articles/3e0ad0ae59ae660710b4a781cd275965fb3015dd,9/16(Œ) 19:38
kab,KABŒF–{’©“ú•ú‘—,“®‚­‚¨‚à‚¿‚á‚Ã‚­‚è ¬Šw¶‚ª©—R‚È”­‘z‚Å’§íI,https://news.yahoo.co.jp/articles/104bd0e3a1664a900ed676fe54c39b921631e0c4,9/16(Œ) 19:38
kab,KABŒF–{’©“ú•ú‘—,‚¢‚´I10Œ5“úŠJ–‹í‚ÖuB1¸Ši‚µ‚©‚È‚¢vŒF–{ƒ”ƒHƒ‹ƒ^[ƒY,https://news.yahoo.co.jp/articles/9591f725ec131fe877cd53c3c747ea957e80381c,9/16(Œ) 19:38
kab,KABŒF–{’©“ú•ú‘—,Å‚—îƒ‚ƒfƒ‹‚Í100ÎIƒƒCƒN‚âˆß‘•‚Å‹C•ª–¾‚é‚­@“V‘‚Åƒtƒ@ƒbƒVƒ‡ƒ“ƒVƒ‡[,https://news.yahoo.co.jp/articles/972fa4835ba3d7df9f071323d6c5e9c0bd5b66e0,9/16(Œ) 19:38
kab,KABŒF–{’©“ú•ú‘—,’´‚‘¬”òsIƒ}ƒCƒNƒƒhƒ[ƒ“@”’”M‚ÌƒŒ[ƒXŒF–{‚Å,https://news.yahoo.co.jp/articles/2ec516067f7bb2054026eeb191a95133b66cb1a6,9/16(Œ) 19:38
kab,KABŒF–{’©“ú•ú‘—,u•ºŠ¦‡vŒF–{‚ª—Á‚µ‚­‚È‚é‚Ì‚ÍHŸ‚Ì3˜A‹x‚É‚ÍH‰J‘Oü‚Åc,https://news.yahoo.co.jp/articles/b134a307761b439443f6e7eb4ea2a538c95619db,9/16(Œ) 19:38
kab,KABŒF–{’©“ú•ú‘—,‹‚³‚Æ‚Ìí‚¢@Šôd‚É‚à‘•‘©d‚Ëc“`“‚Ì”\‚ğ•ò”[,https://news.yahoo.co.jp/articles/d52cbe6fa49c8278a07c5c702a6a4789ae1c0b0f,9/16(Œ) 19:38
kab,KABŒF–{’©“ú•ú‘—,‹C‰·36–Ò‹‚Ì’†‚Ì“¡è‹{—á‘åÕ@¨q‚çŒœ–½‚É‹‚³‘Îô,https://news.yahoo.co.jp/articles/0d0bd835a0d1980cf8dbfaeb6b3762a6897c5fb9,9/16(Œ) 19:38
kab,KABŒF–{’©“ú•ú‘—,æ—pÔ‚ÆŒyæ—pÔ‚ª³–ÊÕ“Ë@69Î—«‚ª€–S@ŒF–{,https://news.yahoo.co.jp/articles/1f4f005a35556b45e4b39f1af04de7dd4f1d9f27,9/16(Œ) 11:56
kab,KABŒF–{’©“ú•ú‘—,Ô‚¢‚·ƒeƒjƒX‹àƒƒ_ƒ‹@“c’†ˆ¤”ü‘Iè‚ª’nŒ³E‹e—z’¬‚É•ñ,https://news.yahoo.co.jp/articles/2921305e37b2880a8451b708a573e5528de71b93,9/16(Œ) 11:56
kab,KABŒF–{’©“ú•ú‘—,ŒF–{‚ÍŒµ‚µ‚¢c‹uƒh[ƒJƒCIƒh[ƒJƒCvH‚Ì—á‘åÕ‚ÅŠX‚Í”M‹C,https://news.yahoo.co.jp/articles/ec8388c568d694471af97b431580164dd2487a40,9/16(Œ) 11:56
