media_en,media_jp,title_articles,link_articles,date_original
gifuchan,‚¬‚Σƒ`ƒƒƒ“DIGITAL,ƒjƒƒgƒ–ρ‚T–‰H‚πE•ª‚Φ@ς•§R§s‚Μ—{{κ‚Ε’ΉƒCƒ“ƒtƒ‹—z«m”F,https://news.yahoo.co.jp/articles/142a6ec8d65247bf5f86ff89eff084a65f18c94d,1/5(‹ΰ) 12:22
gifuchan,‚¬‚Σƒ`ƒƒƒ“DIGITAL,ƒjƒƒgƒ‚P‚U‚S‰H‚ª€‚Κ@‚•a΄«’ΉƒCƒ“ƒtƒ‹ƒGƒ“ƒU΄υ‚Μ‹^‚Ά@ς•§R§s‚Μ—{{κ,https://news.yahoo.co.jp/articles/1edddda250d40d3524b7bcb4d7895bc8233a2d7d,1/4(–Ψ) 19:52
gifuchan,‚¬‚Σƒ`ƒƒƒ“DIGITAL,‘ε_‹¤—§‹βsE‹«“ªζu—³‚Μ‚ζ‚¤‚ΙΈ‚ι”N‚Ιv@V”Nέ—η‰ο‚ΕP¦,https://news.yahoo.co.jp/articles/aab1f4f69f10d814b0c542259237fc3529ac15e3,1/4(–Ψ) 19:52
gifuchan,‚¬‚Σƒ`ƒƒƒ“DIGITAL,Γ“cς•§’m–u‘S—Ν‚Ε”νΠ’n‚πx‰‡v”N“ª‰ο©@Ξμ§’†”\“o’¬‚Μ”π“οx‰‡‚ΦEυo”­,https://news.yahoo.co.jp/articles/901237c5e3de1f25cced84a4f5131acdddb5302f,1/4(–Ψ) 19:52
gifuchan,‚¬‚Σƒ`ƒƒƒ“DIGITAL,ς•‚S‹ζE‹ΰqr•½O‰@‹cυu‹­‚Ά’nζ‚Γ‚­‚θ‚Ι‚ά‚Άiv@V”N‚Μ•ψ•‰κ‚ι,https://news.yahoo.co.jp/articles/d64ee5994e236f03fb8f4b4d912b68dd9960db8a,1/4(–Ψ) 19:52
gifuchan,‚¬‚Σƒ`ƒƒƒ“DIGITAL,t‚ƒoƒ[@—qEς•Ο”ό‚Ν‰ν“Λ”j@’jqE§—§ς•¤‹Ζ‚Ν‰ν‚Ε—ά,https://news.yahoo.co.jp/articles/4f76d97e7b18b5e58c990cfd77f25860f328c7c8,1/4(–Ψ) 18:22
gifuchan,‚¬‚Σƒ`ƒƒƒ“DIGITAL,”ς‘Λκ‹{…–³_Π‚Εu‚©‚ά‚·J‚«v@‰w‚Μ‚³‚Ά‘K”‚¦‚ι@ς•§‚Rs,https://news.yahoo.co.jp/articles/76391f6cb76235154b6e5734288050770259219e,1/4(–Ψ) 15:32
gifuchan,‚¬‚Σƒ`ƒƒƒ“DIGITAL,\Z‚e‚f’r“cΠ’·uV‚½‚Θ‰Ώ’l‚πΐ΄‚Ά‚½‚Ύ‚­”Nv@ς•§“ΰe’n‚Μι‹Ζ‚ªd–n‚ί,https://news.yahoo.co.jp/articles/b66d72bcb81b3394273c534fc72374d3fd5dfa84,1/4(–Ψ) 15:32
gifuchan,‚¬‚Σƒ`ƒƒƒ“DIGITAL,‹ΰ‚Ν‚V‚Q‰~AƒLƒƒƒoƒNƒ‰‚Ε‹—V‚Μ’j@–³‘KωH‚Ε»s”Ζ‘ί•ί@ς•s,https://news.yahoo.co.jp/articles/72d0981879a4d6bf7edd8534f8c7ff3dc561354c,1/4(–Ψ) 10:52
gifuchan,‚¬‚Σƒ`ƒƒƒ“DIGITAL,yζ—pΤ‚ªƒK[ƒhƒpƒCƒv‚ΙΥ“Λ‚µ‰΅“]@ς•§b“ίs@§“ΰ΅”N‰‚Μ€–S–Μ,https://news.yahoo.co.jp/articles/a7ffe32cd86e7fa3d80de6c29a16cb4c53b9f8ee,1/4(–Ψ) 9:52
gifuchan,‚¬‚Σƒ`ƒƒƒ“DIGITAL,…‚βH—ΏAΐ–°ƒOƒbƒY‚Θ‚Η”ΐ‘—@ς•§‚Θ‚Η‚ª”\“o”Ό“‡’nk‚Μ”νΠ’n‚πx‰‡,https://news.yahoo.co.jp/articles/3bf3fbac09d72aa8cffe24b206db666dc082b8ee,1/3(…) 19:53
gifuchan,‚¬‚Σƒ`ƒƒƒ“DIGITAL,‘ε_s‚ΕZ‘ξ‰ΞΠ@Δ‚―Υ‚©‚η‚Pl‚Μβ‘Μ@Zl—«‚ΖA—ζ‚κ‚Έ,https://news.yahoo.co.jp/articles/9db494320de9b66e9fec5b009433b94c2ac470bb,1/3(…) 8:32
gifuchan,‚¬‚Σƒ`ƒƒƒ“DIGITAL,Α–h‚β‹‹…x‰‡Aς•§‚©‚η‚ΰ‘±X‚Ζ”h­@Ε‘εk“x‚V‚Μ”\“o”Ό“‡’nk,https://news.yahoo.co.jp/articles/cffb1739fdd5b68fea2134a0f762bc7c275b818e,1/2(‰Ξ) 20:32
gifuchan,‚¬‚Σƒ`ƒƒƒ“DIGITAL,Ξμ‚Εk“x‚V@ς•§‚RsE”ς‘Λs‚Εk“x‚Tγ@‘ε_s‚Μ—«‚ª“]“|‚µy,https://news.yahoo.co.jp/articles/6cda9b39da4d26abd9b9ed260c5e8e845d645897,1/2(‰Ξ) 12:02
gifuchan,‚¬‚Σƒ`ƒƒƒ“DIGITAL,Ξμ§”\“o’n•ϋ‚πkΉ‚Ζ‚·‚ι’nk@ς•§‚RsE”ς‘Λs‚Εk“x‚Tγ@‚Rs‚Μκ•”’nζ‚Ε’f…‚πm”F,https://news.yahoo.co.jp/articles/2efa01101e075562582cd8f76ab1f14df12881ea,1/1() 18:22
gifuchan,‚¬‚Σƒ`ƒƒƒ“DIGITAL,Ξμ§”\“o’n•ϋ‚πkΉ‚Ζ‚·‚ι’nk@ς•§“ΰ‚Ε‚ΰ‚RsE”ς‘Λs‚Εk“x‚Tγ,https://news.yahoo.co.jp/articles/47140908b1e19c55f12593ef19c5ffb451833097,1/1() 18:02
gifuchan,‚¬‚Σƒ`ƒƒƒ“DIGITAL,Ξμ§”\“o’n•ϋ‚πkΉ‚Ζ‚·‚ι’nk@ς•§“ΰ‚Ε‚ΰ‚RsE”ς‘Λs‚Εk“x‚Tγ,https://news.yahoo.co.jp/articles/57271b2c0b1302bf21df79912587177e50198e34,1/1() 17:32
gifuchan,‚¬‚Σƒ`ƒƒƒ“DIGITAL,ƒAƒp[ƒg‚ΜκΊΔ‚―‚ι@’j«‚Pl€–S@Z–―‚ΖA—ζ‚κ‚Έ@ς•§”ς‘Λs,https://news.yahoo.co.jp/articles/1533224748071dd7fffb63db21ffd4aa305d29e1,1/1() 16:02
gifuchan,‚¬‚Σƒ`ƒƒƒ“DIGITAL,ς•E’ι‹‘ε‰Β™‚P‘Ξ‚R‚Ε²‰κ“‚Ι”s‚κ‚ι@‚R‰ρνio‚Θ‚η‚Έ@‘S‘‚ZƒTƒbƒJ[‘Iθ ,https://news.yahoo.co.jp/articles/13c605933e6055b1b6e5af676af9e87a8f90910e,2023/12/31(“ϊ) 21:22
gifuchan,‚¬‚Σƒ`ƒƒƒ“DIGITAL,…‰·‚U“x‚Μμ‚Ε–ο—‚Ζ‚µ@“`“‚Μ‚έ‚»‚¬_–@ς•§‚Rs‚ΜΆ‘½—R‘Ύ_Π,https://news.yahoo.co.jp/articles/b4544259aaf6cd265a4c7ba7eb6abe474cbebe10,2023/12/31(“ϊ) 21:22
gifuchan,‚¬‚Σƒ`ƒƒƒ“DIGITAL,ς•s‚ΕZ‘ξ‰ΞΠ@Δ‚―Υ‚©‚η‚Pl‚Μβ‘Μ@‚S‚OΞ‚Μ—«‚ΖA—ζ‚κ‚Έ,https://news.yahoo.co.jp/articles/9a0abc49e892fdfdb2bcad76758147105281cc97,2023/12/31(“ϊ) 12:32
gifuchan,‚¬‚Σƒ`ƒƒƒ“DIGITAL,‘ε‚µ‚ί“κ’£‘Φ‚¦@ς•s‚Μ‹ΰ_Π‚Ε}t€”υ,https://news.yahoo.co.jp/articles/d94d66ea78d9a5236725191d7935499bc1c9cdce,2023/12/30(“y) 21:32
gifuchan,‚¬‚Σƒ`ƒƒƒ“DIGITAL,“ΑκΌ‹\‚Ι’ΣI@”N––”Nn‚Ν”νQ‘‰ΑXό,https://news.yahoo.co.jp/articles/5dbe55b4d8781c705d4832e950a947ffcb385d21,2023/12/30(“y) 21:32
gifuchan,‚¬‚Σƒ`ƒƒƒ“DIGITAL,‘ε_“ϊ‘εEγϋcOΔ“Β@‘ή”C‘OΕγ‚Μ—ϋK@ƒmƒbƒN‚Ε’χ‚ί‚ι,https://news.yahoo.co.jp/articles/7ce17ca443078d5884c32c162507858aaae9e52d,2023/12/29(‹ΰ) 20:22
gifuchan,‚¬‚Σƒ`ƒƒƒ“DIGITAL,‘ε–μ‘Χ³Q‹c‰@‹cυ‚Μ’n³––±‚π‰Ζ‘ξ‘{υ@©–―“}”h”΄‚Μ­΅‘‹ΰƒp[ƒeƒB[‚π„‚ι–,https://news.yahoo.co.jp/articles/9f8a977d79c700bde439e9f36d726e2be436417f,2023/12/29(‹ΰ) 20:02
gifuchan,‚¬‚Σƒ`ƒƒƒ“DIGITAL,‚Rw‰®‚Ε”N––P—α‚Μ‚·‚·•¥‚Ά@‚µ‚ί“κ‚π•t‚―‚Δ}t€”υ@ς•§‚Rs,https://news.yahoo.co.jp/articles/37bfbd6dbde1503a463fb93e39475335411dd580,2023/12/29(‹ΰ) 20:02
gifuchan,‚¬‚Σƒ`ƒƒƒ“DIGITAL,ς•§‘γ•\E’ι‹‘ε‰Β™‚ª‰ν“Λ”j@‘ε•ª‚Μ–φƒ–‰Y‚π‚Q‘Ξ‚P‚Ε‰Ί‚·@‘S‘‚ZƒTƒbƒJ[‘Iθ ,https://news.yahoo.co.jp/articles/69aca0655954c190d0c2b9380a86f50502ed8d6a,2023/12/29(‹ΰ) 19:52
gifuchan,‚¬‚Σƒ`ƒƒƒ“DIGITAL,‰H“‡s‚Μ‘ε–μ‘Χ³Q‰@‹cυ’n³––±‚Ι‘{υ“ό‚ι,https://news.yahoo.co.jp/articles/d23039b04099bb058056f5b03019ecbe894df531,2023/12/29(‹ΰ) 11:22
gifuchan,‚¬‚Σƒ`ƒƒƒ“DIGITAL,‘ε–μ‘Χ³Q‰@‹cυ‚ΜΦWζ‚Ι‰Ζ‘ξ‘{υ@©–―“}”h”΄u— ‹ΰv–@“‹’n“Α‘{•”,https://news.yahoo.co.jp/articles/2215b91d88a6c3b5cf36946be0d8980c2716d8cd,2023/12/28(–Ψ) 20:22
gifuchan,‚¬‚Σƒ`ƒƒƒ“DIGITAL,V^ƒRƒƒi@ς•§“ΰ‚Ε‚T‚O‚Pl΄υ@‘OT”δ‚P‚WlΈ,https://news.yahoo.co.jp/articles/61d379467c4fdf716a00f83be6b9562a02c54939,2023/12/28(–Ψ) 19:32
gifuchan,‚¬‚Σƒ`ƒƒƒ“DIGITAL,ς•—q‚Ν€—DA‹“sΈ‰Ψw‰€‚Ι‚T‚X[‚U‚R‚ΕΙ”s@ƒoƒXƒPƒbƒgƒ{[ƒ‹iƒEƒCƒ“ƒ^[ƒJƒbƒvj—q,https://news.yahoo.co.jp/articles/d15b45bcf0fcbe7192fd1386205f2a81ebc7ee06,2023/12/28(–Ψ) 19:22
gifuchan,‚¬‚Σƒ`ƒƒƒ“DIGITAL,‚µ‚ί“κ‚π•t‚―‘Φ‚¦}t€”υ@ς•§‚Rs‚Μ”ς‘Λκ‹{…–³_Π,https://news.yahoo.co.jp/articles/5b59071affe5b58a633a2b1208560fae3981536a,2023/12/28(–Ψ) 16:52
gifuchan,‚¬‚Σƒ`ƒƒƒ“DIGITAL,ς•—qA‹“sΈ‰Ψ‚Ι–Ò’Η‹y‚Ξ‚Έ€—D@ƒEƒCƒ“ƒ^[ƒJƒbƒv‚Q‚O‚Q‚R,https://news.yahoo.co.jp/articles/ac8aef2a51905ce4e2ba1fa67e2527ca10b340e8,2023/12/28(–Ψ) 13:52
gifuchan,‚¬‚Σƒ`ƒƒƒ“DIGITAL,‘S‘‚Zƒ‰ƒOƒr[‘ε‰ο@ς•§‘γ•\‚ΜΦ¤H‚Ν‰ν”s‘ή@“‘εγs‚Μ‰Τ‰€ƒ‰ƒOƒr[κ,https://news.yahoo.co.jp/articles/2ae3ce7928e6f98e81e30c50d7aaad0a74d71361,2023/12/27(…) 20:02
gifuchan,‚¬‚Σƒ`ƒƒƒ“DIGITAL,³‚Μ‰‹N•¨”ƒ‚Ά‹‚ί‚ι‹q‚Ε‚Ι‚¬‚ν‚¤@”ς‘Λ‚R‚Μu”N‚Μ£sv@ς•§‚Rs,https://news.yahoo.co.jp/articles/c2642f3c6444c302005ccbe92799b40d78479e7c,2023/12/27(…) 20:02
gifuchan,‚¬‚Σƒ`ƒƒƒ“DIGITAL,g³•s–Ύ‚Μ”’‰»β‘Μ@x@‚ª’…ί‚ΜΚ^‚πφJ‚µξ•ρ’ρ‹‚πΔ‚Ρ|‚―@ς•§C’Γs,https://news.yahoo.co.jp/articles/886f3e2eeb5e61efe9a4bde74346a15d90422aee,2023/12/27(…) 19:22
gifuchan,‚¬‚Σƒ`ƒƒƒ“DIGITAL,ς•—q‚ªio@‚T”N‚Τ‚θ‚u‚Ι‰¤θ@ƒEƒCƒ“ƒ^[ƒJƒbƒv‚Q‚O‚Q‚R,https://news.yahoo.co.jp/articles/209d5ca235ea721dbc04963008bf828778270731,2023/12/27(…) 13:22
gifuchan,‚¬‚Σƒ`ƒƒƒ“DIGITAL,ƒeƒiƒ“ƒgƒrƒ‹‚Ε‰ΞΠ@•ϊ‰Ξ–Ά‹‹^‚Ά‚Ε—‚π‘ί•ί@ς•§”ό”Z‰Α–Ξs,https://news.yahoo.co.jp/articles/0ff2ce8e1d4ea78c67a3d8f1378467a940b98d1b,2023/12/27(…) 12:22
gifuchan,‚¬‚Σƒ`ƒƒƒ“DIGITAL,‹s‰cƒXƒL[κuƒAƒ‹ƒRƒsƒAvΥ’n‚Ια—V‚Ρy‚µ‚ήV{έ@ƒI[ƒvƒ“‚π‘O‚Ι‹L”OƒZƒƒ‚ƒj[@ς•§‚Rs,https://news.yahoo.co.jp/articles/2ba3f392c1cb227506787e6e2f58722dbda9bc35,2023/12/26(‰Ξ) 21:22
gifuchan,‚¬‚Σƒ`ƒƒƒ“DIGITAL,ς“μH‹Ζ‚Z‚Μ¶“k‚ªu’Cv•`‚Ά‚½‘εG”n•ς”[@ς•s‚Μ–{δµ_Π,https://news.yahoo.co.jp/articles/c3a5d0c8b33b67e0c7e62355cbfe4d873a8ed270,2023/12/26(‰Ξ) 21:22
gifuchan,‚¬‚Σƒ`ƒƒƒ“DIGITAL,d“ό‚κ‚©‚ηι“`‚ά‚Ε@¤•i”Μ”„—Ν‚π‹£‚¤u§‚Z¤‹Ζ’BlƒJƒbƒvv@ς•s‚Μƒ}[ƒT‚Q‚P‚ΕJΓ,https://news.yahoo.co.jp/articles/c7b3f51154a32bdf11ea31be340f68a07cd4495a,2023/12/26(‰Ξ) 21:22
gifuchan,‚¬‚Σƒ`ƒƒƒ“DIGITAL,u‚½‚­‚³‚ρ‚¨”N‹Κ‚ΰ‚η‚Ά‚½‚Άv‚ ‚·‚©‚η“~‹x‚έ@ ς•§“ΰ‚Μ¬’†wZ‚ΕI‹Ζ®,https://news.yahoo.co.jp/articles/30088b6aecee4e9454e00501987f8d84ad039dc5,2023/12/26(‰Ξ) 21:22
gifuchan,‚¬‚Σƒ`ƒƒƒ“DIGITAL,ς•—q‚ªh“Gχ‰Τw‰€i¤’mj‚Ι‘ε‹t“]—@’jq‚Μ”ό”Z‰Α–Ξ‚ΰ‰‚ΜƒxƒXƒg‚Wio@ƒEƒCƒ“ƒ^[ƒJƒbƒv‚Q‚O‚Q‚R,https://news.yahoo.co.jp/articles/e622ccdbb7af11c0f23f77a6c56f293bfaf2c9ed,2023/12/26(‰Ξ) 14:32
gifuchan,‚¬‚Σƒ`ƒƒƒ“DIGITAL,–Ά–Ύ‚ΜZ‘ξ‚Ι’j‚ªN“ό@‚Ν‚Ώ‡‚ν‚Ή‚½Zl’j«‚Ζ‚ΰ‚έ‡‚Ά‚Μ––“¦‘–@ς•§R§s,https://news.yahoo.co.jp/articles/69cd763d7d90757ca963a0d99b7cf598547c99bf,2023/12/26(‰Ξ) 11:52
gifuchan,‚¬‚Σƒ`ƒƒƒ“DIGITAL,ƒRƒ~ƒ…ƒjƒeƒBƒoƒX‚ªΤ—U“±’†‚Μ’j«‚Ν‚Λ‚ι@”ΐ‘—Σ―‚ ‚θ@ς•§}Ό’¬,https://news.yahoo.co.jp/articles/13b50e1abd432a45c397a9834d7bce7ed31024a7,2023/12/25() 21:22
gifuchan,‚¬‚Σƒ`ƒƒƒ“DIGITAL,ƒjƒZ“dbΌ‹\‚Ε–ρ‚V‚Q‚O‚O–‰~”νQ@κ“x‚Μ”νQz‚Ν—ίaΘ~§“ΰΕ‚z@ς•‰H“‡x@,https://news.yahoo.co.jp/articles/45b2f6fd60700aa5216183c29b2aee73ab798b0b,2023/12/25() 20:02
gifuchan,‚¬‚Σƒ`ƒƒƒ“DIGITAL,uη‚ª©‚½‚Ά‚Ε‚·v‚r‚m‚r‚Ε¶“k‚Ι„“IƒƒbƒZ[ƒW @’j«ΐK•θ‚π’βE‚Μ’¦‰ϊ•ª@ƒpƒƒnƒ‰‚Μ’†wZ’·‚Ν‰ϊ•ª,https://news.yahoo.co.jp/articles/fc650e595947f377b1d73b7ee940e5f8fa5ca0b5,2023/12/25() 20:02
gifuchan,‚¬‚Σƒ`ƒƒƒ“DIGITAL,u‹¤wE‚S”N§‰»v‚π“\Δ‚Ι@ς•s—§—q’Zϊ‘εw‚Μ«—‚Μ‚ ‚θ•ϋ“Ά,https://news.yahoo.co.jp/articles/662db6a6b5e389f9da0c0e7faea24adc7182a0cb,2023/12/25() 20:02
gifuchan,‚¬‚Σƒ`ƒƒƒ“DIGITAL,ƒNƒƒXƒ}ƒX‚Μ–ι‹σ‚Ι‚Q‚T‚O‚O”­@q‚Η‚ΰ‚½‚Ώ‚Φ‰Τ‰Ξ‚Μƒvƒƒ[ƒ“ƒg@ς•§–{‘ƒs,https://news.yahoo.co.jp/articles/08ee70a58926593050653357166c34765acb88c5,2023/12/25() 20:02
gifuchan,‚¬‚Σƒ`ƒƒƒ“DIGITAL,ς•—q‚ª“ϊ–{q‹σ‚Μ–Ò’Η‚πU‚θΨ‚ι@ƒEƒCƒ“ƒ^[ƒJƒbƒv‚Q‚O‚Q‚R‘ζ‚R“ϊ,https://news.yahoo.co.jp/articles/c51157c54e0e78bd9d9926aedfe0c5fc1f307a6f,2023/12/25() 12:52
gifuchan,‚¬‚Σƒ`ƒƒƒ“DIGITAL,ς•—q‚R‰ρν‚ΦA‚W‹­‚©‚―R—‚Μ“ϊ–{q‹σ‚Ζ‘Ξν@@ƒEƒCƒ“ƒ^[ƒJƒbƒv‚Q‚O‚Q‚R‘ζ‚Q“ϊ,https://news.yahoo.co.jp/articles/9f7a7f26fe8bef05092000b430271173bce89c9c,2023/12/24(“ϊ) 21:32
gifuchan,‚¬‚Σƒ`ƒƒƒ“DIGITAL,q‚Η‚ΰ‚½‚Ώ‚ª‹σ’”‚Ε“W¦‹@‚e‚Sƒtƒ@ƒ“ƒgƒ€‚Μ‚·‚·•¥‚Ά‘Μ±,https://news.yahoo.co.jp/articles/1fddedd3ea3181e10ec9072846690c7bdd5b7ccd,2023/12/24(“ϊ) 19:02
gifuchan,‚¬‚Σƒ`ƒƒƒ“DIGITAL,ƒƒXƒ^[ƒgIwƒ‚ƒ“ƒfƒEƒXƒp[ƒNƒXƒL[κx‚Εΐ‘S‹FθΥ,https://news.yahoo.co.jp/articles/e732a9a09c83b6288c07c0b4f896b7887684a904,2023/12/24(“ϊ) 18:52
gifuchan,‚¬‚Σƒ`ƒƒƒ“DIGITAL,‚PƒLƒ‚P–‰~‚Μ‰–ƒuƒ‚ΰ@‚Rs‚Ε”N‚Μ£P—α‚Μ‹£‚θs,https://news.yahoo.co.jp/articles/89376e30339eea50d215e8e9c7f8309910ef8922,2023/12/23(“y) 20:52
gifuchan,‚¬‚Σƒ`ƒƒƒ“DIGITAL,–Ψ‘Ά‚QK‚Δ‚ΜZ‘ξ‚Ε‰ΞΠ@Δ‚―Υ‚©‚η‚Pl‚Μβ‘Μ@Zl’j«‚Ζ‚ΝA—ζ‚κ‚Έ@ς•§_Λ’¬,https://news.yahoo.co.jp/articles/d00ad251aa9098f291ca7e73c3b44d41651af183,2023/12/23(“y) 20:22
gifuchan,‚¬‚Σƒ`ƒƒƒ“DIGITAL,ς•§Sγs‚ΜƒXƒL[κ‚Ε’j«‚ª‘“ο‚©@‚Q‚Q“ϊ‚©‚ηA—ζ‚κ‚Έ‘{υ’†,https://news.yahoo.co.jp/articles/03907ea403fa46a58ef362e9575d78e4411f942f,2023/12/23(“y) 20:22
gifuchan,‚¬‚Σƒ`ƒƒƒ“DIGITAL,‚¨“χ‚Μ–£—Ν‚π‘Μ΄@u‚¨“χ‚ΜΤ‚Ε‚·‚ζIvƒXƒyƒVƒƒƒ‹ƒoƒXƒcƒA[JΓ,https://news.yahoo.co.jp/articles/439886da49c027900239b816a2bc2e9f835b72e2,2023/12/23(“y) 18:52
gifuchan,‚¬‚Σƒ`ƒƒƒ“DIGITAL,ς•§E”ς‘Λ’n•ϋ‚Ζ’†”Z–k•”‚Ε‘εα@’Κs~‚ί‚Θ‚Ηe’n‚Ε‰e‹Ώ,https://news.yahoo.co.jp/articles/ee0d5638d46060f422b7c5636dab7bbc3e7a7930,2023/12/22(‹ΰ) 21:22
gifuchan,‚¬‚Σƒ`ƒƒƒ“DIGITAL,‹t‘–‚Μyζ—pΤ‚ªƒgƒ‰ƒbƒN‚Ζ³–ΚΥ“Λ@‚R‘δ—‚ή–Μ‚Ι@‘½΅©s‚Μ‘“Ή‚P‚X†ό,https://news.yahoo.co.jp/articles/b328ec9a4e0c0eb5d11d8ca8b74ec88249796a58,2023/12/22(‹ΰ) 20:22
gifuchan,‚¬‚Σƒ`ƒƒƒ“DIGITAL,ƒCƒ‹ƒ~ƒl[ƒVƒ‡ƒ“‚P‚S”N‚Τ‚θ‚Ι•I@ς•s‚Μ’·—Ηφ‰€,https://news.yahoo.co.jp/articles/71f025b1b0d4a0280504011be1afa038a8942b05,2023/12/22(‹ΰ) 20:22
gifuchan,‚¬‚Σƒ`ƒƒƒ“DIGITAL,•¨‰Ώ‚“«‘Ξτ‚Μx‰‡”ο‚Θ‚Η•β³—\ZΔ‰Β@ς•§‹c‰ο’θ—α‰ο•Β‰ο,https://news.yahoo.co.jp/articles/17b1c177f1f1563348ae5bc3d30cf6f30c938fcb,2023/12/21(–Ψ) 21:32
gifuchan,‚¬‚Σƒ`ƒƒƒ“DIGITAL,ƒNƒƒXƒ}ƒXƒP[ƒL‚Με–π@‘ε—±‚Μuα©ƒCƒ`ƒSvϋnn‚ά‚ι@ς•§‚Rs,https://news.yahoo.co.jp/articles/19cf98ad9c9730722e67911df67b9ceac4d44489,2023/12/21(–Ψ) 20:32
gifuchan,‚¬‚Σƒ`ƒƒƒ“DIGITAL,V^ƒRƒƒi@ς•§“ΰ‚Ε‚T‚P‚Xl΄υ@‘OT”δ‚W‚Sl‘,https://news.yahoo.co.jp/articles/2d956c507b83ff49e5ba0118df7b2c395a600e82,2023/12/21(–Ψ) 20:32
gifuchan,‚¬‚Σƒ`ƒƒƒ“DIGITAL,–‰ζu‚β‚­‚Θ‚ηƒ}ƒOƒJƒbƒv‚ΰv‚ΖƒRƒ‰ƒ{@„‚µƒNƒƒJ‚Ε“”Z’nζ‚Μ«‰»‚π‰‰‡,https://news.yahoo.co.jp/articles/4d4ef7a56fefb577be625765b933d27020f38f46,2023/12/21(–Ψ) 20:32
gifuchan,‚¬‚Σƒ`ƒƒƒ“DIGITAL,ς•§“ΰ‚Ν‚Q‚Q“ϊ‚Ι‚©‚―‚ΔR’n‚π’†S‚Ι‘εα‚Μ‹°‚κ@π’Κ‚Φ‚Μ‰e‹Ώ‚Θ‚Η‚Ι’ΣEx‰ϊ•K—v,https://news.yahoo.co.jp/articles/cb89c08d37ef722dac3685433a28aa73ff5d7204,2023/12/21(–Ψ) 20:32
gifuchan,‚¬‚Σƒ`ƒƒƒ“DIGITAL,©‘ξ‚Ι•κe‚Μβ‘Μ•ϊ’u‚µ‚½‚Ζ‚µ‚Δ‚U‚TΞ‚Μ‘§q‚π‘ί•ί@ς•s,https://news.yahoo.co.jp/articles/eef6b7cc18c32d604ab25e966b8da9951b0bcf90,2023/12/20(…) 21:32
gifuchan,‚¬‚Σƒ`ƒƒƒ“DIGITAL,u‚¬‚Σ’·—Ημ‰Τ‰Ξ‘ε‰οv‚Q‚O‚Q‚S”N‚Ν‚W‚P‚O“ϊJΓ‚Ι’θI,https://news.yahoo.co.jp/articles/33735f9954bcacd88003ad4991837fe1acbec86b,2023/12/20(…) 21:02
gifuchan,‚¬‚Σƒ`ƒƒƒ“DIGITAL,΅‹G‚ΰƒyƒAƒƒtƒg‚Pξ‚Ε@ƒI[ƒvƒ“‘O‚Ιΐ‘S‹FθΥ@ζΖ‚΄”ς‘Λ‚RƒXƒL[κ,https://news.yahoo.co.jp/articles/baa0fb25e7f44a00ec61e71340f34fea1972919b,2023/12/20(…) 20:52
gifuchan,‚¬‚Σƒ`ƒƒƒ“DIGITAL,’nζ”_‹Ζ‚Μ«‰»‚Φ@ς•§‚Μ‚Z¶‚ª“®‚β¤‹†‚Μ¬‰Κ‚π”­•\@‚i‚`”_‹Ζ‹³ηx‰‡–‹Ζ,https://news.yahoo.co.jp/articles/3da145447b4c76bf7722367e23ccdf789ab6d2c4,2023/12/20(…) 20:52
gifuchan,‚¬‚Σƒ`ƒƒƒ“DIGITAL,κ“ϊx@’·‚Μ‚¬‚Σƒ`ƒƒƒ“”’δ—F—ƒAƒiƒEƒ“ƒT[@”N––”Nn‚Μπ’Κΐ‘S‚πΔ‚Ρ|‚―‚ι@ς•§xER§x@,https://news.yahoo.co.jp/articles/60550d3eaeb11fabafaa8cd680dfc9937e21f3aa,2023/12/20(…) 20:52
gifuchan,‚¬‚Σƒ`ƒƒƒ“DIGITAL,‚W‚O‘γ‚Μ—«‚ªζ—pΤ‚Ι‚Ν‚Λ‚η‚κ€–S@ς•s‚Μ§“Ή,https://news.yahoo.co.jp/articles/d66a5123b19417d55f686376c99325f95a9a077b,2023/12/20(…) 20:52
gifuchan,‚¬‚Σƒ`ƒƒƒ“DIGITAL,ς•—q‚Z@‚T”N‚Τ‚θ‚Μ’Έ“_‚π–Ϊw‚·@ƒEƒCƒ“ƒ^[ƒJƒbƒvƒoƒXƒPƒbƒgƒ{[ƒ‹ i‚¬‚Σƒ`ƒƒƒ“ƒ‰ƒWƒIE‹g‘Ίχ‚ΜƒXƒ|[ƒcƒIƒuƒhƒ[ƒ€j,https://news.yahoo.co.jp/articles/747970a411228d214ec5cb9ba19f1e9545623297,2023/12/20(…) 15:22
gifuchan,‚¬‚Σƒ`ƒƒƒ“DIGITAL,–Ό“S’|•@ό‚Μ“dΤ‚ΖΪGA—«€–S@}Ό‰w`‰H“‡s–π‰w‘OΤ‚Εκ‰^“]©‡‚ν‚Ή,https://news.yahoo.co.jp/articles/3dff36940666217b59d8a27646e00d380ced1b4b,2023/12/20(…) 13:52
gifuchan,‚¬‚Σƒ`ƒƒƒ“DIGITAL,π·“_‚Εo‰ο‚Ά“ª‚ΜΥ“Λ–Μ@΄•t‚Μ‚X‚OΞ’j«‚ª€–S@”ΐ‘—‚ΝΣ―‚ ‚θ@ς•§R§s,https://news.yahoo.co.jp/articles/03b325da90629768be1ea9a3ea11a2cb11654c93,2023/12/19(‰Ξ) 20:02
gifuchan,‚¬‚Σƒ`ƒƒƒ“DIGITAL,”N––”Nn‚Μπ’Κ–Μ‚Ι’Σ‚π@x@‚βπ’Κΐ‘S‹¦‰ο‚Θ‚Η‚ªΔ‚Ρ|‚―@ς•§‚Rs,https://news.yahoo.co.jp/articles/41467acecd853fedb21da5378e2cf759d4ccbe72,2023/12/19(‰Ξ) 20:02
gifuchan,‚¬‚Σƒ`ƒƒƒ“DIGITAL,ƒ^ƒC‹’“_‚ΜƒjƒZ“dbΌ‹\@V‚½‚Ι‚S‚PΞ’j‚π‘ί•ί@‘½΅©s‚Μ’j«‚©‚ηƒLƒƒƒbƒVƒ…ƒJ[ƒhΌζ‚Μ‹^‚Ά@ς•§x,https://news.yahoo.co.jp/articles/1188e57a7422da774fd2076fe0bcdfb9de04503c,2023/12/19(‰Ξ) 19:52
gifuchan,‚¬‚Σƒ`ƒƒƒ“DIGITAL,ƒRƒ“ƒr“ρ‚βƒhƒ‰ƒbƒOƒXƒgƒA‚ΕƒoƒX‚π‘Ò‚ΒuƒoƒX‚ά‚Ώ‚Ξv@ς•s‚ΕV‚½‚Ι‚U“X•άJέ,https://news.yahoo.co.jp/articles/5a2059dc43e8aa248cb1a0a90e576e05daa9b6ba,2023/12/19(‰Ξ) 19:52
gifuchan,‚¬‚Σƒ`ƒƒƒ“DIGITAL,u‰Τ‚ΕΚ‚ιƒNƒƒXƒ}ƒXvn‚ά‚ι@JRς•‰wό•Σ{έ,https://news.yahoo.co.jp/articles/b1f617e273a5a4634fa6b95ddcd2eb1898ca82ac,2023/12/19(‰Ξ) 13:02
gifuchan,‚¬‚Σƒ`ƒƒƒ“DIGITAL,Π‰οl–μ‹…ƒxƒXƒgƒiƒCƒ“@Ό”Z‰^—A‚Μι–μA–k–μ‚ª‰‘Io@ς•§‘ε_s,https://news.yahoo.co.jp/articles/db3bc7d3d61fd936fb8cfbf88cfff65418238d0c,2023/12/18() 20:22
gifuchan,‚¬‚Σƒ`ƒƒƒ“DIGITAL,‘εw¶‚ª‚Z¶‚Ιuΰ­v‚Μl‚¦•ϋ‚πθ‚Ω‚Η‚«@ς•ΰ–±––±‚ª‘ε_¤‹Ζ‚Z‚Ε“Α•Κφ‹Ζ,https://news.yahoo.co.jp/articles/f170d9f297e728e12c7d35870c3d749a57b3a3f5,2023/12/18() 20:22
gifuchan,‚¬‚Σƒ`ƒƒƒ“DIGITAL,“Vη‚Μ‚·‚·‚π•¥‚Α‚Δ}t€”υ@ς•s‚Μς•ι,https://news.yahoo.co.jp/articles/7206b8dfaae538c03ca9c31cb02fcdb0e1849e89,2023/12/18() 20:22
gifuchan,‚¬‚Σƒ`ƒƒƒ“DIGITAL,“ΉH‚Ι‚Ά‚½’j«‚ªΤ‚Ι‚Ν‚Λ‚η‚κΣ―•s–Ύ‚Μd‘Μ@ς•s‚Μ‘“Ή‚P‚T‚V†ό,https://news.yahoo.co.jp/articles/9b1b3adf07c97fd13a89a43679e071310a2e0e68,2023/12/18() 7:22
gifuchan,‚¬‚Σƒ`ƒƒƒ“DIGITAL,‚U‚O‘γ—«‚ª‰ΊR“r’†‚Ι“]“|‚µ‚―‚ª@ς•§µ@’¬‚Μ’ΚΜuƒVƒƒƒRv,https://news.yahoo.co.jp/articles/4402cc073196657f9b63cefc7399a99c9857b5a1,2023/12/17(“ϊ) 22:32
gifuchan,‚¬‚Σƒ`ƒƒƒ“DIGITAL,ς•‚Ε‰α@•½”N‚ζ‚θ‚S“ϊ’x‚ΆΟ‘ª@‚P‚W“ϊ‚Ι‚©‚―RΤ•”’†S‚ΙαA•½–μ•”‚Ε‚ΰΟα‚Μ‰Β”\«,https://news.yahoo.co.jp/articles/77433173ad1b1e3193e12fdbdcaa65a31edddcb8,2023/12/17(“ϊ) 20:52
gifuchan,‚¬‚Σƒ`ƒƒƒ“DIGITAL,‚ ‚Α‚½‚ά‚ι‚£`@ƒJƒsƒoƒ‰‚ª‚δ‚Έ“’‚Ε‚δ‚Α‚½‚θ@ς•§e–±΄s‚ΜƒAƒNƒAEƒgƒg‚¬‚Σ,https://news.yahoo.co.jp/articles/0d09970b9804efcd305be798a4caec9aafc45c34,2023/12/17(“ϊ) 20:52
gifuchan,‚¬‚Σƒ`ƒƒƒ“DIGITAL,u‰Τ‰€‚Ε³‚π‰ί‚²‚·vΦ¤H‚A–τΎ‚¤@‘S‘‚Zƒ‰ƒOƒr[‘ε‰ο@ς•§Φs,https://news.yahoo.co.jp/articles/81f4df05a0e8d781cff128375dee29f0dfdaf3fc,2023/12/17(“ϊ) 20:52
gifuchan,‚¬‚Σƒ`ƒƒƒ“DIGITAL,Ά‘γ‚Ι‚Β‚Θ‚ª‚ι’‡Τ‚Γ‚­‚θ‚Φ@ς•§“ΰ‚Μαθ”_‹ΖÒ‚ªπ—¬[‚ί‚ι@‚i‚`Β”N•”–Ώ—F‚Μ‚Β‚Η‚Ά,https://news.yahoo.co.jp/articles/01f2df0f7d81dd5db2639377e6dd095034d1dec8,2023/12/17(“ϊ) 20:52
gifuchan,‚¬‚Σƒ`ƒƒƒ“DIGITAL,‚—ξƒhƒ‰ƒCƒo[‚Μyζ—pΤ“―m‚ª–Μ@‚Ν‚Έ‚έ‚Ε‚P‘δ‚ªƒX[ƒp[“X•ά‚Ι“Λ‚Α‚ή@•ΰsÒ‚ª‚Ν‚Λ‚η‚κd@ς•§Φs,https://news.yahoo.co.jp/articles/744fdaaa2c3861ed9d30ec803fcf635f2c09dc25,2023/12/17(“ϊ) 13:52
gifuchan,‚¬‚Σƒ`ƒƒƒ“DIGITAL,ΦΌ‚Ε‚Ν³‚ΜGΟ‚Ι@ς•s‚Εuj‚Ύ‚Ά‚±‚ρv‚Μo‰Χn‚ά‚ι,https://news.yahoo.co.jp/articles/6222a6f37d19302176127f687445b892629f9354,2023/12/16(“y) 21:32
gifuchan,‚¬‚Σƒ`ƒƒƒ“DIGITAL,μν•@‘¥‘Iθ‚ªƒAƒ}ƒ`ƒ…ƒA–μ‹…‘Iθ‚Ιό‚―ƒg[ƒN@‘ε_“ϊ‘εEγϋcOΔ“Β‚ΦχJÒ•\²@‚¬‚Σƒx[ƒXƒ{[ƒ‹ƒtƒH[ƒ‰ƒ€,https://news.yahoo.co.jp/articles/be2280a8319f5b98459907c5a091b62f5be1e8f7,2023/12/16(“y) 21:22
gifuchan,‚¬‚Σƒ`ƒƒƒ“DIGITAL,”ς‘Λ‚Μ—Ά‚Ε}t€”υ@‰Τ‚ΰ‚Ώ‚β‹Ύ–έ‚Γ‚­‚θ@ς•§‚Rs,https://news.yahoo.co.jp/articles/7be657acf404ec77e2901b83e5025b21d3ae97f2,2023/12/16(“y) 21:22
gifuchan,‚¬‚Σƒ`ƒƒƒ“DIGITAL,ƒhƒƒX‚βƒX[ƒc‚Μƒƒ“ƒ^ƒ‹“X‚ΰ‰o“X@‚QKί—Ώ•iƒtƒƒAƒƒjƒ…[ƒAƒ‹@ς•§e–±΄s‚Μ‘ε^¤‹Ζ{έ,https://news.yahoo.co.jp/articles/f328beee86af9e0c23c712d92847cd8aa008a692,2023/12/15(‹ΰ) 19:52
gifuchan,‚¬‚Σƒ`ƒƒƒ“DIGITAL,u‹E‚ª—h‚κ“®‚Ά‚Δ³‚µ‚Ά”»’f‚ª‚Ε‚«‚Θ‚Άv@ωπ‰^“]‚Μ‹°‚λ‚µ‚³‚π‹^—‘Μ±@ς•s,https://news.yahoo.co.jp/articles/82f9580685afc8ae64438fc50e4c7c9e86d81bdd,2023/12/15(‹ΰ) 19:52
gifuchan,‚¬‚Σƒ`ƒƒƒ“DIGITAL,ƒfƒ“ƒLƒEƒiƒM‚Εƒcƒ[“_“”@ƒNƒƒXƒ}ƒX·‚θγ‚°@ς•§e–±΄s‚Μ’W…‹›‰€…‘°Ω,https://news.yahoo.co.jp/articles/b4b8f7bec50d9507cd890ad051a2aa64d3841f8f,2023/12/15(‹ΰ) 19:52
gifuchan,‚¬‚Σƒ`ƒƒƒ“DIGITAL,§—§Εμκ–εw¶‚ªΐK’†‚Ι©E@‘ζOÒΟ‚Μ’ρΎ‚π®—‚µ‘Ξτ‚Φ@ς•§,https://news.yahoo.co.jp/articles/77530f23aead476a2b726ff55964194754a3bc66,2023/12/15(‹ΰ) 19:52
gifuchan,‚¬‚Σƒ`ƒƒƒ“DIGITAL,ƒƒjƒAV²ό@•iμ[–ΌΓ‰®Τ@H–®—Ήϊ‚Νu‚Q‚V”NΘ~v‚Ι@Γ‰ªH‹ζ‚Μ’x‚κ‚Ε@‚i‚q“C‚ª”F‰Β\Ώ,https://news.yahoo.co.jp/articles/483f0af020ccc47282865ff7f0ddfc6dac729e95,2023/12/15(‹ΰ) 12:02
gifuchan,‚¬‚Σƒ`ƒƒƒ“DIGITAL,u’‡Τ‚Ζ‚Ζ‚ΰ‚ΙΈi‚µ‚ά‚·v’ι‹‘ε‰Β™‚Z–μ‹…•”@t‚ΜƒZƒ“ƒoƒc‚Q‚PΆ‹Ig“C„‘EZ“`’B®@ς•§‰Β™s,https://news.yahoo.co.jp/articles/220eed8a7a0fb5645a2808a55d7b3cf4f0fbbac2,2023/12/14(–Ψ) 21:32
gifuchan,‚¬‚Σƒ`ƒƒƒ“DIGITAL,”ς‘Λ’n•ϋ‚Μ³ό‚θu‰Τ‚ΰ‚Ώv‚Μ‰‹£‚θ@ƒNƒ}‚Μo–v‚Θ‚Η‚ΰ‰e‹Ώ‚©@o‰Χ”‚Ν‹ί”NΕ­@ς•§‚Rs,https://news.yahoo.co.jp/articles/359563adf96d7ae41afa2573b99da2d6eefb1874,2023/12/14(–Ψ) 21:32
gifuchan,‚¬‚Σƒ`ƒƒƒ“DIGITAL,u©M‚π‚ΰ‚Α‚Δ”Μ”„‚µ‚½‚Άv@‚Z¶‚ª¤‹Ζ‚Μr‚π‹£‚¤I@‘ε‰ο‘O‚ΙΣ‹C‚έ@ς•s,https://news.yahoo.co.jp/articles/a2e182c3f2071a953632d01de19ed39deb5c07d2,2023/12/14(–Ψ) 21:32
gifuchan,‚¬‚Σƒ`ƒƒƒ“DIGITAL,yV^ƒRƒƒiEς•z‚S‚R‚Tl΄υ@‘OT”δ‚P‚S‚Ql‘@dΗÒ‚Ν‚Θ‚µ,https://news.yahoo.co.jp/articles/8224d406e586e6a5ed12a2485d041c439fdd8663,2023/12/14(–Ψ) 21:32
gifuchan,‚¬‚Σƒ`ƒƒƒ“DIGITAL,α‚ª‚ΆÒx‰‡{έ‚ΕW’cH’†“Ε@ƒmƒƒEƒCƒ‹ƒXo@ς•§R§s,https://news.yahoo.co.jp/articles/54ef5156fe5b12c73a770968b12b7cb3e0cd958c,2023/12/14(–Ψ) 21:32
gifuchan,‚¬‚Σƒ`ƒƒƒ“DIGITAL,αQ‚Ι‚ζ‚ι’β“d‚π‘z’θ‚µ‚½“d—Ν•‹P—ϋ@’†•”“d—Νƒpƒ[ƒOƒƒbƒhς•‹‹“d§δ,https://news.yahoo.co.jp/articles/b2c3ee7e36a8cbcf7272efa3fe67844fce4b836e,2023/12/14(–Ψ) 21:32
gifuchan,‚¬‚Σƒ`ƒƒƒ“DIGITAL,²•”Eυ‚Ι‚ζ‚ιƒpƒƒnƒ‰–Δσ‚―@uƒnƒ‰ƒXƒƒ“ƒg–h~‘Ξτ–{•”v‚πVέ‚Φ@ς•§,https://news.yahoo.co.jp/articles/63c0b272c2a9631f3d6f58cee9ef7e00648c89cc,2023/12/13(…) 19:32
gifuchan,‚¬‚Σƒ`ƒƒƒ“DIGITAL,ƒƒgƒAƒjƒA‚Μ“`“‘•όuƒ\ƒ_ƒXv@”‚ν‚ηg‚Α‚ΔƒNƒƒXƒ}ƒX‚π‰‰o@ς•s‚ΜƒAƒNƒeƒBƒu‚f,https://news.yahoo.co.jp/articles/fc169891fc06b56c6965e294b84c154a569804be,2023/12/13(…) 19:22
gifuchan,‚¬‚Σƒ`ƒƒƒ“DIGITAL,‚¨’ƒ‚Μ–΅‚Ν‚Η‚¤‚©‚ΘH@‰€™‚ªμ–@‚Ζ‚¨‚ΰ‚Δ‚Θ‚µ‚ΜS‚πw‚Τ@ς•s‚Μ—c’t‰€,https://news.yahoo.co.jp/articles/b71eb073c956f86e8c610822a6e87041b68ca693,2023/12/13(…) 19:22
gifuchan,‚¬‚Σƒ`ƒƒƒ“DIGITAL,‘ξ”z•¨‚π“‚ρ‚Ύ—«Εμt‚π’¦‰ϊ•ª@ς•§‚Μ‘ε_s–―•a‰@,https://news.yahoo.co.jp/articles/2cca6f35b37f182bee484d8c4a8d8619f17cc4df,2023/12/12(‰Ξ) 22:02
gifuchan,‚¬‚Σƒ`ƒƒƒ“DIGITAL,‚Z¶‚ªμ•i”­•\@‚o‚qƒ|ƒXƒ^[§μƒvƒƒWƒFƒNƒg@u΄—¬‚Μ‘‚¬‚Σv•¶‰»Υ‚Q‚O‚Q‚S,https://news.yahoo.co.jp/articles/6cdaec6134aa6ca70c62c7640c8a4d22d938f5cd,2023/12/12(‰Ξ) 19:32
gifuchan,‚¬‚Σƒ`ƒƒƒ“DIGITAL,δ“’¬‚Ζ‚i‚q“C‚ª“KΨ‚ΙΒ‹«”z—¶@ƒƒjƒAH–c“y•ªκ„‚θ’¬’·‚ª©‰π,https://news.yahoo.co.jp/articles/3d5b3f89f49c43fc4bd1c98abfacc479226989c8,2023/12/12(‰Ξ) 19:32
gifuchan,‚¬‚Σƒ`ƒƒƒ“DIGITAL,ƒoƒbƒN‚µ‚ζ‚¤‚Ζ‚µ‚Δλ‚Α‚½‚©‚VD‚Rƒ[ƒgƒ‹‰Ί‚Μs“Ή‚Ι“]—@‚U‚PΞ’j«€–S@ς•§”ό”Z‰Α–Ξs,https://news.yahoo.co.jp/articles/a586c518bac735382d62fe9ff885c76dbf74e75f,2023/12/12(‰Ξ) 19:22
gifuchan,‚¬‚Σƒ`ƒƒƒ“DIGITAL,»E‚ΜR“ΰ‚ªΔ‘I‚Φo”n•\–Ύ@‰ΊCs’·‘I‹“@ς•§,https://news.yahoo.co.jp/articles/d5065dfba2a779b5949f1a2c2e3a9711f8e9d335,2023/12/12(‰Ξ) 17:22
gifuchan,‚¬‚Σƒ`ƒƒƒ“DIGITAL,‹βs‹¦‰οEυ‚π‘•‚Ά—«‚©‚ηƒLƒƒƒbƒVƒ…ƒJ\ƒh‚π“‚ρ‚Ύ‹^‚Ά‚Ε‚R‚PΞ’j‘ί•ί@ς•§e–±΄s,https://news.yahoo.co.jp/articles/342d611e02035557b71889b93b388af441cc1fc3,2023/12/11() 20:32
gifuchan,‚¬‚Σƒ`ƒƒƒ“DIGITAL,‚P‚O‚O‰ρ‹L”O‚Μ’θϊ‰‰‘t‰ο‚Φ  ς•§π‹Ώy’c‚ª—ϋK‚Ι—γ‚ή@ς•s‚Ε‚P‚V“ϊJΓ,https://news.yahoo.co.jp/articles/7c77fd75067fcfa7b73b50ffd2d6f9db64b113f1,2023/12/11() 20:32
gifuchan,‚¬‚Σƒ`ƒƒƒ“DIGITAL,uƒwƒ‹ƒƒbƒg‚Ε–½η‚Α‚Δv ς•§x‚βς•s’·‚η‚ªX“ª[”­@”N––‚Μπ’Κΐ‘S§–―‰^“®,https://news.yahoo.co.jp/articles/ecb5a86a6a00eef05053631ff1e9ec8aade2ae9e,2023/12/11() 17:22
gifuchan,‚¬‚Σƒ`ƒƒƒ“DIGITAL,ς•s‚Ζ¤’m§κ‹{s‚ΜΑ–h–{•”‚ª‡“―P—ϋ@u‚m‚n‚a‚hƒvƒƒWƒFƒNƒgv‚ΕAg‹­‰»,https://news.yahoo.co.jp/articles/74838dfff8707eec35fd10e8a63f36a937e52f7e,2023/12/11() 17:02
gifuchan,‚¬‚Σƒ`ƒƒƒ“DIGITAL,Vπ‚Μo—γ‚ª‚θ‚°‚ι™‹Κ‚Μ|‚―‘Φ‚¦@Ου‹q‚η‚ªγΫ@ς•§‚Rs‚Μπ‘Ά“X,https://news.yahoo.co.jp/articles/b66be8c86948359391e921a39c6eaf26ea75acd1,2023/12/11() 17:02
gifuchan,‚¬‚Σƒ`ƒƒƒ“DIGITAL,Α‰Ξƒz[ƒX‚Μ“›ζ‚π“‚ρ‚Ύ‹^‚Ά‚Ε–³E‚Μ’j‘ί•ί@ς•§‰Α–ΞS”’μ’¬,https://news.yahoo.co.jp/articles/f93e6ecedfc865be033c04625b0a930c65a68b90,2023/12/11() 17:02
gifuchan,‚¬‚Σƒ`ƒƒƒ“DIGITAL,‚Z¶‚ª‹ΰ—ZoΟ‚Μ’m―‚π‹£‚¤@ƒGƒRƒmƒ~ƒNƒXbq‰€ς•‘ε‰ο,https://news.yahoo.co.jp/articles/5dde451bce06f0ee54f002c2f97042875508e9d2,2023/12/10(“ϊ) 21:02
gifuchan,‚¬‚Σƒ`ƒƒƒ“DIGITAL,u|”\E“ό‚Α‚Δ‚Μ–²vƒ^ƒƒ“ƒgE‘ε‹v•Ϋ‰ΐ‘γq‚³‚ρ‚ª’†’Γμ‚Μκ“ϊx@’·,https://news.yahoo.co.jp/articles/d9767a0e894fe18e266b330edf18ef3eb28fddf6,2023/12/10(“ϊ) 21:02
gifuchan,‚¬‚Σƒ`ƒƒƒ“DIGITAL,‹ΰ‰ΨR‚Μ“oR“Ήu‚ί‚Ά‘z‚Μ¬av‚Ε—@‚S‚WΞ—«‚ª‘«ρά,https://news.yahoo.co.jp/articles/8c24692560b2702b8c9a63cde2b27f6d317a7e92,2023/12/10(“ϊ) 21:02
gifuchan,‚¬‚Σƒ`ƒƒƒ“DIGITAL,±xu’Cv‚Μ’u•¨‚Γ‚­‚θ‚ªΕ·ϊ@”ς‘Λ‚Μ“`“H|•iuκΚκ“’¤v,https://news.yahoo.co.jp/articles/f49f2e7357895ce9165f442dbca0b0dc97ffbd9a,2023/12/10(“ϊ) 21:02
gifuchan,‚¬‚Σƒ`ƒƒƒ“DIGITAL,ς•s‚Μd‚Π‚«“¦‚°–@ƒuƒ‰ƒWƒ‹‘Π‚Μ—‚π‚Π‚«“¦‚°‚Ω‚¤•—e‹^‚Ε‘ί•ί,https://news.yahoo.co.jp/articles/de412ba956b2feb876fb5ee179ec7cab0c5416b0,2023/12/10(“ϊ) 13:52
gifuchan,‚¬‚Σƒ`ƒƒƒ“DIGITAL,“ί‰Α‘ζκ‚ª‘‡—D@ƒsƒmƒLƒI–ς‹Η”t,https://news.yahoo.co.jp/articles/4c21c5a3f6a3f351a55b056fe2d39441698cfd12,2023/12/9(“y) 22:52
gifuchan,‚¬‚Σƒ`ƒƒƒ“DIGITAL,ί—Ώƒvƒƒ“ƒg‰ΑH‰οΠ‚ªς•E–{‘ƒs‚ΙΓ’…‰®‚πƒI[ƒvƒ“,https://news.yahoo.co.jp/articles/92e61dacc7ee70ca4c5ca09fe40752b0756c5dea,2023/12/9(“y) 22:32
gifuchan,‚¬‚Σƒ`ƒƒƒ“DIGITAL,J‹Ζ’§ν‚πγ‰‚µ‚µ‚ζ‚¤‚Ζƒƒ“ƒ^ƒ‹ƒXƒy\ƒX‚Ι~–[‚π‘έ@‘ε_s‚Μέv––±,https://news.yahoo.co.jp/articles/5322bba80dc64ca847967bc267bc2c68331ad3ec,2023/12/9(“y) 22:22
gifuchan,‚¬‚Σƒ`ƒƒƒ“DIGITAL,‚T‚PΞ‚Μ’c‘ΜEυ‚Μ’j‚ªπ‹C‘Ρ‚Ρ–Μ‚Ε€»s”Ζ‘ί•ί@‘ε_x@,https://news.yahoo.co.jp/articles/021233a1820153c69151c1987966123b954729a2,2023/12/9(“y) 21:52
gifuchan,‚¬‚Σƒ`ƒƒƒ“DIGITAL,‹Ζ–±uƒJƒCƒ[ƒ“v‚Ε¶Yψ—¦ƒAƒbƒv@ς•§“yςs‚ΜHκ‚Ε¤C‰ο,https://news.yahoo.co.jp/articles/4d4dafa1813b7c7106918f149960f2aeeb847f9c,2023/12/8(‹ΰ) 22:52
gifuchan,‚¬‚Σƒ`ƒƒƒ“DIGITAL,’ι‹‘ε‰Β™‚ªu‚Q‚PΆ‹Igv“C’n‹ζσ•β‚Ι@—t‚ΜƒZƒ“ƒoƒc‚Z–μ‹…@ς•§,https://news.yahoo.co.jp/articles/b8443e6d7539b5535fdfcb355a0ad4ab65aec377,2023/12/8(‹ΰ) 20:52
gifuchan,‚¬‚Σƒ`ƒƒƒ“DIGITAL,’ΉƒCƒ“ƒtƒ‹ƒGƒ“ƒU΄υ–h~‚Φ@ς•§“ΰ‚P‚P‚P‚Μ—{{κ‚Θ‚Η‚ΕΑ“Εμ‹Ζn‚ά‚ι,https://news.yahoo.co.jp/articles/959aa593cd2ab0865d2d395ff15a3bfb181cec6c,2023/12/8(‹ΰ) 19:02
gifuchan,‚¬‚Σƒ`ƒƒƒ“DIGITAL,©‚Δ’m‚ι»–{‚ΜƒLƒzƒ“@H’φ‚π•ª‚©‚θ‚β‚·‚­Π‰ξ@‘S‘„‚ιu—·‚·‚ι»–{“Wvς•s‚Ε‚ΰ,https://news.yahoo.co.jp/articles/1b437086a2745053851d7ab2d94f5913cdcc816a,2023/12/8(‹ΰ) 19:02
gifuchan,‚¬‚Σƒ`ƒƒƒ“DIGITAL,‚Π‚Θl`‚Ζ‰‹‚Ρ_Π‚ªƒRƒ‰ƒ{@ς•§‘ε_s‚ΜV•άl`“X,https://news.yahoo.co.jp/articles/876608067624cd62aa3fa887b414c0bb5ef12a2c,2023/12/8(‹ΰ) 19:02
gifuchan,‚¬‚Σƒ`ƒƒƒ“DIGITAL,–Ό“S“dΤ‚Ζζ—pΤ‚ªΥ“Λ@‚—ξ•v•w‚ª‹~‹}”ΐ‘—@ς•§‰Β™s,https://news.yahoo.co.jp/articles/ff2fe53967eeb4dfafe27f8be18387c18f0e91f8,2023/12/8(‹ΰ) 18:52
gifuchan,‚¬‚Σƒ`ƒƒƒ“DIGITAL,‹³η“®‚Ε¬‰Κ‚πγ‚°‚½‚SZ‚π•\²@‘ζ‚U‚U‰ρς•§—DGZ•\²®,https://news.yahoo.co.jp/articles/b62f894f9af8a245f716076f6457c56d96f850bf,2023/12/8(‹ΰ) 18:02
gifuchan,‚¬‚Σƒ`ƒƒƒ“DIGITAL,e–±΄s‚Μ‚o‚e‚`‚r–β‘θ@δΛ‚Ζ…H‚©‚ηV‚½‚Ιo@ό•Σ‚Ε’Η‰Α‚Μ…Ώ’²Έ,https://news.yahoo.co.jp/articles/c314e7893ddff36965013267896c40a66f820337,2023/12/7(–Ψ) 20:22
gifuchan,‚¬‚Σƒ`ƒƒƒ“DIGITAL,ƒ^ƒJ‚ª•ίH‚µ‚½ƒJƒ‹ƒKƒ‚‚ΰ‚•a΄«’ΉƒCƒ“ƒtƒ‹‚Ζm”F@ς•§_Λ’¬‚Μκ•”‚π–μ’ΉΔ‹d“_‹ζζ‚Ι,https://news.yahoo.co.jp/articles/ffa8954ba4d379e9b71b64d4caa3213a46e545c9,2023/12/7(–Ψ) 20:02
gifuchan,‚¬‚Σƒ`ƒƒƒ“DIGITAL,Κ‚θ–L‚©‹‰Ψ‚ΘO’id@‚Z¶‚ª‚¨‚Ή‚Ώμ‚θ’§ν@ς•sι“μ‚Z,https://news.yahoo.co.jp/articles/316e75e36c3c69235b7b238c3e02457583f39a69,2023/12/7(–Ψ) 20:02
gifuchan,‚¬‚Σƒ`ƒƒƒ“DIGITAL,V^ƒRƒƒiƒEƒCƒ‹ƒX΄υÒ”A‘OT‚ζ‚θ‚R‚Ol‘‰Α@ς•§,https://news.yahoo.co.jp/articles/b20245e4cc39afbd49869dec4675f1f34e9160ce,2023/12/7(–Ψ) 19:52
gifuchan,‚¬‚Σƒ`ƒƒƒ“DIGITAL,‚Z¶‚ªuλ‹@βYv‚Μ–β‘θ‚Ιό‚«‡‚¤@ΆEβYƒvƒƒ[ƒ“”­•\‰ο@ς•§Qs,https://news.yahoo.co.jp/articles/071f1282e9cd0f23a2663617839bdfd2eab70dc4,2023/12/7(–Ψ) 19:52
gifuchan,‚¬‚Σƒ`ƒƒƒ“DIGITAL,g”’‚ΜΚ‚θ@”ς‘Λ’n•ϋ‚Μu‰Τ‚ΰ‚Ώv‚Γ‚­‚θΕ·ϊ@ς•§‚Rs,https://news.yahoo.co.jp/articles/28787132a995e49966994f23347be8687083efd4,2023/12/7(–Ψ) 19:52
gifuchan,‚¬‚Σƒ`ƒƒƒ“DIGITAL,•ίl‚³‚κ‚½uƒRƒNƒ`ƒoƒXv‚π“W¦@¶‘Τn‚Φ‚Μ‰e‹Ώ‚π‰πΰ@ς•§e–±΄s‚ΜƒAƒNƒAEƒgƒg‚¬‚Σ,https://news.yahoo.co.jp/articles/1d71ad200dc8240073b75945cbdd6bea60ee31eb,2023/12/7(–Ψ) 19:32
gifuchan,‚¬‚Σƒ`ƒƒƒ“DIGITAL,qη‚Δx‰‡{έ ƒcƒiƒOƒe@–φƒP£¤“XX‚Θ‚Η‚Φ‚Μl—¬”g‹y‚π¤‹†@ς•s,https://news.yahoo.co.jp/articles/07cc209f6b49112406302b327a4e90a62353a9e1,2023/12/6(…) 20:22
gifuchan,‚¬‚Σƒ`ƒƒƒ“DIGITAL,³“ϊ–{‘γ•\‚Ε‚e‚bς•‚Μ‰F‰κ_‘Iθ@ulΤ—Νv‚Μ–‚«•ϋ‚πκ‚ι@‘n—§‚P‚O‚Oό”N‚Μ‰H“‡‚Z‚Εu‰‰,https://news.yahoo.co.jp/articles/e8b565233b5737d4f9c658dae3baf93252c09779,2023/12/6(…) 20:22
gifuchan,‚¬‚Σƒ`ƒƒƒ“DIGITAL,uγ‰χ‚Θ‚­I‚ν‚κ‚ΔK‚Ήv ‚e‚bς•E“c’†‡–η‘Iθ@ψ‘ή‰ο©,https://news.yahoo.co.jp/articles/f6ab2b088f9b17f78b9d48886c722e3c86362490,2023/12/6(…) 20:02
gifuchan,‚¬‚Σƒ`ƒƒƒ“DIGITAL,ς•§”ς‘Λs‚Μ“s’|s’·@ϊs’·‘I‚Ι‚R‘I–Ϊw‚µ‚Δo”n•\–Ύ,https://news.yahoo.co.jp/articles/164a3e3ada0e31ab750c826a08266ed2c492d237,2023/12/6(…) 20:02
gifuchan,‚¬‚Σƒ`ƒƒƒ“DIGITAL,ƒ^ƒC‹’“_Ό‹\ƒOƒ‹[ƒv‚Μ’j@•Κ‚ΜΌ‹\–Φ—^‚ΕΔ‘ί•ί@ς•§x,https://news.yahoo.co.jp/articles/8ddab3c463af75480d7f819e2dddd2a99f624665,2023/12/6(…) 20:02
