media_en,title_articles,link_articles,date_original
spaia,【北九州記念】波乱上等の真夏のハンデ戦　穴候補はスマートリアンら牝馬勢,https://news.yahoo.co.jp/articles/daa679c7c3e882b94cb9ba39f36a30e8ab0f349e,8/13(日) 17:11
spaia,【札幌記念】札幌開催の過去9回で1番人気0勝　データは前走・安田記念のジャックドールが一歩リード,https://news.yahoo.co.jp/articles/05696bb85898793e22e88933b542dabc318c635d,8/13(日) 17:10
spaia,【関屋記念結果速報】鋭い末脚でアヴェラーレが差し切りV！　2着はディヴィーナ,https://news.yahoo.co.jp/articles/1626f19797f946ec9b88178cf6b51f64960632cb,8/13(日) 15:56
spaia,【小倉記念結果速報】エヒトが早め先頭から押し切り！　2着は逃げ粘ったテーオーシリウス,https://news.yahoo.co.jp/articles/d9422e00aa43c647d3ddedae6caa32c04978c2a7,8/13(日) 15:39
spaia,【関屋記念予想まとめ】メイショウシンタケに印集まる　好データ持ちのビューティフルデイにも注目,https://news.yahoo.co.jp/articles/a857da6fec4c076c4a7d98801bfbb548435462a9,8/13(日) 11:02
spaia,【小倉記念予想まとめ】マリアエレーナが最有力　逆転候補はアップデートとテーオーシリウス,https://news.yahoo.co.jp/articles/af19dbf90e800f5aa70f4c7c5da5cba18a20c793,8/13(日) 11:00
spaia,【小倉記念】前走・鳴尾記念組は「勝率42.9%」　AIの本命は連覇狙うマリアエレーナ,https://news.yahoo.co.jp/articles/5e12a1b7f1b6b6c53425d5742b77d04d8a94c5ff,8/13(日) 9:01
spaia,【関屋記念】初芝も近5年で3勝の好データに該当　AIの本命は芝重賞で好走した姉を持つコンシリエーレ,https://news.yahoo.co.jp/articles/3fd6aee961ce871e2b203ebb0d075aa3dfdaa130,8/13(日) 9:01
spaia,【関屋記念】中京記念組は好走馬より凡走馬に良績あり　東大HCの本命はメイショウシンタケ,https://news.yahoo.co.jp/articles/d3b3a650416b7f3ef84208eb65fc225712995fe7,8/13(日) 6:02
spaia,【関屋記念】マイル適性もあり立て直されたララクリスティーヌ　京都牝馬S以来の巻き返しに期待,https://news.yahoo.co.jp/articles/ca20b0cb7fb4ed3c03dcf98f6c8c299c96390bcb,8/12(土) 19:10
spaia,【小倉記念】軽斤量の差し追込が決まりやすいレース　京大競馬研の本命はアップデート,https://news.yahoo.co.jp/articles/c2f2e83637479a50b69ce2d6c4f802ca7f1d75d8,8/12(土) 6:03
spaia,【関屋記念枠順】中京記念2着のディヴィーナは1枠1番、21年覇者のロータスランドは7枠14番,https://news.yahoo.co.jp/articles/aaf3e9d0c321f6f435a0cfa59b7fd32941abe229,8/11(金) 12:01
spaia,【小倉記念枠順】連覇を狙うマリアエレーナは2枠4番、七夕賞2着のククナは5枠10番,https://news.yahoo.co.jp/articles/a3dbbb6c298fdbbaa0be1d78949d1a71db229181,8/11(金) 12:01
spaia,【競馬】東大HCが小倉巧者を徹底検証　オルフェーヴル産駒がダートで断トツの成績、騎手は浜中俊騎手ら九州出身者が活躍,https://news.yahoo.co.jp/articles/419c75c1460c884349bce140d3cea0107859ea80,8/11(金) 6:03
spaia,【関屋記念】逃げ馬の複勝率50%と意外なデータ　奇襲が決まれば面白いラインベック,https://news.yahoo.co.jp/articles/ba79378ab9253494999e86f970c8e325d33855b9,8/10(木) 17:00
spaia,【小倉記念】「6歳以上」や「七夕賞組」は1勝のみ　データで導く「過信禁物の注目馬」,https://news.yahoo.co.jp/articles/87206d796dd7795da92b219c4ea58fe8c189cb35,8/10(木) 11:01
spaia,【小倉記念】逃げ馬は10年間0勝の大苦戦　ハイペースに強いノーザンテーストの血に注目,https://news.yahoo.co.jp/articles/f0ef91141f565ecaf0b4a31c6dd7b38e93f4c40b,8/10(木) 6:03
spaia,【関屋記念】「前走1～3番人気」が好データ　過去の勝ち馬に重なるビューティフルデイ,https://news.yahoo.co.jp/articles/72ddeed3a75f4c80d404e04f4543692f78aad33c,8/9(水) 11:02
spaia,【小倉記念】マリアエレーナとエヒトは消し　ハイブリッド式消去法で浮上したのはレヴェッツァら4頭,https://news.yahoo.co.jp/articles/2f2dba56dd435a2a9dbaa6b4a4cbb6530f6d85fe,8/9(水) 6:04
spaia,【関屋記念】末脚自慢で新潟外回りは上積み十分　Cアナライズからはアヴェラーレを推奨,https://news.yahoo.co.jp/articles/b4598510103567a4092c36ccfb65a6d04d89af4b,8/8(火) 17:00
spaia,【注目2歳馬】ファーヴェントがラスト2Fで突き抜ける　最終世代のハーツクライ産駒から大物誕生の予感,https://news.yahoo.co.jp/articles/1098519877686c0a54e8e5192d4082c40f853a7a,8/8(火) 11:03
spaia,【小倉記念】種牡馬の3着内トップはディープインパクト　最年少優勝はナイスネイチャなど「記録」を振り返る,https://news.yahoo.co.jp/articles/e49a697eca34f218bc07f4fd26d61c01e6f819ec,8/8(火) 6:04
spaia,【2歳馬ジャッジ】札幌芝でラスト2F11秒2-11秒1は秀逸　パワーホールがGⅠ級の走りを見せる,https://news.yahoo.co.jp/articles/17ca426a196f8b3b1ad368dbf135d68aa6fef72d,8/7(月) 17:00
spaia,【レパードS回顧】ライオットガールが13年ぶりとなる牝馬V　サバイバル戦を粘った上位3頭の今後に期待,https://news.yahoo.co.jp/articles/6ab69041ef694b8065b30f2ad51e5ee85ee58e4f,8/7(月) 11:43
spaia,【エルムS回顧】札幌替わりを味方にセキフウが逆転V　北海道ダートシリーズ3戦のキモは条件変化,https://news.yahoo.co.jp/articles/e6788892523d68940bb5c5941573bbadfffe44ae,8/7(月) 11:28
spaia,【関屋記念】中京記念は敗退組に妙味あり　注目は米子S勝ち馬のメイショウシンタケ,https://news.yahoo.co.jp/articles/c354dadc1928c7e91fd748ae4a1989a629ae377a,8/6(日) 17:20
spaia,【小倉記念】連覇狙うマリアエレーナが中心　血統的に好相性はカレンルシェルブル,https://news.yahoo.co.jp/articles/6aeccae62e34492883d1b5f95faab40854aa2cbd,8/6(日) 17:19
spaia,【レパードS結果速報】好位から抜け出したライオットガールが重賞制覇！　2着はオメガギネス,https://news.yahoo.co.jp/articles/c683bbd195a32a9860c6b88040438b78ea09ead7,8/6(日) 15:51
spaia,【エルムS結果速報】セキフウが大外一気で差し切りV！　2着はワールドタキオン,https://news.yahoo.co.jp/articles/48b5da620b0b61ac5c518828a4d67e2442af0616,8/6(日) 15:45
spaia,【レパードS予想まとめ】条件戦組よりリステッド勝ち馬を支持　注目はエクロジャイトとパクスオトマニカ,https://news.yahoo.co.jp/articles/c3fce374a90508f8e35f980d4a82a30c06dc4fbd,8/6(日) 11:02
spaia,【エルムS予想まとめ】それぞれ見解が分かれる大混戦　セキフウ、ロードブレスなどに本命印,https://news.yahoo.co.jp/articles/d55e93107cf0ee5c306d497dce40dc1801ed1e68,8/6(日) 11:01
spaia,【レパードS】連対率50%の好データに該当　AIの本命は三冠馬の甥を持つ良血馬ミスティックロア,https://news.yahoo.co.jp/articles/025e9ad5079a5e2ff769723d78726b6f50d8f476,8/6(日) 9:03
spaia,【エルムS】連勝中に付けた着差は能力の証　AIの本命は好成績の5歳馬ワールドタキオン,https://news.yahoo.co.jp/articles/07a712e2296168cdd48d43806f85efd8ca2d6322,8/6(日) 9:02
spaia,【レパードS】OP勝ちと逃げの実績を重視　東大HCの本命はエクロジャイト,https://news.yahoo.co.jp/articles/539c8204892d671cd8618314ed84dad3d5679929,8/6(日) 6:04
spaia,【レパードS】上がり馬より早期から活躍した馬を重視　ツウカイリアルの一発に期待,https://news.yahoo.co.jp/articles/6817c50d2e9afe8de6ff2afbf083e4a3767ea6e2,8/5(土) 17:02
spaia,【エルムS】4、5歳で速い上がりが使える馬を中心に　京大競馬研の本命はセキフウ,https://news.yahoo.co.jp/articles/b981d1cb1cb28b62efc007b1796d4a0833ef2fa7,8/5(土) 6:04
spaia,【レパードS枠順】川田将雅騎手騎乗のミスティックロアは5枠9番、鳳雛S勝ち馬エクロジャイトは7枠13番,https://news.yahoo.co.jp/articles/f044d41102cab22c0c16005f5952e6ca7cee408b,8/4(金) 12:02
spaia,【エルムS枠順】マリーンS勝ち馬ペプチドナイルは3枠3番、連勝中のワールドタキオンは3枠4番,https://news.yahoo.co.jp/articles/aefbf2f10feeee99daae11f919d3db8b57da6aa1,8/4(金) 12:00
spaia,【競馬】2022年デビューの佐々木大輔、今村聖奈、角田大河騎手を徹底分析　3人の「買い条件」を発見,https://news.yahoo.co.jp/articles/f43b338c925ba34de6d05b8fdcb4e2c6a13cf9b2,8/4(金) 9:43
spaia,【レパードS】今年は逃げ馬に厳しい展開になる可能性大　穴馬は後方待機のリバートゥルーとマオノアラシだ,https://news.yahoo.co.jp/articles/a9dc677d1c71482a93265f3b0d57d9cab3093de0,8/3(木) 17:00
spaia,C.ルメール騎手が90勝でトップ　戸崎圭太騎手は月間最多17勝の大活躍【7月終了時点での騎手リーディング】,https://news.yahoo.co.jp/articles/8ff705c875cade07aa9a2ca21d43fe5548edfd4a,8/3(木) 11:02
spaia,【エルムS】ダート替わりはクラスが上がるほど凡退率アップ　データで導く「過信禁物の注目馬」,https://news.yahoo.co.jp/articles/454df3122cf9fbf66f5ba98b148e78c9f10dcee2,8/3(木) 11:02
spaia,【エルムS】フジキセキ、Deputy Ministerの血を持つ馬が好走　有力馬の血統解説,https://news.yahoo.co.jp/articles/175c5b31ff1a68117b25dda86c9ac59f39d7d88b,8/3(木) 6:05
spaia,【レパードS】「キャリア数」が取捨の決め手　好データを満たしたクレメダンジュが牡馬を一蹴だ,https://news.yahoo.co.jp/articles/6b2b2ed7f86bb41b9224cf412111648a74840561,8/2(水) 11:01
spaia,【レパードS】最有力候補ミスティックロアは消し！　実績上位のエクロジャイトやクレメダンジュを推奨,https://news.yahoo.co.jp/articles/12c4d3517215ea91e3cfc8e1d9fbd1b0014d5f7f,8/2(水) 6:04
spaia,【レパードS】重要データ該当馬はわずか3頭　Cアナライズからは完成度の高いエクロジャイトを推奨,https://news.yahoo.co.jp/articles/d6951354997ca6649841262fd5975d5512cdf10f,8/1(火) 17:03
spaia,【注目2歳馬】エピファネイア産駒カンティアーモがレコードV　追い比べから差し返す好内容,https://news.yahoo.co.jp/articles/4f9605b80fa4d82ddf3aa1723fe5df98a3ca0067,8/1(火) 11:02
spaia,【エルムS】歴代最速上がりの優勝馬と最多勝騎手とは　「記録」を振り返る,https://news.yahoo.co.jp/articles/b062edd8cbb31c5bafdf33d193307dba54bf976d,8/1(火) 6:03
spaia,【2歳馬ジャッジ】不利を跳ね返したステレンボッシュは重賞でも大注目,https://news.yahoo.co.jp/articles/c5a119311847db60382b938f24f92d1c56b083fb,7/31(月) 18:00
spaia,【アイビスSD回顧】オールアットワンスと石川裕紀人騎手が見せた阿吽の呼吸　絶妙のタイミングで抜け出し、2年ぶり2勝目の快挙,https://news.yahoo.co.jp/articles/df9385e73a0a3b13b5e1c589d90424214374d95a,7/31(月) 11:36
spaia,【クイーンS回顧】ドゥーラは持続力勝負なら牝馬トップクラス　圧巻の走りで札幌重賞2勝目,https://news.yahoo.co.jp/articles/8a35efdd5afa9520d5bb75f6bca8a9daf180960e,7/31(月) 11:14
spaia,【レパードS】エクロジャイトなど賞金上位組に死角あり　ポイントは前走条件戦組の取捨選択,https://news.yahoo.co.jp/articles/783d5c4b17b0475340be815ae3a6f64256ee10d1,7/30(日) 17:11
spaia,【エルムS】マリーンSを0.6秒差Vのペプチドナイルが中心　逆転候補はセキフウ,https://news.yahoo.co.jp/articles/fa58057505f7da4f0874d1bce8fe8386063a5bc0,7/30(日) 17:10
spaia,【アイビスSD結果速報】オールアットワンスが1年ぶりのレースで重賞勝ち！　石川裕紀人騎手の好騎乗も光る,https://news.yahoo.co.jp/articles/f25dac769373282783f4cae33ba043d927214e2d,7/30(日) 15:49
spaia,【クイーンS結果速報】ドゥーラが人気に応え重賞制覇　2着はウインピクシス,https://news.yahoo.co.jp/articles/3433922771de0127dd6c6c990aed73be07fee385,7/30(日) 15:43
spaia,【アイビスSD予想まとめ】8枠16番のファイアダンサーに印集まる　ライオンボスは復活なるか,https://news.yahoo.co.jp/articles/ee2128d200817a020eeb9d32bcb3c21abab39f9e,7/30(日) 11:02
spaia,【クイーンS予想まとめ】3歳勢はドゥーラ、キタウイング　古馬勢ではサトノセシルのリピート好走に注目だ,https://news.yahoo.co.jp/articles/185e6b9e1cc4665821e620844af269755aafad43,7/30(日) 11:01
spaia,【アイビスSD】長期休養明けも実績とスピード十分　AIの本命はジャングロ,https://news.yahoo.co.jp/articles/05eead8de25181d1e2343b9a03b2811f56362fba,7/30(日) 9:01
spaia,【クイーンS】自在性を武器に重賞制覇を狙う　AIの本命はジネストラ,https://news.yahoo.co.jp/articles/a06fc9ef3b3e0ca82c1d5aed4f149559bee764f3,7/30(日) 9:01
spaia,【アイビスSD】前走は不利な1枠から負けて強し　東大HCの本命はファイアダンサー,https://news.yahoo.co.jp/articles/856e82f55986259fa0bc4bf31796d04106cb22aa,7/30(日) 6:02
spaia,【クイーンS】好条件そろったウインピクシスの巻き返しに期待　内枠有利の舞台、出走馬をPP指数で分析,https://news.yahoo.co.jp/articles/05be0470c198b783162de37bfaa04a2b4150d100,7/29(土) 17:00
spaia,【クイーンS】3歳と上位人気馬が好成績　京大競馬研の本命はドゥーラ,https://news.yahoo.co.jp/articles/1bff7c300651c3017d3c37c018390e98049e5ae0,7/29(土) 6:03
spaia,【アイビスSD枠順】長期休養明けのジャングロは3枠6番、韋駄天S3着のトキメキは5枠10番,https://news.yahoo.co.jp/articles/6e890ba1f8dcd23164b19f7809a24baacb92759d,7/28(金) 12:01
spaia,【クイーンS枠順】オークス3着のドゥーラは5枠7番、シンザン記念覇者ライトクオンタムは3枠3番,https://news.yahoo.co.jp/articles/c1687b81376460f37068ed42cc77dee965e04b28,7/28(金) 12:00
spaia,【アイビスSD】韋駄天S組の取捨がポイント　内枠敗戦馬の条件替わりを狙え,https://news.yahoo.co.jp/articles/1a8ab733eac11879f60af0f95163dc25d094cb4a,7/27(木) 17:00
spaia,【アイビスSD】レース間隔、ペース対応力で明暗ハッキリ　データで導く「過信禁物の注目馬」,https://news.yahoo.co.jp/articles/4b7a3a55c55fda4c1b4a1857616ce927c18b8728,7/27(木) 11:01
spaia,【クイーンS】圧倒的内枠有利で注目すべき「機動力型の血脈」を持つ馬とは　有力馬の血統解説,https://news.yahoo.co.jp/articles/bf6d7695ae8e91a5388e4bade659e23b0fcf4efe,7/27(木) 6:02
spaia,【アイビスSD】過去10年で「前走4着以内」が16連対　直線競馬でファイアダンサーが連続好走だ,https://news.yahoo.co.jp/articles/00a9aec6a2f0d96ce998155257696881e0658b4e,7/26(水) 11:00
spaia,【クイーンS】ドゥーラやルビーカサブランカは馬体重次第で消し　全ての消去条件を免れたのはイズジョーノキセキのみ,https://news.yahoo.co.jp/articles/5979a437816d2a645cc05be835b48e0b1e057785,7/26(水) 6:04
spaia,【クイーンS】「前走不利データ」を持ち、札幌実績も十分　Cアナライズからは軽斤量のドゥーラを推奨,https://news.yahoo.co.jp/articles/1b47d4f1c7935c6fb2fedf639312e92b62472eea,7/25(火) 17:03
spaia,夏の新潟で狙える騎手を調査　芝は田辺裕信騎手、ダートは内田博幸騎手が熱い,https://news.yahoo.co.jp/articles/a6f728b4736ee2c5bcc15bac82c21c6094286556,7/25(火) 16:58
spaia,【注目2歳馬】若さを見せながらも勝ち切ったマテンロウゴールド　レイデオロ産駒は出走10頭目で初勝利,https://news.yahoo.co.jp/articles/3cecf0bcdb71ff1431c24880394b8250475df9eb,7/25(火) 11:01
spaia,【アイビスSD】馬券圏内トップはサクラバクシンオー産駒の8回　千直重賞の「記録」を振り返る,https://news.yahoo.co.jp/articles/bdf786e786cdb9661808a6c1302fe206e40f2758,7/25(火) 6:03
spaia,【2歳馬ジャッジ】コスモディナーが優秀なラップで新馬勝ち　ラスト2F12秒0-11秒6は確かな実力,https://news.yahoo.co.jp/articles/3f5688c46792f18619763f67146fb7b58665d7ae,7/24(月) 17:20
spaia,【中京記念】セルバーグが得意舞台で重賞初V　勝利に導いたエピファネイア産駒の強み,https://news.yahoo.co.jp/articles/c2133697b9ab8b0848a3f3909b879b35923ad2a2,7/24(月) 10:42
spaia,【クイーンS】ポイントは1800mの距離にあり　スピード能力高いシャーレイポピーに注目,https://news.yahoo.co.jp/articles/eec11409814fcc119926267ba714bacd531afec7,7/23(日) 17:27
spaia,【アイビスSD】トキメキにリベンジの好機到来　2年前の覇者オールアットワンスも侮れない,https://news.yahoo.co.jp/articles/e8765de5dbeca965d8ebd71641cf7594c50a8cee,7/23(日) 17:26
spaia,【中京記念結果速報】セルバーグが逃げ切りV！　2着は追い込んだディヴィーナ,https://news.yahoo.co.jp/articles/adfeb87b9e9cb3e579bf2cefbee375802a9fba7e,7/23(日) 15:45
spaia,【中京記念予想まとめ】絶対的本命は不在　ダノンスコーピオン、メイショウシンタケなどが有力,https://news.yahoo.co.jp/articles/585f8b7eb1e5c8fb8c86795c17d3920c790d89a5,7/23(日) 11:00
spaia,【中京記念】5歳×前走OP・リステッドが好成績　AIの本命はヴァリアメンテ,https://news.yahoo.co.jp/articles/21c8cf6f1318034ba15f6f8b555cd86c27b39c3f,7/23(日) 6:03
spaia,【中京記念】前走オープンクラス勝ちの5歳馬は複勝率71.4%　東大HCの本命はメイショウシンタケ,https://news.yahoo.co.jp/articles/79a49ddf36cbac3badaf766545d0d340cbc184ef,7/23(日) 6:02
spaia,【中京記念】前に行けばしぶといセルバーグ　休み明け2戦目の変わり身に期待,https://news.yahoo.co.jp/articles/17c471c20f3018dab392d19e4f3061bf1a700ce3,7/22(土) 17:30
spaia,【中京記念】末脚勝負に強い血統を推す　京大競馬研究会の本命はダノンスコーピオン,https://news.yahoo.co.jp/articles/0968a11d3dbc88e8921406e7971c4d8ac750242d,7/22(土) 6:04
spaia,【中京記念枠順】川田将雅騎手騎乗のルージュスティリアは8枠16番、GⅠ馬ダノンスコーピオンは6枠12番,https://news.yahoo.co.jp/articles/35de18b77a0a8a73f8bf37e456792bc1f9ade4d7,7/21(金) 12:00
spaia,【競馬】東大HCが札幌巧者を徹底検証　芝の下級条件でキズナ、ダ1000mで松岡正海騎手は買い,https://news.yahoo.co.jp/articles/5c9b95e719ce890adf26cf83b1bda5e07f2ec9a6,7/21(金) 6:05
spaia,【中京記念】中京マイルの過去7回で8頭が連対　好相性のノーザンテーストの血を持つ有力馬とは,https://news.yahoo.co.jp/articles/7cb5665c4893149aab1f760f79bb73bd8e802790,7/20(木) 6:05
spaia,「美浦トレセン坂路閉鎖」は関東馬の成績に影響をもたらしたか　データを調査すると意外な事実が判明,https://news.yahoo.co.jp/articles/6d2acadfd706e26b38a457a8c4fc416b44437706,7/20(木) 6:04
spaia,【中京記念】ハーツクライ産駒は9頭中4頭が人気薄から馬券絡み　シュリが波乱を起こす,https://news.yahoo.co.jp/articles/27cdc00cf7e01ac40d3c6aedc074806c8bc5441d,7/19(水) 11:01
spaia,【中京記念】ルージュスティリアら前走ヴィクトリアマイル組を全消し　残ったのは高配当も期待できる4頭,https://news.yahoo.co.jp/articles/804f6f5d5fa0192214d38cda6e5642e956f60de3,7/19(水) 6:03
spaia,【中京記念】複勝率42.9%の好データに唯一該当　Cアナライズからはメイショウシンタケを推奨,https://news.yahoo.co.jp/articles/ad8f03a5ef2ceba3078e8eeee10a59ebdea2643a,7/18(火) 17:00
spaia,【中京記念】参考レース振り返り　データはパラダイスS組優勢、実績最上位はダノンスコーピオンも混戦模様,https://news.yahoo.co.jp/articles/d0077c00a1dd2dff63615fdbbc99c0fd7b247d26,7/18(火) 11:00
spaia,【中京記念】マイル戦では馬連万馬券が5本　最多勝馬主はキャロットファームなど「記録」を振り返る,https://news.yahoo.co.jp/articles/2fab88ba66b3e36c5a083ddfe821e8b7111843cf,7/18(火) 6:03
spaia,【2歳馬ジャッジ】ミカエルパシャがGⅠ級の走りを見せる　逃げてラスト2F11秒5-11秒4は優秀,https://news.yahoo.co.jp/articles/e7dbee5e67b0bccb6e50fb88607eaee4358c428d,7/17(月) 18:00
spaia,【函館2歳S】馬場を味方にゼルトザームがJRA2歳重賞を制覇　3着スカイキャンバスは晩成型で今後が楽しみ,https://news.yahoo.co.jp/articles/d6c350390ff3b294ee49de5e07c07fb621839f2e,7/17(月) 11:40
spaia,【函館記念】展開利なし、力勝負になった一戦を制したローシャムパーク　今後も中距離路線で活躍を期待,https://news.yahoo.co.jp/articles/581c11311c76e1e37e02819837c5430d1e9a6c10,7/17(月) 11:21
spaia,【中京記念】上位人気不振の難解ハンデ重賞　注目は米子S組のメイショウシンタケ、アナゴサン,https://news.yahoo.co.jp/articles/e8f2bae200b76a0ad29dfb9c62a2a1be8a55fc20,7/16(日) 17:03
spaia,【函館記念結果速報】ローシャムパークが人気に応え重賞制覇！　2着はルビーカサブランカ,https://news.yahoo.co.jp/articles/e14b05be0acaf14ca9167e0076ae7c5f6fcdcd3a,7/16(日) 15:54
spaia,【函館記念予想まとめ】4頭に1票ずつ本命印　混戦を断つのはアラタら巴賞組か、昨年覇者ハヤヤッコか,https://news.yahoo.co.jp/articles/adc297e04d9d3c86b165005a2baac4380c8b20f3,7/16(日) 11:01
spaia,【函館記念】前走度外視で連覇に期待　東大HCの本命はハヤヤッコ,https://news.yahoo.co.jp/articles/972c17927d61b51bb71fa50043ecc8a99736e646,7/16(日) 6:02
spaia,【函館記念】得意の函館コースで重賞制覇を狙う　AIの本命はアラタ,https://news.yahoo.co.jp/articles/de8a1a72a16067584ca6c7c766bdd4f529d0591a,7/16(日) 6:02
spaia,【函館記念】芝路線に転向し地力をつけたロングラン　抽選突破の強運を生かして激走を狙う,https://news.yahoo.co.jp/articles/d50ca5891a4b5ba595b0cc2902359ba426a14207,7/15(土) 17:03
spaia,【函館2歳S結果速報】ゼルトザームが世代最初の重賞勝ち！　2着はナナオ,https://news.yahoo.co.jp/articles/c620b072bd8bf29b7fbaba6a95467199c3d16608,7/15(土) 15:29
spaia,【函館2歳S予想まとめ】人気薄に印集まる　一番手はナナオ、続くのはレガテアドール、チークタイム,https://news.yahoo.co.jp/articles/211ab5f7ef90163872d43a573110d373e71c569d,7/15(土) 11:01
spaia,【函館2歳S】前走4角位置と所属から好走馬を見抜く！　京大競馬研の本命はレガテアドール,https://news.yahoo.co.jp/articles/4415a82d960502a01b1b858e060ba73cb68c42ca,7/15(土) 6:04
spaia,【函館2歳S】「前走未勝利戦を1番人気で勝利」は単勝回収率145%　AIの本命はナナオ,https://news.yahoo.co.jp/articles/00091d303a71d6a95aa28862020fca8504faf46f,7/15(土) 6:03
spaia,【函館記念枠順】セントライト記念3着のローシャムパークは5枠9番、金鯱賞3着のアラタは5枠10番,https://news.yahoo.co.jp/articles/b0365fa2589980610c4e45ff363d394c42fd7b73,7/14(金) 12:02
spaia,【函館2歳S枠順】ルメール騎手騎乗のバスターコールは4枠6番、当レース勝ち馬たちの妹ロータスワンドは2枠2番,https://news.yahoo.co.jp/articles/e13d2e02295d8c4dd34fa9f882bf664778daa0e1,7/14(金) 12:02
spaia,【競馬】ローカルの芝で高い単勝回収率　西村淳也騎手の「買える条件・買えない条件」,https://news.yahoo.co.jp/articles/846940eddc654687a7e581d89332186f2e7fa6e8,7/14(金) 6:04
spaia,【函館2歳S】短距離のセオリー通り馬体重のある馬狙い　雄大な馬体と稍重経験が活きるタヤスロンドン,https://news.yahoo.co.jp/articles/5c4a02a4b577ee27d7afb846821ec26c7debddff,7/13(木) 17:01
spaia,【2歳馬ジャッジ】ナスティウェザーのラスト2Fの加速力は驚異的　今後の大活躍に期待,https://news.yahoo.co.jp/articles/7afc6081fa2f89d8769edc68601ad2ca5379fe0b,7/13(木) 17:01
spaia,【ジャパンダートダービー】ミックファイアが無敗で南関東三冠達成　御神本騎手「嬉しすぎて言葉が見つかりません」,https://news.yahoo.co.jp/articles/4173a779f4cac977512c74faf4dbe7c72bcb585c,7/13(木) 11:52
spaia,【函館記念】過去5年で11頭が馬券に絡んだ「スタミナ自慢の血統」とは　有力馬の血統解説,https://news.yahoo.co.jp/articles/0c951693404d2bce11b7eab79e78927a123046b5,7/13(木) 6:04
spaia,【函館2歳S】チークタイムを4つの好データが後押し　連対率4割超えの強データにも該当,https://news.yahoo.co.jp/articles/6f4f23b442c970dc02ffeb0dac1be1dbc9880d64,7/12(水) 11:02
spaia,【函館記念】ドーブネ、ローシャムパークは消し　ハイブリッド式消去法が出した答えはリピーター,https://news.yahoo.co.jp/articles/a8b614e77dc866daf6394e565ac694d7db4ad242,7/12(水) 6:05
spaia,【ジャパンダートダービー予想】連対した地方馬は3頭中2頭が東京ダービーを制覇　ミックファイアが無敗三冠へ,https://news.yahoo.co.jp/articles/29cb4600f9647091b81df8695d63e888934ca84a,7/12(水) 6:04
spaia,【函館2歳S】Cアナライズからは条件付きで3頭を推奨　穴で楽しみなのはルージュレベッカ,https://news.yahoo.co.jp/articles/00f3f0c56fde685d224623094caf4ad9e47d07c2,7/11(火) 17:01
spaia,【注目2歳馬】エピファネイア産駒ミカエルパシャが快勝　ラスト11.7-11.5-11.4で後続は為す術なし,https://news.yahoo.co.jp/articles/9290d70aa056302cc36bbc99fd1a0f9df33187e5,7/11(火) 11:03
spaia,【函館記念】3連覇後も挑戦を続けたエリモハリアー　優勝馬の最高齢など「記録」を振り返る,https://news.yahoo.co.jp/articles/899157be5d6d69bb971d8c2a82a241ba740939f4,7/11(火) 6:04
spaia,【プロキオンS】人気を集めて逃げ切ったドンフランキー　そのスケールから目が離せない,https://news.yahoo.co.jp/articles/0ca040e58582e0168f5288f9a9b333317bf7dd89,7/10(月) 11:42
spaia,【七夕賞】福島コースの醍醐味はペースと位置取り　セイウンハーデスが展開を味方に重賞初制覇,https://news.yahoo.co.jp/articles/92aa47bdea16babb15b712407630e5a8b40f054e,7/10(月) 11:20
spaia,【函館2歳S】鍵は前走の位置取りにあり！　前走新馬はベルパッション、未勝利はレガテアドール、ナナオが一番星候補,https://news.yahoo.co.jp/articles/a8e3b092c363f1fe2ffb6f716f355c1491272234,7/9(日) 17:12
spaia,【函館記念】昨年1着のハヤヤッコ、3着スカーフェイスに連続好走のチャンスあり！　鍵は巴賞組の取捨,https://news.yahoo.co.jp/articles/733e677065158c2c9e0c369d849c7883ba23e9be,7/9(日) 17:10
spaia,【七夕賞結果速報】セイウンハーデスが好位から抜け出し重賞制覇！　2着はククナ,https://news.yahoo.co.jp/articles/e23854385b08d4ecd865a75957a0332f415ad5b2,7/9(日) 15:51
spaia,【プロキオンS結果速報】ドンフランキーが逃げ切りV！　2着はリメイク,https://news.yahoo.co.jp/articles/efc13f9514e14443acbba944a44a1d911db03949,7/9(日) 15:39
spaia,【プロキオンS予想まとめ】カペラS勝ち馬リメイクに本命印が集中　逆転候補はドンフランキー,https://news.yahoo.co.jp/articles/160e4c40347b6a7950631ba0556ff6d424e0527a,7/9(日) 11:02
spaia,【七夕賞予想まとめ】4人中2人が本命フェーングロッテン　バトルボーン、カレンルシェルブルも見どころあり,https://news.yahoo.co.jp/articles/17c75d77dd89874576254252b5e3adda3f8d8d5a,7/9(日) 11:02
spaia,【プロキオンS】スピードを武器に得意舞台で重賞制覇を狙う　AIの本命は4歳ドンフランキー,https://news.yahoo.co.jp/articles/165be69ac7d0e4d5f50fb66bf8a023c81d7fbc57,7/9(日) 9:01
spaia,【七夕賞】惜敗続くも安定感は抜群　AIの本命はフェーングロッテン,https://news.yahoo.co.jp/articles/236a11b7d8e76293e4efa43d42066141e031362a,7/9(日) 9:01
spaia,【七夕賞】緩みないペースへの対応力を評価　東大HCの本命はバトルボーン,https://news.yahoo.co.jp/articles/32261c0e87dce7d0b33fac3aa980c61399159ab8,7/9(日) 6:02
spaia,【プロキオンS】ダ1400mでリメイクを撃破した実績のあるシャマルが最有力,https://news.yahoo.co.jp/articles/1fb3c1637710de304564c44e6ca24279646d6321,7/8(土) 17:01
spaia,【プロキオンS】オープンの壁を感じる格重視の一戦　京大競馬研の本命はリメイク,https://news.yahoo.co.jp/articles/eba47b948683c305c16bb46c0a48588740a94245,7/8(土) 6:05
spaia,【プロキオンS枠順】カペラS勝ちのリメイクは5枠10番、かしわ記念2着のタガノビューティーは7枠13番,https://news.yahoo.co.jp/articles/b8a5b4055151fdf62e48afd674318f373a07ce5c,7/7(金) 12:01
spaia,【七夕賞枠順】重賞連続好走のフェーングロッテンは6枠11番、新潟大賞典2着のセイウンハーデスは8枠15番,https://news.yahoo.co.jp/articles/41a99ab3887ecb3b4d9ce3a2791b6bb74a9f3620,7/7(金) 12:00
spaia,【プロキオンS】前有利傾向、松山弘平騎手が勝利数トップ　東大HCが中京ダート1400mを徹底検証,https://news.yahoo.co.jp/articles/34bb27776ab80d54d7bea41541912356dfc212c4,7/7(金) 6:05
spaia,【七夕賞】今年の福島芝2000mは差し有利傾向？　雨が降るなら狙いたい差し馬ヒンドゥタイムズ,https://news.yahoo.co.jp/articles/2a2d9b073b32b4040f91ea10e7e149a4d7971a48,7/6(木) 17:03
spaia,【プロキオンS】人気上位のなかでも「持続力に長ける血脈」持ちに注目　有力馬の血統解説,https://news.yahoo.co.jp/articles/5373658d0376531c4075bf06fbc28cca88d8944b,7/6(木) 6:05
spaia,【七夕賞】「ハンデ58キロ」「小差負け」はむしろ追い風？　フェーングロッテンに好データ集まる,https://news.yahoo.co.jp/articles/e955dbaf8272c59bd1a4fb9c66683552d5efad43,7/5(水) 11:00
spaia,【スパーキングレディーカップ予想】昨年クビ差2着のレディバグ、得意のマイル戦で重賞初Vへ,https://news.yahoo.co.jp/articles/5744c32afcc20559c31ca26b88db58371464f0fa,7/5(水) 6:04
spaia,【七夕賞】ハイブリッド式消去法でセイウンハーデスとフェーングロッテンは消し　素質馬バトルボーンは枠順次第！,https://news.yahoo.co.jp/articles/e834a65040141c5fb814dce57a1cb648572957b2,7/5(水) 6:04
spaia,【七夕賞】Cアナライズは地力上位のサンレイポケットを推奨　フェーングロッテンの楽逃げも警戒,https://news.yahoo.co.jp/articles/2d8ee2f2d24c9ee589dcd82526e346bd1379b6de,7/4(火) 17:03
spaia,【競馬】夏の函館、札幌芝コースで活躍している騎手を調査　20ポイント近く複勝率が変わる騎手も,https://news.yahoo.co.jp/articles/9a68e2d4d330129143f181fd1bb8ce99ba55d9b9,7/4(火) 17:01
spaia,【注目2歳馬】ラスト3F11.7-11.6-11.4の加速ラップを記録　Into Mischief産駒ルージュスタニングが突き抜ける,https://news.yahoo.co.jp/articles/2a6b82fefa9a2fa4b360fad5026135a99048c626,7/4(火) 11:03
spaia,【プロキオンS】優勝馬の最高齢はブロードアピールの7歳　レコードタイムなど「記録」を振り返る,https://news.yahoo.co.jp/articles/070aa60d8664f5aa7a7714e47017b71ee9ae11e2,7/4(火) 6:04
spaia,【2歳馬ジャッジ】クラシック戦線の主役候補ギャンブルルーム　宝塚記念と同日に古馬を超える上がりを記録,https://news.yahoo.co.jp/articles/eb7b8dc813f7944f0084448cfbbb7e2409451603,7/3(月) 19:00
spaia,【ラジオNIKKEI賞】西村淳也騎手の手綱さばきが冴えわたる！　エルトンバローズは今後も中距離の小回り重賞で期待,https://news.yahoo.co.jp/articles/a3b1940c43a3ad102783c6819dc7d6d5cb3b5cf0,7/3(月) 12:10
spaia,【CBC賞】勝因は森秀行厩舎のレース選択と戦略　ジャスパークローネが重賞初V,https://news.yahoo.co.jp/articles/546ab56f3260f2432cbb57b7ce5a56f83262ddf9,7/3(月) 11:15
spaia,【プロキオンS】タガノビューティーは重賞制覇のチャンス到来　ライバルは前走OP・L組のジレトールとオメガレインボー,https://news.yahoo.co.jp/articles/5573bf66b912d400e784986decc6c1260c1f038b,7/2(日) 17:16
spaia,【七夕賞】前走GⅢ組のフェーングロッテンとセイウンハーデスが中心　2000mに戻るサンレイポケットもチャンスあり！,https://news.yahoo.co.jp/articles/3ffdbc4eac5e684a7695f7f908c5e4d4049e1ea3,7/2(日) 17:14
spaia,【ラジオNIKKEI賞結果速報】エルトンバローズが好位から抜け出し重賞初制覇！　2着はシルトホルン,https://news.yahoo.co.jp/articles/da7cda147314be056af94100c3d287b57c04e115,7/2(日) 15:58
spaia,【CBC賞結果速報】前が止まらずジャスパークローネが逃げ切り！　2着はサンキューユウガ,https://news.yahoo.co.jp/articles/eeae109837f1721578de5389fa248d91e2335bb5,7/2(日) 15:38
spaia,【ラジオNIKKEI賞予想まとめ】東大とAIの本命はバルサムノート　実力馬レーベンスティールが続く,https://news.yahoo.co.jp/articles/1567b4fb7d8bf926c858f2341308c9e82233cb2f,7/2(日) 11:02
spaia,【CBC賞予想まとめ】マッドクールに印集まる　対抗はヨシノイースター、ジャスパークローネ,https://news.yahoo.co.jp/articles/66ba9cbc6f8527ecf5531c101c1cb4664866647f,7/2(日) 11:00
spaia,【CBC賞】能力は間違いなく重賞級　AIの本命はマッドクール,https://news.yahoo.co.jp/articles/ce1979008c72e00c8795ef6714894fb243e962c3,7/2(日) 9:02
spaia,【ラジオNIKKEI賞】「前走・白百合S勝ち」は勝率40.0%　AIの本命はバルサムノート,https://news.yahoo.co.jp/articles/0f7a35393f2a02ca7d6c2c1e56c68d516c8aaffe,7/2(日) 9:02
spaia,【ラジオNIKKEI賞】白百合S上がり最速で好データに合致　東大HCの本命はバルサムノート,https://news.yahoo.co.jp/articles/b73f99e926bee7f4010207da8af16968eb22c4ca,7/2(日) 6:03
spaia,【CBC賞】最有力はハンデ58.5Kgも相手に恵まれたマッドクール　穴馬2頭は自分の競馬ができればチャンスあり,https://news.yahoo.co.jp/articles/67b4181bb20ae802a49464446541a2fd10937c32,7/1(土) 17:02
spaia,【CBC賞】逃げ馬有利な開幕週！　京大競馬研の本命はジャスパークローネ,https://news.yahoo.co.jp/articles/766849cdd64cbdb836dedfa72b43683d9e21bd8a,7/1(土) 6:04
spaia,【CBC賞枠順】シルクロードS3着のマッドクールは6枠8番、オーシャンS3着のエイシンスポッターは3枠3番,https://news.yahoo.co.jp/articles/cacd09191ec8c2ee43449ad70a92e546b6b94441,6/30(金) 12:02
spaia,【ラジオNIKKEI賞枠順】トウカイテイオーの孫レーベンスティールは7枠14番、スイートピーS勝ちのウヴァロヴァイトは5枠9番,https://news.yahoo.co.jp/articles/bdfa5a566d5472cd9e7664586b26beab3203db98,6/30(金) 12:00
spaia,【競馬】東大HCが福島巧者を徹底検証　芝ではゴールドシップ産駒、吉田隼人騎手に注目,https://news.yahoo.co.jp/articles/fce0a268bb54907c076acbf191bb4695f17366bb,6/30(金) 6:04
spaia,【CBC賞】中京開催で強いのは差しと追込み　重馬場の実績からもトゥラヴェスーラを信頼,https://news.yahoo.co.jp/articles/0e8783069c59741d45aedcf8776fb02b20a46474,6/29(木) 17:01
spaia,【帝王賞】メイショウハリオが3頭の大激戦を制し連覇　今後は更なるビッグタイトル獲得に期待,https://news.yahoo.co.jp/articles/b5a2e45f8b4a0b59d8b133f7b18788e31476bdd2,6/29(木) 11:13
spaia,ルメール騎手が猛チャージでトップ浮上　川田将雅騎手は2位に転落【6月終了時の騎手リーディング】,https://news.yahoo.co.jp/articles/29d71d877532076387f2a753a58f5296a3ee4989,6/29(木) 11:01
spaia,【ラジオNIKKEI賞】前走オープン組の距離短縮馬や欧州血統が輝く　有力馬の血統解説,https://news.yahoo.co.jp/articles/a1a0c1daee7b787c013a006512fd7ce48aaf32b5,6/29(木) 6:04
spaia,【CBC賞】過去10年で7勝の「5歳馬」　軸にふさわしいのは唯一の該当馬ヨシノイースター,https://news.yahoo.co.jp/articles/0cfcb5ead18baff1bc4f52b7cea12c8e39086181,6/28(水) 11:01
spaia,【ラジオNIKKEI賞】ハイブリッド式で有力馬が次々消去　ソールオリエンスと“互角”のレーベンスティールを信頼,https://news.yahoo.co.jp/articles/ed4a933cc624f9db68f07f486e64d846b7d16d41,6/28(水) 6:03
spaia,【帝王賞予想】勝率トップの「4歳」、コース経験がモノを言う　複数の好データを持つノットゥルノ,https://news.yahoo.co.jp/articles/99e7d608525df07ee1e1281a252025bf81f24513,6/28(水) 6:03
spaia,【ラジオNIKKEI賞】スタートさえ決まれば勝機あり！　Cアナライズはオメガリッチマンを推奨,https://news.yahoo.co.jp/articles/b8867d871cbb078e60555ed1dfbff8e8e66ea381,6/27(火) 17:01
spaia,【CBC賞】4歳不振で中心は5、6歳馬　本命は前走からの巻き返しを狙うヨシノイースター,https://news.yahoo.co.jp/articles/deb757edb550b6cde30a8b3502f5c2863d81eb98,6/27(火) 17:00
spaia,【注目2歳馬】ギャンブルルームが5馬身差の快勝　パワーと瞬発力を兼ね備えたタイプ,https://news.yahoo.co.jp/articles/4dba19c67dda8f42f00de7df018219b612d74964,6/27(火) 11:02
spaia,【ラジオNIKKEI賞】現役最多勝は戸崎圭太騎手ら、レコードタイムはビワタケヒデの1:45.6　「記録」を振り返る,https://news.yahoo.co.jp/articles/f58cf3786b4cce6e44c10da5f56bcf0898ce96db,6/27(火) 6:04
spaia,【2歳馬ジャッジ】ベルパッションは函館2歳チャンピオン候補　非凡な瞬発力とフットワークを評価,https://news.yahoo.co.jp/articles/e3b5a33550e9cf29983d22cba7d5392902286acc,6/26(月) 17:02
spaia,【宝塚記念】イクイノックスいよいよ完成の域へ　コース、距離、展開とわず圧巻の走りでGⅠ・4勝目,https://news.yahoo.co.jp/articles/91a591bbb7a1b93c8898d84268fba8a21e89e627,6/26(月) 10:53
spaia,【宝塚記念結果速報】イクイノックスが大外から差し切りV！　GⅠ・4連勝を飾る,https://news.yahoo.co.jp/articles/a99b524eed6eb5d0dcc4c5b400825b313d951eb9,6/25(日) 15:46
spaia,【宝塚記念予想まとめ】イクイノックス中心の一戦　スルーセブンシーズやボッケリーニにも見どころあり,https://news.yahoo.co.jp/articles/3c178df132a8c616216549ec218731ee56e6b390,6/25(日) 11:02
spaia,【宝塚記念】有馬記念の好走馬と相性がいいレース　ローテーションに見られる特徴は,https://news.yahoo.co.jp/articles/16941b7467840c3c36e28fedaa4c7396d8359372,6/25(日) 9:00
spaia,【宝塚記念】梅雨時期はパワーが重要　グランプリゆかりの血を持つドゥラエレーデが古馬撃破だ,https://news.yahoo.co.jp/articles/3f97890ffad6be0ea3992d9a1cd90829d233dbbb,6/25(日) 9:00
spaia,【宝塚記念】世界チャンプの軸は不動　東大HCの本命はイクイノックス,https://news.yahoo.co.jp/articles/8fadf2576e923aaecf6c34521e637d5371b6d4d1,6/25(日) 6:03
spaia,【宝塚記念】天皇賞（春）からGⅠ連勝を狙う　AIの本命はジャスティンパレス,https://news.yahoo.co.jp/articles/f4bb4cb51d17261196f683847ee1018a27bc7d20,6/25(日) 6:03
spaia,【宝塚記念】ハイペースが濃厚な一戦　アスクビクターモアの一発警戒,https://news.yahoo.co.jp/articles/3e85bb36d660ad999f0bc0885ba320df6b9fb089,6/24(土) 17:01
spaia,【宝塚記念】血統で見るグランプリ、凱旋門賞馬の血が騒ぐ　京大競馬研の本命はイクイノックス,https://news.yahoo.co.jp/articles/66d80ac6d799af950888604f44376e95c3ba7a3b,6/24(土) 6:04
spaia,【宝塚記念】本格化ムードの牝馬、複回収率211%条件満たすGⅠ馬……　データで導く穴馬候補3頭,https://news.yahoo.co.jp/articles/e770e765019fa0c5556270a2f41dcbd3fb39e4a5,6/22(木) 17:03
spaia,【宝塚記念】狙いは「天皇賞（秋）凡走組」　カラテとジオグリフで高配当狙いだ！,https://news.yahoo.co.jp/articles/c0ba54bfb2be518e487c3862d6a2b8140b4b045a,6/22(木) 17:02
spaia,【宝塚記念枠順】昨年の年度代表馬イクイノックスは3枠5番、天皇賞（春）勝ちのジャスティンパレスは5枠9番,https://news.yahoo.co.jp/articles/c72e416e0431bd529c7d03bc20bafc3f7b54b2eb,6/22(木) 14:25
spaia,【宝塚記念】古馬中距離GⅠでは珍しいハイペース傾向　有力馬の血統解説,https://news.yahoo.co.jp/articles/029161021bf9fbdd904d2bb6a05651f6ce4d8fa1,6/22(木) 6:03
spaia,【宝塚記念】過去15年で牝馬は複勝率40%超え！　「前走着順」などの好データを満たすスルーセブンシーズ,https://news.yahoo.co.jp/articles/2f0a16ebd579c44c23da786066c3f002203e5677,6/21(水) 11:02
spaia,【宝塚記念】イクイノックス安泰もディープボンドは消し！　ハイブリッド式消去法で残った馬は？,https://news.yahoo.co.jp/articles/cf64c5656ede72f80b9ee181c2777f08c47d5d85,6/21(水) 6:04
spaia,【宝塚記念】打倒イクイノックス一番手は？　Cアナライズは好データを持つ良血馬を推奨,https://news.yahoo.co.jp/articles/23061c7dd7cb7a03f1e17fbc9f48ad5eb1306bb5,6/20(火) 17:04
spaia,【宝塚記念】イクイノックス春秋GP連覇へ　2012年オルフェーヴルなど”メイ”勝負を振り返る,https://news.yahoo.co.jp/articles/7fc774928db30bc95ff38a261db5c6337c85a62d,6/20(火) 17:02
spaia,【注目2歳馬】ルーラーシップ産駒・ボルケーノが鮮やかに逃げ切り　マイル～中距離重賞で活躍を期待,https://news.yahoo.co.jp/articles/9dd65b6bf58bb91344b8ccb17bdb6d89fee115a1,6/20(火) 11:00
spaia,【宝塚記念】最大着差はクロノジェネシスの6馬身、最多勝は武豊騎手　「記録」を振り返る,https://news.yahoo.co.jp/articles/8ab331304f105419841bc52507a1966a5aff0e84,6/20(火) 6:04
spaia,【宝塚記念】参考レース振り返り　能力ではイクイノックス、データは過去10年で4勝の天皇賞（春）組,https://news.yahoo.co.jp/articles/31eb4ceb8c492d6acf47560055746dd7d5484cc5,6/19(月) 17:03
spaia,【2歳馬ジャッジ】非凡な瞬発力が魅力的なヒヒーン　高額馬ダノンエアズロックは休養後の成長に期待,https://news.yahoo.co.jp/articles/53a2fb1739693db35f01cfe206a080fae8624e27,6/19(月) 17:00
spaia,【マーメイドS】レース展開を最大限に生かしたビッグリボン　ハイペースで覚醒した底力の血,https://news.yahoo.co.jp/articles/135185904db37fcef8d17fcd04c94fdf626e9f05,6/19(月) 11:35
spaia,【ユニコーンS】同コース2戦2勝、ペリエールがスキのない競馬で力の差を見せる！　サンライズジークは負けて強し,https://news.yahoo.co.jp/articles/addd8422678c42a2bb5e5bcf3fe2896fbaf0eda1,6/19(月) 11:04
spaia,【宝塚記念】開催4週目の8枠は好成績！　イクイノックス有力もジェラルディーナが面白い,https://news.yahoo.co.jp/articles/e56c5a11aa9b1ca6f32f7baa053e35c747288f74,6/18(日) 17:00
spaia,【ユニコーンS結果速報】ペリエールが3馬身差の圧勝！　2着はサンライズジーク,https://news.yahoo.co.jp/articles/9174160289f132190bd9638a7e001b2a070730b2,6/18(日) 15:50
spaia,【マーメイドS結果速報】ビッグリボンが人気に応え重賞初制覇！　2着は連覇を狙ったウインマイティー,https://news.yahoo.co.jp/articles/c5a8907b8f5916637d65873536916bca60559a2a,6/18(日) 15:39
spaia,【マーメイドS予想まとめ】昇級初戦のビジンに2票　ほか本命が打たれたのはストーリアとビッグリボン,https://news.yahoo.co.jp/articles/4b2a7861885dcdf98e4ce141c8224b83dc4ac3d7,6/18(日) 11:02
spaia,【ユニコーンS予想まとめ】重賞好走馬ぺリエールが中心　グレートサンドシーの巻き返しにも期待かかる,https://news.yahoo.co.jp/articles/8862e5c0bdd57b20c36fe4b688b328e1663a5669,6/18(日) 11:00
spaia,【ユニコーンS】複勝率77.8%の好データが後押し　AIの本命はペリエール,https://news.yahoo.co.jp/articles/94a37ca5dd5bb4f4aaa82cd256d4f52b732d6b70,6/18(日) 9:02
spaia,【マーメイドS】複勝率50%の好データに該当　AIの本命は重賞初制覇を狙うビッグリボン,https://news.yahoo.co.jp/articles/c8143056f209962afa30f5704a8e3e49038f7d46,6/18(日) 6:03
spaia,【ユニコーンS】前走クラスと末脚を重視　東大HCの本命はペリエール,https://news.yahoo.co.jp/articles/7f2e3602301ec34f1449e79f025109cf8e78a49d,6/18(日) 6:03
spaia,【ユニコーンS】ペリエールが最有力　鳳雛S上位2頭の撃破も評価,https://news.yahoo.co.jp/articles/c928caa589f8b55beea70738a14ba8154e31a7f5,6/17(土) 17:00
spaia,【マーメイドS】前走着差と馬齢から難解なハンデ戦を分析！　京大競馬研の本命はストーリア,https://news.yahoo.co.jp/articles/c808cdbbfa3fd458db2e49c3cc4740cff9eb9218,6/17(土) 6:02
spaia,【ユニコーンS枠順】全日本2歳優駿3着のペリエールは2枠3番、川田将雅騎手騎乗のグレートサンドシーは5枠9番,https://news.yahoo.co.jp/articles/08f982acc3e8b020ee1a609e48ec390fad4dd994,6/16(金) 12:02
spaia,【マーメイドS枠順】福島牝馬S2着のビッグリボンは4枠4番、昨年覇者のウインマイティーは6枠8番,https://news.yahoo.co.jp/articles/ec0360725c2ada6fc181ba775cafe6dacc49cda9,6/16(金) 12:01
spaia,【競馬】東大HCが函館巧者を徹底検証　騎手は田中勝春騎手、種牡馬はジョーカプチーノ産駒がイチオシ,https://news.yahoo.co.jp/articles/0f54b0e9fe63fbac756e60aad23bc89d461314c9,6/16(金) 6:04
spaia,【ユニコーンS】セオリー通り馬体重の重い馬が好成績　狙いは東京ダート2戦2勝のサンライズジーク,https://news.yahoo.co.jp/articles/e77d5516b551f26b217da408a180931d7cee6d33,6/15(木) 17:00
spaia,【関東オークス】パライバトルマリンが2番手追走から押し切りV　距離延長も問題なし,https://news.yahoo.co.jp/articles/42df9dedf59d3f235bc20af9981c1610e7c351f5,6/15(木) 11:50
spaia,【マーメイドS】ディープインパクトやステイゴールドの血は外せない　有力馬の血統解説,https://news.yahoo.co.jp/articles/550fb7f7c41c9df434c48dec690bb90244ef98f6,6/15(木) 6:03
spaia,【ユニコーンS】登録馬の過半数が連対なしデータに該当　本命は最多のプラスデータを持つグレートサンドシー,https://news.yahoo.co.jp/articles/0ef3c69b1d9275926f26ff719cd200c3453f1c52,6/14(水) 11:00
spaia,【マーメイドS】昨年覇者ウインマイティーも消し！　ハイブリッド式消去法,https://news.yahoo.co.jp/articles/46ea486138a9b874d490ca0d49b9a84afbc3af6f,6/14(水) 6:03
spaia,【関東オークス予想】JRA所属馬は「1800m以上で勝利」が好データ　フェブランシェが重賞初V決める,https://news.yahoo.co.jp/articles/a3e9d4f6f4967f0f6cba3f4f9e66fbd7dd70edb9,6/14(水) 6:02
spaia,【ユニコーンS】Cアナライズは「前走不利データ」を持つグレートサンドシーを推奨 　打倒ペリエールの一番手,https://news.yahoo.co.jp/articles/8941c845e7208e6f268ca7e0fdcad456013b3583,6/13(火) 17:03
spaia,【注目2歳馬】稍重馬場で勝ちタイム1:48.1　ダノンエアズロックが期待に応える勝利,https://news.yahoo.co.jp/articles/8702b7f9ba47b529df4d975eac22fcaa52f3614c,6/13(火) 11:02
spaia,【マーメイドS】優勝馬の最低斤量は48キロ、藤岡康太騎手が最多勝　「最高記録」を振り返る,https://news.yahoo.co.jp/articles/53da2d03ca568738be2f3e0cb6ee0f3248e0106f,6/13(火) 6:04
spaia,【2歳馬ジャッジ】ボンドガールは牝馬クラシックで活躍できる逸材　2023年も開幕週から大物出現,https://news.yahoo.co.jp/articles/4140f43ac8890db77bb6d95448bbe3688725c5ef,6/12(月) 18:00
spaia,【エプソムC】惜敗続きにピリオド、ここから反転攻勢！　エピファネイア産駒ジャスティンカフェ、本格化へ,https://news.yahoo.co.jp/articles/e8b65d06467840a58bc77df25716f7d5befa6d5b,6/12(月) 11:36
spaia,【函館スプリントS】キミワクイーンが重賞初制覇！　ロードカナロア産駒が函館芝1200mで買える理由とは,https://news.yahoo.co.jp/articles/2ce619532bdb78ac258c6cce92f1d43654a08663,6/12(月) 11:30
spaia,【マーメイドS】ビッグリボンなど前走重賞組は大不振　ポイントは条件戦組の見極め,https://news.yahoo.co.jp/articles/1ffead0dd2d8bdc0372519fd9b635cceb1fa8fd9,6/11(日) 17:29
spaia,【ユニコーンS】好走候補はジャスパーバローズ！　面白いのは前走1勝クラス勝ちのブライアンセンス,https://news.yahoo.co.jp/articles/0683e48960b3b89ddaaeb1ef050068e0e4fd5031,6/11(日) 17:26
spaia,【エプソムC結結果速報】ジャスティンカフェが大外から突き抜ける！　2着はルージュエヴァイユ,https://news.yahoo.co.jp/articles/28eca191b455c2b6b120d46dbee4ae4b291f4d72,6/11(日) 15:49
spaia,【函館スプリントS結果速報】キミワクイーンが豪快に差し切りV！　2着はジュビリーヘッド,https://news.yahoo.co.jp/articles/44596a2081c7ed6fdfec84c6fe582672684be902,6/11(日) 15:30
spaia,【エプソムC予想まとめ】本命はバラバラ　重賞2着馬ジャスティンカフェ、過去10年で6勝の「4歳」マテンロウスカイら混戦ムード,https://news.yahoo.co.jp/articles/d24a8c89da64f8b85dcee72833093614a4cc9427,6/11(日) 11:02
spaia,【函館スプリントS予想まとめ】斤量差が勝敗を分ける　中心は3歳牝馬ブトンドールと昨年の2着馬ジュビリーヘッド,https://news.yahoo.co.jp/articles/a32984baf4acc3b0b0a5ba0be3a765a2e081b1f7,6/11(日) 11:02
spaia,【エプソムC】連対率60.0%の好データに期待　AIの本命は重賞連勝を狙うインダストリア,https://news.yahoo.co.jp/articles/adada696ff3252368dd5a7c53a943e961fe82296,6/11(日) 9:01
spaia,【函館スプリントS】スピードを武器に重賞初制覇を狙う　AIの本命はジャスパークローネ,https://news.yahoo.co.jp/articles/be7cdad05be17a67ddd24e29f1f7cdbe655aad32,6/11(日) 6:02
spaia,【エプソムC】年齢と脚質がモノを言うレース　東大HCの本命はマテンロウスカイ,https://news.yahoo.co.jp/articles/320278f367fd1d28c565f55574a99bcf675f898d,6/11(日) 6:02
spaia,【エプソムC】前有利のコースで先行力が生きる　前走で厳しい流れを経験したショウナンマグマの巻き返しに期待,https://news.yahoo.co.jp/articles/4936882465a1fab225e0682d0a183907fba63e09,6/10(土) 19:13
spaia,【函館スプリントS】高速決着への対応力を問うレース　京大競馬研の本命はジュビリーヘッド,https://news.yahoo.co.jp/articles/9cf60986afccf7cc433c9423637ab85ab53d6e20,6/10(土) 6:03
spaia,【函館スプリントS枠順】函館2歳S覇者ブトンドールは7枠13番、京阪杯勝ち馬のトウシンマカオは1枠1番,https://news.yahoo.co.jp/articles/3ac751140a9fb51c53a720bdfc0a65a1520d8353,6/9(金) 12:02
spaia,【エプソムC枠順】毎日王冠2着のジャスティンカフェは8枠15番、D.レーン騎手騎乗のレインフロムヘヴンは3枠5番,https://news.yahoo.co.jp/articles/5fa946695414b61848b99079a630eb187f5a6048,6/9(金) 12:01
spaia,【函館スプリントS】開幕週でも馬券に絡む追い込み勢　ディヴィナシオンの一撃に期待,https://news.yahoo.co.jp/articles/318122cb9e3621eac4c0948a774a649f76c6bf98,6/8(木) 17:01
spaia,【エプソムC】4歳馬と「道悪適性の欧州血脈」に注目　有力馬の血統解説,https://news.yahoo.co.jp/articles/5e307585b17c6a7924a87244a26c6a0f8846491f,6/8(木) 6:04
spaia,【函館スプリントS】3歳勝ち馬は全て「桜花賞組」　重賞馬ブトンドールが古馬撃破だ,https://news.yahoo.co.jp/articles/66d0bad9e7db270ab8ae90044a85f550763a45f3,6/7(水) 11:02
spaia,【エプソムC】ジャスティンカフェとマテンロウスカイは消し　ハイブリッド式消去法で残るのはルージュエヴァイユ,https://news.yahoo.co.jp/articles/a01d6180f39a5d2e0472ee109fded2179c8dece8,6/7(水) 6:04
spaia,【函館スプリントS】Cアナライズは牝系から適性が高い2頭を推奨　良馬場ならトウシンマカオ、重馬場ならブトンドール,https://news.yahoo.co.jp/articles/a7ba60ca3100eed966b2c739b1955cad961e2f0c,6/6(火) 17:03
spaia,【注目2歳馬】将来有望の逸材ボンドガール　3番手から上がり最速33.0で差し切る,https://news.yahoo.co.jp/articles/41b3edfcb778e2a12d353a6c3a533447ea727295,6/6(火) 11:02
spaia,【函館スプリントS】最年長勝利は7歳のガルボ、レコードタイムは2017年の1:06.8　「最高記録」を振り返る,https://news.yahoo.co.jp/articles/b8b7adbae3067ea3aab8aa11e21f8c81a48e6ebb,6/6(火) 6:04
spaia,【鳴尾記念】池江泰寿厩舎、同一重賞7勝目！　ボッケリーニは7歳でもまだまだ期待できる,https://news.yahoo.co.jp/articles/39183cfc3eceec8bde97aa57a6e27b7d8ab12e7b,6/5(月) 11:31
spaia,【安田記念】着実にパフォーマンスをあげたソングラインが連覇達成！　東京芝マイルGⅠ・3勝目,https://news.yahoo.co.jp/articles/8d2e28eef0b407894d88d782830b653eea2e1b8b,6/5(月) 11:15
spaia,【エプソムC】狙いは好走ゾーンに入るエアファンディタ！　年齢別は4歳が抜けた成績,https://news.yahoo.co.jp/articles/2dcebc6e6ef01c61e5aa1c80b62ba026d9ec4942,6/4(日) 17:06
spaia,【函館スプリントS】3歳牝馬が強くブトンドール有力　古馬勢ならヴィズサクセスが面白い,https://news.yahoo.co.jp/articles/78396ddee3c8d1e564326d4b1d5e068ce9148644,6/4(日) 17:03
spaia,【安田記念結果速報】ソングラインが豪快に差し切り連覇達成！,https://news.yahoo.co.jp/articles/0f3f4181d06200ad4bfc590b64a760805a8a7ecc,6/4(日) 15:47
spaia,【安田記念予想まとめ】東京マイルGⅠ・3勝目狙うソングライン、道悪歓迎のソウルラッシュに印が集まる,https://news.yahoo.co.jp/articles/46c0aad940e9d993cc7cfc5225649f94a0debac4,6/4(日) 11:03
spaia,【安田記念】活躍目立つキングカメハメハ系×ディープインパクトの配合　東京巧者レッドモンレーヴに注目だ,https://news.yahoo.co.jp/articles/b8dbf30db6ee0dc96ff54ffb9016d8a5c75dbfe7,6/4(日) 9:03
spaia,【安田記念】大阪杯組は不振も、前走GⅠ組が中心　ローテからはメイケイエールとナミュール,https://news.yahoo.co.jp/articles/f4049941754695c10bb39b57a40bb6dbe30bb979,6/4(日) 9:03
spaia,【安田記念】スピードの持続力を武器にGⅠ連勝を期待　AIの本命はジャックドール,https://news.yahoo.co.jp/articles/f5f79ff489b6a9c5803aff155cc48a9014ddae14,6/4(日) 9:01
spaia,【安田記念】連覇、GⅠ・3勝目へ視界良好　東大HCの本命はソングライン,https://news.yahoo.co.jp/articles/28272f581eba4df6de29f62c20b84ae5b475daf7,6/4(日) 6:03
spaia,【安田記念】人気薄も昨年1番人気の確かな末脚　イルーシヴパンサーの好走に期待,https://news.yahoo.co.jp/articles/c14e1dc4523d60089761d7cf78d37b768e3ccd7c,6/3(土) 20:11
spaia,【鳴尾記念結果速報】ボッケリーニが早め先頭から押し切り勝ち　2着はフェーングロッテン,https://news.yahoo.co.jp/articles/caf7fa96d506a729743db324d48a514c30884e12,6/3(土) 15:41
spaia,【鳴尾記念】芝2000mの重賞で連続好走　AIの本命はフェーングロッテン,https://news.yahoo.co.jp/articles/822b7b1436aa28b864dbb89720f5394057cf2770,6/3(土) 9:01
spaia,【安田記念】前走着差と上がり順位が攻略の鍵！　京大競馬研の本命はソウルラッシュ,https://news.yahoo.co.jp/articles/f27a3d8249946a007d4de2a7889398e648e291d0,6/3(土) 6:04
spaia,【鳴尾記念枠順】ルメール騎手騎乗のソーヴァリアントは8枠14番、金鯱賞2着のフェーングロッテンは3枠4番,https://news.yahoo.co.jp/articles/1114c5021aa4ea26c1c1cc0cd771e0616960976e,6/2(金) 12:02
spaia,【安田記念枠順】GⅠ・3勝馬のソダシは3枠5番、大阪杯勝ち馬ジャックドールは2枠3番,https://news.yahoo.co.jp/articles/eb703a6c1098cbd2db0a977a65a1335754421527,6/2(金) 12:00
spaia,【競馬】2022年デビューの新種牡馬を振り返る　リアルスティールがトップの38勝、サトノクラウンがダービー馬を輩出,https://news.yahoo.co.jp/articles/40bbcc2f8053f0f25b6b44412bb8d95a4467eb76,6/2(金) 6:04
spaia,川田将雅騎手は月間重賞3勝の活躍　ルメール騎手は賞金ランキングでトップ【5月終了時の騎手リーディング】,https://news.yahoo.co.jp/articles/9903a544848d0c629b6c71ccbebd158b6d1d08fd,6/1(木) 11:01
spaia,【安田記念】リピーターと「父サンデーサイレンス系」に要注意　有力馬の血統解説,https://news.yahoo.co.jp/articles/af9de063b564a18f343183ce920f3334b3cafc13,6/1(木) 6:03
spaia,【安田記念】「前走GⅠ」などの好データを持つソングライン　ウオッカと同じ路線で連覇へ王手,https://news.yahoo.co.jp/articles/9a2184e0c6b3b48b7ed9738e1a9c0b26d7bf1067,5/31(水) 11:00
spaia,【安田記念】ソダシとジャックドールは真っ先に消し！　ハイブリッド式消去法が狙う大穴はイルーシヴパンサー,https://news.yahoo.co.jp/articles/d435208250ad63c2fbbf02832a59bfc4c3ab3d87,5/31(水) 6:04
spaia,【さきたま杯予想】前走かしわ記念5着以内は複勝率75%　短距離重賞4勝のシャマルが中心,https://news.yahoo.co.jp/articles/7fe9f83d3794721e20b5484e6d797a14753ad1f8,5/31(水) 6:03
spaia,【安田記念】グレード制以降はヤマニンゼファーとウオッカのみ　安田記念連覇の記憶,https://news.yahoo.co.jp/articles/c445505b691f8690609c9ec7d1378513792fc340,5/30(火) 17:03
spaia,【鳴尾記念】Cアナライズはデータも血統も文句なしのソーヴァリアントを推奨　相手は展開次第で選びたい2頭,https://news.yahoo.co.jp/articles/ab0f110994c49e5d13bb0fa1bd64c1a31aa905f5,5/30(火) 17:00
spaia,【安田記念】参考レース振り返り　複勝率50.0%のドバイターフ組、セリフォスに注目,https://news.yahoo.co.jp/articles/6ba470517baf68a1c1a48f05273fcd7bf579933a,5/30(火) 11:01
spaia,【安田記念】最高馬体重の優勝馬はタイキブリザード、馬連の最高配当は12万600円！　「最高記録」を振り返る,https://news.yahoo.co.jp/articles/c3e18f22ead29285bea2631123b2adaaf55a3ec6,5/30(火) 6:04
spaia,【目黒記念】ヒートオンビート、待望の重賞初制覇！　血統的にもまだ上を目指せる器,https://news.yahoo.co.jp/articles/2e08fb5367f5edd5526f42a79079973ef6456ec9,5/29(月) 11:33
spaia,【葵S】スプリント界に新星誕生の予感　モズメイメイがレースレコードで逃げ切り勝ち,https://news.yahoo.co.jp/articles/b6d51a20525dd8c4c109512a4a0d97b9206f0a46,5/29(月) 11:17
spaia,【日本ダービー】勝敗を分けたわずか0秒1の加速！　タスティエーラが見せた底力と精神力,https://news.yahoo.co.jp/articles/8bc959ce89b325310d20396f64d98149a3682b1f,5/29(月) 11:08
spaia,【安田記念】カギはソダシの位置取り！　切れ味勝負ならソングラインとシュネルマイスター、メイケイエールもチャンスあり,https://news.yahoo.co.jp/articles/685ef371675b867558ddb1adcacf87b20e0866b2,5/28(日) 17:43
spaia,【鳴尾記念】中心は前走重賞組のフェーングロッテン、カラテ、ソーヴァリアント！　マリアエレーナとアドマイヤハダルも魅力あり,https://news.yahoo.co.jp/articles/358bcc376a3f3fe892ea638833f8684749188ab8,5/28(日) 17:40
spaia,【目黒記念結果速報】ヒートオンビートが最後に差し切る！　2着は逃げ粘ったディアスティマ,https://news.yahoo.co.jp/articles/2e72b202424e407462c44227abc87b79f908d75f,5/28(日) 17:05
spaia,【日本ダービー結果速報】タスティエーラが大接戦を制しダービー馬に輝く！　クビ差2着はソールオリエンス,https://news.yahoo.co.jp/articles/47a6e1bac61c106c81b62c2b219c9d38cb626c9a,5/28(日) 15:51
spaia,【日本ダービー予想まとめ】皐月賞組と別路線組で本命分かれる　ソールオリエンス、ハーツコンチェルトらが有力か,https://news.yahoo.co.jp/articles/b2294424ce9c71a3d888e510c864394ef0d62aa2,5/28(日) 11:01
spaia,【日本ダービー】流行はサンデー系×中距離のアメリカ血統　ショウナンバシットが世代の頂点をバシッと決める,https://news.yahoo.co.jp/articles/5c24d8a3c3119c335ff0c81484a320ef79b66d77,5/28(日) 9:01
spaia,【日本ダービー】3連勝の勢いに乗って頂点を狙う　AIの本命はサトノグランツ,https://news.yahoo.co.jp/articles/c8acb9ad03542ce75ab04778b813d71d1de33907,5/28(日) 9:01
spaia,【日本ダービー】トップナイフを頂点へ導く「布石」　ローテーションに見られる特徴は,https://news.yahoo.co.jp/articles/1f7b6eff2cf3a61e760ac92b988d48c1fce0db2b,5/28(日) 9:01
spaia,【日本ダービー】皐月賞内枠からの追い込みVで勝率100%データ　東大HCの本命はソールオリエンス,https://news.yahoo.co.jp/articles/064bfe203d61827575c569297287efdb3ca81511,5/28(日) 6:02
spaia,【目黒記念】実績ある東京で再びの重賞タイトルを　AIの本命はプラダリア,https://news.yahoo.co.jp/articles/e561d00ec6fb005474e7352dab3730b0eb548b1e,5/28(日) 6:02
spaia,【日本ダービー】皐月賞は出遅れて不完全燃焼だったトップナイフに期待,https://news.yahoo.co.jp/articles/a4625de2d1009a0f47999a8fbd1432173ffbfaf4,5/27(土) 21:06
spaia,【葵S結果速報】ロケットスタートからモズメイメイが逃げ切り！　重賞2勝目を飾る,https://news.yahoo.co.jp/articles/f8a01bb74788f28f3f800f4b5bdd4967513ea526,5/27(土) 15:40
spaia,【葵S】「前走先行して勝利」なら複勝率45.5%　AIはルガルの重賞初制覇に期待,https://news.yahoo.co.jp/articles/bfcfd69e510104c0de58d2410f7517c30eab9358,5/27(土) 6:04
spaia,【日本ダービー】世代王者決定戦で輝く血統とは　京大競馬研の本命はハーツコンチェルト,https://news.yahoo.co.jp/articles/6a228cc1fd22326f83f45bdb4a188bf69759e680,5/27(土) 6:04
spaia,【目黒記念枠順】エリザベス女王杯2着のライラックは2枠4番、ルメール騎手騎乗のサリエラは8枠16番,https://news.yahoo.co.jp/articles/cdcf554181e9a279e6f6c49579371540b3a50e18,5/26(金) 12:02
spaia,【葵S枠順】4連勝中のビッグシーザーは1枠2番、チューリップ賞勝ち馬モズメイメイは7枠15番,https://news.yahoo.co.jp/articles/1772d4cda9a49bd348813d6b7e2290eae178ea54,5/26(金) 12:02
spaia,【日本ダービー】芝ではキタサンブラック産駒、ルメール騎手が圧倒　東大HCが東京巧者を徹底検証,https://news.yahoo.co.jp/articles/9ee1f6ae9ac5e3026c0f1f9e956b33516d8ad29c,5/26(金) 6:04
spaia,【日本ダービー枠順】皐月賞馬ソールオリエンスは3枠5番、青葉賞勝ち馬スキルヴィングは1枠2番,https://news.yahoo.co.jp/articles/83839e84c04cd8e569f5abe251372dc8eafebf89,5/25(木) 14:25
spaia,【日本ダービー】4年連続で「Seattle Slew」内包馬が優勝　有力馬の血統解説,https://news.yahoo.co.jp/articles/767555ecd465c26919e5428a554bd5e2c7c1343a,5/25(木) 6:04
spaia,【日本ダービー】昨年の覇者ドウデュースに続け！　データ的に満点ファントムシーフ,https://news.yahoo.co.jp/articles/b3c979c15a5565c335300b1aaab1f8198fe37495,5/24(水) 11:03
spaia,【日本ダービー】タスティエーラとファントムシーフは真っ先に消し！　ハイブリッド式消去法で確実に残る3頭は,https://news.yahoo.co.jp/articles/1274f2c9090470263bc96a0b8a2256ed0f651585,5/24(水) 6:04
spaia,【日本ダービー】「不利データ」を打ち破り皐月賞を制覇　Cアナライズはソールオリエンスを信頼,https://news.yahoo.co.jp/articles/305bf09d54151746cd2a090b03c46aa86859832e,5/23(火) 17:03
spaia,【日本ダービー】ソールオリエンスと歴代の無敗皐月賞馬を比較　遜色ない戦歴で無敗二冠なるか,https://news.yahoo.co.jp/articles/ec0d5bd80af56c31dff04a001bcde4c30b6046bd,5/23(火) 17:02
spaia,【日本ダービー】参考レース振り返り　データは皐月賞組が好成績、ソールオリエンスの二冠に期待,https://news.yahoo.co.jp/articles/249666a5e915aae27df4059ed43f33e9d3c57ae7,5/23(火) 11:00
spaia,"【日本ダービー】最少キャリアは3戦のフサイチコンコルド、歴代最高の馬連配当は5万4,470円！　「最高記録」を振り返る",https://news.yahoo.co.jp/articles/edfb73a55a4ae5f9c678ca41f0f5435aaaae1cc9,5/23(火) 6:04
spaia,【平安S】グロリアムンディが中央重賞初制覇！　これぞまさにチャンピオンクラスの風格,https://news.yahoo.co.jp/articles/d93c6c436dc004bfeb968ecd59829f82b11709d7,5/22(月) 10:50
spaia,【オークス】リバティアイランドが次元の違う走りで牝馬二冠達成！　いざ名牝への道,https://news.yahoo.co.jp/articles/c47adb7ad229080f1ab5eabe0d9de842eba48ceb,5/22(月) 10:35
spaia,【日本ダービー】皐月賞を徹底分析！　ソールオリエンスのスケールに対抗しうる存在は,https://news.yahoo.co.jp/articles/fe85808c153f2be4ad8ccd54ce8ee581ffb7ad3f,5/21(日) 17:49
spaia,【目黒記念】一発逆転を託すのは黒帽子の2枠！　カントル、バラジが激走候補だ,https://news.yahoo.co.jp/articles/33241856f800d3a16e0664284b1a46ca64f0f794,5/21(日) 17:48
spaia,【葵S】オープン3連勝ビッグシーザーが中心　伏兵は「牝馬」と「オープン・リステッド組」から探せ,https://news.yahoo.co.jp/articles/189ae88cc74672efece9532965f271170afcdc0b,5/21(日) 17:47
spaia,【オークス結果速報】リバティアイランドが圧勝で牝馬二冠達成！　2着に1秒差をつける,https://news.yahoo.co.jp/articles/66bdb15cf6a9b826f33ea34f51aa82a290cf8203,5/21(日) 15:46
spaia,【オークス】昨年はキングカメハメハ系のワンツー決着　ドゥラメンテ産駒リバティアイランド,https://news.yahoo.co.jp/articles/950fe4185f7e09dfab3fe07ccadba7681248e1d3,5/21(日) 11:02
spaia,【オークス予想まとめ】6人中4人が桜花賞馬リバティアイランドを推す　逆転候補はハーパー、コナコースト,https://news.yahoo.co.jp/articles/550c7ec553ca2cb477a7f71e3e78cdc0709f1ccf,5/21(日) 11:00
spaia,【オークス】穴は別路線からミッキーゴージャス　ローテーションに見られる特徴は,https://news.yahoo.co.jp/articles/c07b6ff185df83c03a5e04ecece2ddb8ad035d70,5/21(日) 9:01
spaia,【オークス】末脚重視のレース、二冠は目前　東大HCの本命はリバティアイランド,https://news.yahoo.co.jp/articles/169d7c42aea2668da6638713943c67f2b8cdf8c5,5/21(日) 6:02
spaia,【オークス】「桜花賞を上がり最速で勝利した馬」は連対率100%　AIの本命はリバティアイランド,https://news.yahoo.co.jp/articles/66a34974b1980e3ef0be00eff2d9bccd1628e2e0,5/21(日) 6:02
spaia,【オークス】末脚生きる舞台でリバティアイランドが最有力　大穴候補2頭は東京コースならチャンスあり,https://news.yahoo.co.jp/articles/194edc687d5a27c4f35cb4963ff92cc2efb9d6fc,5/20(土) 17:20
spaia,【平安S結果速報】グロリアムンディが早め先頭から押し切りV！　2着はハギノアレグリアス,https://news.yahoo.co.jp/articles/be389f19db86ebb33e7f7eebc29b919e39731113,5/20(土) 15:40
spaia,【オークス】東京芝2400mに強い友道康夫厩舎　京大競馬研の本命はハーパー,https://news.yahoo.co.jp/articles/ad77fa212b2163474e9b19e4a1b468b78de88657,5/20(土) 6:03
spaia,【平安S】4戦連続連対の安定感が光る　AIの本命はハギノアレグリアス,https://news.yahoo.co.jp/articles/449f73a494b7e31fd5b8892bc320d82daa501992,5/20(土) 6:03
spaia,【平安S枠順】ダイオライト記念優勝馬グロリアムンディは1枠2番、名古屋大賞典勝ち馬ハギノアレグリアスは6枠11番,https://news.yahoo.co.jp/articles/1eecb5832234b1a9add9b7c26d96334c34577b59,5/19(金) 12:01
spaia,内枠有利、ルメール騎手が圧倒的な成績を残す　東大HCが東京芝2400mを徹底検証,https://news.yahoo.co.jp/articles/54af1d7a938ca1787630d886f7f2f83032fed634,5/19(金) 6:03
spaia,【平安S】荒れるダート重賞　「二桁人気で馬券に絡んだ穴馬」に似ている2頭を紹介,https://news.yahoo.co.jp/articles/dd78bca3407ed5e306260e6950d3d7b6943e41ac,5/18(木) 17:02
spaia,【オークス枠順】桜花賞馬リバティアイランドは3枠5番、ルメール騎手騎乗のハーパーは6枠12番,https://news.yahoo.co.jp/articles/ed44b84138297428fd174a78ca398f430b41eb70,5/18(木) 14:33
spaia,【オークス】過去10年で7勝2着5回の血統　欧州芝長距離GⅠ馬Mill Reefに注目　有力馬の血統解説,https://news.yahoo.co.jp/articles/ce3769725704d3577d1160c00dd6ce5ee64cd18a,5/18(木) 6:02
spaia,【オークス】リバティアイランドは「距離の壁」超え二冠達成なるか　歴代の桜花賞馬と徹底比較,https://news.yahoo.co.jp/articles/4d1c46f0413402097b0784ba2a6841177e35be90,5/17(水) 17:00
spaia,【オークス】過去15年で二冠牝馬は6頭　大本命リバティアイランドに迫るのは桜花賞組,https://news.yahoo.co.jp/articles/f56ec9e14e041e2ba012f40eb24dc1c3fc0b03d3,5/17(水) 11:01
spaia,【オークス】枠順次第でコナコーストは消し！　ハイブリッド式消去法が指名する高配当の使者はシンリョクカ,https://news.yahoo.co.jp/articles/d30642ac256ee1739abab0aa2d25fca13563760b,5/17(水) 6:04
spaia,【オークス】Cアナライズはリバティアイランドを信頼　相手候補はコナコーストや良血馬を推奨,https://news.yahoo.co.jp/articles/165dbb2dea4da890eaeff7e9f48cfb21a355c580,5/16(火) 17:03
spaia,【オークス】参考レース振り返り　過去10年で7勝の桜花賞組、リバティアイランド死角なし,https://news.yahoo.co.jp/articles/f7cc53dbc7722661f2ed8556dfbc7162d3986a70,5/16(火) 11:02
spaia,"【オークス】レコードはラヴズオンリーユーの2:22.8、三連単最高払戻は54万8,190円　優駿牝馬の色々な「最高記録」",https://news.yahoo.co.jp/articles/36430ba07faeb3b6bccd61525460e648bd9fe4e9,5/16(火) 6:04
spaia,【京王杯SC】蛯名正義厩舎、重賞初制覇！　切れ味発揮レッドモンレーヴの今後,https://news.yahoo.co.jp/articles/cd280a92540d1bd90dd91a5beb1930f08d3d881e,5/15(月) 11:37
spaia,【ヴィクトリアマイル】ソングラインが名牝の証明！　女王のプライドがぶつかった残り200mの攻防,https://news.yahoo.co.jp/articles/e5939cf86e21ffc8ed9c1d1328beaade21d668f6,5/15(月) 10:52
spaia,【平安S】充実グロリアムンディ、JRA重賞に王手！　一発秘めるは重賞2勝馬サンライズホープ,https://news.yahoo.co.jp/articles/770df9d6452ac8d719eb5f061ffb4d31ac5055e9,5/14(日) 17:18
spaia,【オークス】桜花賞1着、上がり最速、1番人気、そして2月生まれ　リバティアイランド二冠へ、データは揃った！,https://news.yahoo.co.jp/articles/1908d22c9fb213f005c286f765d61b2de7149ecb,5/14(日) 17:16
spaia,【ヴィクトリアマイル結果速報】ソングラインが内から末脚を伸ばし差し切り！　2着はアタマ差でソダシ,https://news.yahoo.co.jp/articles/af624f0fe1d303b83334bdeeba1b008ec4975694,5/14(日) 15:46
spaia,【ヴィクトリアマイル】牝馬の活躍馬が多いキョウエイマーチ牝系　血統注目馬ナミュール,https://news.yahoo.co.jp/articles/67f148310c04f50afa8a8e38a77e4e1cc4820ae9,5/14(日) 11:03
spaia,【ヴィクトリアマイル予想まとめ】スターズオンアースとソングラインで評価二分　4名から印が入った穴馬は？,https://news.yahoo.co.jp/articles/eac6fa69a42045c8a223244ea775a3cf883ce61a,5/14(日) 11:03
spaia,【ヴィクトリアマイル】「前走負け」と「継続騎乗」を満たす馬が8勝　ローテーションに見られる特徴は,https://news.yahoo.co.jp/articles/999130afe6642916a2d4b28e0a40674587d1b88f,5/14(日) 9:00
spaia,【ヴィクトリアマイル】「前走GⅠで1番人気」なら複勝率66.7%　AIの本命はスターズオンアース,https://news.yahoo.co.jp/articles/a07229acc55748051b81f5f6e96326b5fdf1072f,5/14(日) 6:03
spaia,【ヴィクトリアマイル】スローペース適性のある差し馬を狙う　東大HCの本命はソングライン,https://news.yahoo.co.jp/articles/5e83dad7da4a484b0109a48d2ec261cbf3d126ad,5/14(日) 6:02
spaia,【ヴィクトリアマイル】本命候補はソダシ　二の脚が速く、楽に先行できる点が魅力,https://news.yahoo.co.jp/articles/c0c1bacbd20a21b9ed60f934e25b1698729d3e89,5/13(土) 19:32
spaia,【京王杯SC結果速報】レッドモンレーヴが差し切りV　2着はウインマーベル,https://news.yahoo.co.jp/articles/02313f370d9670a9f4189fd94c35758788c4eba1,5/13(土) 15:50
spaia,【京王杯SC】得意の舞台で重賞初制覇を狙う　AIの本命はルメール騎手騎乗のアヴェラーレ,https://news.yahoo.co.jp/articles/7eb1c8b977d8c5a21ed459478d43a4c41d1f4f92,5/13(土) 6:03
spaia,【ヴィクトリアマイル】格上の馬が順当に走るレース　京大競馬研の本命はソングライン,https://news.yahoo.co.jp/articles/4a1bacd5b15957e32caf353dd1035a65a6877121,5/13(土) 6:03
spaia,【京王杯SC枠順】NHKマイルC優勝馬ダノンスコーピオンは1枠1番、復帰2戦目のピクシーナイトは5枠9番,https://news.yahoo.co.jp/articles/218d159b9c9a9af2ff1be6e0fb7cffdea0a7f44e,5/12(金) 12:00
spaia,【ヴィクトリアマイル枠順】二冠牝馬スターズオンアースは1枠2番、GⅠ・3勝の白毛馬ソダシは8枠16番,https://news.yahoo.co.jp/articles/06a77f28652560959d0448a625b57f5354fb4ea3,5/12(金) 12:00
spaia,【ヴィクトリアマイル】ソダシ連覇の可能性を探る！　プラスデータ多数も気になるデータを発見,https://news.yahoo.co.jp/articles/33d7fe30056d9931f348d9029c6d4d19546a5c0e,5/12(金) 6:05
spaia,【ヴィクトリアマイル】前走が高松宮記念以外のGⅠ組が好成績　ソダシとスターズオンアースを評価,https://news.yahoo.co.jp/articles/45a4fc351b1a6028222692d3b059c63ca14c43ce,5/11(木) 17:01
spaia,【ヴィクトリアマイル】芝マイル戦では珍しくNureyevなどの欧州血統が波乱を呼ぶ　有力馬の血統解説,https://news.yahoo.co.jp/articles/4fd94e581f87943b0de01627294620c6922ee2d3,5/11(木) 6:04
spaia,【京王杯SC】高松宮記念組が過去3年で2回ワンツー　2年前の再現でトゥラヴェスーラが激走だ,https://news.yahoo.co.jp/articles/0a08c82375bae2ee5de58437b42ca29ac0ab913f,5/10(水) 11:01
spaia,【ヴィクトリアマイル】ナミュールとナムラクレアは消し！　ハイブリッド式消去法で浮上した特注穴馬は,https://news.yahoo.co.jp/articles/40fe27f5fcfb5cee24fd4bfd1a817921e78cf499,5/10(水) 6:03
spaia,【ヴィクトリアマイル】ソダシ、スターズオンアース、スタニングローズを徹底比較！　注目は東京マイル成績,https://news.yahoo.co.jp/articles/6a9269b87d7a27a5cbbb9f2f0ab9b3f3db5599b3,5/9(火) 17:49
spaia,【ヴィクトリアマイル】Cアナライズからはマイル適性と血統を重視しソダシを本命視　スターズオンアースは距離に不安あり,https://news.yahoo.co.jp/articles/d35c49531b263c38fe121793dc89577210316911,5/9(火) 17:03
spaia,【ヴィクトリアマイル】参考レース振り返り　複勝率57.1%の大阪杯組、東京コース歓迎のスターズオンアース,https://news.yahoo.co.jp/articles/9879ba6a1e586dfe5fb4f727e6efbda49f771a1b,5/9(火) 11:01
spaia,【ヴィクトリアマイル】三連単最高払戻が2070万円超、最多勝はルメール騎手の3勝　マイル女王決定戦の色々な「最高記録」,https://news.yahoo.co.jp/articles/9a2911d56ca34cabce69a14d3507e36209a9d55e,5/9(火) 6:04
spaia,【新潟大賞典】42年ぶりの不良馬場開催！　59キロで快勝のカラテはまだまだ上を目指せる,https://news.yahoo.co.jp/articles/2f3c6b07f96493b50230ece3e54ee9e4df540b1f,5/8(月) 11:15
spaia,【京都新聞杯】サトノグランツが3連勝でダービー出走に滑り込む　本番好走の可能性とは,https://news.yahoo.co.jp/articles/05935d7e7a5f0ea2c3198ad32ea8435773217636,5/8(月) 11:11
spaia,【NHKマイルC】シャンパンカラーが道悪の大混戦を断つ！　内田騎手のひと押しとドゥラメンテの底力,https://news.yahoo.co.jp/articles/212e2136cd718905397dfc86854b632861787428,5/8(月) 10:47
spaia,【京王杯SC】8歳トゥラヴェスーラ、待望の重賞タイトルへ！　高松宮記念組とゾンニッヒに好データ,https://news.yahoo.co.jp/articles/357c062d02cd71539b5ec70a153490eb891afc5a,5/7(日) 17:02
spaia,【ヴィクトリアマイル】牡馬相手に戦ってきた馬が優勢　スターズオンアース、ソダシら有力も、逆転託せるナミュール,https://news.yahoo.co.jp/articles/cc865a9e38cfb5be59f2c28930e8ccfe0a645f9b,5/7(日) 16:59
spaia,【NHKマイルC結果速報】シャンパンカラーが大混戦を制す！　2着は外から追い込んだウンブライル,https://news.yahoo.co.jp/articles/4d6d6e266154cf8385cef5ed6a046b0d203f0b57,5/7(日) 15:46
spaia,【新潟大賞典結果速報】トップハンデも関係なし！　カラテが重賞3勝目を挙げる,https://news.yahoo.co.jp/articles/693513cd7135b02ec924887280781538dbdcde87,5/7(日) 15:24
spaia,【NHKマイルC】父ロードカナロア×母父Northern Dancer系は昨年優勝馬と同じ　ウンブライルが兄に続くGⅠ制覇だ,https://news.yahoo.co.jp/articles/27c073ee8127be4b550b774a43578b56c11cfd0d,5/7(日) 11:01
spaia,【NHKマイルC予想まとめ】大混戦の中でカルロヴェローチェが一歩リード　牝馬の台頭もあるか,https://news.yahoo.co.jp/articles/7a4aa872cb160daed0f27005c33817fcc5fe6093,5/7(日) 11:01
spaia,【NHKマイルC】マイルGⅠ経験が武器に　ローテーションに見られる特徴は,https://news.yahoo.co.jp/articles/23396ac9588c9f3695feb6f876b66acbd8ea3a8e,5/7(日) 9:01
spaia,【新潟大賞典】連勝の勢いは止まらない　AIはスパイダーゴールドの重賞初制覇に期待,https://news.yahoo.co.jp/articles/029bd0ea6b3275b3f5df5e3cdf2c2a155dd70fb3,5/7(日) 9:00
spaia,【NHKマイルC】スピードを武器にマイル王を狙う　AIはカルロヴェローチェ本命,https://news.yahoo.co.jp/articles/4dcdfe4c3c839856ecc3f965fd5c308523f1afe4,5/7(日) 6:01
spaia,【NHKマイルC】好走率の高いクラシックからの転戦組　東大HCの本命はシングザットソング,https://news.yahoo.co.jp/articles/8d537d8510f7cddbdce2fd46abe16abba345b257,5/7(日) 6:00
spaia,【NHKマイルC】鞍上強化で巻き返す　桜花賞出走をハナ差で逃したモリアーナに期待,https://news.yahoo.co.jp/articles/5fb80e1e17b1052434b84a32f9f713f175a18464,5/6(土) 17:30
spaia,【京都新聞杯結果速報】サトノグランツが大接戦を制す！　サトノダイヤモンド産駒初の重賞勝ちを飾る,https://news.yahoo.co.jp/articles/fad4d4a41fffe16056a7b57f7d5f0f0f11413688,5/6(土) 15:41
spaia,【京都新聞杯】「前走毎日杯で継続騎乗」など好データが後押し　AIの本命はドットクルー,https://news.yahoo.co.jp/articles/51701f26bb8e11fce85a42ece1fa7bb16e265299,5/6(土) 6:04
spaia,【NHKマイルC】好走データを満たした馬に福来る！　京大競馬研の本命はショーモン,https://news.yahoo.co.jp/articles/b02ddafe94fe151ac6e06c35c239f6e01a3f95aa,5/6(土) 6:04
spaia,【NHKマイルC枠順】朝日杯FS勝ち馬ドルチェモアは7枠13番、D.レーン騎手騎乗のカルロヴェローチェは7枠15番,https://news.yahoo.co.jp/articles/6f53a85789ced74ad1827512c4c20e5341bd576d,5/5(金) 12:01
spaia,【京都新聞杯枠順】毎日杯3着のドットクルーは3枠3番、ゆきやなぎ賞勝ち馬サトノグランツは5枠6番,https://news.yahoo.co.jp/articles/066a0ca01392debf650d6e370d936729067079b8,5/5(金) 12:01
spaia,【新潟大賞典枠順】GⅠ馬キラーアビリティは5枠10番、4連勝中のスパイダーゴールドは8枠15番,https://news.yahoo.co.jp/articles/82b5227f81096405a25d0edf70ff3362338ac263,5/5(金) 12:01
spaia,【かしわ記念】「このメンバーでは一番強いと思っていた」　浜中俊騎手騎乗のメイショウハリオが追い比べ制す,https://news.yahoo.co.jp/articles/3c90bb1a5d6570d5369cc4deb94be6d6a4928962,5/5(金) 11:51
spaia,【NHKマイルC】外枠と先行が好成績、川田将雅騎手は特定条件で回収率UP　東大HCが東京芝1600mを徹底検証,https://news.yahoo.co.jp/articles/4030294bde747a76cb77660d6bf970f4d8346acb,5/5(金) 6:02
spaia,【NHKマイルC】「乗り替わり」より「継続騎乗」に好データ　武豊騎手騎乗のオオバンブルマイを信頼,https://news.yahoo.co.jp/articles/db406b2032ff545b08b4bfecc87ac9f8cbe221ab,5/4(木) 17:02
spaia,【かしわ記念予想】6歳馬が最多タイの5連対　メイショウハリオが新マイル王を狙う,https://news.yahoo.co.jp/articles/8ce5cf572ae3da395a9b7a9ae27e3585ab9413ca,5/4(木) 6:02
spaia,【NHKマイルC】Deputy Minister系など北米血統馬が強いレース　有力馬の血統解説,https://news.yahoo.co.jp/articles/fecf5992242a7322f45784a1acb2b725b488f6e3,5/4(木) 6:01
spaia,川田将雅騎手が56勝でトップ　ルメール騎手は重賞3勝の活躍【4月終了時の騎手リーディング】,https://news.yahoo.co.jp/articles/c98d9c415d96481ad2bc1d7a78df68af6ea1559f,5/3(水) 11:03
spaia,【京都新聞杯】「前走1着」のデータを信頼　レース相性のいい父キズナと同じ道を歩む、リビアングラス,https://news.yahoo.co.jp/articles/9237c30bed4e3c03e04681472ec576be206b3256,5/3(水) 11:00
spaia,【NHKマイルC】ハイブリッド式消去法でエエヤンら実績上位馬が次々脱落！　残るのは超伏兵の3頭！,https://news.yahoo.co.jp/articles/bfe2b0ad2fb913c97776e477ca04ca455c24f763,5/3(水) 6:02
spaia,【NHKマイルC】「前走不利データ」を持つエエヤンとセッションを推奨　Cアナライズの本命は枠次第,https://news.yahoo.co.jp/articles/fc06f7c10e4aab4e659a04439af6c6280f8b19c9,5/2(火) 17:03
spaia,単勝5倍以上の1番人気は思い切って消し！？　過去の大混戦GⅠレースを振り返る,https://news.yahoo.co.jp/articles/d750d77bcb7b65a5c75ff42c8b28910e1c8c879a,5/2(火) 17:03
spaia,【NHKマイルC】参考レース振り返り　勝率14.3%の皐月賞組、プラス材料揃うダノンタッチダウン,https://news.yahoo.co.jp/articles/b8ccc03a74e3740840e9fd208a8dfdb4b70f5c8a,5/2(火) 11:02
spaia,【NHKマイルC】レコードは1:31.4のダノンシャンティ、最多勝は変則二冠で名を馳せた松田国英調教師　色々な「最高記録」,https://news.yahoo.co.jp/articles/f39aa1dd835108c1f9b1170cee7da3d2e77ae773,5/2(火) 6:00
spaia,【香港チャンピオンズデー】地元香港勢に日本馬完敗　プログノーシスのクイーンエリザベス2世C2着が最高,https://news.yahoo.co.jp/articles/e97450df9fadf9aa71a56f779b0f411565e50d58,5/1(月) 14:23
spaia,【青葉賞】勝ち時計2分23秒台は3頭目　キタサンブラック産駒スキルヴィングに感じるジンクス破りの可能性,https://news.yahoo.co.jp/articles/40756478b5cb3ab6d804f0fc9fdd6b303c36fbbb,5/1(月) 11:49
spaia,【天皇賞（春）】円熟味あふれるジャスティンパレス！　競馬のあらゆる面が凝縮された淀の2マイル,https://news.yahoo.co.jp/articles/a6a52b8490ae9fd715921f259927dfec53a6114d,5/1(月) 10:54
spaia,【京都新聞杯】遅れてきた大器サトノグランツと「複勝率100%データ」の毎日杯3着ドットクルーが中心,https://news.yahoo.co.jp/articles/bec4065211293d2014eaa8490bb033c357275120,4/30(日) 17:02
spaia,【新潟大賞典】キラーアビリティに不安なデータあり？　今年こそアイコンテーラーの出番だ,https://news.yahoo.co.jp/articles/ed7639bf9ec1cf82f5e83499202e5bce082f67a8,4/30(日) 17:02
spaia,【NHKマイルC】注目すべきは前走2着馬！　ウンブライル、セッション、カルロヴェローチェが混戦を抜け出す,https://news.yahoo.co.jp/articles/d31ffa06063c6f91c9a3927f9e30051a401fd8d2,4/30(日) 17:01
spaia,【天皇賞（春）結果速報】ジャスティンパレスがGⅠ初制覇！　ディープボンドが3年連続の2着,https://news.yahoo.co.jp/articles/1dec8ab6015577f4a38786e644c8204c9fc4ebf0,4/30(日) 15:47
spaia,【天皇賞（春）予想まとめ】6人中5人がタイトルホルダーを支持！　連覇阻止の最右翼はジャスティンパレス,https://news.yahoo.co.jp/articles/63b2058f23550c64cbacd15ae6d243e84b8522ea,4/30(日) 11:02
spaia,【天皇賞（春）】ビートブラックと同じ配合形　スピード面を強化したハーツクライ産駒マテンロウレオ,https://news.yahoo.co.jp/articles/a489a60b5d136f501bc4b961e917ade30e84be48,4/30(日) 11:00
spaia,【天皇賞（春）】前年の有馬記念好走馬が圧倒的　ボルドグフーシュで決まり！,https://news.yahoo.co.jp/articles/d8c58cd92c126126cbdb1831d1b5ff3815dfb648,4/30(日) 9:00
spaia,【天皇賞（春）】昨年と同じ臨戦過程で態勢も万全　東大HCの本命はタイトルホルダー,https://news.yahoo.co.jp/articles/61649a907ba5d3f82c359f572917f7a0b38828b2,4/30(日) 6:02
spaia,【天皇賞（春）】長距離適性、能力、枠順どれも申し分なし　AIの本命はタイトルホルダー,https://news.yahoo.co.jp/articles/05a4acd26e9125d86c133a66853f597f6bbe2f78,4/30(日) 6:02
spaia,【天皇賞（春）】潜在的なスタミナは豊富！　隠れた長距離砲ディープモンスターに期待,https://news.yahoo.co.jp/articles/2f9a1bbc194f6d94b7333ef6f9664d8d3f616987,4/29(土) 17:02
spaia,【青葉賞結果速報】スキルヴィングが差し切りV！　2着はハーツコンチェルト,https://news.yahoo.co.jp/articles/ae0660997cb623665ee6e8cf8d365ee2e1c9fe55,4/29(土) 15:50
spaia,【天皇賞（春）】京都でも逃げて圧倒だ　京大競馬研の本命はタイトルホルダー,https://news.yahoo.co.jp/articles/192f1560d860c907ac99d3219d5d3dda24aa4704,4/29(土) 6:02
spaia,【青葉賞】ゆりかもめ賞の内容に大物の予感　AIの本命はスキルヴィング,https://news.yahoo.co.jp/articles/baa508dec5eb6a6cc4215e9e9ace05da2731c864,4/29(土) 6:02
spaia,【青葉賞枠順】ゆりかもめ賞を快勝したスキルヴィングは6枠11番、アザレア賞勝ち馬サヴォーナは6枠10番,https://news.yahoo.co.jp/articles/e2240c4c5e4b34b8aa4838613a3d8d910066ec90,4/28(金) 12:01
spaia,異なる競馬場でJRA同一・GⅠ連覇を達成した馬を特集　タイトルホルダーは京都での連覇なるか,https://news.yahoo.co.jp/articles/c2bc2b677ba8c5a1d747840081cffcd7c1b333aa,4/28(金) 6:03
spaia,【青葉賞】2006年以来の1戦1勝馬　ヒシタイカンが狙うダービー下剋上への道,https://news.yahoo.co.jp/articles/888287977a8e5d4afd7d18ffa66fae242d85883f,4/27(木) 17:52
spaia,【天皇賞（春）枠順】GⅠ・4勝目を狙うタイトルホルダーは2枠3番、阪神大賞典勝ち馬ジャスティンパレスは1枠1番,https://news.yahoo.co.jp/articles/dc67310408491c707327daeceaffbf27fd6985dc,4/27(木) 14:23
spaia,【天皇賞（春）】超長距離戦のセオリーは「主流血統の軽量馬」狙い　有力馬の血統解説,https://news.yahoo.co.jp/articles/6197e4425d41a8e964c12f5efbcbcf815980cf09,4/27(木) 6:03
spaia,【天皇賞（春）】「前走日経賞」など好データ多数　タイトルホルダーが京都でも春の盾をゲット！,https://news.yahoo.co.jp/articles/6bc93dd11fc403e88582689a39e7fe265d3f813c,4/26(水) 11:02
spaia,【天皇賞（春）】ハイブリッド式消去法でアスクビクターモアとシルヴァーソニックは消し！　命運は当日馬体重と人気が握る！？,https://news.yahoo.co.jp/articles/528b8e805fcfd4b58d1427c7257861068e0528c6,4/26(水) 6:03
spaia,【天皇賞（春）】近10年で7勝を挙げる「菊花賞馬」　アスクビクターモアは逆転可能か,https://news.yahoo.co.jp/articles/eb0239beff0de1a8db52af3428f510eada10f009,4/25(火) 17:02
spaia,【天皇賞（春）】上位人気2頭の取捨選択が焦点　Cアナライズは京都適性が見込めるタイトルホルダーを推奨,https://news.yahoo.co.jp/articles/e02c47fd591ad685a5951f860ae9da24535cb843,4/25(火) 17:02
spaia,【天皇賞（春）】参考レース振り返り　連覇を狙うタイトルホルダーがデータ、実力ともに文句なし,https://news.yahoo.co.jp/articles/6eb342f2bc3a58f037f5929dc20d5e75913fd5b9,4/25(火) 11:04
spaia,【天皇賞（春）】単勝最高配当は1万5960円、最多勝は武豊騎手の8勝　春盾の色々な「最高記録」,https://news.yahoo.co.jp/articles/08c8bf8f568145cbaa4632171b2dc1c52adccbea,4/25(火) 6:03
spaia,【フローラS】30年ぶりの逃げ切りV！　ゴールデンハインドを本番でもマークしたいワケとは,https://news.yahoo.co.jp/articles/e462ed66c313e1303f47b41c6efa377bf66aea3b,4/24(月) 11:11
spaia,【マイラーズC】シュネルマイスター、京都を味方に完全復活！　この先は東京、京都と得意舞台が待っている,https://news.yahoo.co.jp/articles/4d3ccfeb17c4c1226d0992ca0cf619a82e193b6e,4/24(月) 10:46
spaia,【福島牝馬S】久々の実戦、良化途上でもステラリア快勝　ハッキリした適性と今後の狙い時,https://news.yahoo.co.jp/articles/900c35e2482ed0462cca2049e27f593c8fd13d21,4/24(月) 6:03
spaia,【天皇賞（春）】タイトルホルダー連覇濃厚！　ジャスティンパレス、ボルドグフーシュら4歳勢が待ったをかけるか,https://news.yahoo.co.jp/articles/d90b7d0e3d7025e19c5af3d5034e8a3ec902f0a1,4/23(日) 17:04
spaia,【青葉賞】前走1勝クラス、2200m以上が好走ゾーン　スキルヴィング、サヴォーナ、ヨリマルらに要警戒,https://news.yahoo.co.jp/articles/3fbb8a5556a9e75a8e01ea192a4ac6577185c295,4/23(日) 17:03
spaia,【フローラS結果速報】ゴールデンハインドが逃げ切り勝ち　2着はソーダズリング,https://news.yahoo.co.jp/articles/b3ad49323573c27bb2dd21259c540fdd98b04b8a,4/23(日) 15:49
spaia,【マイラーズC結果速報】シュネルマイスターが久々の白星！　2着はマイル初挑戦のガイアフォース,https://news.yahoo.co.jp/articles/a91995182110979d808c5fb291640f6aa71c06f7,4/23(日) 15:39
spaia,【マイラーズC予想まとめ】上がり馬ジャスティンスカイが最上位評価　対するはシュネルマイスター、エアロロノア,https://news.yahoo.co.jp/articles/f5443ce6da35a8cbed64d3db7f5354e8d8b0a607,4/23(日) 11:03
spaia,【フローラS予想まとめ】ソーダズリング、キミノナハマリア、ティファニードンナなど上位拮抗,https://news.yahoo.co.jp/articles/ab03d041ca9c1d3d96306c8ee5d526faeaacf95c,4/23(日) 11:00
spaia,【フローラS】遅れてきた良血馬がオークス切符を狙う　AIの本命はソーダズリング,https://news.yahoo.co.jp/articles/69d6323cadbbdbe702cdf59e53137dc6a305ae8c,4/23(日) 9:01
spaia,【マイラーズC】3連勝の勢いそのままに重賞初制覇へ　AIの本命はジャスティンスカイ,https://news.yahoo.co.jp/articles/3a3eeb936672f15acae3e4876a25e5ddc121ee96,4/23(日) 9:00
spaia,【フローラS】唯一の2勝馬、実績を信頼　東大HCの本命はキミノナハマリア,https://news.yahoo.co.jp/articles/9ac356a3a2fe2ca5ccc12a240d4ceaa31671a5ba,4/23(日) 6:01
spaia,【フローラS】先行力があるゴールデンハインド、ソーダズリングに大きなチャンスあり,https://news.yahoo.co.jp/articles/254ca8151c3c173360373b25d1b615226367f3a8,4/22(土) 18:10
spaia,【福島牝馬S結果速報】GⅠ・2着の実績馬ステラリアが優勝！　2着はビッグリボン,https://news.yahoo.co.jp/articles/e3e5ff79182179a2809cb56c46e70616a6800cf8,4/22(土) 15:30
spaia,【福島牝馬S】複勝率50.0%の好データが後押し　AIの本命は5歳馬ジネストラ,https://news.yahoo.co.jp/articles/89878ab0269b3af724530595151d81ecbccd696c,4/22(土) 9:01
spaia,【マイラーズC】「4歳」「川田将雅騎手」の好データ　京大競馬研の本命はジャスティンスカイ,https://news.yahoo.co.jp/articles/8c6338466e4af143918311a99841ea183da84a22,4/22(土) 6:04
spaia,【マイラーズC枠順】NHKマイルC勝ち馬シュネルマイスターは6枠10番、3連勝中ジャスティンスカイは2枠3番,https://news.yahoo.co.jp/articles/af1e9c48918c260d01d58656ae0749f06ad5ef70,4/21(金) 12:01
spaia,【福島牝馬S枠順】昨年の2着馬クリノプレミアムは6枠11番、中山牝馬S2着ストーリアは7枠13番,https://news.yahoo.co.jp/articles/ef42c9e828d3a2d32ca70a16adf18048628e9cfd,4/21(金) 12:01
spaia,【フローラS枠順】オークス馬の娘イングランドアイズは8枠14番、ソーダズリングは2枠2番,https://news.yahoo.co.jp/articles/45e3cd80330e1c7a43eef815cc8161555d08f0fd,4/21(金) 12:00
spaia,「京都巧者」をデータで徹底調査　京都ダートに抜群の適性を誇る種牡馬とは？,https://news.yahoo.co.jp/articles/de5b32b088282542485d7da47da463ca369f04b4,4/21(金) 6:04
spaia,【福島牝馬S】積極的に狙いたい愛知杯組　大敗でも「重賞に出ていたこと」が重要,https://news.yahoo.co.jp/articles/5df0a67f39c25abdb5d036b7b118f70cf0bf4955,4/20(木) 17:03
spaia,【東京スプリント】「状態が良いと感じたので、自信がありました」　横山武史騎手騎乗のリュウノユキナが差し切りV,https://news.yahoo.co.jp/articles/5d37a258ccd6e133c80598277be88d295714d35f,4/20(木) 11:49
spaia,【ブリリアントカップ展望】重賞3勝馬スワーヴアラミスが大井で躍動,https://news.yahoo.co.jp/articles/da95d1b854ce8d6019aab2914484cdaa36221b41,4/20(木) 6:04
spaia,【マイラーズC】持続力が要求される舞台　平坦コースや下り坂に強い「Princely Gift」内包馬が狙い目,https://news.yahoo.co.jp/articles/21023073449636d9319a7daf8feb1e4962b59d3c,4/20(木) 6:04
spaia,【フローラS】4月生まれ馬は連対なし　データのイチオシはティファニードンナ,https://news.yahoo.co.jp/articles/18194e109e0ab31fd8f1be9cc7fd6c0eb07780cd,4/19(水) 11:03
spaia,【マイラーズC】シュネルマイスターとソウルラッシュに死角なし！？　ハイブリッド式消去法で浮上した穴馬2頭とは,https://news.yahoo.co.jp/articles/498206815aae236d9f7cc6b4b71a4cf732d5b5a2,4/19(水) 6:03
spaia,【東京スプリント予想】8歳も好材料　大井1200m巧者リュウノユキナの復権だ,https://news.yahoo.co.jp/articles/f7225c2d430b03f3386373ae19e2e76f72621dd9,4/19(水) 6:03
spaia,【フローラS】Cアナライズからの推奨はキミノナハマリア　好走データ、前走不利データ、東京向き血統の三拍子揃う,https://news.yahoo.co.jp/articles/27edef8067fe5e9ebffa27815179a0a60c544f0b,4/18(火) 17:00
spaia,【マイラーズC】参考レース振り返り　データは中山記念組、レース内容からはジャスティンスカイ,https://news.yahoo.co.jp/articles/72df8cb6e4f1879fe678b57c41a2cb3d03f9501f,4/18(火) 11:04
spaia,2年半ぶり再開、京都競馬場ヒストリー　淀のGⅠを愛した名ステイヤー・ライスシャワー,https://news.yahoo.co.jp/articles/f179487fc8565da12b604612a4d0ecb655ff9863,4/18(火) 6:02
spaia,【アンタレスS】まるでダート本場のアメリカ競馬！　ライバルの体力を削りとるプロミストウォリアの強気な逃げ,https://news.yahoo.co.jp/articles/fbbcba9ae4af2abfc3eaaa30971a55c1f885b9d6,4/17(月) 11:11
spaia,【皐月賞】50年ぶり重馬場の皐月賞はソールオリエンス伝説の幕開け,https://news.yahoo.co.jp/articles/b076e445bd5f0376c6a4566bce5d97cb527c9b75,4/17(月) 10:53
spaia,【アーリントンC】名手に導かれオオバンブルマイが重賞2勝目　距離もクリアしていざ本番へ,https://news.yahoo.co.jp/articles/6d13de391215a1c6315d321cb102d36f72c764fb,4/17(月) 6:03
spaia,【福島牝馬S】中山牝馬Sからの連続好走が頻発！　斤量増でも構わずストーリア,https://news.yahoo.co.jp/articles/2ba5d0366e037d92d7fd9a82beaf2ce06b9c7aca,4/16(日) 17:03
spaia,【フローラS】ポイントは中距離へのシフトチェンジ　狙いは君子蘭賞勝ち馬キミノナハマリア,https://news.yahoo.co.jp/articles/2769ac10c16863d452c0e6fd25da6e9c1b2d8585,4/16(日) 17:02
spaia,【マイラーズC】実績馬ソウルラッシュ、シュネルマイスター有力　伏兵候補は六甲S組のサヴァ,https://news.yahoo.co.jp/articles/9d51c7ddab70e18ded9bad317c83d730d1521601,4/16(日) 17:02
spaia,【皐月賞結果速報】ソールオリエンスが大外一気で混戦を断つ！　2着はタスティエーラ,https://news.yahoo.co.jp/articles/bd7dc48eff771b322f0706c64a4f327e101f3750,4/16(日) 15:46
spaia,【アンタレスS結果速報】プロミストウォリアが逃げ切って5連勝　59キロも問題なし！,https://news.yahoo.co.jp/articles/1e973d0f07bb2186ffe0bac91ae1ae9302607a17,4/16(日) 15:34
spaia,【皐月賞】力の要る馬場に強く、クラシックに縁のある血統　ルーラーシップ産駒フリームファクシ,https://news.yahoo.co.jp/articles/0447293fdbc9e26c5ce28e994eed23d908aac4c0,4/16(日) 11:04
spaia,【皐月賞予想まとめ】ファントムシーフが筆頭格も混戦ムード　ベラジオオペラ、シャザーンらも戴冠のチャンスあり,https://news.yahoo.co.jp/articles/f02d3c010d79329cdc339e11659e94c470cd308d,4/16(日) 11:02
spaia,【皐月賞】実は妙味ありのスプリングS連対馬　ローテーションに見られる特徴は,https://news.yahoo.co.jp/articles/5d97ce68ef0adab9deaff5b2106ff2b9428783c6,4/16(日) 9:01
spaia,【皐月賞】すみれSは上がり33.1秒で豪快な差し切り勝ち　AIは良血馬シャザーン本命,https://news.yahoo.co.jp/articles/98344b67f865a60049dde9fad87e621d1557f458,4/16(日) 6:03
spaia,【皐月賞】ハイレベルだった共同通信杯勝ちを評価　東大HCの本命はファントムシーフ,https://news.yahoo.co.jp/articles/24a04e4083aae1011e0225b0f4b32386bb1df37f,4/16(日) 6:02
spaia,【アンタレスS】得意の阪神ダート1800mで重賞制覇を狙う　AIの本命はキングズソード,https://news.yahoo.co.jp/articles/8a58fc581e63a1a7f1058c9511db789b561168bc,4/15(土) 17:01
spaia,【皐月賞】先行力のある外枠の馬を中心視　タッチウッド、マイネルラウレア、グラニットに魅力あり,https://news.yahoo.co.jp/articles/2497b68090009ee1f5285b659de1da0ece9d9c91,4/15(土) 17:00
spaia,【アーリントンC結果速報】オオバンブルマイが豪快に差し切り勝ち！　重賞2勝目を飾る,https://news.yahoo.co.jp/articles/922bc94b29bd711a0d8a727dfdc42f4034f02c4e,4/15(土) 15:35
spaia,【皐月賞】速い流れの経験がない馬は不利　京大競馬研の本命はベラジオオペラ,https://news.yahoo.co.jp/articles/e633d8a7262daba1afd70c4284f408a63d771b43,4/15(土) 6:06
spaia,【アーリントンC】コース実績と先行力に期待　AIの本命はショーモン,https://news.yahoo.co.jp/articles/c8963618371bb14d5d999eac121538ddb3382601,4/15(土) 6:05
spaia,【アーリントンC枠順】京王杯2歳S勝ち馬オオバンブルマイは3枠6番、エルフィンS勝ち馬ユリーシャは1枠2番,https://news.yahoo.co.jp/articles/3b155343798c983d95f1d6ac117a346988f1a01d,4/14(金) 12:02
spaia,【アンタレスS枠順】4連勝中のプロミストウォリアは7枠12番、重賞2勝馬サンライズホープは4枠6番,https://news.yahoo.co.jp/articles/6522c9a3b370320da4c4b0f24dd7a3debf7ffda0,4/14(金) 12:02
spaia,【皐月賞】安定感ならルメール騎手、妙味なら横山兄弟に軍配　東大HCが中山芝2000mを徹底検証,https://news.yahoo.co.jp/articles/488ed943abe4f4c596e65fc2087d263de4fcef65,4/14(金) 6:03
spaia,【皐月賞】好走条件は「前走初角2～4番手」　穴馬は馬場次第で狙いを変えたい2頭,https://news.yahoo.co.jp/articles/ea24f8cc5f55daf2c7fff5af8282d7b32384a7f0,4/13(木) 17:01
spaia,【皐月賞枠順】共同通信杯勝ち馬ファントムシーフは4枠7番、京成杯勝ち馬ソールオリエンスは1枠1番,https://news.yahoo.co.jp/articles/6e193956703550f98b6879c2e4085dfb815ef4fb,4/13(木) 15:02
spaia,【マリーンC】ペルアアが重賞初制覇　2番手追走から5馬身差の圧勝,https://news.yahoo.co.jp/articles/c36fb46b4f81c1f5711779a777316639a62dd5f6,4/13(木) 11:00
spaia,【皐月賞】ペースアップへの対応力がカギ　血統面からの注目はNureyev≒Sadler’s Wells内包馬,https://news.yahoo.co.jp/articles/4140410c118293fbd6d86e8fe3ec50f1544175b3,4/13(木) 6:02
spaia,【皐月賞】勝ち頭は「前走共同通信杯組」　ファントムシーフが一冠目をいただきに参上！,https://news.yahoo.co.jp/articles/b764f95f2d95149b28bc5293d192d0fa829894cb,4/12(水) 11:00
spaia,【皐月賞】ファントムシーフとトップナイフは枠順次第で消し！　ハイブリッド式消去法で浮上した高配当の使者は？,https://news.yahoo.co.jp/articles/4a8831da23c5620b7708deacd7015a9d6c607f68,4/12(水) 6:02
spaia,【マリーンカップ予想】過去10年で7勝の「5歳馬」が圧倒的　ナンヨーアイボリーが混戦を制す,https://news.yahoo.co.jp/articles/f444e3933d194d8e0e8b9196c78ab00bfd2de64c,4/12(水) 6:02
spaia,馬主リーディング4位までを一口馬主クラブが独占　ソールオリエンス擁する社台RHの逆襲に注目だ！,https://news.yahoo.co.jp/articles/7810b5e574b661329fc62a3aec460d50cf54c7cc,4/11(火) 17:02
spaia,【皐月賞】参考レース振り返り　データは勝率31.3%の共同通信杯組、素質ならヒケとらないソールオリエンス,https://news.yahoo.co.jp/articles/c4a2d126e4bb2af3ccfdc667bfceb8b421ad0f8e,4/11(火) 11:01
spaia,【皐月賞】未完の大器シルバーステートが産駒3頭出し　中山芝とは好相性【マイナー種牡馬応援団】,https://news.yahoo.co.jp/articles/2ccd4e531d06c0d76794160da66e49b029b8839d,4/11(火) 6:03
spaia,【阪神牝馬S】アクシデントを乗り越え、栄光をつかんだサウンドビバーチェの真の実力,https://news.yahoo.co.jp/articles/1fa6129b6039bec7adcbe1c03447b71b9cada176,4/10(月) 11:00
spaia,【桜花賞】これぞ異次元の強さ！　リバティアイランドの進化、その道にはまだまだ先がある,https://news.yahoo.co.jp/articles/177c81bc07d4c4a8800a00da2765cf9eeef84b8a,4/10(月) 10:40
spaia,【ニュージーランドT】中山マイル適性抜群のエエヤン3連勝！　1番人気7着ドルチェモアの敗因は,https://news.yahoo.co.jp/articles/1d8a29c93bf62667ef6121600ec8b75e6f56d7e3,4/10(月) 6:02
spaia,【アーリントンC】京王杯2歳S勝ち馬オオバンブルマイがデータ優勢　1戦1勝ナヴォーナも魅力大,https://news.yahoo.co.jp/articles/2a8095fdf8fca2123852da3431148bf77f8f0d83,4/9(日) 17:08
spaia,【アンタレスS】中心は東海S勝ち馬プロミストウォリア　相手はヴァンヤール,https://news.yahoo.co.jp/articles/734940333d8e9448a83e2a9282329bb9438f7518,4/9(日) 17:05
spaia,【皐月賞】戦国クラシック開幕　初陣を飾るのは中山を経験した無敗馬ベラジオオペラだ！,https://news.yahoo.co.jp/articles/006481f904fa8c5ff7d98f6bc12ecd57f7907fe6,4/9(日) 17:02
spaia,【桜花賞結果速報】リバティアイランドが力を見せつける大外一気！　2着はコナコースト,https://news.yahoo.co.jp/articles/aceb5de043c601954babbd83743816611dd7dbe3,4/9(日) 15:45
spaia,【桜花賞】スタミナを受け継いだハーツクライ産駒の牝馬ハーパー　将来性含め楽しみな存在,https://news.yahoo.co.jp/articles/5b62a76a657af30bfb7923a059b71e8f1b03ee1e,4/9(日) 11:02
spaia,【桜花賞予想まとめ】リバティアイランドに圧倒的な支持集まる　穴はコンクシェルとドゥーラ,https://news.yahoo.co.jp/articles/6c9d6204a8e6bf019f4407d77acb028a7fe658e7,4/9(日) 11:01
spaia,【桜花賞】直近5年全て「中7週以上」の馬が勝利　特に狙える馬の3条件とは？,https://news.yahoo.co.jp/articles/99f1661b3992e494b6bc6ce2cf7318613e7278d9,4/9(日) 9:01
spaia,【桜花賞】どんなペースでも問題なし　東大HCの本命はリバティアイランド,https://news.yahoo.co.jp/articles/a780035ae3cb6ec07d859404c9402f8989861950,4/9(日) 6:02
spaia,【桜花賞】桜の女王へデータも後押し　AIの本命はリバティアイランド,https://news.yahoo.co.jp/articles/dbf485b79193e7d904c145078161bff07c5ac8cd,4/9(日) 6:02
spaia,【桜花賞】本格化したシングザットソングが本命候補　大穴は枠に恵まれたブトンドール,https://news.yahoo.co.jp/articles/248e6555ef4454ab2c668710118fdbfb626593ec,4/8(土) 17:01
spaia,【ニュージーランドT結果速報】エエヤンが中山芝1600mで3連勝を飾る！　2着は追い込んだウンブライル,https://news.yahoo.co.jp/articles/ac0c9ef8c46cbc361dcd76a099b0f308907d279e,4/8(土) 15:54
spaia,【阪神牝馬S結果速報】サウンドビバーチェが先行抜け出しで重賞制覇！　2着はサブライムアンセム,https://news.yahoo.co.jp/articles/1a64002cea19887c40e411c53b8871a80afbfb6c,4/8(土) 15:42
spaia,【ニュージーランドT】立ち回りの巧さで初コースもクリア　AIは2歳王者ドルチェモア本命,https://news.yahoo.co.jp/articles/e5b9f6fa3adcd58b00a2f5371a6a3f618c05281d,4/8(土) 9:01
spaia,【阪神牝馬S】「前走1着の4歳馬」は複勝率66.7%　AIの本命は3連勝で臨むルージュスティリア,https://news.yahoo.co.jp/articles/bcefcadafdc16041cc48c55d7733c60afcd8fee7,4/8(土) 6:05
spaia,【桜花賞】差し・追込届くレースで大穴の末脚に期待　京大競馬研の本命はコンクシェル,https://news.yahoo.co.jp/articles/7b9fb3ce999c4f544129619b556c33ae637c2a94,4/8(土) 6:04
spaia,【阪神牝馬S枠順】3連勝中ルージュスティリアは6枠7番、11戦連続連対中のウインシャーロットは3枠3番,https://news.yahoo.co.jp/articles/2be6d07e15895b98679eaa7e4d8f75b19fe049d5,4/7(金) 12:02
spaia,【ニュージーランドT枠順】朝日杯FS勝ち馬ドルチェモアは4枠8番、ルメール騎手騎乗ウンブライルは8枠15番,https://news.yahoo.co.jp/articles/7f7850c5a25785da86005099c7c5e2c876467f0d,4/7(金) 12:02
spaia,【桜花賞】川田将雅騎手が断トツ、妙味なら吉田隼人騎手の先行策　東大HCが阪神芝1600mを徹底分析,https://news.yahoo.co.jp/articles/9053b377f4a9ea0a65f4ff08aaa122d17517436a,4/7(金) 6:03
spaia,【桜花賞】馬体重も直行ローテも問題なしのリバティアイランド　好配当をもたらす相手候補3頭は,https://news.yahoo.co.jp/articles/eb2a6fc39a8ab4229667a83d91798cb7067ca759,4/6(木) 17:02
spaia,【桜花賞枠順】阪神JF勝ち馬リバティアイランドは2枠3番、武豊騎手騎乗ライトクオンタムは1枠2番,https://news.yahoo.co.jp/articles/10ec4b8d6c0b1bc870fd904e08a001a3a03fe3cb,4/6(木) 17:01
spaia,【桜花賞】馬格のある主流系統馬が中心のレース　有力馬の血統解説,https://news.yahoo.co.jp/articles/cdf5ea7e883039390df02908e37a45f4f17706fc,4/6(木) 6:04
spaia,【桜花賞】4つのプラスデータ、全て満たすのは1頭だけ　満場一致リバティアイランド,https://news.yahoo.co.jp/articles/9a4af7b0f74f1489499f01fcc39e7bd4cd97cd7b,4/5(水) 11:01
spaia,絶好調の川田将雅騎手がトップに浮上　武豊騎手はJRA史上最年長GⅠ制覇【4月1週終了時の騎手リーディング】,https://news.yahoo.co.jp/articles/dc2ef2319159b20106cae4537b12ad1c0849c255,4/5(水) 11:01
spaia,【桜花賞】リバティアイランドとライトクオンタムは軽視不可　ハイブリッド式消去法で浮上した穴馬候補は,https://news.yahoo.co.jp/articles/1d28c3baef5498e0607f81edade3ecc271b8fb9a,4/5(水) 6:04
spaia,【クラウンC展望】粗削りの良血馬ゴールドラッドマンが重賞制覇を狙う,https://news.yahoo.co.jp/articles/b7627648b03fc9a1da9d8710176d9b467b944e42,4/5(水) 6:03
spaia,【桜花賞】断然人気馬に苦戦傾向あり？　単勝オッズ1倍台の勝率はわずか36.7%,https://news.yahoo.co.jp/articles/6bff5af1a2192e586509e0b5acd2974b4404affc,4/4(火) 17:03
spaia,【桜花賞】リバティアイランドに死角なし　Cアナライズの相手筆頭は前走ハイレベル戦の2着馬,https://news.yahoo.co.jp/articles/ed39a76213b2475331117ebb6099bce254aa378b,4/4(火) 17:02
spaia,【桜花賞】参考レース振り返り　連対率50%の阪神JF直行組・リバティアイランドが抜けた存在,https://news.yahoo.co.jp/articles/d3b85b97018c5615c2d0653b5123a4921976cf53,4/4(火) 11:03
spaia,【桜花賞】父は「世界一」を獲得したジャスタウェイ　ジューンオレンジが波乱を起こすか【マイナー種牡馬応援団】,https://news.yahoo.co.jp/articles/6c59d768421f4e7773bbee2efc8d426c4f1628d1,4/4(火) 6:03
spaia,【ダービー卿CT】インダストリア、中山巧者に通じる血を武器に重賞初制覇,https://news.yahoo.co.jp/articles/d95c7307558d0e25f614b8e05cff5d049193d1e9,4/3(月) 10:58
spaia,【大阪杯】まさに芸術！　名手・武豊騎手のコントロールとジャックドールの成長が生んだ逃走劇,https://news.yahoo.co.jp/articles/e9bd3c82c34ff46b25741653e12cb619b433e389,4/3(月) 10:48
spaia,【阪神牝馬S】有馬記念4着イズジョーノキセキが断然　迫るのはウインシャーロットとコスタボニータ,https://news.yahoo.co.jp/articles/9736d0d3d25264877a2e8ccbcbc7558193486f0b,4/2(日) 17:03
spaia,【ニュージーランドT】異例のGⅠ馬参戦！　2歳王者ドルチェモア、難敵は桜花賞除外組,https://news.yahoo.co.jp/articles/ef27f61c6d645f02ecc79c6229b00f0ca30568fa,4/2(日) 17:02
spaia,【桜花賞】やはり中心はリバティアイランド　穴はチューリップ賞敗退組とクイーンC1、2着,https://news.yahoo.co.jp/articles/067e2f7e1c45193bd2302f76d35d3f964a455676,4/2(日) 17:02
spaia,【大阪杯結果速報】ジャックドールが鮮やかに逃げ切り！　武豊騎手はJRA最年長GⅠ勝利記録更新,https://news.yahoo.co.jp/articles/28cfe89eb45387e01b3f64120542cf5bf25a1240,4/2(日) 15:45
spaia,【大阪杯】ディープインパクトとクロフネを併せ持つ　血統注目馬マリアエレーナ,https://news.yahoo.co.jp/articles/4eb2adab688243becbb0fa3e2f7c61012699b6e7,4/2(日) 11:03
spaia,【大阪杯予想まとめ】5歳馬ジャックドール、ジェラルディーナが中心　前走大敗、ダノンザキッドの反撃なるか,https://news.yahoo.co.jp/articles/8505ee18a08fc67bde4cc8146bb23f18903a85de,4/2(日) 11:03
spaia,【大阪杯】前哨戦を使った組から伏兵ラーグルフ　ローテーションに見られる特徴は？,https://news.yahoo.co.jp/articles/529df200fe5d10a083bd4a3292627739c15b3452,4/2(日) 9:00
spaia,【大阪杯】有馬記念3着の能力はダテじゃない　AIの本命はジェラルディーナ,https://news.yahoo.co.jp/articles/1e4adea1f2dd79542e6d236bfa00b41a9947025f,4/2(日) 6:02
spaia,【大阪杯】前々で運べる馬に利のあるレース　東大HCの本命はジャックドール,https://news.yahoo.co.jp/articles/94d87998e129ea9b6db9faecccbbc8dce2659efb,4/2(日) 6:02
spaia,【大阪杯】穴はダノンザキッドとマリアエレーナ　前走大敗もスムーズな競馬が出来れば巻き返し可能,https://news.yahoo.co.jp/articles/e8ddadf893ee9e6d066c55f89689035ae24883f7,4/1(土) 17:01
spaia,【ダービー卿CT結果】インダストリアが重賞初制覇,https://news.yahoo.co.jp/articles/2f4fd292d20c45a625b01901af997190cae637b4,4/1(土) 15:50
spaia,【大阪杯】ハイレベルな一戦を制するのは若い先行馬！　京大競馬研の本命はジャックドール,https://news.yahoo.co.jp/articles/09e34454d39506ea297502f928f7864395ac193d,4/1(土) 6:04
spaia,【ダービー卿CT】川田将雅騎手とのコンビで勝率100%！　AIの本命はレッドモンレーヴ,https://news.yahoo.co.jp/articles/8524176577369e21cacc669a5a5233643369492b,4/1(土) 6:04
spaia,【ダービー卿CT枠順】重賞初制覇を狙うジャスティンカフェは2枠4番、川田将雅騎手騎乗レッドモンレーヴは2枠3番,https://news.yahoo.co.jp/articles/20e09a65882ce3da537390647f4cde540b2dc967,3/31(金) 10:50
spaia,【大阪杯枠順】二冠牝馬スターズオンアースは6枠11番、中山記念勝ち馬ヒシイグアスは7枠14番,https://news.yahoo.co.jp/articles/4e62795f8ee8f049e593f98996cd70396ff8373e,3/31(金) 10:02
spaia,【大阪杯】逃げ・先行が好成績、川田将雅騎手×先行は複勝率70%超え　東大HCが阪神芝2000mを徹底検証,https://news.yahoo.co.jp/articles/48a77c21c0b739e8f4c1ac5da8167857610bc9ad,3/31(金) 6:04
spaia,【ダービー卿CT】中山マイルで外枠勢を買える条件は？　鍵を握るのは中枠の先行馬,https://news.yahoo.co.jp/articles/0c82dc1c5b461fae0b13c303472e9ad553cccade,3/30(木) 17:00
spaia,【大阪杯】人気問わずディープインパクト内包馬が活躍　有力馬の血統解説,https://news.yahoo.co.jp/articles/6be080188fe368c0e410db9811618efba57e97a0,3/30(木) 6:02
spaia,【大阪杯】「栗東所属の牝馬」は連対率40%　ジェラルディーナが牡馬撃破だ,https://news.yahoo.co.jp/articles/92cc21025ada9b28f22f51acc7c1be1283411a6b,3/29(水) 11:01
spaia,【京浜盃展望】重賞馬ポリゴンウェイヴと中央からの転入馬サグアロが中心,https://news.yahoo.co.jp/articles/eb6bec57153e09bf11e506b450836f3347c7890c,3/29(水) 6:04
spaia,【大阪杯】ヒシイグアスとジャックドールは消し！　ハイブリッド式消去法で浮上したのは人気落ち必至の実績馬,https://news.yahoo.co.jp/articles/5af587b5bf572aa273a424f093457470a493c7b9,3/29(水) 6:03
spaia,日本馬の次なる標的はどこだ　海外の主要な高額賞金レース7選,https://news.yahoo.co.jp/articles/0673bfa3d5cfef988c48d11938fe5e0acc693696,3/28(火) 17:02
spaia,【大阪杯】血統、適性、能力と文句なし！　Cアナライズではジェラルディーナが断然,https://news.yahoo.co.jp/articles/ddc0659841896af0f456888f8002ad79c1bd66c6,3/28(火) 11:01
spaia,【大阪杯】モズベッロを送り込むダービー馬・ディープブリランテ　産駒の激走条件とは？【マイナー種牡馬応援団】,https://news.yahoo.co.jp/articles/557671795715e326e8dd2356fc7b9c413abcb136,3/28(火) 6:03
spaia,【日経賞】復権を示す8馬身差圧勝！　タイトルホルダーが魅せた、巧みなレース,https://news.yahoo.co.jp/articles/b78d9edc9c5b2abde5cf68a9b43a40577dcca66e,3/27(月) 10:55
spaia,【マーチS】不良馬場、中盤から速くなる特殊な流れを味方に　ハヤブサナンデクン、待望の重賞初制覇,https://news.yahoo.co.jp/articles/b02c9301df60347d918a4d2175384b55ee6d70c1,3/27(月) 10:48
spaia,【高松宮記念】キャリア29戦でつかみとった栄光！　人馬の対応力が光ったファストフォース,https://news.yahoo.co.jp/articles/20c9cbea8f895333bd4042c2116700ed7e46a76e,3/27(月) 10:39
spaia,【毎日杯】GⅠ馬5頭に迫る好時計　シーズンリッチの可能性と、ようやく見えてきたクラシックの勢力図,https://news.yahoo.co.jp/articles/2bcb54bc8a9a9e3f7875f3ef58e40d98f02adacd,3/27(月) 6:30
spaia,【ドバイWCデー回顧】イクイノックスが圧巻の走り　ドバイワールドC・ウシュバテソーロなど日本馬3勝の活躍,https://news.yahoo.co.jp/articles/b2e33fb1a1641c3c1ae2be3eba57b246b674c98b,3/27(月) 6:04
spaia,【ダービー卿CT】ジャスティンカフェに好データも、中山への対応は疑問符　ゾンニッヒ、フラーズダルムが面白い,https://news.yahoo.co.jp/articles/3b830acfcbf0850fac1d2e85cfc22a0982a5fc60,3/26(日) 17:02
spaia,【大阪杯】大事なのは先行力　アラタ、マテンロウレオ、あるいはダノンザキッドの巻き返しも,https://news.yahoo.co.jp/articles/4a5db546f1b4ee2356cd73b3e4ccfa22ffc9f873,3/26(日) 17:00
spaia,【高松宮記念結果速報】ファストフォースが不良馬場の乱戦を断つ！　団野大成騎手はGⅠ初制覇,https://news.yahoo.co.jp/articles/71695e6e4fd6256f2402673282cd403b2e673f56,3/26(日) 15:44
spaia,【マーチS結果速報】ゴール前の大接戦をハヤブサナンデクンがわずかに制して重賞初制覇,https://news.yahoo.co.jp/articles/dbdb40ab3da9f6252496b0cc25b8217d03f9ce43,3/26(日) 15:38
spaia,【高松宮記念】雨の影響受ける馬場、必要なのは切れよりパワー　重厚な血を持つピクシーナイト,https://news.yahoo.co.jp/articles/5db8f558fc905f7aebefd1735be2b84d76473970,3/26(日) 11:02
spaia,【高松宮記念予想まとめ】ロータスランドの2年連続好走に期待　アグリ、メイケイエールらも高評価集める,https://news.yahoo.co.jp/articles/b38b9142fbe9bb5c5ff381a2aaf1e1ddc989134f,3/26(日) 11:00
spaia,【高松宮記念】復調見せた昨年2着馬　AIの本命はロータスランド,https://news.yahoo.co.jp/articles/98b2977a488fce9b70da0c7ee52490867c84c63b,3/26(日) 9:01
spaia,【高松宮記念】大穴はオーシャンSで負けた馬から　ローテーションに見られる特徴は,https://news.yahoo.co.jp/articles/e10128a1f87052b9b1c15b901cc8827b1c4fec95,3/26(日) 9:01
spaia,【高松宮記念】短距離王決定戦なのに「1200m重賞未勝利馬」が強い　東大HCの本命はアグリ,https://news.yahoo.co.jp/articles/5fd3c4c9187676885db4cac734cdc23fb7ae5b2a,3/26(日) 6:00
spaia,【マーチS】「オープン・リステッド2着」からの参戦は複勝率55.6%　AIの本命はウィリアムバローズ,https://news.yahoo.co.jp/articles/fb39227a8b4dc23546986bd4cea20230981dc39b,3/26(日) 6:00
spaia,【ドバイWCデー結果】日本勢は3勝の大活躍　イクイノックス、ウシュバテソーロが世界の強豪を撃破！,https://news.yahoo.co.jp/articles/48a0fdcd095c5d48659f28fdfb01bce8ceb24c91,3/26(日) 2:12
spaia,【高松宮記念】穴馬は前走不利な外枠で不完全燃焼の2頭　昨年のGⅠ好走馬キルロードとウインマーベルに期待,https://news.yahoo.co.jp/articles/49abd2df4cb2d0a0df6f1799b10cb164dd9e9166,3/25(土) 17:02
spaia,【日経賞結果速報】王者の復活、タイトルホルダーが力の違いを見せつける8馬身差の圧勝！　アスクビクターモアは9着に敗れる,https://news.yahoo.co.jp/articles/1c89985901d1ec544fd48d122c80e0a818e94d18,3/25(土) 15:50
spaia,【毎日杯結果速報】シーズンリッチが力強く馬群を割り重賞V！　角田大河騎手が重賞初制覇,https://news.yahoo.co.jp/articles/3e610bef5d4ad61096991da14812063ff281bc09,3/25(土) 15:41
spaia,【高松宮記念】ついに巡ってきた最大のチャンス！　京大競馬研の本命はメイケイエール,https://news.yahoo.co.jp/articles/550299871f3fb19b355866a26b3ff691653138e9,3/25(土) 7:50
spaia,【毎日杯】GⅠ・3着の良血馬が重賞ゲットだ　AIの本命はキングズレイン,https://news.yahoo.co.jp/articles/03f8676217173d6d52b54b3ba3ae3b0760dc116d,3/25(土) 6:03
spaia,【日経賞】「継続騎乗の4歳馬」は連対率64.3%　AIの本命はアスクビクターモア,https://news.yahoo.co.jp/articles/9152be1d0eb8abc94bdfd2cc2c1596007d674dcd,3/25(土) 6:03
spaia,【高松宮記念枠順】重賞6勝馬メイケイエールは3枠5番、シルクロードS勝ち馬ナムラクレアは7枠15番,https://news.yahoo.co.jp/articles/73fe9e58ccfc4a1a998c6dc3590e2ffd95e39af7,3/24(金) 12:08
spaia,【日経賞枠順】昨年の菊花賞馬アスクビクターモアは7枠9番、GⅠ・3勝馬タイトルホルダーは2枠2番,https://news.yahoo.co.jp/articles/64b2141acdbdca930aa22e949d62f4c25d67c92c,3/24(金) 12:01
spaia,【毎日杯枠順】ホープフルS3着キングズレインは4枠5番、ノッキングポイントは6枠8番,https://news.yahoo.co.jp/articles/c2a5bd5e894d79e43128fb3155876dfea6dfa676,3/24(金) 12:00
spaia,【マーチS枠順】チャンピオンズC3着馬ハピは4枠7番、ダート9戦8連対のウィリアムバローズは4枠8番,https://news.yahoo.co.jp/articles/0e52c645207af69fea8b620d3ce91074d5cd541d,3/24(金) 12:00
spaia,【高松宮記念】内枠ならナムラクレアで間違いなし　東大HCが中京芝1200mを徹底検証,https://news.yahoo.co.jp/articles/9dce569d335f5248a51733306eb501244a54e21b,3/24(金) 6:04
spaia,【ドバイWCデー】2回目の海外挑戦「順調に来ている」　ダービー馬ドウデュースが馬場入り,https://news.yahoo.co.jp/articles/8e3fb071ad402047fadf71807edc518753c1c3c1,3/23(木) 19:31
spaia,【マーチS】馬場に関係なく狙うは大型馬　540kgを超えそうなカフジオクタゴンに期待,https://news.yahoo.co.jp/articles/42787ef3bdb8a288801487883e1b8309522e9465,3/23(木) 17:00
spaia,【高松宮記念】サンデーサイレンスの血は割引　特注はダッシュ力に優れるStorm Cat内包馬,https://news.yahoo.co.jp/articles/736d25f178a3ec3181f3d51b40488a78c5287ac7,3/23(木) 9:29
spaia,【ドバイWCデー】「フットワーク良く、すごく良い状態」イクイノックスら日本馬追い切り,https://news.yahoo.co.jp/articles/4ec0b2a7eac8ff78e79467939ffe568fcf0453fd,3/22(水) 20:11
spaia,【ドバイWCデー】昨年のダービー馬と年度代表馬が世界へ挑む　日本馬出走予定のドバイ6競走を展望,https://news.yahoo.co.jp/articles/139447e385b17c48060d75b5b5df753a639e0d6e,3/22(水) 11:01
spaia,【日経賞】「4歳」「前走2番人気」の強データ併せ持つ　充電完了アスクビクターモア,https://news.yahoo.co.jp/articles/59b82227c4293ac0264641cf2e3d72352826ad6d,3/22(水) 11:01
spaia,【浦和・桜花賞展望】好枠からアトカラツイテクルの逃げ切り期待,https://news.yahoo.co.jp/articles/9bfdca3c60853be673b83f594482fc974b1d5d98,3/22(水) 6:05
spaia,【高松宮記念】メイケイエールの取捨は当日の馬体重次第！　ハイブリッド式消去法で確実に残る3頭は,https://news.yahoo.co.jp/articles/0e57aef57539055745c27cd0bb2c916f582a8922,3/22(水) 6:04
spaia,【毎日杯】割引材料なし、ここはキングズレインの相手探し！　Cアナライズからの相手候補は名牝系を持つ一頭,https://news.yahoo.co.jp/articles/4283a36768f6913f568ee779d01db8fc66f15d5a,3/21(火) 17:01
spaia,【高松宮記念】フラワーパーク、ビリーヴ、カレンチャン！　先頭で駆け抜けた3頭の牝馬たち,https://news.yahoo.co.jp/articles/62f819038d97a906d4fb40c9ce0150a05afbddf6,3/21(火) 17:01
spaia,【ドバイWCデー】「いい状態に持っていける」　調教騎乗の福永師はシャフリヤールとヴェラアズールに手応え,https://news.yahoo.co.jp/articles/4458b85d45e0a77ffffb52c8fa6770b3ff4cbc78,3/21(火) 16:43
spaia,【高松宮記念】参考レース振り返り　高評価はシルクロードS組、ナムラクレアら4歳勢,https://news.yahoo.co.jp/articles/e28856ee2480b6e1ed769787e7246e8f15dd47ec,3/21(火) 11:02
spaia,【高松宮記念】ドバイWC勝ち馬ヴィクトワールピサの牡馬筆頭産駒　ディヴィナシオンがGⅠ挑戦【マイナー種牡馬応援団】,https://news.yahoo.co.jp/articles/7ae5ff3268efcbf758c37ce8313f155c226c5333,3/21(火) 6:02
spaia,【阪神大賞典】次は新緑の淀！　ジャスティンパレスがもっとも輝ける舞台へ,https://news.yahoo.co.jp/articles/de87f60153d1583f82750bd0c7a82a84144c854e,3/20(月) 11:29
spaia,【フラワーC】中山巧者エミューに道悪得意なデムーロ騎手　天を味方に、いざ牝馬クラシック戦線へ,https://news.yahoo.co.jp/articles/75b4397d0100c3f6919446ea22f5c10f13254240,3/20(月) 11:28
spaia,【スプリングS】ハイペースで目覚めたエアデジャヴーの血！　ベラジオオペラは皐月賞でも一発あるか,https://news.yahoo.co.jp/articles/ba721e13b7575fcf1bc3be62663bf673391acef3,3/20(月) 11:27
spaia,【ファルコンS】重馬場で大型馬、ダート経験ありの2頭が波乱演出　「タマモ」10年ぶりの平地重賞V,https://news.yahoo.co.jp/articles/5e76b53dc14be6e1caf81c2782eebad78bf9c50e,3/20(月) 6:01
spaia,【毎日杯】関東馬2頭のマッチレースだ！　キングズレインとノッキングポイントが春GⅠを前に対決,https://news.yahoo.co.jp/articles/7cb9b1c697026089675180c4b86e8b7095d59418,3/19(日) 17:03
spaia,【マーチS】手広く構えたい難解ダート重賞　デルマルーヴル、ハピら好走データ一致馬多数,https://news.yahoo.co.jp/articles/d352daf5d9fdad589438a31ef5b6d1e36aca224b,3/19(日) 17:02
spaia,【日経賞】激突、タイトルホルダーvsアスクビクターモア！　ポイントはペースにあり,https://news.yahoo.co.jp/articles/ff796fb113352baaaedd42e3ab8c763a71d040f0,3/19(日) 17:02
spaia,【高松宮記念】戦国桶狭間の電撃戦　勝つのは決め手鋭いナムラクレアだ！,https://news.yahoo.co.jp/articles/fce1a636840c0969839ae92b96b89dccfe8101aa,3/19(日) 17:01
spaia,【スプリングS結果速報】べラジオオペラが3連勝で重賞制覇！　2着は内から伸びたホウオウビスケッツ,https://news.yahoo.co.jp/articles/f65cf8135139d561164093314bff764c9fc130b6,3/19(日) 15:49
spaia,【阪神大賞典結果速報】内を立ち回ったジャスティンパレスが快勝　2着はボルドグフーシュ,https://news.yahoo.co.jp/articles/dd25febbc4ff803eb2d0b49ba2cdf15035645a9c,3/19(日) 15:40
spaia,【スプリングS予想まとめ】2戦2勝のべラジオオペラがトップ評価　フリージア賞勝ち馬ホウオウビスケッツも魅力あり,https://news.yahoo.co.jp/articles/ebb6689d35f63149fe70eca75a7687b278bfe917,3/19(日) 11:02
spaia,【阪神大賞典予想まとめ】ディープボンドが最上位評価　菊花賞好走の2頭が差なく続く,https://news.yahoo.co.jp/articles/db8f1b9b29bf398790c8f9cae15f5751e5976475,3/19(日) 11:01
spaia,【スプリングS】好メンバー相手の2連勝が光る　AIはベラジオオペラ本命,https://news.yahoo.co.jp/articles/179a5de7a4d4929b7f8ec7962bf92e4897628cfc,3/19(日) 9:00
spaia,【阪神大賞典】とにかく強い「有馬記念上位馬」　AIの本命は4歳ボルドグフーシュ,https://news.yahoo.co.jp/articles/7a06dcd318f66ab4c0a9957a672984efa524ba9d,3/19(日) 9:00
spaia,【スプリングS】フリージア賞に大物の相　東大HCの本命はホウオウビスケッツ,https://news.yahoo.co.jp/articles/62cb89f42696cee4fac707f9b758206b4465f117,3/19(日) 6:03
spaia,【阪神大賞典】3強の順位付けが焦点　京大競馬研の本命はディープボンド,https://news.yahoo.co.jp/articles/dba005d91b15b219221c5ad0222f8af51b9cca2e,3/19(日) 6:02
spaia,【フラワーC結果速報】エミュー道中最後方から差し切り勝ち！　2着はヒップホップソウル,https://news.yahoo.co.jp/articles/adc00ec7395cd63b6ab1cddf1027b238d70c8db0,3/18(土) 15:50
spaia,【ファルコンS結果速報】最内を伸びたタマモブラックタイが接戦を制す　2着はカルロヴェローチェ,https://news.yahoo.co.jp/articles/05368086a76750cc88909fb2e326ff35846246f6,3/18(土) 15:29
spaia,【フラワーC】複勝率50.0%の好データに期待　AIの本命はゴールデンハインド,https://news.yahoo.co.jp/articles/c9bb33022d163a6a0fbcc80bbc4c57d8fab0c90b,3/18(土) 10:02
spaia,【ファルコンS】「前走シンザン記念」は勝率42.9%　AIの本命はペースセッティング,https://news.yahoo.co.jp/articles/158388326d8c446ed4d129232741a11df8460931,3/18(土) 10:00
spaia,【スプリングS枠順】京成杯3着セブンマジシャンは8枠15番、デイリー杯2歳S勝ち馬オールパルフェは6枠11番,https://news.yahoo.co.jp/articles/69d302d293ba99f34719cab6a8a5117c1bb475f7,3/17(金) 12:01
spaia,【フラワーC枠順】未勝利戦快勝のドナウパールは1枠1番、ルメール騎手騎乗ココクレーターは8枠15番,https://news.yahoo.co.jp/articles/0639d530cb9841b49a87c4ab99e30d727740e6ab,3/17(金) 12:01
spaia,【阪神大賞典枠順】有馬記念2着ボルドグフーシュは1枠1番、3連覇かかるディープボンドは8枠13番,https://news.yahoo.co.jp/articles/a79f310e276a913a2b1b3152b5c214dff99a197c,3/17(金) 12:01
spaia,【ファルコンS枠順】シンザン記念2着ペースセッティングは5枠8番、カルロヴェローチェは2枠2番,https://news.yahoo.co.jp/articles/4a502fe666bc6a83ec799e0f9205e849d862f0b9,3/17(金) 12:00
spaia,【阪神大賞典】ディープボンドが挑む関門　「JRA平地重賞3連覇」を達成した馬と達成確率,https://news.yahoo.co.jp/articles/eecb20f83bebf6915582d8832da19a7789f18cd9,3/17(金) 6:03
spaia,【フラワーC】「前走1着」が何より重要　久々でもセリオーソ,https://news.yahoo.co.jp/articles/dcc3d6eab5c295d0b0527aa50ffa952d3dda648f,3/16(木) 17:01
spaia,【ダイオライト記念】グロリアムンディが9馬身差の圧勝　川田将雅騎手が重賞初制覇へ導く,https://news.yahoo.co.jp/articles/8f5e38cc22d8f7038ae6b40836526e01640a015c,3/16(木) 11:34
spaia,【阪神大賞典】ディープインパクト、ステイゴールド系の「格上馬」を狙うべし　有力馬の血統解説,https://news.yahoo.co.jp/articles/4d091dfa9f7c4b01e84dd5f335ff003ba61db684,3/16(木) 6:04
spaia,【京成盃グランドマイラーズ展望】7連連続連対中のスマイルウィが連覇濃厚,https://news.yahoo.co.jp/articles/bc2b8078341e697640b202eb4a07d2b361b4c41f,3/16(木) 6:04
spaia,【スプリングS】6勝をあげる「前走1勝クラス」　データ満点ベラジオオペラ、無敗でいざ本番へ,https://news.yahoo.co.jp/articles/ef22e3a9fccfa961a84bf4e0d549df9cb9243c6c,3/15(水) 11:00
spaia,【ダイオライト記念予想】ペイシャエスがスタミナ比べを制する,https://news.yahoo.co.jp/articles/580a613e908eb6cd64d576c894fee4848257f547,3/15(水) 6:03
spaia,【阪神大賞典】休み明けディープボンドは馬体重次第で消し　ハイブリッド式消去法で導き出した結論は,https://news.yahoo.co.jp/articles/bec3d9d141e37003cf4d33001cb177e92db8556f,3/15(水) 6:03
spaia,【スプリングS】条件好転、連勝で重賞制覇を狙う　Cアナライズからは「前走不利データ」を持つ2頭を推奨,https://news.yahoo.co.jp/articles/bfe10a534c7885fe0f58b7fc5c4d61a58d477dc8,3/14(火) 17:00
spaia,【阪神大賞典】参考レース振り返り　連対率6割超の有馬記念組、ボルドグフーシュの内容を高評価,https://news.yahoo.co.jp/articles/e2bca68304404b979524e7606293308c979a9801,3/14(火) 11:01
spaia,【マイナー種牡馬応援団】大井から米国遠征！　注目のシャンハイボビー産駒・マンダリンヒーロー,https://news.yahoo.co.jp/articles/0b65657fc7f56a4f7743fa62e693d6aa476eb912,3/14(火) 6:03
spaia,【フィリーズレビュー】ハイペース決着も今年は好位抜け出し　シングザットソングはひと味違う！,https://news.yahoo.co.jp/articles/a19fb9fcb50092fdca00eef369323e7bde906224,3/13(月) 11:18
spaia,【金鯱賞】繊細な作業で素質開花！　プログノーシス、次はいよいよ勝負のとき,https://news.yahoo.co.jp/articles/97bb2710d991c77a25c0117df75bc49d0ce5595d,3/13(月) 10:40
spaia,【中山牝馬S】中山なら既にGⅠ級？　スルーセブンシーズ「史上3頭目」の快記録を残して鮮烈V,https://news.yahoo.co.jp/articles/83562bb2d43dd9014e41f9cc6a069307e0b6c027,3/13(月) 6:02
spaia,【フラワーC】前走GⅢ組は苦戦傾向　新馬戦圧勝セリオーソ、良血ドナウパールが連勝狙う,https://news.yahoo.co.jp/articles/2f5b7c568f1221558731f4497a9cf66f29c910e5,3/12(日) 17:22
spaia,【ファルコンS】データ優勢ペースセッティングとバグラダス　前走秀逸カルロヴェローチェの懸念点とは？,https://news.yahoo.co.jp/articles/407c588dafe33534800c2fec4262de786596dc36,3/12(日) 17:22
spaia,【スプリングS】実績馬オールパルフェに迫る昇級先行馬たち！　ホウオウビスケッツとハウゼに好データ,https://news.yahoo.co.jp/articles/c367a358bd54a701ddca2cee6712631a37057fc4,3/12(日) 17:21
spaia,【阪神大賞典】中心は有馬記念組　ボルドグフーシュ、ディープボンド、積極策ならジャスティンパレス,https://news.yahoo.co.jp/articles/ae9b0e72b5d7e16846598bc5031f69f8fba3dc31,3/12(日) 17:20
spaia,【フィリーズレビュー結果速報】シングザットソングが押し切りV　桜花賞の優先出走権獲得,https://news.yahoo.co.jp/articles/09189c2c4dc997bd6fb55786078e42fd8e075ed7,3/12(日) 15:43
spaia,【金鯱賞結果速報】プログノーシスが余裕十分に差し切って重賞初勝利！　2着は逃げ粘ったフェーングロッテン,https://news.yahoo.co.jp/articles/80669f8bd5ee0d5960cb073d62028d0b0f0f61dc,3/12(日) 15:29
spaia,【フィリーズレビュー予想まとめ】イティネラートル、トラベログなど人気薄台頭の予感　マイル経験馬が有利な一戦,https://news.yahoo.co.jp/articles/fac59209d050f33a6cb42c762f5d1d6d5d5137b5,3/12(日) 11:03
spaia,【金鯱賞予想まとめ】末脚強烈なプログノーシス中心　ヤマニンサルバム、マリアエレーナが器用さで立ち向かう,https://news.yahoo.co.jp/articles/41cab17b273cd0047f33a7a558a0026e7ccd5e92,3/12(日) 11:02
spaia,【金鯱賞】川田将雅騎手とのコンビで4戦4勝　AIはプログノーシスの重賞初制覇に期待,https://news.yahoo.co.jp/articles/9775811e079f930f19c745fc89630f4b44eb6aa3,3/12(日) 9:00
spaia,【金鯱賞】先行力と瞬発力を兼ね備える中京巧者　東大HCの本命はヤマニンサルバム,https://news.yahoo.co.jp/articles/93a7f9e8c68a5e4b686d5d1319b04e7d4450aac5,3/12(日) 6:02
spaia,【フィリーズレビュー】連対率100%のデータが後押し　AIの本命は伏兵トラべログ,https://news.yahoo.co.jp/articles/6649f7c7e62e2cbafda2c36cae1de799bf591018,3/12(日) 6:02
spaia,【金鯱賞】能力値1位の先行馬マリアエレーナが本命候補　フェーングロッテンは逃げたら面白い,https://news.yahoo.co.jp/articles/223cc2b65fd10af368635beb8dd321389b7f2bee,3/11(土) 17:10
spaia,【中山牝馬S結果速報】中山巧者スルーセブンシーズが重賞初制覇！　2着はストーリア,https://news.yahoo.co.jp/articles/2099123f2db48f50560cdb5c0eebdc5f64fc1386,3/11(土) 15:52
spaia,【フィリーズレビュー】関西馬・差し馬有利のレース！　京大競馬研の本命はサラサハウプリティ,https://news.yahoo.co.jp/articles/8b82bf394ce15a81baa67b25738c2443b0d014be,3/11(土) 6:04
spaia,【中山牝馬S】能力面が一枚上手　ハンデ57kgでもAIの本命はアートハウス,https://news.yahoo.co.jp/articles/fbc6f75e0f2cf6b9abe443507d09ccf5825f9f70,3/11(土) 6:03
spaia,【フィリーズレビュー枠順】函館2歳S勝ち馬ブトンドールは7枠13番、ファンタジーS勝ち馬リバーラは3枠6番,https://news.yahoo.co.jp/articles/14c520ecd1926ff9376195b4645d5c010478f0af,3/10(金) 12:02
spaia,【中山牝馬S枠順】重賞2勝馬アートハウスは3枠4番、昨年勝ち馬クリノプレミアムは6枠9番,https://news.yahoo.co.jp/articles/40be7cdf6447c7c1a2dc422d5ca1d32eb1a2f463,3/10(金) 12:01
spaia,【金鯱賞枠順】川田将雅騎手騎乗プログノーシスは8枠12番、小倉記念勝ち馬マリアエレーナは2枠2番,https://news.yahoo.co.jp/articles/a5a4331be8766484cd23399358d08a54f27409a8,3/10(金) 12:01
spaia,「前走上がり2位以内の馬」で複勝率6割超　川田将雅騎手の「買える条件・買えない条件」,https://news.yahoo.co.jp/articles/5f6fe905f3c6872c5ef8d52c4a8e3eeec6b61e01,3/10(金) 6:04
spaia,【中山牝馬S】波乱を呼ぶのは軽ハンデ馬　52kgで注目の1頭とは,https://news.yahoo.co.jp/articles/4531e28c4569b5293794f5c6e0e730413b6ec9c1,3/9(木) 17:02
spaia,【金鯱賞】日本の主流系統にスタミナ・馬力を足す「Roberto」のスパイス　有力馬の血統解説,https://news.yahoo.co.jp/articles/5e2777d0f0f898fcb619c76d4013286b103e6773,3/9(木) 6:04
spaia,【フジノウェーブ記念展望】好メンバーの中でも4歳馬プライルードに期待,https://news.yahoo.co.jp/articles/d9f50e893352f2dc119e7ac57989318af6b32d84,3/9(木) 6:03
spaia,【フィリーズレビュー】4勝挙げる「社台ファーム生産馬」を狙え　イティネラートルが波乱を起こす,https://news.yahoo.co.jp/articles/9170eef299d5fdc08df7bb14f98992396793348a,3/8(水) 11:01
spaia,【金鯱賞】プログノーシスとポタジェは真っ先に消し！　ハイブリッド式消去法の結論は,https://news.yahoo.co.jp/articles/be853bfa5d7061942f9debcf63ade7b0ea784e7d,3/8(水) 6:03
spaia,【フィリーズレビュー】3戦連続上がり最速は素質の証明　Cアナライズからは抽選組のシングザットソングを推奨,https://news.yahoo.co.jp/articles/7b6f575515c556bc2202df6376c813565f4e8149,3/7(火) 17:02
spaia,【金鯱賞】参考レース振り返り　データなら白富士S組、開幕週の馬場はフェーングロッテンに味方,https://news.yahoo.co.jp/articles/04600c55c559eb1aa367b30888795fd5fc75d67b,3/7(火) 11:02
spaia,【中山牝馬S】末脚勝負で実力発揮！　「黄金配合」ドリームジャーニーがスルーセブンシーズを送り込む【マイナー種牡馬応援団】,https://news.yahoo.co.jp/articles/5a0794eddfd40c18be89678a2afca64978cfb719,3/7(火) 6:03
spaia,【チューリップ賞】モズメイメイ、名手を背にスマートな逃げで混戦を断つ！　本番で密かに狙える敗退組は,https://news.yahoo.co.jp/articles/1477024b68c611d39e5b37f329689577c947cfca,3/6(月) 11:01
spaia,【弥生賞】タスティエーラが父子制覇を達成！　春に騒ぐラストタイクーンの血,https://news.yahoo.co.jp/articles/58bc295639022a2bb7052825d51b6102374bf78d,3/6(月) 10:53
spaia,【オーシャンS】ヴェントヴォーチェが強い内容で重賞2勝目　9着ナランフレグも悲観不要,https://news.yahoo.co.jp/articles/1ba8a77779b3b561e37a30b7fc043ce80842d8dc,3/6(月) 6:02
spaia,【フィリーズレビュー】カギを握るのは前走1勝クラス　馬券妙味はポリーフォリア、テンノメッセージ,https://news.yahoo.co.jp/articles/b96f93ade646cbe297a038e4e0c59b762a47aa6c,3/5(日) 17:12
spaia,【金鯱賞】混戦の今年も頼りになるのは白富士S組！　ヤマニンサルバムで一発狙う,https://news.yahoo.co.jp/articles/ff2e6d1ddc8d2b8abc2b32222074bcd46b1a4880,3/5(日) 17:12
spaia,【中山牝馬S】能力断然アートハウスも全幅の信頼はNG　波乱が基本の牝馬限定ハンデ重賞,https://news.yahoo.co.jp/articles/5c180944201e45f09645c7ddd30489ab13579cee,3/5(日) 17:11
spaia,【弥生賞結果速報】タスティエーラが好位から差し切る　サトノクラウン産駒は重賞初制覇,https://news.yahoo.co.jp/articles/3d5c6d2a0da782a6b16a4b3e09d55645e212e2ce,3/5(日) 15:56
spaia,【弥生賞予想まとめ】父子制覇かかるタスティエーラが最上位評価　実績とデータ面優秀なトップナイフが2番手,https://news.yahoo.co.jp/articles/2540e78d857d1b03f07fb8280deba0a780666d9d,3/5(日) 11:02
spaia,【弥生賞】前走芝1800m重賞組に好データ　東大HCの本命はタスティエーラ,https://news.yahoo.co.jp/articles/81594206dd564c1b1d0f503ec5b79d4e918ea8b9,3/5(日) 6:03
spaia,【弥生賞】GⅠ好走の実力馬、脚質にも自在性あり　AIの本命はトップナイフ,https://news.yahoo.co.jp/articles/18a3052ce69fb36d43253948239c0e03b05e617e,3/5(日) 6:03
spaia,【弥生賞】京都2歳Sでトップナイフを撃破したグリューネグリーンが本命候補　穴馬は素質開花に期待のフォトンブルー,https://news.yahoo.co.jp/articles/d7735f40e3b5fef70127ee0b42df0994a12db70e,3/4(土) 17:02
spaia,【オーシャンS結果速報】ヴェントヴォーチェが横綱相撲で重賞制覇！　2着は15番人気ディヴィナシオン,https://news.yahoo.co.jp/articles/29a612a8d18c27d0664906c687130bca28834f23,3/4(土) 15:49
spaia,【チューリップ賞結果速報】モズメイメイがハナ差で逃げ切り！　2着はコナコースト,https://news.yahoo.co.jp/articles/905d589905087a5b2fe163167b2b52e623fd4cc0,3/4(土) 15:44
spaia,【チューリップ賞予想まとめ】同コースのこぶし賞勝ちモズメイメイが一歩リード　ドゥーラ、ルミノメテオールらが続く,https://news.yahoo.co.jp/articles/dbc07c4840d1a72e5b03d94c9ac2b9667a18a5ed,3/4(土) 11:01
spaia,【チューリップ賞】逃げ先行馬で好成績の武豊騎手　AIの本命はモズメイメイ,https://news.yahoo.co.jp/articles/a933d59e4810b2c2a27fccd24393f6965c2df808,3/4(土) 9:01
spaia,【チューリップ賞】重賞勝ち馬2頭に疑問符 　京大競馬研の本命はモズメイメイ,https://news.yahoo.co.jp/articles/1636b44a23fdcfef455f6a918d3234e2e720c774,3/4(土) 6:03
spaia,【オーシャンS】「前走中山芝1200mで1着」なら勝率30.8%　AIの本命は4歳牝馬キミワクイーン,https://news.yahoo.co.jp/articles/5ffa83cb73e6931b37bfffb044cec372822fc074,3/4(土) 6:03
spaia,【オーシャンS】高松宮記念勝ち馬ナランフレグは1枠2番、ルメール騎手騎乗ヴェントヴォーチェは5枠9番,https://news.yahoo.co.jp/articles/a00b9c8498f93ed51619c0759b5d1531cc7dca60,3/3(金) 12:00
spaia,【チューリップ賞枠順】札幌2歳S勝ち馬ドゥーラは4枠8番、重賞2勝馬キタウイングは1枠2番,https://news.yahoo.co.jp/articles/57fecc5a9acd68c861012d565ca359a26b1abf16,3/3(金) 12:00
spaia,【弥生賞枠順】ホープフルS2着馬トップナイフは4枠4番、共同通信杯4着タスティエーラは6枠6番,https://news.yahoo.co.jp/articles/7e4340b518ecd80043a24bd268aba50fe1223bdc,3/3(金) 12:00
spaia,ダート、継続騎乗で単勝回収率100%超！　横山典弘騎手の「買える条件・買えない条件」,https://news.yahoo.co.jp/articles/0ef6f721b5c442206b64b3dfebcd3c8dcfb07b70,3/3(金) 6:04
spaia,【オーシャンS】逃げ先行馬少ない組み合わせ　ジャスパージャックの前残りで一発に期待,https://news.yahoo.co.jp/articles/5ee5df4e2cdff1d92bf1c8d99c005bcbf61b727b,3/2(木) 17:01
spaia,【エンプレス杯】1番人気グランブリッジが重賞連勝　ラストラン・サルサディオーネは果敢に逃げるも5着,https://news.yahoo.co.jp/articles/65c0dc1cd57343908817ba5d9858b85ab011d666,3/2(木) 11:31
spaia,横山武史騎手が首位を守る　ルメール騎手は月間18勝の大活躍で2位浮上【2月終了時の騎手リーディング】,https://news.yahoo.co.jp/articles/34ae6a9fe9a3c86e3a0bd7bbfda958e59c8c5ebb,3/2(木) 6:03
spaia,【弥生賞】皐月賞とは異なる適性が求められる　小回り、瞬発力勝負に強いLyphardの血,https://news.yahoo.co.jp/articles/c38a704bad535c28e854fae1eb8e9df8e7fa08f6,3/2(木) 6:03
spaia,【チューリップ賞】「前走阪神JF組」が9勝　本命はドゥーラで決まり！,https://news.yahoo.co.jp/articles/2024b5e1b5f32ed93c2ddb2e257de3c8c18e8e68,3/1(水) 11:01
spaia,【弥生賞】ハイブリッド式消去法でタスティエーラは消し　今週は三連複1点勝負！,https://news.yahoo.co.jp/articles/1aa8de11cf5246117ae9d0df659c12b174a03380,3/1(水) 6:04
spaia,【エンプレス杯予想】地方で5戦5連対、距離にも実績あり　グランブリッジが重賞連勝を決める,https://news.yahoo.co.jp/articles/ecebbb5c8f61472f42d758f527ec949160237308,3/1(水) 6:04
spaia,【チューリップ賞】牝系からの注目馬は4頭！　Cアナライズでは大きな「前走不利データ」を持つ馬を推奨,https://news.yahoo.co.jp/articles/dffdf8dbeeeb6c98b072980e43b9e988d96a14ce,2/28(火) 17:03
spaia,【弥生賞】参考レース振り返り　堅実なトップナイフに巻き返しを図るタスティエーラ、データは若駒S組優位,https://news.yahoo.co.jp/articles/a8d8f95be9cfb82f987d5f4580a6437e81ab0c3c,2/28(火) 11:01
spaia,【注目3歳馬（牡馬編）】クラシックは混戦模様　瞬発力武器のソールオリエンス、強敵破ったファントムシーフなどに注目,https://news.yahoo.co.jp/articles/852c52eb74792418ff7266d816764ba1ccdd13dc,2/28(火) 6:03
spaia,【チューリップ賞】異例の「逆輸入種牡馬」ダノンバラード　重賞2勝馬キタウイングを送り込む【マイナー種牡馬応援団】,https://news.yahoo.co.jp/articles/6fa14f5aa29629b6806cd792bc9df10dc0e6adee,2/28(火) 6:03
spaia,【阪急杯】1200m通過は1分7秒6！　アグリ、春のスプリントGⅠに名乗りを上げる,https://news.yahoo.co.jp/articles/26b5a26305eecde72eae24526971c37713c36382,2/27(月) 10:51
spaia,【中山記念】鮮やかな復活劇！　中山巧者ヒシイグアスが2年ぶりの中山記念2勝目,https://news.yahoo.co.jp/articles/c87058adca50b0985abc4140c721e0a7263426d3,2/27(月) 10:49
spaia,【弥生賞】皐月賞の先まで占う登竜門　ホープフルS2着トップナイフ、再び展開が味方する,https://news.yahoo.co.jp/articles/d49944823d7ae39483419e063387513d4d3f37d6,2/26(日) 17:04
spaia,【オーシャンS】実績首位ナランフレグは差し損ね注意　中山巧者ジュビリーヘッドが初タイトルだ,https://news.yahoo.co.jp/articles/72091399b40d6f8c5e3005dd6de24576c1cd3ac9,2/26(日) 17:03
spaia,【チューリップ賞】今年は波乱も視野に！　エクローサ、コナコースト、ダルエスサラーム、アリスヴェリテなど候補多数,https://news.yahoo.co.jp/articles/4ad40434f7566f9dee06322b6726c7885ee8b13d,2/26(日) 17:01
spaia,【中山記念結果速報】ヒシイグアスが久々の実戦を快勝　2着はラーグルフ,https://news.yahoo.co.jp/articles/7e7e43bfbff06b6c6c3722851a3b4b9fab22171c,2/26(日) 15:56
spaia,【阪急杯結果速報】アグリが4連勝で重賞初制覇！　1番人気グレナディアガーズは伸びを欠く,https://news.yahoo.co.jp/articles/b7ad368ba8a754d165616b8317d633eceb91ea8b,2/26(日) 15:39
spaia,【中山記念予想まとめ】ソーヴァリアントが最上位評価も混戦ムード　AI予想は4歳新興勢力2頭に重い印,https://news.yahoo.co.jp/articles/69ecd8b7b19ca9977d4a10e706c5b71f630dda30,2/26(日) 11:02
spaia,【阪急杯予想まとめ】グレナディアガーズが人気の中心　本格化気配のアグリ、好枠ダディーズビビッドらが続く,https://news.yahoo.co.jp/articles/a642933836351a9502e76ab2589aa7ed75cbeaa4,2/26(日) 11:00
spaia,【中山記念】「前走中山金杯の関東馬」が勝率33.3%　AIの本命はラーグルフ,https://news.yahoo.co.jp/articles/907b7bcacfeac80b01175cf35a87b4d6f86b98a8,2/26(日) 9:00
spaia,【中山記念】前残り傾向を生かせる確かな先行力　東大HCの本命はソーヴァリアント,https://news.yahoo.co.jp/articles/c4f21c6c89f77cc8d1cfa94a97b74de7ae50c647,2/26(日) 6:03
spaia,【阪急杯】複勝率71.4%の「安田隆行厩舎」と3連勝中の勢いに期待　AIはアグリ本命,https://news.yahoo.co.jp/articles/1eaa99697b930dae6c70fae821d2fbfeb49ac360,2/26(日) 6:02
spaia,【中山記念】芝1800mで指数ベストのシュネルマイスターが本命候補　穴馬は好位の内を立ち回れるドーブネ,https://news.yahoo.co.jp/articles/3f6a36ba232440e22424ced9159960a6ace028c0,2/26(日) 6:00
spaia,【阪急杯】連対率100%の1400m戦なら負けられない　京大競馬研の本命はグレナディアガーズ,https://news.yahoo.co.jp/articles/013c2c427e7c4cbed575f0ac1d9dcfee060494f3,2/25(土) 6:03
spaia,【中山記念枠順】チャレンジC連覇ソーヴァリアントは4枠6番、香港C2着ダノンザキッドは1枠1番,https://news.yahoo.co.jp/articles/1d842ca8bf6f9d14a34f736942030a67a9d44052,2/24(金) 12:02
spaia,【阪急杯枠順】朝日杯FS勝ち馬グレナディアガーズは4枠7番、3連勝中の上がり馬アグリは6枠11番,https://news.yahoo.co.jp/articles/9d09f17a229f3a6a4960974ac70308f85b522c9a,2/24(金) 12:00
spaia,2023年の引退調教師　サイレンススズカを手掛けた橋田満師ら5名の足跡を振り返る,https://news.yahoo.co.jp/articles/b5bfda16cc8ad73960a1aada9821270ebcbd2697,2/24(金) 6:03
spaia,【阪急杯】阪神芝1400mは逃げ切り警戒　狙いたくなるホウオウアマゾンとアグリ,https://news.yahoo.co.jp/articles/91b694d7d1d5d6d7d3858ed82cbc8a2094be33f4,2/23(木) 17:01
spaia,【中山記念】先行力とヨーロッパの主流血脈が好走をもたらす　有力馬の血統解説,https://news.yahoo.co.jp/articles/fbff0768229cea8f9e2f2b1d4992966394638647,2/23(木) 6:00
spaia,【雲取賞展望】マンダリンヒーロー、ヒーローコールの対決に注目,https://news.yahoo.co.jp/articles/d32807d8a22f17ba433c7d76b73db24116be0eb0,2/23(木) 6:00
spaia,【阪急杯】プラスデータに合うのは3頭だけ！？　阪神C2着グレナディアガーズと伏兵2騎に熱視線,https://news.yahoo.co.jp/articles/f4788959e9c7a9cda9d0522d0fd502e199abb754,2/22(水) 11:00
spaia,【金盃展望】広いコースに戻ってランリョウオーが強さ証明,https://news.yahoo.co.jp/articles/ca23936f80ef4ce99bc8e34e803412e2b0afaeb5,2/22(水) 6:03
spaia,【中山記念】ハイブリッド式消去法でヒシイグアスは消し！　秋華賞馬スタニングローズは枠次第,https://news.yahoo.co.jp/articles/f3898ad3a95a3106f7f5f19805f61b7250cbeea9,2/22(水) 6:03
spaia,【阪急杯】得意条件で大金星を狙う！　Cアナライズからは前走不利データ「外枠」に泣いた穴馬を推奨,https://news.yahoo.co.jp/articles/c908d5e6eeaed967d9470f2b5c1e62858d79e803,2/21(火) 17:00
spaia,【中山記念】参考レース振り返り　データは中山金杯組、好メンバー揃うもソーヴァリアントに注目,https://news.yahoo.co.jp/articles/94a5d210ba54e38a3883552aea4793a11b605130,2/21(火) 11:03
spaia,【注目3歳馬（牝馬編）】2歳女王リバティアイランドが主役　オークス向きなのはドゥアイズ、ラヴェル,https://news.yahoo.co.jp/articles/dec5c5fc206d514d1aa892ffdd319b657f7be943,2/21(火) 6:03
spaia,【阪急杯】名牝フラワーパークの血を受け継ぐヴァンセンヌ　ロードベイリーフを送り込む【マイナー種牡馬応援団】,https://news.yahoo.co.jp/articles/44c8b543e355ef612ee36691d178b8d777551c37,2/21(火) 6:03
spaia,【小倉大賞典】道悪、特殊な流れ、平坦コースを味方に　チャンスつかんだヒンドゥタイムズ,https://news.yahoo.co.jp/articles/54cf669a792f5730d6bd92ccf525a0f1cd6dff16,2/20(月) 11:08
spaia,【ダイヤモンドS】ウインキートスが作る流れに対応したミクソロジー　オルフェーヴル産駒の耐久性活きる,https://news.yahoo.co.jp/articles/e0cdb37356f13fd65cd38ba0347f6f4d0099e4b1,2/20(月) 10:52
spaia,【フェブラリーS】昨秋の経験を糧にGⅠ奪取！　完璧だったレモンポップ,https://news.yahoo.co.jp/articles/0da0b989cea0a9a2194e11f0ad01a055c7a88550,2/20(月) 10:43
spaia,【京都牝馬S】6戦オール連対の名コンビ　ララクリスティーヌと菅原明良、春GⅠのダークホースになる,https://news.yahoo.co.jp/articles/04ec839cb3d8cf87add3ac1e1fbe56806670022c,2/20(月) 6:02
spaia,【中山記念】GⅠ馬はスタニングローズ、シュネルマイスターら強力　逆転候補は勢いある中山巧者2頭,https://news.yahoo.co.jp/articles/6d9cd0d62f617f4f16123e41380f1c1f1cbcbb5a,2/19(日) 17:02
spaia,【阪急杯】中心はグレナディアガーズ　アグリ、ルプリュフォール一発秘める,https://news.yahoo.co.jp/articles/b8b933829243f5b7eb3edd139f96ffeeed2c92e6,2/19(日) 17:01
spaia,【フェブラリーS結果速報】レモンポップが好位から抜け出してGⅠ初制覇！　外から猛追したレッドルゼルが2着,https://news.yahoo.co.jp/articles/415bcb026a279f4046b3a56fef2e1aa5b36443e3,2/19(日) 15:45
spaia,【小倉大賞典結果速報】ヒンドゥタイムズが大接戦を制す　2着は内をすくったカテドラル,https://news.yahoo.co.jp/articles/7789dfc568d53e12c80cff6a502342c902b30fdc,2/19(日) 15:28
spaia,【フェブラリーS】父は砂の名種牡馬シニスターミニスター　完全復活、ドライスタウト,https://news.yahoo.co.jp/articles/f7c9ba5844e9a111f5c5372d7c4d73cc0467c10a,2/19(日) 11:03
spaia,【フェブラリーS予想まとめ】やはりレモンポップ、ドライスタウトの2頭に支持が集中　3番手以下は大混戦模様に,https://news.yahoo.co.jp/articles/bf871c82eff185979b2e1c673e9428d637820fb7,2/19(日) 11:00
spaia,【フェブラリーS】ライバル不在でGⅠ制覇の絶好機　AIの本命はレモンポップ,https://news.yahoo.co.jp/articles/cd12bbabd94b84e91388eeec828855f6888f42c0,2/19(日) 9:00
spaia,【フェブラリーS】GⅠで揉まれたショウナンナデシコ、メイショウハリオが虎視眈々　ローテーションに見られる特徴は,https://news.yahoo.co.jp/articles/8f5d891a286af408838aefd0a35b444d125e97e3,2/19(日) 9:00
spaia,【小倉大賞典】小倉芝1800mで再度の逃げ切りだ　AIの本命はレッドベルオーブ,https://news.yahoo.co.jp/articles/98b7af161c0fe57008498aff641b7ff0a23400f7,2/19(日) 6:02
spaia,【フェブラリーS】キャリア全連対の安定感でGⅠ獲りへ　東大HCの本命はレモンポップ,https://news.yahoo.co.jp/articles/2ddb537fc938093821d40e0fdcb6148d9d61a93c,2/19(日) 6:02
spaia,【フェブラリーS】強敵不在でレッドルゼルが最有力　穴はソリストサンダーとテイエムサウスダン,https://news.yahoo.co.jp/articles/023c6adbbfc732da1c3b297a79c26304119d4028,2/18(土) 19:34
spaia,【ダイヤモンドS結果速報】ミクソロジーが内外離れた大接戦を制す！　2着は13番人気ヒュミドール,https://news.yahoo.co.jp/articles/646c0b30cddfbee5f090446ecdca2ddb61711d19,2/18(土) 16:00
spaia,【京都牝馬S結果速報】ララクリスティーヌが連勝で重賞初V！　2着には逃げ粘ったウインシャーロット,https://news.yahoo.co.jp/articles/5f69395c57aef942aee54515993ad070d48fa792,2/18(土) 15:41
spaia,【京都牝馬S】牝馬限定重賞なら実力上位　AIの本命はララクリスティーヌ,https://news.yahoo.co.jp/articles/bb8120e4b03209652cc138c85b8fe37b5c63ee3f,2/18(土) 6:02
spaia,【ダイヤモンドS】斤量増でも連勝中の勢いに期待　AIの本命はミクソロジー,https://news.yahoo.co.jp/articles/5dccbd609595132c48b9fcf2d81ddea21b9774ba,2/18(土) 6:02
spaia,【フェブラリーS】2強に不安あり、スピードの暴力でタイトルかっさらう　京大競馬研の本命はシャールズスパイト,https://news.yahoo.co.jp/articles/18f51b54ab4f01c5dc1378e22bf59ae72564837b,2/18(土) 6:02
spaia,【フェブラリーS枠順】根岸S勝ち馬レモンポップは4枠7番、全日本2歳優駿勝ち馬ドライスタウトは2枠4番,https://news.yahoo.co.jp/articles/7cf42310b9373bb829c3b70a6cefd173e0500882,2/17(金) 12:01
spaia,【小倉大賞典枠順】小倉記念2着ヒンドゥタイムズは3枠6番、ニューイヤーS勝ち馬ウイングレイテストは6枠12番,https://news.yahoo.co.jp/articles/c171c8d2ec0215b1cfee7d40430e6ed89ab8cf2e,2/17(金) 10:47
spaia,【ダイヤモンドS枠順】万葉S勝ち馬ミクソロジーは2枠4番、ルメール騎手騎乗シルブロンは1枠2番,https://news.yahoo.co.jp/articles/5be62c6a7af0343de5c9256bb1b72f96214ccdde,2/17(金) 10:46
spaia,【京都牝馬S枠順】ウォーターナビレラは8枠16番、福永祐一騎手騎乗テンハッピーローズは4枠7番,https://news.yahoo.co.jp/articles/368727bb5c07dee9ecf53df671fa7c0536b660d4,2/17(金) 10:46
spaia,【フェブラリーS】穴なら外枠、ヘニーヒューズ産駒　東大HCが東京ダ1600mを徹底解析,https://news.yahoo.co.jp/articles/0f93bf1ca3a829f6b814f7a300db156913a489d7,2/17(金) 6:02
spaia,【ダイヤモンドS】昨年2着馬に高配当のヒント　中距離戦でのロングスパート経験が生きるスタッドリー,https://news.yahoo.co.jp/articles/beae1609c17f34504b835d21cc0ecfe9af4d8ed4,2/16(木) 17:01
spaia,【フェブラリーS】良馬場かそれ以外かで一変する傾向に注意！　有力馬の血統解説,https://news.yahoo.co.jp/articles/b9a32d7aeb0d73f7efed864fd0c3d9bf87a78bb2,2/16(木) 6:03
spaia,データで見る福永祐一騎手27年間の年表　2連勝の鮮烈デビュー、リーディング獲得、無敗三冠達成,https://news.yahoo.co.jp/articles/afba35a3476974ff97c762121fe1f1776a29eec4,2/16(木) 6:02
spaia,【フェブラリーS】根岸S勝ち馬が直近5年で3連対　欠点少ないレモンポップ,https://news.yahoo.co.jp/articles/1169638b8083a6e2acaf381a4678fe5c8af8ee07,2/15(水) 11:03
spaia,【ユングフラウ賞展望】2歳女王不在の一戦はマカゼが中心,https://news.yahoo.co.jp/articles/eee1faf393cb21925bb12aa9156abc3f53f38d82,2/15(水) 6:04
spaia,【フェブラリーS】ハイブリッド式消去法が導き出す結論は「大波乱」の三文字！　レモンポップ消去で高配当狙う,https://news.yahoo.co.jp/articles/69c1b383288d75062e825e3d4a83fe6913c4516f,2/15(水) 6:04
