media_en,title_articles,link_articles,date_original
obsnews,大雨で被災した府内城跡の塀を復旧へ 費用1億3000万円を計上　大分市議会開会,https://news.yahoo.co.jp/articles/8bcdee51ac92180318497e13870187efc985a73c,9/1(金) 11:53
obsnews,海洋科学高校の実習船「翔洋丸」 マグロ漁を学ぶためハワイ沖に向け出港　大分,https://news.yahoo.co.jp/articles/efc3159b06050d2031fa37f41ea7068c4491cd25,9/1(金) 11:51
obsnews,中学校の給食にホチキスの針のような異物混入　生徒にけがなし　大分,https://news.yahoo.co.jp/articles/f27d0ab8c80e7dcd651f7a21ebda1d036aeb7703,9/1(金) 11:36
obsnews,水産会社の車が盗難も…すぐに車両を発見　深夜に現れた30歳男を捜査員が緊急逮捕　大分,https://news.yahoo.co.jp/articles/1c184931af4905aa9ef561c69e83009b1fc2f264,9/1(金) 11:02
obsnews,大分市の長寿応援バス利用実績把握のためICカードの導入検討,https://news.yahoo.co.jp/articles/9638913f83b0da011b44215394a24fccc7e2fd87,8/31(木) 19:36
obsnews,佐賀の豚熱感染受け県が緊急説明会 ワクチン接種への連携強化 51年前の感染確認が最後 大分,https://news.yahoo.co.jp/articles/2e04592cd7039a5be16d19f798d1532a1e5e56b4,8/31(木) 19:34
obsnews,少年の主張県大会 中学生10人が日ごろの生活で感じた思いを熱弁　大分,https://news.yahoo.co.jp/articles/cecf5692f8b77ac6f5f8bc391f072f4bcbae6a79,8/31(木) 18:41
obsnews,ラグビーW杯日本代表 具智元選手の等身大の応援パネル登場 後輩ラガーマンの手作り　大分,https://news.yahoo.co.jp/articles/18dd4dfabc0be2fa12d43f6088ee0c029c34c77e,8/31(木) 18:28
obsnews,1日350グラムの野菜の摂取を呼びかけ 8月31日は「野菜の日」大分,https://news.yahoo.co.jp/articles/572587984b789c65e08c4872c6d7572be0c43ba3,8/31(木) 18:09
obsnews,暴力団幹部から「兄弟」と呼ばれる飲食店経営者　新型コロナ時短協力金の返納命じる　大分地裁,https://news.yahoo.co.jp/articles/564ead76dc62f3ee9e59618ea9dfc3a8715d6975,8/31(木) 18:04
obsnews,「生きる世界はふもとだよ」ヒマラヤに生を求めた登山家がキャンプファイヤーを愛する理由とは,https://news.yahoo.co.jp/articles/4f93bfdae83a371a6f1f0a84cfbb10b393e9568c,8/31(木) 17:57
obsnews,飲酒運転の疑いで72歳男を現行犯逮捕　警ら中のパトカーが不審車を発見　大分,https://news.yahoo.co.jp/articles/4b56e371e8c3ad3269c247b7e1540008385ba9cc,8/31(木) 17:36
obsnews,県学校書写大会　小中学生の作品3000点を展示　大分,https://news.yahoo.co.jp/articles/45572a000914d837a69d075284d84fbfe7763543,8/31(木) 17:24
obsnews,ペットボトルのリサイクル　県と民間企業が連携協定　大分,https://news.yahoo.co.jp/articles/8db696a2f5f532868ac0ac3860f07e2a52a8819f,8/31(木) 17:16
obsnews,「どうして学校に行かないの」は絶対NG　“SOS”気づくには…子どもたちが『欲しい言葉』『傷つく言葉』,https://news.yahoo.co.jp/articles/a35e87aa275ff0070f133691eef37838ac66020a,8/31(木) 15:16
obsnews,社用車から現金入りバッグを盗んだ疑い　62歳男を逮捕　大分,https://news.yahoo.co.jp/articles/0cfba2b2c9559e171ef3daf8694d4f82afcc5633,8/31(木) 13:59
obsnews,夕方にかけて大雨のおそれ　大気の状態が不安定に…土砂災害に警戒　大分,https://news.yahoo.co.jp/articles/eb79888e0fd4a15126e6866b4ec2cd1a957f0d41,8/31(木) 12:06
obsnews,“トリプル台風”再び　台風12号の進路は?　台風11号は9月2日にかけて沖縄に接近のおそれ【雨風シミュレーション】,https://news.yahoo.co.jp/articles/bcefdaf0507f3d46fb4efb7cb4b1bc213d4ce433,8/31(木) 11:06
obsnews,激辛とうがらしのホットパラソルEXを収穫　大分・由布市,https://news.yahoo.co.jp/articles/3339c0acdc02e3279e3bd1b527a1d10c1720cbf2,8/31(木) 9:14
obsnews,輸入飼料が高騰…県産の飼料用米の利用を拡大へ 活用プロジェクトが始動　大分,https://news.yahoo.co.jp/articles/6ccd8cb974b1c1e87ac5c1b6d4b1fa8a5c14eed7,8/30(水) 20:19
obsnews,保健所貸し出しの医療機器パルスオキシメーター　大量に未返却　大分,https://news.yahoo.co.jp/articles/78c2f7e22326c590ec03dceac941d417df499b8c,8/30(水) 20:14
obsnews,高校生が電動キックボードの充電器開発 1回の充電で50キロ走行可能　大分,https://news.yahoo.co.jp/articles/11f5dbd5732d5d6875db647344a69f7692651b31,8/30(水) 20:11
obsnews,新型コロナ 3週連続減少も注意報レベル続く 換気・手洗い・場面に応じたマスクの着用呼びかけ　大分,https://news.yahoo.co.jp/articles/8ceed6c41638b37c801d900ea6e08d032f1b81b8,8/30(水) 20:02
obsnews,ガソリン価格9週連続値上がり 過去最高値に迫る バス会社にクリーニング業界も悲鳴 大分,https://news.yahoo.co.jp/articles/0853340fe5e4117fb7a4869cdf601321be9f4ab6,8/30(水) 19:51
obsnews,病院の女性更衣室に小型カメラ6台設置　「好意がある女性を盗撮するため…」男性職員を停職6か月の懲戒処分　大分,https://news.yahoo.co.jp/articles/044ad68817a40e66ccb2886d9303e64307ebbfed,8/30(水) 18:04
obsnews,消えかけている“民謡” ジャズ風にアレンジ…地域の宝を後世に　シンガーソングライターUtaさんの思い,https://news.yahoo.co.jp/articles/31f344b51e022e04cbac1286af265eacc3f7bdc5,8/30(水) 17:46
obsnews,台風12号発生へ…進路は?　台風11号は沖縄に接近のおそれ　最新予想進路【雨風シミュレーション】,https://news.yahoo.co.jp/articles/9c5c1dd31ecd0d89b76a5780d18398b694f89c34,8/30(水) 16:03
obsnews,7月の大分県の有効求人倍率は1.40倍　高水準続く,https://news.yahoo.co.jp/articles/8a865e3b4e9e0a1f27282e09a38376a97d3558b0,8/30(水) 11:57
obsnews,台風12号に発達の見込み 24時間以内に発生へ　台風11号の進路予想,https://news.yahoo.co.jp/articles/16969c274705323d969e58d18a5877458cf772e2,8/30(水) 11:46
obsnews,道路を歩いて横断中の64歳男性　トラックにはねられ死亡　大分,https://news.yahoo.co.jp/articles/8bf2f14cf6c44899244a504460222c756a372f17,8/30(水) 11:01
obsnews,ホッケーとカヌーの高校日本代表2人　国際大会を前に活躍を誓う　大分,https://news.yahoo.co.jp/articles/395f158e09c0aeffc55481dcceaa696b4d6ccc7c,8/29(火) 20:01
obsnews,「全国中学生ラグビーフットボール大会」“初出場” 大分ラグビースクールが活躍誓う,https://news.yahoo.co.jp/articles/ef4f2925b2ee3edb686f6b27decf0d5f63efb221,8/29(火) 19:24
obsnews,迷子の3歳と5歳の男の子を保護　女子高校生2人がとっさの判断　大分,https://news.yahoo.co.jp/articles/0dedfb0024cdde8cc96cda9e652114c5fdfcc670,8/29(火) 19:24
obsnews,夏の海岸線を飾る赤・白・ピンクの鮮やかな「サルスベリ」の花が見ごろ　大分市,https://news.yahoo.co.jp/articles/943b9b24a7703964cbc90de5a854f093f2565d2f,8/29(火) 19:24
obsnews,「ものづくりやデジタル人材の育成強化」など 連合大分が来年度予算編成について知事に要請,https://news.yahoo.co.jp/articles/3c756513a59d6b56917bccdd3dd476ce38876e14,8/29(火) 19:24
obsnews,「子ゾウもウキウキ」今年初!採れたてのサトウキビがアジアゾウへ届く　大分・宇佐市,https://news.yahoo.co.jp/articles/8d0768e7719b6857a23b39edd5f0182c4754b97c,8/29(火) 19:22
obsnews,年間に2度の実施は初めて 10月に4200人が参加 “国内最大規模”の「日米共同訓練」 大分,https://news.yahoo.co.jp/articles/ef647ccc8a45f02f6048cd6107d8eaa0e23ec4ac,8/29(火) 19:22
obsnews,「スピード超過で病院の塀に衝突」自衛隊の大型車両運転の男性自衛官“懲戒処分” 助手席の隊員が大けが　大分,https://news.yahoo.co.jp/articles/e0d5fe568b635fbec2f734b00a7930fd2fdc4a89,8/29(火) 16:57
obsnews,健康寿命日本一目指す「おおいた創造会議」開催　事業所5か所が表彰,https://news.yahoo.co.jp/articles/a6b7820fcb3a414d066fdb2eb65ff7a961efc93b,8/29(火) 15:56
obsnews,“トリプル台風” 最新情報　沖縄に接近か　台風9号・11号の進路予想　台風10号は温帯低気圧に,https://news.yahoo.co.jp/articles/1028cd1c1b9cae139be963838a6aad794023087b,8/29(火) 15:16
obsnews,トンネル工事現場で約1100メートル分、1.5トンの電源ケーブル盗まれる　警察が捜査　大分,https://news.yahoo.co.jp/articles/ae3830157c4f1c4abb55bdd9a99a3bc0c52e656b,8/29(火) 14:03
obsnews,女子ラグビー日本代表候補の強化合宿はじまる　大分・竹田市,https://news.yahoo.co.jp/articles/41d8eebb2b5d949642b659992129b5df84889e8d,8/29(火) 12:41
obsnews,詐欺被害にあいかけた高齢女性「頭がてんぱっていて…」 声をかけて止めてくれた人に感謝の言葉伝える,https://news.yahoo.co.jp/articles/253ec59186e933e807066747ef35019a6741c102,8/29(火) 12:32
obsnews,県私立高校体育大会　10競技で1300人が熱戦　大分,https://news.yahoo.co.jp/articles/be70d0f00a152522fa6b003438a301f6f97b848d,8/29(火) 11:59
obsnews,「温泉をぶっかけられると解放的に」堀江貴文氏がトークイベント　別府温泉×音楽フェス開催をPR,https://news.yahoo.co.jp/articles/b1fcd0b49a5885384e7a07a575482aa7fc753f67,8/28(月) 19:51
obsnews,大分県内でもロケ 映画「春に散る」地元出身の瀬々敬久監督が作品への熱い思いを語る,https://news.yahoo.co.jp/articles/5c834da3ec8853de80912f535c1c5261c154480a,8/28(月) 19:42
obsnews,新たな水害対策「田んぼダム」県内ほぼ全域で推進へ 実証事業では雨量流出量を最大で29％軽減　大分,https://news.yahoo.co.jp/articles/a43bf83ec91349e373bb542be2606a7608b19a07,8/28(月) 19:14
obsnews,最低賃金「時給899円」で決定 “過去最大”の引き上げ幅 現行から45円の引き上げ　大分,https://news.yahoo.co.jp/articles/33818a7bbd67334651596dfc409f0026ba86cd92,8/28(月) 18:57
obsnews,大輪の「ひまわり」およそ30万本が見ごろ 大分・豊後高田市,https://news.yahoo.co.jp/articles/505d60c101891b8bd33feda3ef9bf53a13847a7e,8/28(月) 17:51
obsnews,車内で女子中学生に性的暴行28歳の男を強制性交等罪で起訴　大分,https://news.yahoo.co.jp/articles/bc8c2cab29032a2673029892cc5509396b512527,8/28(月) 17:24
obsnews,「なぜ見抜けなかった」 旧県立高校の跡地めぐる問題で市が住民説明会 複合施設オープン半年で撤退 厳しい意見相次ぐ,https://news.yahoo.co.jp/articles/0299a59c3e2cf5a03ebf5cbeb57285bcf4397f5a,8/28(月) 16:41
obsnews,「関の鯛つりおどり大会」 伝統の一本釣り漁の豊漁願い9月9日開催へ　大分,https://news.yahoo.co.jp/articles/e765841ad3c6070d0e17537d620949a9bb13ea0e,8/28(月) 15:53
obsnews,発災直後ドローンで物資運搬は“全国初” 機器開発の「シーアイロボティクス」徒歩で2時間を3分で到着,https://news.yahoo.co.jp/articles/89918108d18a740279c388582c38885a6a6aea92,8/28(月) 15:51
obsnews,大分刑務所で30代の男性受刑者が病死か,https://news.yahoo.co.jp/articles/bf041349e0ace850e1243c342d4f5cec07a359be,8/28(月) 14:54
obsnews,日田彦山線BRT「ひこぼしライン」開業　沿線住民が歓迎　大分,https://news.yahoo.co.jp/articles/431ff5e4777710d62901956d31e8847d5915f5e6,8/28(月) 12:34
obsnews,3千円分お得な大分市プレミアム付き商品券の第4弾　受け付け始まる,https://news.yahoo.co.jp/articles/e820c13f7840ec11db7e29346cc673ee5ea83133,8/28(月) 12:34
obsnews,足を引きずっていた行方不明の12歳男児　女性2人がとっさの判断で無事保護　警察から感謝状,https://news.yahoo.co.jp/articles/4a0edd7a96ba00e281abf8fbd5ad152f4ce5ce29,8/28(月) 12:29
obsnews,「安心して利用を」無人化駅で視覚障害者を対象に遠隔案内サービスの体験会 大分,https://news.yahoo.co.jp/articles/2c2c10676a76f223f28ee683ea129326d46d267c,8/27(日) 17:24
obsnews,大分みなと祭り4年ぶり開催 巡視船「やまくに」など一般公開,https://news.yahoo.co.jp/articles/193cc0ca69ebbadd96184f8b4438e82786e061d8,8/27(日) 16:06
obsnews,廃業しているとみられる宿泊施設がほぼ全焼 大分,https://news.yahoo.co.jp/articles/14e44a621eba1de01f14df446cd9a41cd7ea6f3a,8/27(日) 14:53
obsnews,本田圭佑さんが考案の独自ルールサッカー大会　大分市で初開催,https://news.yahoo.co.jp/articles/e85f960e616b49f57843160bc66f3fc30afa7bac,8/26(土) 19:02
obsnews,障害者が多く働く大分県日出町のホンダ太陽でまつり　レーシングカー展示車いすレーサー体験も,https://news.yahoo.co.jp/articles/e75279c632c8682f8fe955eb376ae7b781cf73c3,8/26(土) 18:14
obsnews,映画「春に散る」 大分県豊後高田市出身の瀬々敬久監督が大分市で舞台あいさつ,https://news.yahoo.co.jp/articles/991fa7abf5897c2a0e29568958ea5ac715ecd8cd,8/26(土) 17:38
obsnews,大分市の市場で日田梨旬入りフェア,https://news.yahoo.co.jp/articles/508852d395deebc7f81ec475ef176cbcf441c71b,8/26(土) 12:46
obsnews,架空請求で60代女性が合計130万円の詐欺被害　「050」で始まる番号に注意　大分,https://news.yahoo.co.jp/articles/b5e304317beb268ab69637b08ad06742250fb527,8/25(金) 19:16
obsnews,JR日田彦山線のBRT「ひこぼしライン」 28日の開業に向け走行訓練　大分,https://news.yahoo.co.jp/articles/e057ddb00893cf7d5ded84afa4c906b02d49b314,8/25(金) 18:46
obsnews,海水浴場のシャワー室とトイレ　鏡や手洗い器が壊される　壁には濡れたトイレットペーパーも　警察が捜査　大分,https://news.yahoo.co.jp/articles/bdf86df9fce17f5db6038c0833a2926c99f21614,8/25(金) 18:02
obsnews,特産のナシが原料の炭酸飲料をPR 今シーズンは288万本出荷予定　大分・日田市,https://news.yahoo.co.jp/articles/b0c9435ee70dacc91461263216b6b2170f1d21da,8/25(金) 17:32
obsnews,ロシア侵攻で不足の車いす　支援団体がウクライナに寄贈　大分,https://news.yahoo.co.jp/articles/c550fc080c50333b92f8212f1a5a17a0a22ad26c,8/25(金) 17:27
obsnews,補助金申請の手続き怠り650万円の損失など 職員4人を減給と戒告の“懲戒処分”　大分・九重町,https://news.yahoo.co.jp/articles/676a6a6f31e122e134f6cea286021b660850dcee,8/25(金) 16:57
obsnews,「ホーバークラフト」14年ぶり航行 大分市～大分空港間を最短30分で結ぶ年度内の就航目指す,https://news.yahoo.co.jp/articles/dddf7ca67e89ca4e02311c34c878efe937f61ab0,8/25(金) 16:36
obsnews,記録的大雨で地すべりや土石流が相次ぎ発生　大分大学が原因を分析　AIによる災害リスク予測へ,https://news.yahoo.co.jp/articles/b308d86ed267eae32dc326e49012447fa2cb9acf,8/25(金) 16:32
obsnews,また「サイト使用料名目の特殊詐欺事件」発生 60代男性が電子マネー80万円分の被害　大分,https://news.yahoo.co.jp/articles/d0a6e0808950cf3581292ab3791eda0db31b79af,8/25(金) 16:06
obsnews,多くの小中学校で「始業式」 まっ黒に日焼けした子どもたちが1か月ぶりの再会に笑顔　大分,https://news.yahoo.co.jp/articles/866d3bf9b5458e05a94de899b8650d269be5f435,8/25(金) 12:08
obsnews,【速報】東九州自動車道「津久見IC～佐伯IC」通行止めは午前11時24分「全面解除」,https://news.yahoo.co.jp/articles/509cc94be47d84ae4e1e40092cf267cfe9202b1e,8/25(金) 11:41
obsnews,東九州自動車道の「津久見IC～佐伯IC」の上下線通行止め　交通事故のため,https://news.yahoo.co.jp/articles/6ef759b6243a4f7fbd06db81dad6e00e0e5b62a1,8/25(金) 9:14
obsnews,多くの小中学校は25日から2学期…子どもたちの「夏休み最後の1日」　大分,https://news.yahoo.co.jp/articles/4d3515d740b410d188a8ae0e615f5cd8b476f5be,8/24(木) 19:02
obsnews,黄緑色のじゅうたん  「コキア」見ごろに　大分農業文化公園,https://news.yahoo.co.jp/articles/789b2b98b8fe3418fb53681b9b287286e9a1108e,8/24(木) 18:51
obsnews,新型コロナ「小さな波で推移」　専門家「感染リスクの高い人への配慮必要」,https://news.yahoo.co.jp/articles/fe98d5807e9229fcf401592d6eb0bfdd1c8ea80a,8/24(木) 18:48
obsnews,「祝祭の広場」高校生を対象に無料貸し出し始まる　大分,https://news.yahoo.co.jp/articles/4055fb5ec15f3e24fdd6ea4e469d3474bb4db7de,8/24(木) 18:44
obsnews,来年度の大分県立高校入学定員　全日制2年ぶり増加に転じる,https://news.yahoo.co.jp/articles/1760e2724d94461df026dbba4cc2d4faae45282e,8/24(木) 18:41
obsnews,「撮影した下着を後から見たかった」遠足や水泳の授業中に女子児童の下着を撮影　60代男性教諭を懲戒免職　大分,https://news.yahoo.co.jp/articles/3ff2db9778fbca977271872e98878c5da944af45,8/24(木) 17:59
obsnews,「サイトの入会料が未納で裁判になる…」60代男性 電子マネー70万円分の詐欺被害　大分,https://news.yahoo.co.jp/articles/a69c30dd40a5577f308d4833d8a8b66cc3adddd3,8/24(木) 16:03
obsnews,県・国・中小機構が連携協定を締結 三位一体となって「中小企業」の支援強化へ　大分,https://news.yahoo.co.jp/articles/4232ba2cb82ecda1da0a922f068bd2da6c03db8e,8/24(木) 12:09
obsnews,食中毒防止は「新鮮な食材・手洗い・しっかり加熱」一日食品衛生監視員がパトロール　大分,https://news.yahoo.co.jp/articles/7211ea2fd22c010e1c8b90f6828aa412ea38856d,8/24(木) 12:08
obsnews,新型コロナ感染者数は2週連続減少 5週間ぶりに「注意報レベル」を1段階引き下げ　大分,https://news.yahoo.co.jp/articles/f13ed8c5ef38bc9e113d85756d4ba75417d73223,8/23(水) 17:06
obsnews,「夏バテ」なぜ起こる? 未然に防ぐ4つのポイント　専門家に聞く,https://news.yahoo.co.jp/articles/5e684fca5b63034889abcfdcb9bd75d9eb3ac0d5,8/23(水) 16:36
obsnews,新学期を前に「子どもの悩み」に寄り添う 弁護士が電話やSNSで対応する特別相談会　大分,https://news.yahoo.co.jp/articles/d25dfd64fbd65f9c4bd933e77d10bd681f13d791,8/23(水) 16:14
obsnews,事件や事故から小学生を守る 児童が警察の指導を受けながら校区の「安全マップ」作り　大分,https://news.yahoo.co.jp/articles/30e0a43cf0410896c06261dc3f6422f3eb8facac,8/23(水) 12:08
obsnews,園児が地元で収穫したヒジキで「ふりかけ作り」に挑戦 完成に笑顔の花が咲く　大分,https://news.yahoo.co.jp/articles/ba6f5315620b1cc6955953ac7edd2eb215d51f2c,8/23(水) 11:46
obsnews,大分空港の「小型飛行機胴体着陸」のトラブル 国土交通省が“航空事故”に認定,https://news.yahoo.co.jp/articles/11fd5aad90c3935b748cf3a8f3a714445dbd5164,8/23(水) 9:36
obsnews,雨の中、傘もなく女の子が交差点にポツリ…迷子の6歳児をコンビニ店長が店に招き入れ保護　警察から感謝状,https://news.yahoo.co.jp/articles/94638fcbbb01d5cd92dfbe0a0086ddaeb88c2506,8/22(火) 19:12
obsnews,人材不足解消へ　医療法人が「学童保育」トライアル実施　大分,https://news.yahoo.co.jp/articles/3b846522b4aba249b56404a08981185b8b81ecf3,8/22(火) 18:57
obsnews,「ホーバークラフト1号艇」大分港に24日到着　年度内に運航開始へ,https://news.yahoo.co.jp/articles/a69482ad3ce4231a5c188312e0eb176c1ecbd53c,8/22(火) 18:53
obsnews,7月の大分県内の宿泊者数36万6500人　コロナ禍前の水準までほぼ回復,https://news.yahoo.co.jp/articles/311745674b80b0f7855ca5fc93899dfbfd57c4d7,8/22(火) 18:14
obsnews,乗降口のドアが開いたまま列車が動き出すトラブル ブレーキ圧が不十分か 大分・三重町駅（JR豊肥本線）,https://news.yahoo.co.jp/articles/e06b5ca1715ec8dffaab2b0a87e4006966c2e09e,8/22(火) 16:14
obsnews,豪雨被災の小鹿田焼　一時休業状態も…窯元が焼き物づくり再開　40日ぶり里に響く唐臼の音,https://news.yahoo.co.jp/articles/e41d4886bc905c469ea610c02b3d75610e3dd3ed,8/22(火) 16:02
obsnews,まるで写真のような作品も「高山辰雄賞ジュニア美術展」 園児から高校生の力作1000点　大分,https://news.yahoo.co.jp/articles/de286c77c918e8e89f0a53586dadeb382e8eacb0,8/22(火) 12:19
obsnews,「賀来の市」6年に一度の大名行列 地元の中学生が「自作パンフレット」でPR　大分,https://news.yahoo.co.jp/articles/ee4e0b99ff890a6496bf00fff78a372ff9f5a203,8/22(火) 12:17
obsnews,“弾道ミサイル”の飛来を想定 住民参加の避難訓練　大分・臼杵市,https://news.yahoo.co.jp/articles/a9004ecc3351cb55e4e98a4955b1d001bb1bd0ab,8/22(火) 12:12
obsnews,ひんやりスポット「桜滝」「稲積水中鍾乳洞」　観光客でにぎわう　大分,https://news.yahoo.co.jp/articles/b48302afa680ef4c16efdee5a11f2201dfd3b1d8,8/21(月) 19:12
obsnews,脳性まひ「リハビリキャンプ」　6歳から43歳までの10人　手足の動作改善に向け奮闘,https://news.yahoo.co.jp/articles/2cb3ca4b7ba5a895cc6f06334c0ecc5bf3480f29,8/21(月) 19:08
obsnews,「本場鶴崎踊大会」 49年ぶりに国道で開催　優美な舞で観客を魅了　大分,https://news.yahoo.co.jp/articles/f322661f4c2d7f1a705af0c6b1227b10867080b0,8/21(月) 19:06
obsnews,「10年に1人の逸材」インターハイ重量挙げで藤原菱選手（宇佐）が全国制覇　個人2冠に向けて早くも始動,https://news.yahoo.co.jp/articles/99b51801d19f578525bd8dc4fdf58a6d9ea3d857,8/21(月) 18:57
obsnews,大学生グライダー全国大会が開幕　日頃培った操縦技術を披露,https://news.yahoo.co.jp/articles/18ed76941a0501864c044f956b1331f67eefe247,8/21(月) 18:51
obsnews,ガソリン代を簡単節約 　「ふんわりアクセル」で1万5000円お得に　エアコン調整とタイヤのメンテもポイント,https://news.yahoo.co.jp/articles/dd8bfa14d85fcf765987920cdfeda998c0534da0,8/21(月) 16:02
obsnews,カゴメ「野菜生活100大分日田梨ミックス」　22日から期間限定で全国販売,https://news.yahoo.co.jp/articles/277c9cd97a18c933a2d7930bcdac1f48173059e3,8/21(月) 15:46
obsnews,夏休みもあと少し…図書館の学習席1日300人超が利用　中高生がラストスパート,https://news.yahoo.co.jp/articles/b3d998168733ed009a5948bb232472acb5621715,8/21(月) 13:03
obsnews,複合施設がオープン半年で事業停止　市が検証「公募審査の仕組みに最大の問題」　大分,https://news.yahoo.co.jp/articles/da21e00269137638399b6fccfbe6e7165acf15ae,8/21(月) 12:57
obsnews,母子の遺体と倒れていた一時意識不明の男性「家族と死のうと思い自分を刺した」手首や腹部に刺し傷,https://news.yahoo.co.jp/articles/baa6ec6b45741b677b3841db7f8440a925845462,8/20(日) 17:21
obsnews,大分市でごみ拾いを競技化した「スポGOMIワールドカップ」県予選大会,https://news.yahoo.co.jp/articles/607eeb90ec3582ad837ff8288c10e95f42995865,8/20(日) 17:17
obsnews,累計発行部数1.1億超の「進撃の巨人」ミュージアムが日田市に開館,https://news.yahoo.co.jp/articles/9d1954725563ab26db7668cf501e19a555b442dd,8/20(日) 17:11
obsnews,ちびっ子ポリス大集合 大分,https://news.yahoo.co.jp/articles/d8be809c5e43e9bdf83eaa2d5be08b47a51d5c03,8/19(土) 16:16
obsnews,死因は失血死　大分市の住宅で発見の2人,https://news.yahoo.co.jp/articles/3a0508dee968d4159b0684eb5549e790a4a5db36,8/19(土) 16:11
obsnews,ひき逃げで捜査 車にはねられた男性が大けが  大分,https://news.yahoo.co.jp/articles/0f785d49c767c0ffa7a874b5e31fc6e546431d30,8/19(土) 16:06
obsnews,大分空港に「車力の巨人」が登場!ごみのリサイクルのため3種類の分別呼びかけ,https://news.yahoo.co.jp/articles/f2ee9dfe03ca30fd94628da1cb9711ee8bb4df40,8/18(金) 19:38
obsnews,「エアーマンシップにのっとり…」グライダー交流大会始まる19大学から学生36人参加　大分,https://news.yahoo.co.jp/articles/f4f1b82ad092a92ed85a1c91d98acb7ec0f9358c,8/18(金) 19:16
obsnews,親子が楽しむマイナス20度の世界 コンテナターミナルに「巨大冷蔵庫」現れる　大分,https://news.yahoo.co.jp/articles/7f98f76d83f7cef8d1e9355eef30a954f1487ed8,8/18(金) 19:08
obsnews,“過去最大”の豪華クルーズ客船が別府国際観光港に 全長315M 高さは19階ビルに相当　大分,https://news.yahoo.co.jp/articles/e2c4bbaf87709f4def61c1818a92189cb9200d8d,8/18(金) 18:56
obsnews,コンサート中に地震が起きたら 演奏中に避難する「避難訓練コンサート」 大分,https://news.yahoo.co.jp/articles/cf0ea095fb5ac96e2ccb613b5075531c75c8928b,8/18(金) 17:34
obsnews,「住友コレクション名品選」来場者1万人突破セレモニー モネやピカソ作品 85点展示　大分,https://news.yahoo.co.jp/articles/2d209283dd5a144c0d61cc66184238939ebbe9f6,8/18(金) 17:18
obsnews,「かすかに感じる温かさ… やさしく吹き込まれる新しい命」座った人の面影を残す椅子が蘇る,https://news.yahoo.co.jp/articles/09fe3a9ca6104ba0b6c3ef2418a7d2904b22f8be,8/18(金) 15:57
obsnews,「会員権は全額返還」大分東急ゴルフクラブ 大手小売チェーン「トライアルグループ」に譲渡へ,https://news.yahoo.co.jp/articles/1e5186190ec413656e39dd616e8b97d3079905de,8/18(金) 12:17
obsnews,「後進の指導に力を尽くしたい」乾椎茸の全国品評会で最高賞の生産者3人に県民表彰を授与　大分,https://news.yahoo.co.jp/articles/2c652818509b4f255ffc24318bc486878d33853d,8/18(金) 12:12
obsnews,「現場に血の痕」大分市の住宅で成人女性と男児の遺体、成人男性が意識不明身元や死因を捜査,https://news.yahoo.co.jp/articles/c7af68b872410427242658fe4650dced0026e704,8/18(金) 11:21
obsnews,【速報】住宅で成人女性と男子児童の計2人の遺体、成人男性1人が意識不明で発見　身元や死因を捜査　大分,https://news.yahoo.co.jp/articles/75692e5fc9fd514845d70fecdadbe3ca6c720e37,8/18(金) 2:16
obsnews,若者に見てもらえる「防災意識を高める動画」とは 高校生と大学生18人がアイデア出し合う　大分,https://news.yahoo.co.jp/articles/f988a031ef0d393da7e8b9598e660ea06c7d758b,8/17(木) 19:57
obsnews,労働相談「パワハラ関連」がコロナ禍後増加 件数は過去10年間で最多の1811件　大分,https://news.yahoo.co.jp/articles/d408236ffdac48197453bc3596c871760ce6ba58,8/17(木) 19:42
obsnews,「うまいもん甲子園」出場目指す 高校生2人が最終調整 食材は地元産養殖ブリで勝負に挑む　大分,https://news.yahoo.co.jp/articles/f1a029fbd3fd3163ea12dfef67bba4ea077e1cb1,8/17(木) 19:36
obsnews,「子牛価格の値下がり止まらず」 繁殖農家が“苦境”に 国産和牛の需要低迷で負のスパイラル,https://news.yahoo.co.jp/articles/1ba51392fddb6e2bc969ac044b40a3da8e0beeb6,8/17(木) 19:21
obsnews,「将来は海上保安庁の人になりたい」母を救うため“とっさの判断”で110番 人命救助の8歳の男の子に感謝状,https://news.yahoo.co.jp/articles/c031a270d161a1103c92d5c3ee065b85a62a653f,8/17(木) 19:04
obsnews,「地元食材の魅力がたっぷり」ななせダムをイメージ 新メニューの「ダムカレー」誕生　大分,https://news.yahoo.co.jp/articles/c87595b3f62133834b696d21b6ff78e12aae5516,8/17(木) 17:43
obsnews,「マグロが口の中でとろける…」スタミナ食の「ひゅうが丼」 セットが人気　大分・津久見市,https://news.yahoo.co.jp/articles/db81ff40cc41dca16bdda24d189e8d07ac5ebb25,8/17(木) 16:59
obsnews,「酸味のバランスや玉太りがよい」露地カボスの出荷始まる　大分・竹田市,https://news.yahoo.co.jp/articles/139fd9e92f43b091743902b60a77ef45d8e02cc9,8/17(木) 12:16
obsnews,海に流された母親を救うため男の子（8）が“とっさの判断”「母が流されている」と110番で2人救う,https://news.yahoo.co.jp/articles/5978917d9a21d0dbfb83ee5837e82f7c9c67c4c2,8/17(木) 12:12
obsnews,「大分トリニータ」6年半支えた守護神 高木駿選手「J1札幌」へ電撃移籍,https://news.yahoo.co.jp/articles/7e9aff51c5fdc23ad313420df3fdf720b21dcb24,8/17(木) 12:12
obsnews,希少がんで左足を失ったシェフ 5年の闘病経てパートナーと「イタリアン」再オープンへ,https://news.yahoo.co.jp/articles/95c9abf624b51125359b0aef479f67fb768dc323,8/17(木) 11:32
obsnews,「まだまだ高いレベルに行けると思った」大分トリニータ守護神・高木駿がJ1札幌に完全移籍 決意の裏側を語る,https://news.yahoo.co.jp/articles/1dc6ad7a1ad9485de18afb54c181e696e2a117bc,8/16(水) 22:16
obsnews,「派手なおふくろだった 盛大なのが望みと思う」御殿灯籠で故人をしのぶ 漁師町の初盆行事「精霊送り」大分,https://news.yahoo.co.jp/articles/9d99fef3ed06c04472872c3a36d3874599b67170,8/16(水) 19:54
obsnews,「自己ベストを出したい」視覚障害者の世界大会出場 パワーリフティング日本代表 瀬川真澄選手活躍誓う　大分,https://news.yahoo.co.jp/articles/41c9e99b4e3bdf8dbc7e3c5bd521426789a561fd,8/16(水) 19:29
obsnews,新型コロナ11週ぶり減少 県「お盆休診による一時的減少の可能性」インフルは季節外れの流行続く　大分,https://news.yahoo.co.jp/articles/4da03c77f3b01cb81f7f5148d702b9899f0dd9ad,8/16(水) 19:14
obsnews,石油価格“歴史的高騰”「運賃を2～3割上げないと経営が成立しない」県トラック協会から悲鳴の声　大分,https://news.yahoo.co.jp/articles/393ff5dc5bdaf7523c554a98962701a6e155d890,8/16(水) 19:02
obsnews,「ちょっと高くて支払いが痛い」ガソリン価格 また値上がり185.9円 15年ぶりの高値水準続く　大分,https://news.yahoo.co.jp/articles/97ad345e9c96799b7b444e0c22d084d486293e3e,8/16(水) 16:59
obsnews,4100Mの「流しそうめん」で “世界記録”挑戦へ 流す台にする竹を伐採　大分,https://news.yahoo.co.jp/articles/e50b935d18248344db23bab3ffe2a5e671bde0f8,8/16(水) 16:33
obsnews,「負けたと聞いても無念の感情はわかず平静そのもの」戦争体験者の薄れゆく記憶を刻み「未来につなぐ」男性の思い,https://news.yahoo.co.jp/articles/72f5b4f481273fc1a481b7f8789401752e29259b,8/16(水) 13:38
obsnews,「夏がテーマ」障害がある作家の作品展 創作意欲あふれる鮮やかなデジタル画や色鉛筆画15点　大分,https://news.yahoo.co.jp/articles/2119d42025ce6587f874ee1cfc02a2c9480dd99a,8/16(水) 12:29
obsnews,「今までに見たことがないような踊りを披露したい」津久見扇子踊りPR隊 OBS来社　大分,https://news.yahoo.co.jp/articles/1116a1153dd0f53dab3b1d2cc85ce7dd8ece75bd,8/16(水) 12:09
obsnews,「戦争はだめだ…」終戦後に出撃した“最後の特攻隊” 亡くなった18人を慰霊　大分,https://news.yahoo.co.jp/articles/d6333be749d0908ab3fe9a3aa04ec08cdd2d2608,8/15(火) 19:21
obsnews,高原に秋の訪れ「ヒゴタイ」が見ごろ 瑠璃色で丸い花の魅力　大分,https://news.yahoo.co.jp/articles/148a4c601779e17030f34b5965fa3dc8fd1932fa,8/15(火) 19:09
obsnews,空の便も「Uターンラッシュ」始まる 混雑は19日まで続く見通し,https://news.yahoo.co.jp/articles/fa96d11ec878c2840388c7d8b25efdf44a48173f,8/15(火) 19:02
obsnews,「大分は人気路線 今後は増便を検討中」6月就航のチェジュ航空 平均搭乗率75％で好調 韓国との定期便,https://news.yahoo.co.jp/articles/ad918fa847ae585f7c2e0d6091878dd37c836aa9,8/15(火) 19:02
obsnews,「機体の異常や操縦は…」滑走路で原因調査始まる 大分空港の小型機胴体着陸  国は重大インシデント認定,https://news.yahoo.co.jp/articles/b3b98e2ca2f9fac2cce1efc1a5cffc813119b0bf,8/15(火) 18:36
obsnews,「終戦の日」県護国神社で戦没者を慰霊する「みたままつり平和祭」　大分,https://news.yahoo.co.jp/articles/5d4117ed28aca5c63f575d6782deae2ccd6dfafc,8/15(火) 16:18
obsnews,「両親への感謝があふれています」県内唯一“夏の成人式”開催 お盆休みに合わせて 　大分,https://news.yahoo.co.jp/articles/25c761d1eb4bdadcc6d527699b76a0751fa41757,8/15(火) 15:08
obsnews,「ラグビーW杯」日本代表に具智元選手（日本文理大学附属高校出身）2大会連続選出,https://news.yahoo.co.jp/articles/b8a1e2499d08eb35f934c2cb6f6ec131298773cb,8/15(火) 14:36
obsnews,「姫島盆踊り」4年ぶり開催 トリを飾る子どもたちの“キツネ踊り” 祭り客を魅了　大分,https://news.yahoo.co.jp/articles/63193d38d9e697facedfcb8a77efbff00c892d32,8/15(火) 12:09
obsnews,お盆を故郷や行楽地で過ごした人たちの「Uターンラッシュ」ピーク　大分,https://news.yahoo.co.jp/articles/8f8cf7dd9c5deba5935c366957e09c054fce6a0a,8/15(火) 12:09
obsnews,「機体の異常や操縦は…」訓練実施の事業所で原因調査始まる 大分空港の小型飛行機 胴体着陸事故,https://news.yahoo.co.jp/articles/3cb84a1d57e8656a9c4e9ed641187fbe68b4b026,8/15(火) 11:53
obsnews,お盆休み 「行楽地・レジャー施設」開園前から長蛇の列 強い日差しの中 家族連れでにぎわう　大分,https://news.yahoo.co.jp/articles/7056e1cfd1d76e07c7e23341668e547b129f6941,8/14(月) 19:29
obsnews,「パリ五輪金メダル」を目指して フェンシング江村美咲選手に聞く　大分,https://news.yahoo.co.jp/articles/3ac8a0370aa12106335fedc688d9865705f47f36,8/14(月) 19:27
obsnews,大分市の「大型商業施設」でもコロナ禍前に迫るにぎわい 去年の1.3倍の買い物客が利用,https://news.yahoo.co.jp/articles/ed8c17992ea673bc31cb27f3cf5d257c6d6aff36,8/14(月) 19:27
obsnews,猛暑の中 冷たい水が流れ込む「河川プール」子どもたちが水しぶきを上げて歓声　大分,https://news.yahoo.co.jp/articles/cacb3cc4d5ad7be5c28a4034312654388df082f6,8/14(月) 19:24
obsnews,由布院のメインストリート「湯の坪街道」大混雑 韓国の団体客を中心にアジアからのインバウンド好調　大分,https://news.yahoo.co.jp/articles/668afa1e0456e7588a3c9e81eda21e7fecc6fd0a,8/14(月) 19:24
obsnews,大分空港で小型航空機胴体着陸 滑走路一時閉鎖 国は重大インシデント認定 運輸安全委員会が原因調査へ,https://news.yahoo.co.jp/articles/5f39e7c3711896955dc05d15783f052cd19b53e8,8/14(月) 18:27
obsnews,「歴史を繰り返してはいけない」当時8歳で体験 86歳の“空襲の記憶”　大分,https://news.yahoo.co.jp/articles/dab9f4a85cfd006ee60319c66222248a668ca4e6,8/14(月) 15:26
obsnews,大分空港 午後1時31分に滑走路の運用再開 小型飛行機胴体着陸でおよそ3時間閉鎖,https://news.yahoo.co.jp/articles/50497111017fb1c70f19c55f713f013ea62c82d3,8/14(月) 14:32
obsnews,台風6号の影響で1050人分の血液が不足 献血の協力呼びかけ　大分,https://news.yahoo.co.jp/articles/f3125632073cf041098766a0c066adedfa911289,8/14(月) 12:19
obsnews,大分空港で訓練中の小型飛行機 胴体着陸 滑走路閉鎖 けが人なし お盆の帰省ラッシュの中,https://news.yahoo.co.jp/articles/dd9d77e79831222ee97f74c788f2b16b54ceb01a,8/14(月) 11:38
obsnews,大分空港の小型飛行機胴体着陸事故 国交省が重大インシデントに認定 航空事故調査官が現地へ,https://news.yahoo.co.jp/articles/1f86f7e76b8ee9568716194420916ef354aeca34,8/14(月) 11:06
obsnews,盆の入り　家族連れなどがお墓参り,https://news.yahoo.co.jp/articles/693f931489d20c21959df266dcc166a03b89e6bb,8/13(日) 15:54
obsnews,直径1メートル以上の葉に立ってポーズ!恒例の“オオオニバス”乗り　大分,https://news.yahoo.co.jp/articles/0ee1ab813dea1b8d651ffaddfced8cf3df725a7e,8/13(日) 15:51
obsnews,「君のざびえるをつくってみろよ」お土産の定番のスイーツ復活 胸を打たれた言葉が刻まれた男の決意,https://news.yahoo.co.jp/articles/e0e4da054f8799cde15f4146278e761b25f3c6ec,8/13(日) 6:02
obsnews,水郷日田の“氷”を楽しむ「ロックアイスフェス」4年ぶり開催 かき氷の早食い競争も,https://news.yahoo.co.jp/articles/75dab5e64a3c9bcae7dedf1d0697bbaa83b4e356,8/12(土) 20:11
obsnews,広瀬勝貞前大分県知事親族の男性会社員 次期衆院選の大分2区出馬へ意欲,https://news.yahoo.co.jp/articles/ece4ccecfebda60e474d42179a2e9559d1c6907f,8/12(土) 17:03
obsnews,日本の伝統文化に触れて! 大分・別府市で工芸品「竹細工」の親子製作体験イベント,https://news.yahoo.co.jp/articles/960430f91abab5f734118f52b15df96e3eb18ffd,8/12(土) 16:48
obsnews,長距離ミサイル保管の「大型弾薬庫 2棟新設計画」地域住民らが中止求める集会　大分,https://news.yahoo.co.jp/articles/afb72524220d86e88817f3bb592937fdd15b9191,8/11(金) 19:36
obsnews,「事故を忘れないでほしい」194キロ死亡事故お盆を前に姉が亡き弟への思い語る,https://news.yahoo.co.jp/articles/9d80e42d094d8d294844a060e313b654a9e9e6ef,8/11(金) 19:34
obsnews,「1位商品は圧倒的に売れる数が違う」お盆土産の参考に 大分空港の人気「トップ5」,https://news.yahoo.co.jp/articles/c7b7417617d9ba0a0dc048535958c1af460011b1,8/11(金) 19:32
obsnews,お盆休みの「5連休スタート」 行楽地やレジャー施設 大いににぎわう 大分,https://news.yahoo.co.jp/articles/0b4ddee8e3fbdd0a0954c6e552e121d2428ccc97,8/11(金) 19:29
obsnews,特殊詐欺被害 去年の2倍 2億円超 目立つ手口「老人ホーム入居名目」穏やかな口調にだまされないで,https://news.yahoo.co.jp/articles/d5992208ed8ad73322a82cb377c35d8a8190ca9f,8/11(金) 15:14
obsnews,お盆をふるさとで過ごす「帰省ラッシュ」ピーク 交通機関が混雑　大分,https://news.yahoo.co.jp/articles/605a7d53c7903c0689ef7bb3edc92787c5ad494e,8/11(金) 12:24
obsnews,「紙幣」の秘密に迫る特別展 来年登場する新紙幣の“偽造防止技術”の紹介も　大分,https://news.yahoo.co.jp/articles/a54d40174af13798d4166d21824b28777de57681,8/11(金) 12:22
obsnews,大分市中心部のゴミステーション 夜明け前に可燃物が燃える火事 不審火の可能性で警察が捜査,https://news.yahoo.co.jp/articles/fadb684e8d370641cb7d02917683188b60ce7520,8/11(金) 11:08
obsnews,「災害被災者の再建に車50台が必要」支援団体が協力呼びかけ　大分,https://news.yahoo.co.jp/articles/97d70e10a3913c609a2d18d071e1db095d5950ab,8/10(木) 19:36
obsnews,【お盆の連休ナビ】4年ぶり「姫島村伝統の盆踊り」、「ゆふいん盆地まつり」3千発の打ち上げ花火　大分,https://news.yahoo.co.jp/articles/5b4f785ef3be6112af78288399aae32f9e195000,8/10(木) 19:34
obsnews,「アングレーム国際漫画祭」特別賞受賞 諫山創さんのトロフィー展示 進撃の巨人ミュージアム　大分,https://news.yahoo.co.jp/articles/d55d225349a0d8560e63d0bd2cf93b632f2562cd,8/10(木) 19:31
obsnews,来春大分市に開校予定の特別支援学校 校名候補は「県立中央支援学校」に決定,https://news.yahoo.co.jp/articles/a6befa3ce150109047cd4351af5d28f5839eba2b,8/10(木) 19:29
obsnews,【最低賃金】時給899円へ “過去最大”の上げ幅 45円引き上げ　大分,https://news.yahoo.co.jp/articles/df5fc2b1a2303038b410e4be6e277407fa69995a,8/10(木) 19:29
obsnews,「大学生2人死傷ひき逃げ事件」八田與一容疑者の逮捕状 容疑の変更求めて遺族が署名活動開始　大分,https://news.yahoo.co.jp/articles/c868808e63d052af63869a1af7406dacb8ede88a,8/10(木) 19:27
obsnews,10日未明“線状降水帯”発生 雨量は8月の平年値超 引き続き「土砂災害に警戒を」　大分,https://news.yahoo.co.jp/articles/d33322f4064d6055b27b744e3370f8130920a4d4,8/10(木) 19:24
obsnews,「梅雨前線による大雨災害」“被害総額”260億8100万円 最も多いのは河川の125億円　大分,https://news.yahoo.co.jp/articles/a91d95362ac138df3b7bd508833fa203d62cb16b,8/10(木) 19:24
obsnews,夏の甲子園「明豊vs北海」 9回ツーアウトからまさかの展開…延長タイブレークの末 明豊初戦敗退　大分,https://news.yahoo.co.jp/articles/43639e731f55619fd0c15f991b8a42a5d987da74,8/10(木) 19:24
obsnews,遠方転勤でも“翌日着任”「無茶苦茶だな」ビッグモーター元社員語る勤務実態…店舗社員1か月で全員退職も,https://news.yahoo.co.jp/articles/643d4c66c5961e0ec1a8541f1b824e99eff4b779,8/10(木) 16:16
obsnews,明豊が初戦敗退　延長タイブレークで北海に敗れる　夏の全国高校野球,https://news.yahoo.co.jp/articles/750dcd474453201d60ed772b9627bbad1a282bf9,8/10(木) 13:44
obsnews,【台風6号】線状降水帯発生、8月の平年値超える大雨　各地で土砂崩れ相次ぐ　大分,https://news.yahoo.co.jp/articles/f243896280c67b34f6d15b8b6cb0ba9b170dc5fc,8/10(木) 11:57
obsnews,6月の有効求人倍率「1.43倍」　3か月ぶりに上昇　大分,https://news.yahoo.co.jp/articles/92693bb78eb5251ca8d07a895eab20f186279231,8/10(木) 11:48
obsnews,【台風6号】大分県で線状降水帯発生　8月の平年値を超える雨　土砂災害に厳重警戒,https://news.yahoo.co.jp/articles/7c4cc599f3dd01619f3eeb47036569db95a3e8a3,8/10(木) 8:21
obsnews,気象庁が大分県南部に線状降水帯情報を発表　命に危険が及ぶ災害のおそれ高まる,https://news.yahoo.co.jp/articles/cfead50643d7a03ddeee3e3f8c5de4e3ba78d96b,8/10(木) 2:51
obsnews,「新型コロナ感染者微増」注意報レベル続く お盆は基本的な感染対策の徹底を　大分,https://news.yahoo.co.jp/articles/f917d143139d579df63b270cd472bbaba065954a,8/9(水) 19:27
obsnews,【台風6号情報】今後の雨量と風の予想 大森麻以 気象予報士の解説　大分,https://news.yahoo.co.jp/articles/c1a00f07808ebe920d2a790a70c5b188150ac7de,8/9(水) 19:21
obsnews,「予測や経験がもはや通用しない」専門家が指摘　早めの備えや避難を,https://news.yahoo.co.jp/articles/73768205e4f72cd870845f8a12502db238c111ac,8/9(水) 19:19
obsnews,【台風6号】交通情報 JRは特急・普通が全区間見合わせ 空港は全便欠航 フェリーは多くが終日欠航,https://news.yahoo.co.jp/articles/e5e9d13d6140f37ddf67a80191ef2222c54e8114,8/9(水) 19:19
obsnews,【台風6号情報】10日未明にかけて最接近 “線状降水帯”発生のおそれも 土砂災害に厳重に警戒を　大分,https://news.yahoo.co.jp/articles/a01329fce4416b21159901146b4768eda8ae2fe6,8/9(水) 19:19
obsnews,海水浴場の水質調査大志生木・黒島など4か所「最高評価」 他の5か所も「海水浴可能評価」　大分,https://news.yahoo.co.jp/articles/6b41626d2437ac9822e4dc7b3b20288887f4ec82,8/9(水) 17:14
obsnews,長距離ドライブ 注意しておきたいポイント　「炎天下で車内」エアコン停止から15分で40度以上に,https://news.yahoo.co.jp/articles/f9466865983558623ed70b087d4a5ba183f7832d,8/9(水) 15:59
obsnews,【台風6号】九州の西を北上　9日夜はじめ頃大分県内に最接近へ　土砂災害に厳重警戒【雨風シミュレーション】,https://news.yahoo.co.jp/articles/c38803ff4f2639e76c10d3590b53a01672aebd03,8/9(水) 15:53
obsnews,大分県内のガソリン価格184.4円　6週連続で値上がり　15年ぶり184円台に,https://news.yahoo.co.jp/articles/4c9268c651b1b61fd63f4c1c53bdb1c841742eab,8/9(水) 15:24
obsnews,台風6号の接近に伴い交通機関乱れる　大分,https://news.yahoo.co.jp/articles/29c1e6595ee15cd57d02ab00e1c38dbf90f57c00,8/9(水) 12:02
obsnews,【台風6号】九州に接近　線状降水帯発生のおそれ　土砂災害などに厳重警戒【雨風シミュレーション】,https://news.yahoo.co.jp/articles/565aa5915c3d2f6c749493a04dc75551682c1ade,8/9(水) 8:29
obsnews,大分空港が臨時閉鎖へ　台風6号の接近により午後以降、全便欠航,https://news.yahoo.co.jp/articles/7a1a1866a125a4f590e652da7534f115107d0b53,8/9(水) 7:57
obsnews,【台風6号接近】9日の商業・レジャー施設の対応は　大分,https://news.yahoo.co.jp/articles/0b69884270f4a51a95ebd7e05f501a5f4a5d1738,8/8(火) 20:38
obsnews,【台風6号】9日夕方～夜のはじめ頃 大分最接近か 10日昼前にかけて「線状降水帯」発生し災害の危険度高まる可能性,https://news.yahoo.co.jp/articles/a1337d22fe558811f76f65f85d3aa5844b793654,8/8(火) 20:24
obsnews,【台風6号接近】食料の買い置きなど備え進む JRは減便や運休 空・海の便は欠航も　大分,https://news.yahoo.co.jp/articles/479c53c7f42d116c6cb3262476474982cb356883,8/8(火) 19:59
obsnews,【台風6号】進路や雨量・風速 今後の見通し 大森麻以気象予報士解説　大分,https://news.yahoo.co.jp/articles/0ea3722496725d3604f6007649ef8275e3b4a7ce,8/8(火) 19:46
obsnews,「和牛スタンプラリー」始まる 霜降りと上品なうまみが凝縮した「おおいた和牛」の魅力を存分に,https://news.yahoo.co.jp/articles/65f628987a8bc0eaff58c1118ac6a50e43bfde12,8/8(火) 19:44
obsnews,「SNSで大分の魅力を世界に発信へ」globeのマーク・パンサーさん意気込み語る,https://news.yahoo.co.jp/articles/63430db804cc4c83287ca26511c49b09a110b7ea,8/8(火) 19:42
obsnews,労基署「作業中止基準の見直し」を県など14団体に要請 7月由布市でおきた作業員2人死亡を受けて　大分,https://news.yahoo.co.jp/articles/2fa3b3c5f9bed906c8d212df34a7f1e25df20e37,8/8(火) 17:56
obsnews,生活用品や家電をデザイン　短大生が手がけた作品を展示　大分,https://news.yahoo.co.jp/articles/8ee676f332f27a53d1fbf34e58a6e74171efa5e1,8/8(火) 16:09
obsnews,半身まひで靴選びを妥協…自らの経験をもとに23歳女性が起業へ 片足でも左右サイズ違いでも自由に購入,https://news.yahoo.co.jp/articles/471c49f3ed890a5920dff5bed8ba20baedda856a,8/8(火) 14:03
obsnews,「熱中症患者数」2週連続で100人超　約3分の2が高齢者,https://news.yahoo.co.jp/articles/e0f3961941103b73fffa5ff0c0ddae003bc89ee5,8/8(火) 12:12
obsnews,畑英次郎氏が死去94歳　農水相大臣、通産大臣など歴任,https://news.yahoo.co.jp/articles/2618a5b805a51d818cdef690bef03c6035c6fa42,8/8(火) 12:04
obsnews,【台風6号】9日には九州に最接近 「線状降水帯」発生し大雨災害の危険度が急激に高まる可能性も【雨風シミュレーション】,https://news.yahoo.co.jp/articles/ac42c79482a0b06391cd38d54001d74b4c2f7ba7,8/8(火) 11:36
obsnews,「6年分の年金の還付金がある 今なら手続きができる…」大分市の60代女性 50万円の詐欺被害,https://news.yahoo.co.jp/articles/f2678cea3c3ce2312cefad7958396e2031fb0303,8/8(火) 7:26
obsnews,「自分たちの野球ができれば必ず勝てる」明豊・西村元希主将が初戦への意気込み語る,https://news.yahoo.co.jp/articles/6b21cebc46c62ff4f6d3c5fd6339b503f1a00a9b,8/7(月) 20:06
obsnews,「豪雨被害から1か月」 生活再建が課題 10世帯16人避難所生活 30人に避難指示継続 大分・日田市,https://news.yahoo.co.jp/articles/2b5d5dd3e6123554954140115271f30b3149ac31,8/7(月) 20:02
obsnews,【台風6号接近】JRやフェリーは運休や欠航…交通機関に影響が出始まる　大分,https://news.yahoo.co.jp/articles/0415dae07f3cf16a00e14035b326b37ed3e4331b,8/7(月) 19:59
obsnews,【台風6号】最接近は 風雨が強くなるのはいつ頃 気象予報士解説　大分,https://news.yahoo.co.jp/articles/d0e73e190e13b7e24d36df929ac9df09a0dec789,8/7(月) 19:46
obsnews,高さ6メートルの「ほおずきタワー」登場 1万個使用の巨大な塔に市民仰天 大分,https://news.yahoo.co.jp/articles/bdce3f1d9c3ebcf517ace4d781206763b6c061a4,8/7(月) 17:57
obsnews,椋野美智子市長が初登庁「子どもたちが故郷を誇りに思える街にしましょう」と訓示　大分・日田市,https://news.yahoo.co.jp/articles/3cc0c20a956213a90be0f83dbac5636de82ba11b,8/7(月) 17:42
obsnews,【台風6号情報】進路予想　9日には九州にかなり接近　「台風7号」発生へ 関東に近づくおそれ【雨風シミュレーション】,https://news.yahoo.co.jp/articles/bb9752e734f8c7b23bb8238e813addff693a8700,8/7(月) 17:34
obsnews,「規格外のパン」子ども食堂に毎月配送へ　企業と市が連携協定　大分,https://news.yahoo.co.jp/articles/0d25a6f519bb7378ec2d2e465b4dcd74775ce90b,8/7(月) 17:09
obsnews,別府ひき逃げ事件　公開手配の八田與一容疑者 「殺人罪」適用求めて遺族が署名活動へ,https://news.yahoo.co.jp/articles/5dc4e205b35a916fa28875b76ca63be344ba1c63,8/7(月) 12:48
obsnews,【台風6号】勢力を維持したまま北上　9日に九州に最接近　土砂災害や暴風に警戒,https://news.yahoo.co.jp/articles/c1c39671bc24f0058612e0ef2905c8226ec0dbed,8/7(月) 12:09
obsnews,夏の甲子園開幕　明豊も堂々の入場行進　大分,https://news.yahoo.co.jp/articles/0a9319bc2210043dc9140d57c2b2884b9f553127,8/6(日) 14:57
obsnews,広島への原爆投下から78年　小中学校で平和学習　大分,https://news.yahoo.co.jp/articles/ed113aa783e1b6de2aa39ba0e3bc68ea9bbcd032,8/6(日) 14:02
obsnews,台風6号が九州接近　大分県南部もあすから大雨のおそれ,https://news.yahoo.co.jp/articles/fb11ee5b58311a6dd01cd60ce6e51d8eb6abdb85,8/5(土) 18:09
obsnews,夏の甲子園大会開会式リハーサル　大分代表の明豊が堂々の行進,https://news.yahoo.co.jp/articles/c188112add60823ed6d9b2318b7db60e6c70808f,8/5(土) 16:18
obsnews,おはよう野球別大興産野球クラブが3回目の優勝　大分,https://news.yahoo.co.jp/articles/d875023644c5f658b09d3e1ce8b2f2003382f70a,8/5(土) 16:16
obsnews,IT技術を無料で学べる高校生の塾開校　大分,https://news.yahoo.co.jp/articles/1478948d5ffb96b7ba7ef377d9bf89a7dd6079bd,8/5(土) 16:08
obsnews,【台風6号】最新進路情報　ノロノロ動き、強い勢力を維持…九州直撃のおそれ,https://news.yahoo.co.jp/articles/38b0ffb5a5cfda726cf793f0bf78ff7ba2350cf0,8/4(金) 18:53
obsnews,ロバート秋山竜次　ファミリーレストラン「ジョイフル」CMに出演　巨大フォークを投てき!?,https://news.yahoo.co.jp/articles/ae54794d56ffe8e63aeba98f4216739aab06ece2,8/4(金) 18:49
obsnews,「歩こうおおいたチャレンジ100キロ」最終日　子ども8人全員が笑顔でゴール,https://news.yahoo.co.jp/articles/afd7029aaea4504cf4775c1e2edc72f6cb48d0e2,8/4(金) 18:39
obsnews,猛暑続く…「製氷」「かき氷」売り上げ急上昇　「冷泉」にサウナ!?観光客が殺到,https://news.yahoo.co.jp/articles/31f109fc390b36159d62752e734bb09a006f5d98,8/4(金) 16:44
obsnews,高校生発明の「携帯用イカダ型水車」“特許”取得 水に浮かび自立可能を評価　大分,https://news.yahoo.co.jp/articles/659c850441ad7b4e776ad3e2793614f6bff38c6a,8/4(金) 16:16
obsnews,【台風6号】最新進路情報　沖縄・奄美地方にかなり接近へ　その後北上…九州に近づくおそれ【雨風シミュレーション】,https://news.yahoo.co.jp/articles/b5dd33f76ae7d779192fb5c142978a0e406938b1,8/4(金) 13:14
obsnews,「しっかり学び次の世代につなげていきたい」中学校で平和授業 朗読劇で “ヒロシマ” を学ぶ　大分,https://news.yahoo.co.jp/articles/4b39bbd77652b72fbdf33cbf62cf3be9f33fbb7c,8/4(金) 12:04
obsnews,「ホオズキ・コチョウラン・キク」お盆用の花 出荷がピーク　大分,https://news.yahoo.co.jp/articles/3b972bc5a90b770a1aa38e356efe7684a99386a5,8/4(金) 11:36
obsnews,【台風6号】最新進路Uターンからの北上へ　迷走も九州に近づくおそれ　6日以降「警報級」の大雨も,https://news.yahoo.co.jp/articles/ef52313377b2308131235e7a4f17069995f3c6dd,8/3(木) 19:53
obsnews,JR別府駅に初の授乳室　完全個室型2室を設置　外出をサポート　大分,https://news.yahoo.co.jp/articles/c963c8c606c44459ce720a10503fa7608228ad38,8/3(木) 19:16
obsnews,「歩こうおおいたチャレンジ100キロ」5日目　子どもたちが鶴見岳登山に挑戦,https://news.yahoo.co.jp/articles/cc150a4237db56b068a82e82bf7af029b5aa5f9c,8/3(木) 19:16
obsnews,「大分七夕まつり」あす開幕　商店街で七夕飾りの設置始まる　大分,https://news.yahoo.co.jp/articles/700d056a1dcdbad57e6f167ba143e32abf6e49b3,8/3(木) 19:12
obsnews,七夕まつりフィナーレ飾る大分市の「納涼花火大会」ことしも開催できず,https://news.yahoo.co.jp/articles/6c2f638c011a9df59b71a476a3e37961aa20c97e,8/3(木) 19:09
obsnews,夏の甲子園　明豊初戦の相手決まる　全国最多出場の北海（南北海道） 大会5日目,https://news.yahoo.co.jp/articles/044603409a4d8959347ca1ff7b035c84b1b02d1a,8/3(木) 18:53
obsnews,「お米コンテスト」宇佐産業科学高校が最優秀賞を受賞　25年以上「アイガモ農法」を研究　初の栄冠,https://news.yahoo.co.jp/articles/01f242e8a7860ba59df3d8dd652b287edb0549db,8/3(木) 16:01
obsnews,フランスで開催「日本酒・焼酎コンクール」県内4つの蔵元の 9銘柄受賞 2つが“プラチナ賞”　大分,https://news.yahoo.co.jp/articles/cd76bf25b4ef1d8b882c6c14f4fa408247cccfed,8/3(木) 15:57
obsnews,「ウミガメが産卵する海岸へ」中学生40人が流木やプラスチックゴミを清掃　大分,https://news.yahoo.co.jp/articles/415bc12051e4b212bdaa90b8390fad3940150729,8/3(木) 15:21
obsnews,お盆を前に「ホオズキ」収穫が最盛期 生産量は全国のおよそ4割　大分・佐伯市,https://news.yahoo.co.jp/articles/f869b6c37d2129645b5404acf5649e6106326d01,8/3(木) 12:17
obsnews,「ムッちゃん平和祭」開催 4年ぶり 平和への誓い新たに“大分空襲”についての解説コーナー初設置　大分,https://news.yahoo.co.jp/articles/ada76f7db000b65d96bb3c8e6fa2d91b071094f0,8/3(木) 12:12
obsnews,「別府市の大学生2人死傷ひき逃げ事件」 八田與一容疑者を“重要指名手配”へ警察庁と協議　大分,https://news.yahoo.co.jp/articles/8a3cfbf09b83e2c64e823b3d936d46868c3d1126,8/3(木) 10:21
obsnews,【台風6号】最新情報　ノロノロ迷走…非常に強い勢力を維持　九州に近づくおそれ　フェーン現象で猛暑予想も,https://news.yahoo.co.jp/articles/aac019b6b37fcd9094af9d8c6a37ef849364a219,8/2(水) 20:59
obsnews,「歩こうおおいたチャレンジ100キロ」4日目　子どもたちが最長22キロの道のりに挑む,https://news.yahoo.co.jp/articles/fc3f2bbacfe75c7e3e1531bc2b1e6300f9b6e838,8/2(水) 19:09
obsnews,障害者スポーツ発展に貢献　1団体と個人16人表彰　大分,https://news.yahoo.co.jp/articles/6c81f80edd69db48adebb52fe0b1a3bcec884d1d,8/2(水) 19:06
obsnews,全国・九州大会へ　大分市のスポーツ少年団6チームが活躍誓う,https://news.yahoo.co.jp/articles/005c8812fe64ddec27d0f1064a26198d2c2a2b38,8/2(水) 19:04
obsnews,「おおいた駅夏まつり」 JR九州社員が手作りでおもてなし　家族連れでにぎわう,https://news.yahoo.co.jp/articles/86ca0aa2a23f84a534c7d982cd7789b8ad0a95af,8/2(水) 18:57
obsnews,コンビナートの脱炭素化へ　推進会議が発足　水素供給拠点目指す　大分,https://news.yahoo.co.jp/articles/7467ffe252f518ebe8306eeb5332cda66ed70a26,8/2(水) 18:57
obsnews,「日本一最高な夏にしたい」3年連続夏の甲子園出場の明豊高校が出発　活躍誓う,https://news.yahoo.co.jp/articles/02210f4e39ad04448d628f247a17f067beab517f,8/2(水) 18:53
obsnews,新型コロナ 大分県内で感染拡大一日あたり1200人～1800人感染か　東部・南部で「警報レベル」,https://news.yahoo.co.jp/articles/04c592c8d33ff8053589d8d8170c862a0e680bf0,8/2(水) 18:46
obsnews,8月も続く食品の値上げ 「野菜」豊作で価格安定も…猛暑で生育不良　農家から悲鳴,https://news.yahoo.co.jp/articles/180fb4e9de4d9467412faf0b835e5ac9b0c5d041,8/2(水) 17:02
obsnews,「暑いのが好条件」畳表の原料“七島イ”の収穫 最盛期　国内で唯一 国東市で生産　大分,https://news.yahoo.co.jp/articles/ef8028c83fb7925e656ff3587f538d8fb68bb34e,8/2(水) 16:02
obsnews,「一緒に甲子園でやりたいな」強豪校・明豊　夢叶わず他界した部員に捧げる “特別な夏”,https://news.yahoo.co.jp/articles/ae01f875502c11f9a6ebe2c7201a50a5c1a4fdf0,8/2(水) 16:02
obsnews,「ガソリン価格」全国的な値上がりの中 1年ぶり180円台に “補助金”減額で今後も上昇傾向か 大分,https://news.yahoo.co.jp/articles/c64c6c7ad1bcf73a3cf4101d63492d968e29814a,8/2(水) 15:11
obsnews,“Chat（チャット）GPT”など生成系AIを学校現場で 工業系高校の教諭が研修　大分,https://news.yahoo.co.jp/articles/3d596a88ead7813978393f710b61bb4244d7955c,8/2(水) 14:57
obsnews,夏休みの小中学生と保護者が浄水場見学 水道水が出来上がるまでのプロセスに驚く　大分,https://news.yahoo.co.jp/articles/238ae27da319a35c44c1058bcf68e2a78692f76d,8/2(水) 12:09
obsnews,「物価高騰・人口減少」対策 総額472億円の一般会計補正予算案など13議案可決 大分県議会,https://news.yahoo.co.jp/articles/29980549cfb54d616eb8e2ef4e7dd6ed869ab130,8/2(水) 12:06
obsnews,「マスクメロン」高校生が育て収穫、販売へ　大分,https://news.yahoo.co.jp/articles/4f979581513209de7c0bb0069b90483241d2f638,8/1(火) 19:38
obsnews,【台風6号】最新情報 ノロノロ動き…非常に強い勢力維持　九州に近づくおそれも,https://news.yahoo.co.jp/articles/34522e8cbb355bf10553e783d0b6eb821bcf1a8f,8/1(火) 19:29
obsnews,「歩こうおおいたチャレンジ100キロ」3日目　滝で涼をとりながら…20キロの道のりを歩く,https://news.yahoo.co.jp/articles/0d50ee76e792568d0cac3d8a9efe612f2575a0d2,8/1(火) 19:14
obsnews,クスノキチップの防虫剤　障害者施設で袋詰め　働く場を提供　大分,https://news.yahoo.co.jp/articles/68b35a57cd2badc512917ff9353b96854a7be311,8/1(火) 19:06
obsnews,水族館「うみたまご」トドの赤ちゃん生まれる　すくすく成長中　大分,https://news.yahoo.co.jp/articles/d6d82e8c052c10cad706299b5bca184059d09b3e,8/1(火) 19:02
obsnews,新型コロナ「感染状況」警報・注意報　大分県が独自基準で運用開始,https://news.yahoo.co.jp/articles/4f9da7578a8820f3c3c2058602e8764cf89ffd46,8/1(火) 18:53
obsnews,「4年分の年金の戻りがある…」50代女性が50万円詐欺被害「050」から始まる不審な電話に注意　大分,https://news.yahoo.co.jp/articles/ffb936884e02b446eb5c6d7e4092d6fb4b907ace,8/1(火) 16:17
obsnews,11月19日号砲「大分国際車いすマラソン」事務局開設 コロナ禍前と同規模 200人超の参加選手目指す,https://news.yahoo.co.jp/articles/84cd0da08a280a5018f727373c25760b9ee02aa4,8/1(火) 14:54
obsnews,「レゴブロック」でロボット相撲 小学生17人が組み立てやプログラミングを楽しく学ぶ　大分,https://news.yahoo.co.jp/articles/35b11e8407997edcaf8bce4bd4c5d5a53ada0e73,8/1(火) 14:03
obsnews,ハンドドリップコーヒー貫く「三洋産業」 焙煎度別ペーパーフィルター 世界が認める　80か国で販売,https://news.yahoo.co.jp/articles/cf53de37201716a2cc1d7765ce7b60b7c5fa6a29,8/1(火) 13:48
obsnews,「ジュンク堂書店」大分店 50人の常連客に見守られながら閉店 28年の歴史に幕,https://news.yahoo.co.jp/articles/38ebc3bcd3175d08569f2c4d88494a11fa3d1a98,8/1(火) 12:04
obsnews,ブランド魚の「かぼすヒラマサ」出荷始まる 身がしまりさわやかな食感が持ち味　大分,https://news.yahoo.co.jp/articles/6caebdcd5f35c885d949b37b615944ba9fe84f9b,8/1(火) 11:16
obsnews,「歩こうおおいたチャレンジ100キロ」2日目 仲間で声をかけ合い19キロ完歩,https://news.yahoo.co.jp/articles/359e90be6ab31fc48cdcb0da728671ea039ee7c7,7/31(月) 19:54
obsnews,「熱中症患者急増」30日までの1週間 病院搬送は107人 今年初の100人超 九重町では死者も　大分,https://news.yahoo.co.jp/articles/1a86e8cb458a710e7fe78ec67059127d8dc2d748,7/31(月) 19:54
obsnews,12年ぶりの大舞台「小学生の甲子園」に挑む 宇佐北部クラブ 全国1万チームの頂点へ　大分,https://news.yahoo.co.jp/articles/c4a1269c9f0b189944069e48eea7967a47dd5420,7/31(月) 19:53
obsnews,“世界王者”のウクライナの女性力士 子ども力士と相撲で交流　大分,https://news.yahoo.co.jp/articles/eb925f104c24e13f5690b0c4c93f631cbbffbbb2,7/31(月) 19:53
obsnews,「ウクライナでの戦争をきっかけに平和の思いを強くした」国連を訪れる高校生平和大使 活動への意欲　大分,https://news.yahoo.co.jp/articles/3b79ee976ab01608e35bfb25a14db30d6d32a4c7,7/31(月) 19:53
obsnews,全国学力テスト結果公表「小6は8位 中3は38位」県教委「分析を進め授業改善につなげたい」大分,https://news.yahoo.co.jp/articles/80101288635054852c5c0d27e47727b59798c29e,7/31(月) 19:51
obsnews,「府内戦紙」山車14基が目抜き通リにお目見え 「大分七夕まつり」の目玉イベント,https://news.yahoo.co.jp/articles/bb0979fe230f28e4c42feeb27d32db7a878c0f5f,7/31(月) 19:51
obsnews,「ジュンク堂書店大分店」最後の営業 名残を惜しむ利用客であふれる 28年の歴史に幕,https://news.yahoo.co.jp/articles/6716b58bae8b6bda8f5c21c35019619182efeb78,7/31(月) 19:48
obsnews,フェンシングで再び快挙 大分市出身の敷根が「男子フルーレ団体」史上初５ パリ五輪出場に前進　大分,https://news.yahoo.co.jp/articles/7675725e658c846e18a1c61394341b8b80014f0c,7/31(月) 19:46
obsnews,「ビッグモーター中津店」県の調査に除草剤の散布認める 　大分,https://news.yahoo.co.jp/articles/ffd3207347e1dc6464a8a3a409ed66b79a3e146a,7/31(月) 19:44
obsnews,くじゅう花公園 鮮やかな白や紫がいやしに… 夏の花「センニチコウ」咲き始める 　大分・竹田市,https://news.yahoo.co.jp/articles/d10a6c28281583cab7b5bf8d41ce6227f9f824d5,7/31(月) 18:48
obsnews,「チームの歴史を塗り替える」明豊ナイン 夏の甲子園出場を知事に報告　大分,https://news.yahoo.co.jp/articles/3058eed188afa564e13d0c96509fbf1719a5b328,7/31(月) 18:46
obsnews,クラクション鳴らされ男性の顔面殴りけが　電動キックボード運転の大学職員50歳男を逮捕　大分,https://news.yahoo.co.jp/articles/e6645409149f80de7d6ec61c74cd7c4bfd944cb8,7/31(月) 17:57
obsnews,繰り返される子どもの水難事故 「沈水トラップ」「隠れため池」 川に潜む危険とは,https://news.yahoo.co.jp/articles/f734f6f3c5a477b203efc56bcf0ec1d07ab9b293,7/31(月) 17:02
obsnews,ななせの火群まつり　闇夜に松明を投げ込む勇壮な「柱松」　見物客を魅了　大分,https://news.yahoo.co.jp/articles/63b7b4bea27c9a8b30b71f5b1f564dc5635b0e1e,7/31(月) 12:06
obsnews,朝見浄水場「洗浄水槽棟」完成　総事業費約8億5000万円　大分・別府市,https://news.yahoo.co.jp/articles/d33097485cd5657f3f7488355c3edebdcf780f61,7/31(月) 12:02
obsnews,留学生数ランキング（人口10万人あたり） 全国2位は「東京」 3位は「大分」　コロナ禍落ち着き大都市志向に,https://news.yahoo.co.jp/articles/ffb3f6126167d91daf3446de1122418a2633ccc0,7/31(月) 11:57
obsnews,学生のための起業セミナー「オオイタミライトーク」大分市で開催,https://news.yahoo.co.jp/articles/7e0fe430f961893bde4835c8300b6b1dddfd865b,7/30(日) 17:33
obsnews,100キロの道のりを歩く夏休みイベント　小学生による6日間の挑戦始まる　大分,https://news.yahoo.co.jp/articles/eff08096e2716585303f6f55bd0624ea5ac8d213,7/30(日) 17:32
obsnews,猛暑続く中 夏バテ解消に!土用丑の日 大分市のうなぎ店にぎわう,https://news.yahoo.co.jp/articles/44270c8ef0d8af7f8fc5d995471fd246a7aa512e,7/30(日) 16:51
obsnews,「中津祇園」 4年ぶり通常開催 祇園車13台が城下町を巡行　大分,https://news.yahoo.co.jp/articles/345d56cab277a8a15dfd512c330b8c8d7a6ee33c,7/29(土) 17:33
obsnews,ヒマワリやホオズキなど夏の花が一堂に 大分,https://news.yahoo.co.jp/articles/36205d21086597bbdc531a1a7a5635d8c3948fac,7/29(土) 16:06
obsnews,夏本番!2万本のヒマワリが満開 大分,https://news.yahoo.co.jp/articles/04588938322b3f26c407ca2cbe58f1a670b9713b,7/29(土) 16:01
obsnews,28日夕方 由布市の川で発見 46歳の男性作業員の死亡確認　指紋が一致　大分,https://news.yahoo.co.jp/articles/5d5354595616c66a5d73cfa4af782c493da10fa2,7/28(金) 21:18
obsnews,【速報】川に流された2人の男性作業員 行方不明の男性とみられるもう一人を発見　大分・由布市,https://news.yahoo.co.jp/articles/a9683c06a51694953a3bb355fa8fd66c1cca0043,7/28(金) 19:48
obsnews,30日は「土用の丑の日」需要期待も「新仔うなぎ」の入荷が困難 書き入れ時に頭を抱える料理店　大分,https://news.yahoo.co.jp/articles/b98e05f3ec8cdee65b7c2d0fcdd1dab327b8c800,7/28(金) 19:21
obsnews,「連日の猛暑」 日田市など 2日連続今年の最高気温更新 29日も“熱中症警戒アラート”発表　大分,https://news.yahoo.co.jp/articles/b309ca8e4a43b3ec4025e3b961ec510b622bcfe5,7/28(金) 19:21
obsnews,“熱中症”に加えて“脳梗塞”にも注意 初期症状そっくり 予防のポイント「こまめな水分の補給」　大分,https://news.yahoo.co.jp/articles/5dbc91acd1a7584d0bff54c6a76a1cb1d2df5aa8,7/28(金) 19:19
obsnews,ビッグモーター店舗周辺の “街路樹枯死問題” 県が中津店で植え込み“消失”を確認　大分,https://news.yahoo.co.jp/articles/9e5a29cdcbd1b86d92e6bdbd715021daf6a50097,7/28(金) 19:17
obsnews,発生から3日 由布市で川に流された男性の捜索続く「大分労基署」“安全管理”確認の現地調査　大分,https://news.yahoo.co.jp/articles/9f5a2cce84e0325d83cb7368d628221ba5119a63,7/28(金) 19:17
obsnews,「朝顔展」始まる　色鮮やかに約200点　午前8時前後が見ごろです　大分,https://news.yahoo.co.jp/articles/88bc8068afc635d03238c317d3fcac1049bafc9c,7/28(金) 12:02
obsnews,「危険な暑さ」 日田市で最高気温39度の予想　熱中症に厳重警戒　大分,https://news.yahoo.co.jp/articles/51f869388cf3b3b2263bfd894854b4cc9405b567,7/28(金) 11:43
obsnews,川で行方不明の男性　警察など約86人態勢で捜索続く　大分・由布市,https://news.yahoo.co.jp/articles/7445269a5649d0fc89655fad7e999b09dab35e43,7/28(金) 11:41
obsnews,フェンシング江村美咲　世界選手権で史上初の2連覇　パリ五輪出場に大きく前進,https://news.yahoo.co.jp/articles/e5048fb4898f510b4294e3bf53606ab3e4bf929c,7/28(金) 11:16
obsnews,砂防ダム工事中の男性2人が川に流される　大雨洪水警報後も作業　県「発注者として聞き取る必要がある」　大分,https://news.yahoo.co.jp/articles/4110fbc01a96c468b6de149e2b0513d93ef82448,7/27(木) 22:21
obsnews,大手寿司チェーン「くら寿司」　大分県産のネタ5種類を週替わりで提供へ,https://news.yahoo.co.jp/articles/d4b0307f2f7995a7c4abbbe5e20c0db7bdda2ac0,7/27(木) 20:01
obsnews,JR九州・古宮社長「予定通り8月28日の開業目指す」専用道路被災 日田彦山線のバス高速輸送システム,https://news.yahoo.co.jp/articles/91c6a37c2cf31516b6b18f677f321171ad52c77b,7/27(木) 19:59
obsnews,夏休みに大人気の科学教室 小学生が「スライムを使って光るマリモ作り」に挑戦　大分,https://news.yahoo.co.jp/articles/ef8757444c679bc73b9e0298f4ec49bd1f2136a1,7/27(木) 19:58
obsnews,金賞カレーパンにおうちサウナ!ネット販売も視野に「企業の新商品発表会」大分,https://news.yahoo.co.jp/articles/1d259d5b202cd39f975b3124744df3c9d35ac7d3,7/27(木) 19:56
obsnews,ビッグモーター店舗周辺の “街路樹枯死問題” 大分市の調査「異常なし」,https://news.yahoo.co.jp/articles/ca471983447c9685bc63e974f70c85dab88741df,7/27(木) 19:56
obsnews,「1人ではできないことをみんなで」“時速194キロ”死亡事故遺族が法の運用見直し求める活動へ,https://news.yahoo.co.jp/articles/7746e7b55e90b8b077a89832f37142bfa568e717,7/27(木) 19:54
obsnews,「県内各地で猛暑」 28日も “熱中症警戒アラート” 発表 体調管理に十分注意を　大分,https://news.yahoo.co.jp/articles/683a20d7531a4b7f33eefc451244c3922509611d,7/27(木) 19:53
obsnews,作業員2人が川に流された事故 46歳男性の捜索続く 県「退避行動が適切か詳細な調査必要」大分,https://news.yahoo.co.jp/articles/1aed1df6380c7657d3f29e1f23c4ad296e6f5a06,7/27(木) 19:53
obsnews,「下手したら廃業になる」300年以上の歴史を持つ小鹿田焼がピンチ 大雨で全窯元が被災　大分,https://news.yahoo.co.jp/articles/1b87750684650bb7b9933c8b7ebaa5a43b617e53,7/27(木) 16:38
obsnews,ミヤマキリシマなど大分の観光名所をプリント　オリジナル切手発売　JR観光企画「DC」記念,https://news.yahoo.co.jp/articles/1ce3a3ae6bd4332634b244ee80ba0e2160992f51,7/27(木) 15:51
obsnews,各地で猛烈な暑さとなる見込み　日田市で最高気温38度予想　熱中症警戒アラート発表　大分,https://news.yahoo.co.jp/articles/b54af9597abaccb029f7986e5cc732a4a8f99b09,7/27(木) 12:04
obsnews,川に流された同僚を助けようとして60代男性も流される　行方不明者の捜索続く　大分・由布市,https://news.yahoo.co.jp/articles/1aa87bf186cc78097d9ee9600ade30c8f1cd2d74,7/27(木) 11:36
obsnews,ひんやり!リスザルやゾウも 「アフリカンサファリ」動物の暑さ対策　大分,https://news.yahoo.co.jp/articles/3613a98998e0bd7ab307d83b096fe526ca1f3f94,7/26(水) 19:36
obsnews,夏休み旅行は「TDLやUSJ」が人気 最新トレンドはコロナ禍からの“リベンジ旅行”　大分,https://news.yahoo.co.jp/articles/5f67fc702ef588c0138579b6b550fc70cb18a564,7/26(水) 19:34
obsnews,1億円の重さを体験「夏休み親子スクール」4年ぶり開催 小学生がお金について学ぶ　大分,https://news.yahoo.co.jp/articles/6f544900176cf3ae357b8e77b1526d5df45826c7,7/26(水) 19:34
obsnews,大分県が謝罪 特定医療費受給者13人分の“個人情報”記載「チェックリスト」 受給者1人に“誤送付”,https://news.yahoo.co.jp/articles/b790a71a61bb2ecfbfcf360061d7647c3d8ac042,7/26(水) 19:27
obsnews,新型コロナ感染者数右肩上がり1医療機関あたり21.12人 増加傾向に歯止めかからず　大分,https://news.yahoo.co.jp/articles/e8a91a47dda3933181429b814d164835e322ead6,7/26(水) 19:27
obsnews,川に流され発見の1人は現場責任者の60代男性 40代の男性作業員の捜索続く　大分,https://news.yahoo.co.jp/articles/926cf372c7b81c01299efada84afb3b037554461,7/26(水) 19:22
obsnews,明豊が大会史上初“3連覇”で9回目の「夏の甲子園」へ 大商に3対0で勝利 エース中山2安打完封　大分,https://news.yahoo.co.jp/articles/0987f8e82c4806950e6254dc3c69b0315b6883ed,7/26(水) 19:16
obsnews,“府内戦紙”の準備大詰め 「大分七夕まつり」の目玉 去年より8基多い14基の山車登場,https://news.yahoo.co.jp/articles/4c943b7301441978ec7251b7e32ec4d4d9e1ce30,7/26(水) 17:01
obsnews,【速報】川に流され発見の1人の遺体　60代男性作業員と判明　大分・由布市,https://news.yahoo.co.jp/articles/a930bb6321c26fa566d7db6aff8bb81c1e904f66,7/26(水) 16:48
obsnews,家が真っ二つ、釣り堀施設のヤマメ “大量死”　豪雨被災者に募る生活への不安,https://news.yahoo.co.jp/articles/a9e0433b351bcb2bf279afa5b0dd18eda0d989e2,7/26(水) 16:18
obsnews,貴金属店狙う強盗事件を想定　警察が防犯訓練　大分,https://news.yahoo.co.jp/articles/67abcb00ed21a63248d41a76176ab4ec5deefd4d,7/26(水) 16:03
obsnews,川に流された男性作業員の捜索再開　これまでに1人の遺体発見　大分・由布市,https://news.yahoo.co.jp/articles/82f0b1ddeec82f1316536d0e4f68ad18a6deb205,7/26(水) 12:36
obsnews,別府市学校給食センターが完成　35の幼稚園と小中学校に給食提供　大分,https://news.yahoo.co.jp/articles/d259906fd2c9d9d6c00facd24b0a70ca6cbd89aa,7/26(水) 12:06
obsnews,海の厄介者「アイゴ」使って料理　学生が調理方法を学ぶ　大分,https://news.yahoo.co.jp/articles/c16a5f4205fde2e1ab32d46fd8334fbbe7d547ec,7/26(水) 12:04
obsnews,明豊が3年連続9度目の甲子園出場を決める　エース中山が大分商業を完封　高校野球大分大会,https://news.yahoo.co.jp/articles/78f63e4ff40da12592f5f160dc5e4d28cd58dfa0,7/26(水) 11:55
obsnews,「梅雨明け」なのに…雷鳴響き滝のような雨 大分市では1時間雨量としては今年最大 46.5ミリ観測,https://news.yahoo.co.jp/articles/64c6e40d28362e687ed6d1f7faaf03844dbe0551,7/25(火) 22:03
obsnews,大分など九州北部 平年より6日 去年より3日遅く「梅雨明け」一方で危険な暑さも “熱中症”に注意,https://news.yahoo.co.jp/articles/dd44ed05afdd5726a11c1107393c2c48a96de526,7/25(火) 21:48
obsnews,川で男性作業員2人が流される 発見された1人の男性死亡確認　捜索を再開　大分・由布市,https://news.yahoo.co.jp/articles/7fcad0ad76a2fa2afb5998b6e375d8e3938d3ada,7/25(火) 20:34
obsnews,爆撃で児童と教師127人が犠牲「保戸島空襲の日」島を離れる中学生 後世につなぐビデオ制作　大分,https://news.yahoo.co.jp/articles/55a83c80d80b6f39844d8fb506a7b451747f374f,7/25(火) 20:16
obsnews,「夏山の遭難事故」に備える 広域消防本部が山岳救助隊を “初結成”　大分,https://news.yahoo.co.jp/articles/091b7cd5552534d33289429af3682837c4144dd7,7/25(火) 18:11
obsnews,川で男性作業員2人が流される　防災ヘリが1人を発見　大分・由布市,https://news.yahoo.co.jp/articles/8f7c6deef5583d925d510022614371c7c4efd2fc,7/25(火) 16:59
obsnews,「名義貸しは犯罪に…」 75歳の女性が1100万円の詐欺被害　大分,https://news.yahoo.co.jp/articles/537c09a102cf75aef9964cfe57f54de1c8dc716b,7/25(火) 16:38
obsnews,雷伴い滝のような雨…大分市で1時間に44ミリの激しい雨　25日夜のはじめ頃にかけて土砂災害に厳重警戒　大分,https://news.yahoo.co.jp/articles/566f738565bb9e92f43e4a27fdb75349e04d4af4,7/25(火) 15:51
obsnews,高齢者に声かけ特殊詐欺の被害を防ぐ　女性2人に感謝状　大分,https://news.yahoo.co.jp/articles/6be1e2971b81cf99f81236cc51051db86cae9254,7/25(火) 12:12
obsnews,九州北部が梅雨明け　猛烈な暑さ続く見込み　熱中症に警戒,https://news.yahoo.co.jp/articles/13a9a480ba0c803aac8675b6a2283e582d002f6b,7/25(火) 11:00
obsnews,小学生がサラダ油を使って「キャンドル作り」に挑戦 夏休みの自由研究　大分,https://news.yahoo.co.jp/articles/b36aaa73cfb8211c5cfe5c135be8d9a24054dfc6,7/24(月) 19:27
obsnews,真夏日の中サッカーやテニス…8競技で熱戦 本格的に競技始まる 県中学総体2日目　大分,https://news.yahoo.co.jp/articles/52bbadf3b1d0575372c7e0541593ffa45ead20a2,7/24(月) 19:27
obsnews,「もっと本に親しみ、資料作りやまとめ方に役立てて…」図書館が夏休みの児童の自由研究サポート　大分,https://news.yahoo.co.jp/articles/32f520f0b6fbeb70b09383327dbeb4446b7a4ed4,7/24(月) 19:27
obsnews,甲子園切符をかけ明豊と大分商業が対戦へ　決勝26日午前10時プレーボール　高校野球大分大会,https://news.yahoo.co.jp/articles/50568cda3ed78eb886c8544621da422b07112de7,7/24(月) 19:24
obsnews,「水難事故防止へ家庭で指導徹底を」大分市教委が臨時通知 福岡の女児3人死亡を受けて,https://news.yahoo.co.jp/articles/eb19abe58efe6fd0d9a25a54596943082723b0f2,7/24(月) 19:24
obsnews,自転車ヘルメットの着用率は46パーセント努力義務化されて3か月　大分,https://news.yahoo.co.jp/articles/01ca0d4e7fe40010eed72aeb678b30cc355ed8c1,7/24(月) 19:21
obsnews,1週間の熱中症搬送者は88人 2人重症 前週から引き続き高水準　大分,https://news.yahoo.co.jp/articles/7964b688b828dd4eba1fb9c68ef6248098b6e215,7/24(月) 19:21
obsnews,「記録的豪雨被害」の日田市 2週間経っても復旧の道筋がみえず “長期化”の地区も　大分,https://news.yahoo.co.jp/articles/01378d10f0b0b396597bf5eb53cc1a7ad8546dc7,7/24(月) 19:18
obsnews,被災地に活気「日田祇園」 9基のすべての山鉾 一堂に揃う 4年ぶり通常開催　大分,https://news.yahoo.co.jp/articles/fa329d7b56703247b0d02b1f772fc76fd3185296,7/24(月) 19:18
obsnews,九州大雨で再び被災　減災効果も…インフラ整備の限界　増大する自然災害にどう対応?,https://news.yahoo.co.jp/articles/0f1a60021181573f98ae7e7df6b8c4df4585ac8d,7/24(月) 16:08
obsnews,「宇宙をもっと近くに…」海星館リニューアル 口径83cmの天体望遠鏡が登場 微かな光源でも鮮明に観察,https://news.yahoo.co.jp/articles/abc81527f7decb7cb450e95d1ee00d4e0f380300,7/24(月) 15:41
obsnews,「大きな金額になると気にすることに」高齢女性から電子マネー購入相談…コンビニ店員が詐欺疑い警察に通報,https://news.yahoo.co.jp/articles/e2c29e68238aa8f3b66d5d8d77e868100fd96b30,7/24(月) 11:57
obsnews,「水害監視カメラ」大分市内で新たに3か所増設　24時間ライブ配信,https://news.yahoo.co.jp/articles/27f07911353a8bfab3c807be290ed14344f722ba,7/24(月) 11:54
obsnews,大分市の海岸で子どもたちが海の大切さ学ぶ「マリンスクール」 清掃活動とシュノーケル体験,https://news.yahoo.co.jp/articles/41eae8b65d215fd7d328af402f2d8e2d95d059cf,7/23(日) 18:21
obsnews,子どもたちが元気いっぱい力走!人気沸騰中!大分市でランニングバイクレース大会,https://news.yahoo.co.jp/articles/088256b06b04149910e05ca0d08cba99df9597dc,7/23(日) 16:46
obsnews,ユネスコ無形文化遺産に登録の「吉弘楽」 大分・国東市で4年ぶりの通常開催,https://news.yahoo.co.jp/articles/e10e57aac19cfcebbb6f282cb1ced61dde88093e,7/23(日) 14:44
obsnews,年内にもギネス記録挑戦へ! 大分・竹田市で全長100メートルの流しそうめん,https://news.yahoo.co.jp/articles/a24c8bc3e2cd4ec8c0e95aea7cc81470f453ad3e,7/23(日) 14:43
obsnews,日向灘震源の地震　大分県佐伯市で最大震度4　津波の心配なし,https://news.yahoo.co.jp/articles/02c031807eb5bf49e4fa403a8ca4778c50c4d463,7/22(土) 22:06
obsnews,産官学連携のブレインストーミング 大分県別府市の大学で「私たちの望む未来」をテーマに意見交換,https://news.yahoo.co.jp/articles/98c519ce545d84c816056246f0e8fbfebbc5bd4d,7/22(土) 17:51
obsnews,「遺族の不条理知ってほしい」時速194キロ死亡事故　大分市の遺族がネットワークを作り法の運用見直し求める活動へ,https://news.yahoo.co.jp/articles/64c52091f5c8d4d17e9aa3e6d98d06127d96feb3,7/22(土) 17:46
obsnews,大分県高校野球県大会ベスト4出そろう,https://news.yahoo.co.jp/articles/b29e019807a3ce5db0b32e2c4055bfb7ed434d5b,7/22(土) 17:36
obsnews,4年ぶりに9基の山鉾が登場 　大分県日田市で豪華絢爛 日田祇園始まる,https://news.yahoo.co.jp/articles/6eed9107e5197718cffc2faaa3a90fb198b7b2b1,7/22(土) 17:14
obsnews,明豊、大分舞鶴が4強入り…準決勝で対決へ　高校野球大分大会,https://news.yahoo.co.jp/articles/1b7f42ab5747af44ef23ae8509deb3e010c1d524,7/21(金) 19:14
obsnews,進撃の巨人ミュージアム別館8月オープン　原画などを展示　大分・日田市,https://news.yahoo.co.jp/articles/c41e8c7b9251d8a93f893f1d927bc14e5a06591e,7/21(金) 18:48
obsnews,県警音楽隊が交通安全を呼びかけ　大分,https://news.yahoo.co.jp/articles/1f86a20a7bb7f3daf3a87b172056582721a09130,7/21(金) 18:46
obsnews,立命館アジア太平洋大学 次期学長に米山裕副学長が就任へ,https://news.yahoo.co.jp/articles/b3010230a61aedfde16d752cb5c2dca111b424ba,7/21(金) 18:46
obsnews,「肉肉パーク」開催　肉好きにはたまらないメニューがずらり　21店舗参加　大分,https://news.yahoo.co.jp/articles/89845ce00ed1bd7f2933b80b4a4a11c9bb653202,7/21(金) 18:42
obsnews,記録的豪雨　大分県内の被害額202億円超に　さらに被害額増える見通し,https://news.yahoo.co.jp/articles/beaca6f7eb8b7cd4b6a047df19bb82b2e59a06ba,7/21(金) 18:36
obsnews,メカトロニクス・エンジニアの育成へ　日産自動車九州と県が連携協定　大分,https://news.yahoo.co.jp/articles/c431ad82c6f8ef8bc1554596171183efa597e06e,7/21(金) 18:16
obsnews,LGBT性的少数者の温泉入浴　誰もが楽しめる利用方法は? 「わざわざ題材に…」当事者から本音の声も　大分・別府市,https://news.yahoo.co.jp/articles/40fabbc0b988cb35afb9e4b4aaa7438fd6cc5b4e,7/21(金) 16:48
obsnews,一大生産地で「ナシが旬入り」出荷は海外にも 12月まで3千トン生産　大分・日田市,https://news.yahoo.co.jp/articles/50299a0197eb1e60ca1ff8f4324f5df804871700,7/21(金) 16:06
obsnews,豪雨被災の“小鹿田焼の里”「出来る限りの支援をしたい」 県教委・日田市が現地調査で被害確認　大分,https://news.yahoo.co.jp/articles/ad8b61f4063cf8a2822ff5552a89e2b0690e74ed,7/21(金) 15:48
obsnews,県中学総体開幕 「18競技・5600人出場」 8日間にわたり全力でプレー　大分,https://news.yahoo.co.jp/articles/4aa2086128e6cf4bdcafe149b5dca41e217f7584,7/21(金) 12:08
obsnews,建物から転落か 大分市の路上で倒れていた男性死亡 頭部と背中を骨折,https://news.yahoo.co.jp/articles/9ffb3e9d937b4d051aaa0046dd7aa63ddcc1373d,7/21(金) 11:58
obsnews,「戦争は憎い」出征した先生への手紙　保戸島空襲で児童ら127人犠牲　戦争の記憶伝える企画展　大分,https://news.yahoo.co.jp/articles/2029a9cf73d6e01cc00a99269b81de951c449abd,7/20(木) 19:06
obsnews,交通事故根絶へ　小学生が1日警察官に委嘱　スイートコーン配布で事故防止呼びかけ　大分,https://news.yahoo.co.jp/articles/73faafc78ba0d92b0089daf641ab4000a33c34fc,7/20(木) 18:44
obsnews,高校野球大分大会ベスト8出そろう　津久見、柳ヶ浦、大分高校が勝利,https://news.yahoo.co.jp/articles/315fc440c21dc54e969a26cb974bd5be9702fa77,7/20(木) 18:42
obsnews,プールでも意外となりやすい熱中症　理由と対策は,https://news.yahoo.co.jp/articles/df5d73ed2c7c5ae4384b519ea9e5991f0f83340b,7/20(木) 18:38
obsnews,住宅の庭に「セアカゴケグモ」見つかる　7月に入って3匹目　市が注意呼びかけ　大分,https://news.yahoo.co.jp/articles/57fadd6b7716244992ff482f0c200bc1ef2ba8e2,7/20(木) 18:08
obsnews,県護国神社で梅の「土用干し」秋の祭事に縁起物の“福梅”として参拝者へ　大分,https://news.yahoo.co.jp/articles/fe6dac0b0ac8aa74b455a3e73327dc34a2c4b4b0,7/20(木) 15:09
obsnews,県内ほとんどの小中学校で1学期の終業式 21日から35日間の夏休みスタート　大分,https://news.yahoo.co.jp/articles/d508a58efbaefaf6fc83da3af40ab82134a82364,7/20(木) 12:11
obsnews,豪雨による被災者支援「り災証明書発行・生活再建の法的手続き」7か所で県弁護士会の“無料相談”始まる　大分,https://news.yahoo.co.jp/articles/15bad78a43d0a309d452c60137c07417d3a070f3,7/20(木) 12:11
obsnews,豪雨で被災 一部区間で運転見合わせ「JR久大本線」が再開 県内はすべて平常ダイヤに　大分,https://news.yahoo.co.jp/articles/ca47ee5ea88b178da4afede6e76d92e7d2bfa6a5,7/20(木) 11:59
obsnews,大分舞鶴が完封勝ち　大分商業、大分国際情報がベスト8入り　高校野球大分大会,https://news.yahoo.co.jp/articles/0a7b83940d0b96e2d42c23b6a66906d4be9db6a5,7/19(水) 19:19
obsnews,地滑りで孤立の住民にドローンで救援物資配送　発災直後は全国初　大分,https://news.yahoo.co.jp/articles/94d8dd18f6c864c43a5ba88f73a340f339b680af,7/19(水) 19:09
obsnews,ドローンを操縦中、男性が手の骨を折る大けが　運輸安全委がドローン事故で初の調査官指名,https://news.yahoo.co.jp/articles/f78e680e51712ff72cd7a5845793a86d0f7de3ab,7/19(水) 19:01
obsnews,マダニ感染症相次ぐ　最悪の場合「死に至る」　過去10年で最多のペース　大分,https://news.yahoo.co.jp/articles/db4378479413d8121c29dfd3b09c2c33c750e4a9,7/19(水) 18:53
obsnews,「ホーバークラフト」1号艇が完成　9月中旬に納入予定　大分,https://news.yahoo.co.jp/articles/6f75f181eadd8608967656786f496ddb86483faf,7/19(水) 18:24
obsnews,新型コロナ 大分県の新規感染者数 前週より1.4倍に　インフル季節外れの流行続く,https://news.yahoo.co.jp/articles/b814d3bddaade357b2bdc4a6a544667d314842cd,7/19(水) 18:21
obsnews,介護保険料の払戻名目　60代女性が約150万円の詐欺被害　大分,https://news.yahoo.co.jp/articles/99b2745ee8542975a6ee1c9bad77e36fa21b59ff,7/19(水) 18:04
obsnews,「旅行満足度」総合1位大分…全国屈指の観光県でホテル競争激化　約33億円の補助金確保、大型投資のチャンス到来,https://news.yahoo.co.jp/articles/b568e5dafd070a033111de543207ef7c7ca2e9bd,7/19(水) 17:57
obsnews,夏休み直前 中学生が命を守る救命講習「心肺蘇生法の手順と方法」「AEDの正しい使い方」学ぶ　大分,https://news.yahoo.co.jp/articles/baf2cad0af751f13d7ccb9d14b0a000f6ec2046c,7/19(水) 15:48
obsnews,小学生が白いトウモロコシ「白雪姫」760本を収穫 糖度は18度以上 生食も　大分,https://news.yahoo.co.jp/articles/89b5d4382722a4cafb2ba20fe84a42456e40f6b9,7/19(水) 12:09
obsnews,「電話しながらATMを操作する高齢男性」 男性と女性行員が声かけで10万円の詐欺被害を防ぐ　大分,https://news.yahoo.co.jp/articles/aecfa7d86aadf39f6bfea1ae8b3cfcf02a4f04d8,7/19(水) 11:54
obsnews,「アプリの未払いがある。裁判をおこす」70代男性が電子マネー30万円分の詐欺被害　大分,https://news.yahoo.co.jp/articles/de56bb3da9ffb37d02ec9bb25374ef0a12afd59b,7/19(水) 10:38
obsnews,明豊がベスト8一番乗り　16安打15得点の貫録勝ち　高校野球大分大会,https://news.yahoo.co.jp/articles/e35377e02b11069077da93b652260f3abd5fb7a7,7/18(火) 19:12
obsnews,カブトガニの幼生を放流　守江湾干潟の保全へ　大分,https://news.yahoo.co.jp/articles/3723723d63ebc08cbccb242f815fcdca7b272170,7/18(火) 18:44
obsnews,「JX金属 関崎みらい海星館」オープンへ　4Kプラネタリウム新設、最新の天体望遠鏡も　大分,https://news.yahoo.co.jp/articles/11e9f518a8d5208462d92094214a1bd07d134bec,7/18(火) 18:36
obsnews,浮き輪のかわりにランドセルやペットボトル…着衣泳を学ぶ体験教室　大分,https://news.yahoo.co.jp/articles/8ec72a89081f25107566cb7d3e40244e9850dff8,7/18(火) 18:06
obsnews,インターネットの使い方を児童が学ぶ　講師は人型ロボット「Pepper」　大分,https://news.yahoo.co.jp/articles/b462e3a2bb7c386aa70fa6c9a74f6cf85eb38904,7/18(火) 17:21
obsnews,「思った以上に簡単にサイトを作成できる」高校教員6人 “電子商取引HP”立上げを学ぶ　大分,https://news.yahoo.co.jp/articles/434f6e7fdafe2124241d250f014ae8acebe9f588,7/18(火) 16:51
obsnews,「態度が気に食わない」3等陸曹を停職3か月の懲戒処分 寮の同部屋の自衛官を殴り10日間のけが  大分,https://news.yahoo.co.jp/articles/6f919b742ab604e833a7f5521c7bfe91d31b060a,7/18(火) 14:48
obsnews,大雨被害 佐藤知事「原因把握で防災機能を高める“改良復旧”に取り組む」大分県議会で方針示す,https://news.yahoo.co.jp/articles/37eea3e95cf1ad5d615f95d98c163ad561b56788,7/18(火) 12:02
obsnews,大雨被害の日田市 被災した小学校の代わり公民館で11日ぶり「授業再開」児童が仲間との再会に笑顔　大分,https://news.yahoo.co.jp/articles/131bb08d3f33d15e8965ffaac188f760669f486a,7/18(火) 11:27
obsnews,JR九州の駅無人化 大分市内の5駅に「見守りサポーター」配置 午前7～9時の2時間 誘導や案内業務,https://news.yahoo.co.jp/articles/95c33b6b4b07bd4c7e72ea53acc6fc94b59f8ce9,7/18(火) 10:53
obsnews,車いすバスケットボールの国際大会「日本代表」が優勝 アジアと地域から5チーム参加　大分,https://news.yahoo.co.jp/articles/c4ea2ea2f200594f9b1e72365e3b2a8eabff29bc,7/17(月) 20:11
obsnews,「海の日」海洋の現状を知るイベント開催 「磯焼けの主要因とされるアイゴを食べて理解深めて」　大分,https://news.yahoo.co.jp/articles/ffe26caf01831147afa9d211ef3aa7998ce943c7,7/17(月) 20:06
obsnews,子どもたちの将棋大会開催 年長児～高校3年生まで108人参加 棋盤の上で研ぎ澄まされた戦い展開　大分,https://news.yahoo.co.jp/articles/5cea0ee42ca33ce65c55bf371bb800306b2c8143,7/17(月) 20:06
obsnews,夏の高校野球県大会 第2シードの津久見はコールド勝ち　大分,https://news.yahoo.co.jp/articles/81ef0ac21c9f8c0da091d8c80e1b590b12a8ee54,7/17(月) 20:04
obsnews,3連休最終日好天に恵まれ県内の行楽地大にぎわい 城島高原パークは3連休で8500人利用　大分,https://news.yahoo.co.jp/articles/f58192d578626e97d3cd76fa182eb01fdafd58db,7/17(月) 19:59
obsnews,3連休最終日 観光地・湯布院も多くの人でにぎわう 最高気温33.1度と今年一番の暑さ観測　大分,https://news.yahoo.co.jp/articles/87ec259cd9582fc3e6f9cc29caddb51621cb3652,7/17(月) 19:53
obsnews,記録的な豪雨から1週間 日田市では「19世帯33人」が未だ避難生活 ボランティアが引き続き支援　大分,https://news.yahoo.co.jp/articles/b69ac98cbc9e0e2d8ee1dbc81a7882d6d73fc9f8,7/17(月) 19:46
obsnews,暑さでプール賑わう＆1994年の開業当初から販売 「名物からあげ」に行列　大分,https://news.yahoo.co.jp/articles/a6039b42a56c09afdc061d96ef7e7244697dfdf1,7/17(月) 19:41
obsnews,8歳の男の子「母が見えない 流されている救助お願いします」110番通報 沖合で漂流中の2人を救助　大分,https://news.yahoo.co.jp/articles/df3a82f41f2ea8ddd17ec1c9176ae4f518c4a808,7/17(月) 19:04
obsnews,「別府湾に3800発の毒ガス弾を海中投棄…引上げ中に毒液浴びる事故も」戦史研究団体が研究成果を発表　大分,https://news.yahoo.co.jp/articles/e8b5154b7ef02cae807569ebed90ac3e801e9553,7/17(月) 17:46
obsnews,「海の日」に合わせて 別府市の海水浴場で海開き 今年は8千人の利用客を見込む  大分,https://news.yahoo.co.jp/articles/5904507cc4af876a33d5179bbc71a33fb77df056,7/17(月) 17:32
obsnews,「大事に飼ってください」アメリカザリガニ・アカミミガメ逃がすと罰則　生態系に影響…規制の注意点,https://news.yahoo.co.jp/articles/8f9c11f943a6ade039e5d16e311be43bb1e1b0fc,7/17(月) 13:43
obsnews,酷暑の中 地元の市民200人が「海水浴場」や「昭和の町」を清掃　大分・豊後高田市,https://news.yahoo.co.jp/articles/b2270aa9767572de128be9fd0dcdc420149585ae,7/17(月) 12:14
obsnews,「化粧品」購入のトラブルや「エステティックサロン」に関する相談 20～30代を中心に“急増”　大分,https://news.yahoo.co.jp/articles/91baf3cff44a99234a0a4d9c1936cf30dca76e94,7/17(月) 12:11
obsnews,82歳男性運転の軽乗用車 スーパーマーケットに突っ込む 店舗壁面ガラス2枚損壊 けが人なし　大分,https://news.yahoo.co.jp/articles/172ddb5c39fe83350874ac0f1fcc8ba4817bf8b6,7/17(月) 11:39
obsnews,「住民の生の声に対応」線状降水帯豪雨の被災地を大分県知事が視察,https://news.yahoo.co.jp/articles/e1ef62972177370eccba421a86e7be827eee688b,7/16(日) 17:21
obsnews,「のこった!のこった!」　夏の珍行事「コガネグモ相撲選手権」4年ぶりに開催　大分,https://news.yahoo.co.jp/articles/57dee8eb1c3aa7cddfadd3a07a0620dab711da7a,7/16(日) 17:14
obsnews,「水がとても冷たい」今年一番の暑さの中　河川プール開き　大分,https://news.yahoo.co.jp/articles/683acaae6d39cb11e3eab37b1d8e9e9021128fc9,7/16(日) 16:51
obsnews,「久しぶり」「活気が出る」臼杵祇園まつりが4年ぶりに通常開催　大分,https://news.yahoo.co.jp/articles/529d246ffc8c9c639a9e16d27b768e05da0e78d1,7/16(日) 16:43
obsnews,大分県内各地で猛暑日　サル専用のプールオープン,https://news.yahoo.co.jp/articles/966efe602e5f3550e69302ccc88e3835de536b50,7/15(土) 16:56
obsnews,国際車いすバスケット大会開幕　アジア5チームが熱戦　大分,https://news.yahoo.co.jp/articles/b52819f310a4bb2a66634d656eacba2676536e80,7/15(土) 14:09
obsnews,「よく帰ってきたね。頑張ったね」行方不明の50代女性 遺体で発見　地元から悲しみの声　大分,https://news.yahoo.co.jp/articles/34decdd092edc98a53bc00371ca9411c00aabd30,7/14(金) 19:04
obsnews,大分舞鶴が13安打9得点でコールド勝ち 初戦突破　高校野球大分大会,https://news.yahoo.co.jp/articles/aa21cabc463021395a2b8a62cc786d5206991bdb,7/14(金) 18:44
obsnews,東九州新幹線  県が「日豊線ルート」「久大線ルート」2案で費用対効果を検証へ　大分,https://news.yahoo.co.jp/articles/e3d7d04bbe6460866acb77b1ccd02aef425e019e,7/14(金) 18:44
obsnews,久住高原にグランピング施設「星の丘」15日オープン　大分・竹田市,https://news.yahoo.co.jp/articles/0fbc2f75c9c4fbcb316646e23992c7b3202daafe,7/14(金) 18:41
obsnews,中学校の給食費無償化へ　大分市の肉付け予算案可決　市議会閉会,https://news.yahoo.co.jp/articles/5367086aadb066aa50b36fc8264ca2053d2d7fb9,7/14(金) 18:36
obsnews,「児童虐待相談件数」初の1000件超、過去最多に　半数以上が心理的虐待　大分,https://news.yahoo.co.jp/articles/e2c6c2108e13b8eed33213d6bba1c6de770a6ae1,7/14(金) 18:14
obsnews,「早いうちから習っておく方が…」英会話スクールに小学生が殺到　様変わりする英語教育,https://news.yahoo.co.jp/articles/5ed92f2607b7a75387f0203cba19020a73e51656,7/14(金) 17:54
obsnews,【交通情報】東九州自動車道でトラックが事故　中津IC～宇佐ICで上下線通行止め,https://news.yahoo.co.jp/articles/34a83cb963a61f9f1cc48a98bfd1229c4a34114c,7/14(金) 17:14
obsnews,【速報】福岡・豊前市沖合で身元不明の遺体 山国川氾濫で行方不明の女性と判明　大分・中津市,https://news.yahoo.co.jp/articles/461f9f435af3803f49313275f2ad93ab2659e19f,7/14(金) 16:57
obsnews,大分市で話題の「冷やしラーメン」　おすすめの2店舗をチェック,https://news.yahoo.co.jp/articles/adfa53e213567b41032db989746ee3a3e9e4a9de,7/14(金) 15:59
obsnews,福岡・豊前市沖合で身元不明の女性の遺体発見　山国川氾濫で行方不明の女性か　大分・中津市,https://news.yahoo.co.jp/articles/458846b243e415e5a782f4e74131eb80929fafd1,7/14(金) 14:27
obsnews,佐藤浩市、横浜流星、橋本環奈が出演　映画「春に散る」大分でロケ　地元の人が撮影協力,https://news.yahoo.co.jp/articles/6d5717972d15a171fd6ed396ea48792dfd166f56,7/14(金) 12:29
obsnews,川に流された行方不明女性　ボート投入して川の中を捜索　発見に至らず　大分,https://news.yahoo.co.jp/articles/5b4ea52f9fe9db4e7feebbe7bc4f3081e1e7f5df,7/14(金) 12:08
obsnews,自転車のヘルメット着用などを重点に展開　おおいた夏の事故ゼロ運動始まる,https://news.yahoo.co.jp/articles/58dd64dd36a438ee88434ab79d91bb52d1b2a4c5,7/14(金) 12:06
obsnews,スイートコーン2本をドライバーに配布　「コーン2（ツー）」安全運転呼びかけ　大分,https://news.yahoo.co.jp/articles/9c42c85691cddd361e1fbe9b6906cfd167a9e5a3,7/14(金) 12:04
obsnews,民俗芸能「吉弘楽」に“ユネスコ文化遺産認定書” 保存会「一丸となり継承活動尽くす」大分・国東市,https://news.yahoo.co.jp/articles/2411108368811e1048a276962cc9f2742c6481fe,7/13(木) 20:34
obsnews,大分市内のスポーツ少年団 26チームの激励壮行式 「全国・九州大会」で11競技に出場,https://news.yahoo.co.jp/articles/5946f6cfbf402bbfc030378cf0a9d70090a1f680,7/13(木) 19:41
obsnews,第1シード・明豊が5回コールド快勝　3連覇へ好発進　高校野球大分大会,https://news.yahoo.co.jp/articles/db0b8e8490e5f6327e0ca2c0b4d5199700ffeb7f,7/13(木) 19:38
obsnews,車いすバスケ国際大会「中村裕杯アジアドリームカップ」15日開幕 日本代表が事前練習 　大分・別府市,https://news.yahoo.co.jp/articles/d62118ee49828b09767f87bf4bded9b69f499001,7/13(木) 19:38
obsnews,佐伯市の支援学校 児童の個人情報記載のファイルを紛失 県教委が謝罪　大分,https://news.yahoo.co.jp/articles/0e6cc79a629cd83ea4cb89814986caf2a81576ea,7/13(木) 19:36
obsnews,行方不明女性の捜索続く 22世帯37人が避難生活 大分自動車道「日田～朝倉間」15日通行止め解除,https://news.yahoo.co.jp/articles/52c944b65393f1282d1efb0c38de733b3e41fe51,7/13(木) 19:06
obsnews,介護保険の払戻金名目　60代女性が約86万円の詐欺被害　大分,https://news.yahoo.co.jp/articles/e2d6a290006a74d3ea3fe301a48a143a7f008ee5,7/13(木) 16:53
obsnews,イルカの新人女性トレーナー　夢かなえるため“猛特訓”　この夏デビューへ,https://news.yahoo.co.jp/articles/ede9e170bb5610522ff0c5821e57e5149ced8baf,7/13(木) 15:54
obsnews,「姫島盆踊り」開催決定　きつねに扮した子どもたちの踊り4年ぶり披露へ　大分,https://news.yahoo.co.jp/articles/bcdcea249e0f300d7dcebaa9d70f3f1c6e25975d,7/13(木) 12:27
obsnews,川に流された行方不明女性の捜索続く　ボランティア受け付け始まる　大分,https://news.yahoo.co.jp/articles/a498fa8401b743ef74780b09f7b62d5fe823e154,7/13(木) 12:12
obsnews,人形劇を通して子どもたちが「SDGs」学ぶ　大分,https://news.yahoo.co.jp/articles/50df526b497c410f1a9ce29a055b84fd03d32408,7/13(木) 12:09
obsnews,大雨被災地 中津市で行方不明の女性の捜索続く 立ちはだかる「72時間の壁」　大分,https://news.yahoo.co.jp/articles/fdd4a950198bcd2700635b353533dc88e2d702fe,7/12(水) 19:32
obsnews,大分県で「感染症増加」コロナ前週比“1.87倍” RSウイルス“過去最多”「エアコン使用時も適切な換気を」,https://news.yahoo.co.jp/articles/3bfb6e3de62facc061fd95f1fa2c79370fd044f9,7/12(水) 19:29
obsnews,大雨被災地 日田市 国の重要無形文化財「小鹿田焼」が生産中断の事態に 皿山地区で唐臼が破損　大分,https://news.yahoo.co.jp/articles/4718bf8e278fcf3e6d4ece6976ddb260693a4fd5,7/12(水) 19:29
obsnews,水球女子の“強豪国”ハンガリー・アメリカが大分市で合宿14日開幕「世界水泳選手権」に出場,https://news.yahoo.co.jp/articles/792bb944ead6c28677e717d2459c8526ad71456d,7/12(水) 19:27
obsnews,小学生が「ネットやSNSの正しい使い方」を学ぶ 夏休みのトラブルや犯罪から身を守る　大分,https://news.yahoo.co.jp/articles/592fd7e66b100d200c4d2bb72d117a5745b8e1d0,7/12(水) 19:27
obsnews,高校野球5日目母校「楊志館」率いる赤峰監督初めての夏 強豪「明豊」の部長経験を生かした采配は　大分,https://news.yahoo.co.jp/articles/8320e5ea9b4c77650d461d33ebfc60e3866d305c,7/12(水) 19:21
obsnews,介護福祉施設で9人が嘔吐などの症状「黄色ブドウ球菌」検出　加熱では防げない食中毒に要注意　大分,https://news.yahoo.co.jp/articles/49f1031da8ff5b56f351893458c2244495ce785f,7/12(水) 16:54
obsnews,花火の安全な遊び方　幼稚園児と消防士が一緒に花火を体験　大分,https://news.yahoo.co.jp/articles/340c5f52685e92c4a618485aa1ef290b295c7786,7/12(水) 15:24
obsnews,自宅の玄関先に倒れていた87歳女性が死亡　熱中症の疑い　大分,https://news.yahoo.co.jp/articles/3116c886628658c333fccc855b71117bc9996825,7/12(水) 14:42
obsnews,「夏祭り」通常規模で続々復活 「めっちゃやる気で気合いが入る」本番への準備すすむ 人気の浴衣は在庫薄,https://news.yahoo.co.jp/articles/5d085206f6d815623f13518fd149699c408cba1a,7/12(水) 14:14
obsnews,「育てることの面白さを感じてほしい」幼稚園に花や種を寄贈　大分日産自動車,https://news.yahoo.co.jp/articles/37adb229e9c2868bee15640b3ea1c1d8692363d2,7/12(水) 11:57
obsnews,大雨で道路寸断…日田市の集落56世帯136人の孤立解消　再び被災の小学校で復旧作業続く　行方不明者の捜索も　大分,https://news.yahoo.co.jp/articles/e92d01c276055b5b185e35117a93d09f0f8cd4cf,7/12(水) 11:36
obsnews,由布市の土砂崩れ 現場で発見された男性は行方不明の70歳男性　大分,https://news.yahoo.co.jp/articles/cf59a53fccaa4a40beea1da5f80f9bb7b25cc8a4,7/12(水) 3:57
obsnews,九州北部の大雨　行方不明者の捜索続く　住宅の倒壊、浸水…被害状況明らかに 　大分,https://news.yahoo.co.jp/articles/5a7d235af8cac33f8b4d97b2ea81eee493f784fd,7/11(火) 20:16
obsnews,井口尚子キャスターが現場取材 被災地の日田市からリポート　大分,https://news.yahoo.co.jp/articles/399dc0d38466fe40d345950b8930978a25a354d7,7/11(火) 19:54
obsnews,「タクシーの仕事を知って」高校生が配車の手順・車いすの乗客への対応を体験　大分,https://news.yahoo.co.jp/articles/a34445b84c72fa1099cb91c93d2f222d2b6ff638,7/11(火) 19:48
obsnews,由布市の土砂崩れ　死亡1人の身元は行方不明の70歳男性と判明　大分,https://news.yahoo.co.jp/articles/ef3bc8acc6f023638251ebc5f0fca46dcc856623,7/11(火) 19:06
obsnews,高校野球県大会4日目 　大分東が2日間の熱戦制す　杵築、柳ヶ浦が2回戦進出　大分,https://news.yahoo.co.jp/articles/7d11f8c0cd53cf0556354c0c9d5b760b2e678ec1,7/11(火) 18:02
obsnews,【交通情報】東九州自動車道の豊前ICー中津IC　事故のため上下線通行止め,https://news.yahoo.co.jp/articles/d59bd900da38aaa95db247b7966d24b765411c4f,7/11(火) 16:39
obsnews,地域の新名物へ「そばや自然薯がコク十分のビールやとろとろのコロッケに…」一日に100～200個販売も,https://news.yahoo.co.jp/articles/ce351f44eed742bea41d5ef040fa52e05efa6f7a,7/11(火) 15:09
obsnews,【速報】由布市の土砂崩れ 現場で心肺停止の1人を発見 行方不明の男性か　大分,https://news.yahoo.co.jp/articles/8b4b3012af2986c5e6b1027ca8c52f5d15bc8d17,7/11(火) 14:32
obsnews,みこしが海に入る伝統行事　恵比須神社の夏季大祭が復活　大分,https://news.yahoo.co.jp/articles/75ba3b431d51d4e601ad834e2135c7527f34e37c,7/11(火) 12:02
obsnews,武漢の専門学校生が大分市を表敬訪問　語学研修で交流,https://news.yahoo.co.jp/articles/3e3fec51583cb3752bb19163dcafc973a1c155f8,7/11(火) 11:58
obsnews,川に流された行方不明50代女性の捜索続く　孤立地区で警察が安否確認　大分,https://news.yahoo.co.jp/articles/221df45fc6b87ca7e98a277dad2c62f03f207e04,7/11(火) 11:42
obsnews,「大分東vs大分高専」 夏の大会初 “継続試合” を適用 高校野球県大会3日目,https://news.yahoo.co.jp/articles/01d7f44fa60d915fe540889fcdf16ed8a6ff6615,7/10(月) 19:57
obsnews,「市民と向き合い輝いていた日田を取り戻す」市長選 新人椋野美智子氏当選 県内初の女性リーダー誕生　大分,https://news.yahoo.co.jp/articles/ebbb3e3418eec5ba2b7ff5a6dc99e572d8347950,7/10(月) 19:57
obsnews,「耶馬渓橋」山国川の濁流により欄干が損壊　国の重要文化財…2012年の豪雨でも被災　大分,https://news.yahoo.co.jp/articles/ad3fd96a42fc2bd9d0f6f7eb5ec3dd54c0548680,7/10(月) 19:56
obsnews,「河川の拡幅工事でも氾濫 孤立状態の地区も」日田市から記者リポート　大分,https://news.yahoo.co.jp/articles/40ac387f88b672f1870fa8abdfdec2dd3d629418,7/10(月) 19:56
obsnews,【気象予報士解説】今後も土砂災害や河川の増水・氾濫に警戒を　大分,https://news.yahoo.co.jp/articles/287059abfca66a9d03b6984ff21e143005136295,7/10(月) 19:44
obsnews,「大雨特別警報」発表 梅雨末期の豪雨は各地に大きな爪痕 大分,https://news.yahoo.co.jp/articles/eb74793be135123ca6a0723ee1c42ebcb36cc3f9,7/10(月) 19:32
obsnews,「線状降水帯」発生で記録的大雨 川に流された女性の捜索続く 午後5時半“大雨特別警報”は大雨警報に　大分,https://news.yahoo.co.jp/articles/57dafcdfde2442de0b32ac2a3ae7abfbf9f95feb,7/10(月) 19:24
obsnews,「メロンより甘い」竹田市特産のスイートコーン旬入り 平日4千本 休日1万本以上販売　大分,https://news.yahoo.co.jp/articles/b6ed0b544187a1828f0caa64e18e6ded74e13e79,7/10(月) 16:44
obsnews,【緊急安全確保】大分・日田市で10日午前11時点　795世帯・1795人,https://news.yahoo.co.jp/articles/a6856423792acd3f0f49059ce96b95ce49b245f8,7/10(月) 14:27
obsnews,線状降水帯発生 中津市と日田市に「特別警報」発表 山国川が氾濫　大分,https://news.yahoo.co.jp/articles/d7d9aaf72228be850339b87c709d34836594c1ac,7/10(月) 12:38
obsnews,「緊急安全確保」 大分県 日田市から記者リポート,https://news.yahoo.co.jp/articles/63792e9179ca58400f07cccb482871ea6dda9370,7/10(月) 12:36
obsnews,「緊急安全確保」 大分県 中津市から記者リポート,https://news.yahoo.co.jp/articles/81a76848d23c570f9cd582a7d5db87740a2bdaea,7/10(月) 12:36
obsnews,【交通情報】国道210号の一部区間で全面通行止め　大雨の影響,https://news.yahoo.co.jp/articles/88eebe1796f26cf12a29642af0ea73cf72028e29,7/10(月) 11:16
obsnews,「山国川で人が流された模様」河川氾濫で50代女性が流されたか　現場付近で女性の車みつかるも無人　警察と消防が捜索　大分,https://news.yahoo.co.jp/articles/2a7fce1206d1f79a6c3f12bf8660541453c756c2,7/10(月) 11:04
obsnews,【交通情報】東九州道・大分道の一部区間で通行止め　大雨の影響,https://news.yahoo.co.jp/articles/eb80ee50c161c8eb6eb8e0109cf35ec026a4263b,7/10(月) 10:38
obsnews,1時間に80ミリ超の猛烈な雨　河川氾濫で一部地区で孤立　最大級の警戒を　大分,https://news.yahoo.co.jp/articles/8f6fe77c4f8ab453d330c5eb63c583988000275d,7/10(月) 10:14
obsnews,大分・中津市で「大雨特別警報」　線状降水帯が発生…山国川が氾濫,https://news.yahoo.co.jp/articles/30b428faf2dfeafed22d9954d5ceb5d260fb5442,7/10(月) 9:46
obsnews,【速報】大分・中津市に「緊急安全確保」 10日09:15時点,https://news.yahoo.co.jp/articles/22799987714e81434326cbecc010bcacdcbc6bfc,7/10(月) 9:23
obsnews,【大雨特別警報】大分県・中津市に発表　ただちに命を守るため最善の行動を＜警戒レベル5相当＞,https://news.yahoo.co.jp/articles/9907855ff77c5e4d58326e8faccd0ca79500f218,7/10(月) 9:18
obsnews,大分・日田市の小野地区、大鶴地区に「緊急安全確保」【レベル5】,https://news.yahoo.co.jp/articles/5fff0136fa3307213f22380a904cbe99d3e74f56,7/10(月) 9:14
obsnews,大分・日田市に「大雨特別警報」　線状降水帯が発生…各地で河川氾濫　最大級の警戒を,https://news.yahoo.co.jp/articles/21ba553cb00c4f13f948ba4ed5c93c5bd230a97a,7/10(月) 8:21
obsnews,【速報】大分県日田市に「大雨特別警報」発表 ただちに命を守るための最善の行動を,https://news.yahoo.co.jp/articles/a8b36f5311ac511c60512f21ab446c3229ac9d3b,7/10(月) 8:03
obsnews,九州北部地方で「線状降水帯」発生　山国川上流で「氾濫発生情報」　土砂災害などに厳重警戒,https://news.yahoo.co.jp/articles/1bd90b598ce4b5ea274c29cf8418d982015defeb,7/10(月) 6:54
obsnews,【速報】山国川上流で氾濫発生情報【レベル5相当】,https://news.yahoo.co.jp/articles/af1c36a2681b90496cf1500c2f79d7497d0ffa2b,7/10(月) 6:41
obsnews,日田市長選挙　元大分大学副学長の椋野美智子氏が初当選,https://news.yahoo.co.jp/articles/2205851cf7496a5a2011711249e8bcc549e749f9,7/9(日) 22:27
obsnews,大分県の公立学校教員採用1次試験　昨年度上回る受験者数,https://news.yahoo.co.jp/articles/034cfc6126ef57abac15b8c591bf4057cc5f0117,7/9(日) 17:57
obsnews,大分県日田市長選挙　今夜開票,https://news.yahoo.co.jp/articles/bb87b39ce2bf18514e9b895f8e665ba470361059,7/9(日) 17:53
obsnews,あさってにかけて大分県内は局地的に激しい雨のおそれ　土砂災害に警戒を,https://news.yahoo.co.jp/articles/b4fc5e2e56bef5032090c2a8a1331fd030a0cbb6,7/9(日) 17:48
obsnews,「『ママ好き』もう一度聞きたい」支援学校で給食中に重度障害の娘が死亡　学校側の対応に苦しむ母の訴え,https://news.yahoo.co.jp/articles/bb8923063f74dd7d9522edcd58466d0380172617,7/8(土) 20:11
obsnews,甲子園への切符をかけた夏の高校野球大分県大会が開幕,https://news.yahoo.co.jp/articles/e672270f587f2bf4a124ac9feb1dfef773e5ddf7,7/8(土) 19:14
obsnews,11日にかけて災害級大雨か　大分県でも土砂災害に厳重警戒,https://news.yahoo.co.jp/articles/de3b903ba67d8ad48f807960e83dec5a6eb270d1,7/8(土) 19:06
obsnews,乾しいたけの消費拡大へ!大分空港で「うまみだけ」の試食販売会,https://news.yahoo.co.jp/articles/1fd470294e6b916083382e9fbaeabf6087d5187a,7/8(土) 18:59
obsnews,【気象予報士解説】今後の雨の降り方　大雨が長く続き災害発生のおそれ,https://news.yahoo.co.jp/articles/8f7aea4705499cce22fcef5f9ee5de1446e6387e,7/7(金) 18:53
obsnews,西日本から北日本 10日にかけて大雨のおそれ　同じ場所で長く降りやすい気圧配置に 土砂災害に厳重警戒,https://news.yahoo.co.jp/articles/ba4a5d1a0f64ebd71ee89bfebec16557ceb65a66,7/7(金) 18:46
obsnews,大分の企業85社、売上高など「秘密情報」漏洩　県職員がメール添付ミス,https://news.yahoo.co.jp/articles/a263ffae348354930fada6825a1ee5ec2438cea2,7/7(金) 18:38
obsnews,豪雨で一家4人犠牲　湯平温泉の旅館で追悼式　大分・由布市,https://news.yahoo.co.jp/articles/d726ac0df7dcb6c12aabad74eaad89eed96a2906,7/7(金) 17:53
obsnews,「ゴール前の勝負強さ、だからこの順位にいるんだな」トリニータ主将・野村直輝が感じた町田首位独走の理由,https://news.yahoo.co.jp/articles/8e98b94c61a9bab6f0b2d653de57b5a54ec26fa0,7/7(金) 17:46
obsnews,介護業界のイメージ払拭　IT化で「離職率」大幅改善させた福祉施設,https://news.yahoo.co.jp/articles/9dc21d0675a7e2dc991fc62ed473a52a11020ec7,7/7(金) 16:54
obsnews,【高校野球大分大会】注目スラッガー擁する大分商業 「甲子園で勝てる野球」26年ぶり春夏連続出場目指す,https://news.yahoo.co.jp/articles/7c9999f3d63f8468d43165a413d43b6e75d52476,7/7(金) 15:42
obsnews,「企業説明会開催」168社と高校生1900人参加 新規高卒者の求人倍率 “2.42倍”の売り手市場　大分,https://news.yahoo.co.jp/articles/803de8b472fc17380109eb54a60a89a733bda616,7/7(金) 12:14
obsnews,7月10日（月曜日）にかけて「大雨のおそれ」 土砂災害に“厳重に警戒”を　大分,https://news.yahoo.co.jp/articles/8609e319857fabaf0d2a7693de8d314034b9e8bf,7/7(金) 12:14
obsnews,県指定史跡「府内城址の土塀」幅6メートル・高さ2メートル崩落　大雨の影響　大分,https://news.yahoo.co.jp/articles/ce3b0f483dd3014f93f354ae9bc5fb154218876a,7/7(金) 11:42
obsnews,【トリニータ】広島FW鮎川峻をレンタル移籍で獲得へ　得点力アップへの補強,https://news.yahoo.co.jp/articles/c79bba633163767c3a39c19c2c2b279b7e12c1bb,7/7(金) 10:59
obsnews,志高湖でコブハクチョウのヒナ5羽誕生　すくすく成長　大分,https://news.yahoo.co.jp/articles/7e246f4fdafb160b88b80af929824de05347be82,7/6(木) 18:44
obsnews,東九州自動車道「香下トンネル」開通式　防災・減災に期待　宇佐ICー院内IC間の全長約1.2キロ,https://news.yahoo.co.jp/articles/8d511aa2ad4f39cea3a736f5f1b963492686afbc,7/6(木) 18:36
obsnews,大分・由布市の土砂崩れ　行方不明男性の捜索を再開　発見に至らず,https://news.yahoo.co.jp/articles/af8ba55aa442c4be99b5dd27f8a0f13fdb971ec3,7/6(木) 18:36
obsnews,「裁判中なのに駅無人化の強行はおかしい」JR九州駅無人化訴訟　視覚障害の女性が訴え　大分,https://news.yahoo.co.jp/articles/da0a1630cdc9a92938272358d18e330fa05b4fe5,7/6(木) 18:24
obsnews,「中小零細の養鶏場はみんな辞めた」卵の価格、高値傾向続く…我慢をしない“節約術”に注目,https://news.yahoo.co.jp/articles/113089e71ce63b598a06ed0a10238a4abb98c7f5,7/6(木) 17:01
obsnews,「シャキシャキの食感と高い糖度が評判」幻の桃 “クリーンピーチ” 旬入り 今年は13トン出荷　大分,https://news.yahoo.co.jp/articles/589bbdb8880c013ce200847907f202b4c981df53,7/6(木) 16:34
obsnews,【高校野球大分大会】優勝候補の明豊　練習試合中に打球受け亡くなった仲間とともに…目指すは大会3連覇,https://news.yahoo.co.jp/articles/fbc81f1411ef580b4c3262684a0d8aeb30a0b7d0,7/6(木) 12:27
obsnews,「電車が欲しい・野球で打ちたい」園児がいろんな願いを込めて“七夕の短冊”飾り付け　大分,https://news.yahoo.co.jp/articles/35f2328a3a0f7e034fa4e2029b5d0d3e41e2dd9b,7/6(木) 12:04
obsnews,J2 3位 大分トリニータ “首位町田”に 0-3 で敗戦「力の差を見せつけられる」,https://news.yahoo.co.jp/articles/dd6c355b0880b45091d8de7d97f71beb05d3b35d,7/6(木) 11:36
obsnews,「セアカゴケグモ」相次ぎ見つかる　 毒があり噛まれると痛みや腫れ　市が注意を呼びかけ　大分,https://news.yahoo.co.jp/articles/41ce91fe4bf883ed128fa3db214be9d07a10fb9d,7/5(水) 18:06
obsnews,「家畜伝染病」アジア圏で猛威振るう　水際対策を強化　畜産関係者も警戒感強める,https://news.yahoo.co.jp/articles/eac51ee82ccd65392430931a842c66e73aff24dc,7/5(水) 18:01
obsnews,新型コロナ 大分県の新規感染者数 1医療機関あたり「6.28人」 5週連続増加,https://news.yahoo.co.jp/articles/8a58e946ebcb0166d04a64b83a7bb64184c4e1e8,7/5(水) 17:38
obsnews,豪雨災害で4人が犠牲　市民が黙とう　大分・日田市,https://news.yahoo.co.jp/articles/bbdf5c4cdefa568e2f041ecf9ac79713046ae21c,7/5(水) 16:51
obsnews,日銀6月短観「好調といっていい状況」観光関連業種が大幅上向き“業況判断指数は全産業で+20” 5四半期連続改善　大分,https://news.yahoo.co.jp/articles/1a97d068e4e9b11e6438d1424ac5f7a1aaa8e47e,7/5(水) 15:41
obsnews,「自転車競技の魅力を知って欲しい」別府競輪の選手が小学校で授業 リアルな“模擬レース”も体験　大分,https://news.yahoo.co.jp/articles/b07535ca5b62201a44cf0d3569251f2403e51438,7/5(水) 15:06
obsnews,交通事故処理中の“玖珠警察署巡査”「運転手の免許証紛失」“県”が再交付手数料3443円の損害賠償支払いへ　大分,https://news.yahoo.co.jp/articles/af6895ef0c848995dbffa54c9c032ce628082915,7/5(水) 14:27
obsnews,【高校野球大分大会】3年連続決勝で泣く大分舞鶴　二枚看板…悲願の初優勝へ　センバツ経験メンバーがけん引,https://news.yahoo.co.jp/articles/920c6f8e83d1b866c010c89e74b81290e091eca9,7/5(水) 12:24
obsnews,昼過ぎにかけて再び“大雨のおそれ” 「土砂災害に厳重警戒」を 連絡が取れていない男性の捜索は中止　大分,https://news.yahoo.co.jp/articles/dfb53d726d748e4a159200ccbbd0fc5b264df4bd,7/5(水) 12:11
obsnews,472億5900万円の補正予算案「経済再活性化・人口減少対策」が柱 佐藤知事初の定例県議会で“所信表明”　大分,https://news.yahoo.co.jp/articles/57bbde5769d3e6b0c712cd9b120a2b26ed80341b,7/5(水) 12:11
obsnews,JR久大本線で「バスの代行輸送」始まる 運転見合わせの“豊後森～由布院”上下線で1日11本運行　大分,https://news.yahoo.co.jp/articles/118a7be37c46cea615420a17816c09e2fad658b2,7/5(水) 12:02
obsnews,【大雨警報】大分県・別府市、中津市、日田市、竹田市、豊後高田市、杵築市などに発表,https://news.yahoo.co.jp/articles/b18f8a84f6e485452b0fb989a8d00cfc213b42e6,7/5(水) 8:27
obsnews,最低賃金の引き上げを諮問　8月答申に向け協議　大分,https://news.yahoo.co.jp/articles/93b02cea724c2cf925a8353edeffbba4cfc1d21e,7/4(火) 19:16
obsnews,幼稚園児が七夕の飾り付け　大分空港に笹と短冊,https://news.yahoo.co.jp/articles/09b73842ef435871e426b7b9f3882d55ab4364c1,7/4(火) 19:14
obsnews,衛星画像で「水道管漏水判定」　県の委託受けたイスラエル企業CEOが表敬訪問　大分,https://news.yahoo.co.jp/articles/2976fc20de0ce2c3a6985b39aeca221da91e049d,7/4(火) 18:54
obsnews,七里田温泉　工事の振動で配管のつまり解消!?「湯量」1.5倍に　大分・竹田市,https://news.yahoo.co.jp/articles/16afbad76682e91d36e4fd77554e99ad5afb01c2,7/4(火) 18:53
obsnews,大分・由布市の土砂災害は「大規模な地すべり」幅80メートル、高さ60メートル崩壊　安否不明者の捜索続く,https://news.yahoo.co.jp/articles/a8ea68afdd151304c66bfb83fde9c12946533783,7/4(火) 18:44
obsnews,小学生が「五感で楽しむ体験授業」 地元特産の“ヒオウギ貝”を味わい 養殖場で学ぶ　大分,https://news.yahoo.co.jp/articles/b4e26c7d40247dd808e871d8416f8c269a7c6330,7/4(火) 17:16
obsnews,【通行止め】東九州自動車道 上下線 「大分農業文化公園IC～速見IC」間 交通事故のため　大分,https://news.yahoo.co.jp/articles/9ce49835911c5b29c68b3b1221216567f14aa3f9,7/4(火) 15:53
obsnews,JR日豊本線で線路内にいた女性が特急にはねられる　運休や遅れ発生 800人に影響　大分,https://news.yahoo.co.jp/articles/a1aefc67218b8614df7cfb417037491a0e40b223,7/4(火) 14:27
obsnews,「安全配慮義務の順守で労災防止を」建設中の複合公共施設をパトロール　大分,https://news.yahoo.co.jp/articles/e82e87d32d721135bc3e516c43f9368de861bb3e,7/4(火) 13:06
obsnews,「最低でも勝ち点3を与えない」トリニータ下平監督　けが人続出…苦しいチーム事情　町田戦向け意気込み語る,https://news.yahoo.co.jp/articles/c98179eac98b9637920f71f01677d89311fd86be,7/4(火) 13:06
obsnews,千人の“ヤングケアラー”支援強化へ 初の市町村の担当者会議 「各現場との連携が急務」　大分,https://news.yahoo.co.jp/articles/398610d419e77c7219354520c6fd9341decc6dcb,7/4(火) 13:04
obsnews,【気象予報士解説】7日金曜日以降再び “大雨” になるおそれも,https://news.yahoo.co.jp/articles/b0e8162b948775ea6c5befe735433db48c356416,7/3(月) 19:44
obsnews,「無事故への願い」を込めた“信号機”がある通学路で交通安全呼びかけ 半世紀前4歳の娘を亡くした両親が設置　大分,https://news.yahoo.co.jp/articles/6bfc8b746382126aa7ebd60ef7b9e57872e3bb44,7/3(月) 19:42
obsnews,原因不明の漏水で“4日間断水” 「復旧の目途たたず」 最大1700世帯に影響　大分・豊後高田市,https://news.yahoo.co.jp/articles/4302c0f1b0ef295e4af8b528a323b6088eaf39cf,7/3(月) 19:36
obsnews,「マイナカードの不安払拭へ」登録状況確認の“出張相談会”県内では5市で誤登録など10件確認　大分・国東市,https://news.yahoo.co.jp/articles/b169a1e75c208fc6753954155fe8ff483671830f,7/3(月) 19:34
obsnews,大分市内の4駅が7月から“無人化”最初の平日となった3日の影響は?「乗客から不安の声も」,https://news.yahoo.co.jp/articles/bb554e3b8b48d58323fcfd32697a69851049f722,7/3(月) 19:34
obsnews,湯布院町で連絡がとれなくなっている男性（70）の捜索は4日朝から再開予定　大分,https://news.yahoo.co.jp/articles/f7241c572bdb738220cfc8d09423b243f54bdb98,7/3(月) 19:21
obsnews,「きょう中に支払わないと訴訟になる…」60代女性が310万円の詐欺被害 合わせて8回振り込む　大分,https://news.yahoo.co.jp/articles/cadad8be92f9e1ba1770b1a04f19058ef527f109,7/3(月) 18:11
obsnews,短期大学で学生に“献血”への協力呼びかけ「10～30代の献血者が不足」 5年間で2割以上減少　大分,https://news.yahoo.co.jp/articles/41c5ee83ce6dcf75c7b0f083b0c33b790a3c8181,7/3(月) 17:34
obsnews,「シャインマスカット」初競り　過去最高値1キロ6万円　大分,https://news.yahoo.co.jp/articles/8c9bbf26eefe0ee2dbf4d43f9a9039bb4bdadd13,7/3(月) 16:38
obsnews,「セアカゴケグモ」清掃事業所で見つかる 毒があり噛まれると痛みや腫れ　市が注意呼びかけ　大分,https://news.yahoo.co.jp/articles/783b6326f998f76d496a59f54429bc2da2e0983e,7/3(月) 15:51
obsnews,太陽光と電動モビリティで自給自足 「姫島モデル」輸出へ 小さな島で確立されたシステムが海を渡る　大分,https://news.yahoo.co.jp/articles/cd6a4e1d8989b0196c0475f51d53e137cea57a36,7/3(月) 15:32
obsnews,「日の丸を背負いセレソンと戦いたい」サッカー始めて2年の中学生がブラジルへ　家族全員で移住を決断した理由とは,https://news.yahoo.co.jp/articles/7032d2f4bf49a84969327170d45252a687803d97,7/3(月) 15:14
obsnews,夕方にかけて非常に激しい雨のおそれ　約3万6千人に避難指示　土砂災害に厳重警戒　大分,https://news.yahoo.co.jp/articles/6ccc5954d2200d0d16e8520f186221c6dc700f83,7/3(月) 12:02
obsnews,「路線価」大分県内で0.7％上昇　最高価は6年連続で「大分駅北口ロータリー」,https://news.yahoo.co.jp/articles/f5c8a98c45609124e6fdba7b77347318bfe39ad1,7/3(月) 11:57
obsnews,記録的大雨で発生 大分・由布市の土砂崩れ 行方不明男性の捜索続く 現場から仏壇やコルセット見つかる,https://news.yahoo.co.jp/articles/b3d2f7e9fee2337214f5f28b723c8872f797c9c3,7/2(日) 18:59
obsnews,「歯も磨けない 風呂も入れない」 大分・豊後高田市で3日間“断水” 最大1700世帯に影響 大雨との関連不明,https://news.yahoo.co.jp/articles/93e72bf8c1eaaba4d2d6a3792d9f0754d1e058f8,7/2(日) 18:51
obsnews,豪雨復旧のJR日田彦山線“BRTひこぼしライン”をウォーキング! 新しい車両も公開,https://news.yahoo.co.jp/articles/ec4e6c95114948bc650f5ce53452ae2a8d351684,7/2(日) 18:44
obsnews,大分市の「JX金属 関崎みらい海星館」 約1年の改修工事終了 リニューアルオープン前に内覧会,https://news.yahoo.co.jp/articles/8c2f00e53cc7e4ea9950c04a0fb46b7946b596d7,7/2(日) 18:38
obsnews,大分・日田市長選告示 現職と新人のあわせて3人が立候補 市政運営方針や人口減少対策が争点,https://news.yahoo.co.jp/articles/5c758c27d2e146aea23e5b2f192bf4f2325dcd45,7/2(日) 18:34
obsnews,大分県別府市の大学APUでスパイスカレー決定戦,https://news.yahoo.co.jp/articles/f57d93fdb940d2dc0441d6897f4c0b897b12b1e8,7/1(土) 19:33
obsnews,モネ・ピカソ「住友コレクション名品選」大分市の美術館で始まる,https://news.yahoo.co.jp/articles/f5f984407a1b3bd1f7a3f1c671bef869fae162db,7/1(土) 19:29
obsnews,大雨の影響で道路被害32件　一時972世帯で断水　次第に天気回復も…土砂災害などに警戒必要　大分,https://news.yahoo.co.jp/articles/a4d06163d813045cce743eebc52cf6715ed10c80,7/1(土) 12:16
obsnews,1日午後は“天気回復”へ 午前中は依然として線状降水帯発生のおそれ “土砂災害”に厳重な警戒を　大分,https://news.yahoo.co.jp/articles/2f54a8589f5d0598f36c81e1566cf8ddea637058,7/1(土) 9:57
obsnews,【通行止め】日出バイパス全線（速見ICー日出IC）　大分,https://news.yahoo.co.jp/articles/0a105e5db9f3186f7be29d40eb042fd36fbc2f60,7/1(土) 7:11
obsnews,土砂崩れで住宅1棟巻き込まれる　住民3人と連絡とれず　大分・由布市,https://news.yahoo.co.jp/articles/7e6d3e8de5785923a96838746af450fa4a33711f,7/1(土) 4:13
obsnews,災害級の大雨のおそれ　降り始めからの雨量300ミリ超の所も　土砂災害などに厳重警戒を,https://news.yahoo.co.jp/articles/a23e5319202958d491093ee49d8e8df4d5d64811,7/1(土) 1:11
obsnews,局地的に“猛烈な雨”のおそれも 予測情報発表の「線状降水帯」とは,https://news.yahoo.co.jp/articles/84a67259f0e823740f28b3c1d1fda01b1c8882d4,6/30(金) 20:27
obsnews,【気象予報士解説】“雨雲の予想”今後の見通しと避難について　大分,https://news.yahoo.co.jp/articles/89f20eb5559ae849797b318a278170a3fe462059,6/30(金) 20:12
obsnews,「雨はさらに強まります」1日午前にかけて「大雨に警戒」“線状降水帯”発生のおそれも　大分,https://news.yahoo.co.jp/articles/116741ef871c448b44a10c5191ba87fcf3d68a5c,6/30(金) 19:59
obsnews,杉乃井ホテル“棚湯”が20年ぶり「リニューアルオープン」 音と光を駆使 “リゾート感”を演出　大分,https://news.yahoo.co.jp/articles/e41d59abc9d427bbae7f1472fcffd9a9e1b3675f,6/30(金) 19:36
obsnews,「ファンのおかげ」ざびえる本舗 “新社屋完成” 創業22年で従業員は5倍の70人の大所帯に　大分,https://news.yahoo.co.jp/articles/5ec5e8b3a3c8f76e940f898ab1605fc2a062792f,6/30(金) 19:32
obsnews,【大雨警報】臼杵市・津久見市・佐伯市を除く大分市など15市町村に発表,https://news.yahoo.co.jp/articles/ace36f7dc1f8b9f06344eb6fb8168cff60a9fcf1,6/30(金) 18:17
obsnews,九州北部地方を中心に大雨 「線状降水帯」発生のおそれ 土砂災害の危険度高まる　厳重警戒を,https://news.yahoo.co.jp/articles/c70fd27d73e00029e39424e252ef32e5e349fb8a,6/30(金) 16:32
obsnews,【バス運行状況】「大分・大分交通・亀の井・日田バス」運休や運転見合わせ相次ぐ（14時30分現在）,https://news.yahoo.co.jp/articles/36dc88eb1e54402250624edbd46727161be5506d,6/30(金) 14:53
obsnews,JR久大本線一部区間で運転見合わせや遅れ 日豊・豊肥本線でも遅延 （13時15分現在）,https://news.yahoo.co.jp/articles/ae1908da0c3d8ef98faeca3187815b797b12b7e6,6/30(金) 13:41
obsnews,1日昼前にかけて“大雨”のおそれ 大分県など九州北部に「線状降水帯予測情報」発表 土砂災害などに警戒を,https://news.yahoo.co.jp/articles/ffec70321796b5558ea1bf4ae59b87d85142200b,6/30(金) 12:06
obsnews,「大学生2人死傷ひき逃げ事件」 現場で“発生時間帯”に警察が捜査 事件から1年 大分・別府市,https://news.yahoo.co.jp/articles/39b27dd3c2796b02ce0cd7278261412f4879dd20,6/30(金) 12:06
obsnews,【通行止め解除】東九州道の別府ICー大分IC下り線で車2台が絡む事故,https://news.yahoo.co.jp/articles/90c0233ba2bced8c970669ad31a8219b3d2a6257,6/30(金) 12:02
obsnews,【停電情報】国東市・日田市・日出町のあわせて380戸で停電（午前10時半現在）,https://news.yahoo.co.jp/articles/874c5983df0b9a60c3db0186866ef023b5d8ec60,6/30(金) 11:09
obsnews,東九州道の別府ICー大分IC下り線で車2台が絡む事故　通行止め開始,https://news.yahoo.co.jp/articles/3cc731a12385eeb99997ff0da5671d7803e5a7a7,6/30(金) 11:04
obsnews,JR久大本線の一部区間で運転見合わせ　雨の影響でダイヤ乱れる,https://news.yahoo.co.jp/articles/d7450665d6eaf242afda29198c9c9ebd3cbb93cf,6/30(金) 10:42
obsnews,「線状降水帯」発生予測情報　九州北部地方で明日午前中にかけて災害発生の危険度が急激に高まるおそれ,https://news.yahoo.co.jp/articles/6c1149e5ecf280c36761425a2f5f2128fb4c983d,6/30(金) 10:18
obsnews,大分自動車道の湯布院IC～玖珠ICで通行止め　土砂混じりの水が流れ出す,https://news.yahoo.co.jp/articles/451f3b4158b7eedd91ba95eeda7a24191a307326,6/30(金) 10:11
obsnews,明日にかけて大雨のおそれ　前線が活発化…九州北部地方では土砂災害に厳重警戒,https://news.yahoo.co.jp/articles/27f79d12342fe98bb028a6102726b2b3cf7da6d6,6/30(金) 9:42
obsnews,「命を大切にするやさしい心をもって」園児124人 “ポニー” にえさやり体験　大分,https://news.yahoo.co.jp/articles/77b4877d226305ff27a4483167d3b8107afc877f,6/29(木) 19:02
obsnews,小学生40人が特産の「岬ガザミの稚ガニ」を放流 ここ数年は “不漁” 続く　大分,https://news.yahoo.co.jp/articles/9a3d9c97d0cb1a67453aca7c04575928185c3c80,6/29(木) 18:58
obsnews,“モバイルオーダー”できるサンドイッチ店オープン 「パン・具材・ソース」自由に組み合わせ　大分,https://news.yahoo.co.jp/articles/9549246f9248276aba9a8ca1d40f21f775b515f7,6/29(木) 18:56
obsnews,「乾椎茸全国品評会」“24年連続” 56回目の団体優勝 天候不順を克服 5部門のうち“3部門”で最高賞 大分,https://news.yahoo.co.jp/articles/4efe575ce133893470f364e8a5e314470cf7efc2,6/29(木) 18:54
obsnews,大気の状態不安定 7月1日にかけて「警報級の大雨」のおそれ “土砂災害”・“河川の増水”に警戒を 大分,https://news.yahoo.co.jp/articles/ef55f4f250cd8dbf69e8644ec89f9942aaf57d4c,6/29(木) 18:53
obsnews,大学生死亡ひき逃げ事件　指名手配の八田與一容疑者が事件後、自宅に立ち寄った形跡なし　防犯カメラの映像も再検証へ,https://news.yahoo.co.jp/articles/d5b8afc7a6a5801acfcebcc351107d82d800ea58,6/29(木) 17:27
obsnews,24年4月から相続登記義務化!“所有者不明”土地問題をうけ　大分市で公開セミナー,https://news.yahoo.co.jp/articles/0d5879afb401a6ec2cdf27b721e9a925ca824743,6/29(木) 12:26
obsnews,お茶をおいしくするには水の温度を変える　小学生にお茶のいれ方教室,https://news.yahoo.co.jp/articles/0dbf06208aeb52c7436273fbf775b2529fd9c7a1,6/29(木) 12:19
obsnews,「非常に悔しい…全力で捜査を行う」「遺族の方に大変申し訳ない」警察官が別府駅で情報提供を呼びかけ　大学生死亡ひき逃げ事件から1年　大分,https://news.yahoo.co.jp/articles/473eb7a4afc8e4df7a8cf1d51403d879cd82abb4,6/29(木) 12:14
obsnews,九州北部地方で7月1日にかけて警報級の大雨のおそれ　梅雨前線が南下　土砂災害などに警戒,https://news.yahoo.co.jp/articles/10cd487c40c3cc830dff37d3280343685e9aef4c,6/29(木) 11:48
obsnews,「ツーリズムおおいた」通常総会 横領について再度謝罪 “再発防止策”と“組織改革案”提示,https://news.yahoo.co.jp/articles/20a28ae6f97057833e7fe8fa3d89c67c2526fbd6,6/28(水) 19:09
obsnews,大分信用金庫 「創立100周年」記念式典 大分市に“遊具設置費用500万円”寄贈,https://news.yahoo.co.jp/articles/8f49d8f3d77354e34378f5d8584ef7ad531a75d1,6/28(水) 19:08
obsnews,「すごくきれいで香りも最高!」くじゅう花公園で“ラベンダー”が見ごろ 高原の夏彩る　大分,https://news.yahoo.co.jp/articles/66f9b3a8cd49d8a3ac20db5eef58cdf7a0ba27ed,6/28(水) 18:53
obsnews,シカやイノシシ、サルによる昨年度の鳥獣被害額 “過去最少”の「1億5千万円」大分,https://news.yahoo.co.jp/articles/d2ee403df63f0b4376bca93e76330a962f0ef59a,6/28(水) 18:46
obsnews,第9波入り口か “新型コロナ”感染拡大傾向 “RSウイルス”と警報発表の“ヘルパンギーナ”も増加　大分,https://news.yahoo.co.jp/articles/5537656f1272ecb6f2c8ef46db739245270ee1ea,6/28(水) 18:34
obsnews,「キレたら何するか分からない」「生きることに執着がある」指名手配の八田與一容疑者　知人語る“人物像”　大学生死亡ひき逃げ事件,https://news.yahoo.co.jp/articles/fff4dd9386ec07c4c848316798a90205bebda964,6/28(水) 17:57
obsnews,【全文】「さっさと自首を」「どんなことされても許しません」ひき逃げで息子を失った母親が胸の内語る　指名手配の八田與一容疑者…逃走1年,https://news.yahoo.co.jp/articles/8e03323e78fdd7bfbbbd868193660237255c15cb,6/28(水) 17:57
obsnews,「殺しに来てると感じた」“アクセルベタ踏み”10メートルはね飛ばされた生存者が新証言　目の前で死亡の親友と八田與一容疑者の直前トラブル詳細【別府 大学生死亡ひき逃げ事件】,https://news.yahoo.co.jp/articles/e4122d7e3fcfe34adf9c77c74ede1e4a3fdcf133,6/28(水) 17:57
obsnews,「日本全土の土地」約4分の1が所有者不明　“相続登記”来年4月から「罰則付き義務化」,https://news.yahoo.co.jp/articles/85a22ce782cbbad63fe190603b406e68a2d62b26,6/28(水) 14:09
obsnews,「ブルーベリー狩り」始まる　食べ放題15種類…その場で食べ比べも　大分・九重町,https://news.yahoo.co.jp/articles/61e997445b682a334fcff297f35fa57d9ea32c16,6/28(水) 14:01
obsnews,高額の電子マネー購入する男性に声かけ　コンビニ店長が被害防ぐ　2度目の感謝状　大分,https://news.yahoo.co.jp/articles/aafe9f5e44189605213be8f709b48d621aa48678,6/28(水) 11:57
obsnews,広瀬前知事の親族の40代男性　次期衆院選大分2区に擁立へ,https://news.yahoo.co.jp/articles/e231989501a18ac626d8789f791458084fc80cd3,6/28(水) 8:54
obsnews,「証明書のない肉製品は持ち込まないで」国際線再開の大分空港“家畜伝染病”を水際で防ぐ動物検疫を強化,https://news.yahoo.co.jp/articles/e6753b50382dba6a4f7dbd5dc3fab4d43451262d,6/27(火) 19:18
obsnews,JAが小学校に「教材本」1万2千冊配布 コメが商品になるまでの過程を“写真”や“イラスト”で紹介　大分,https://news.yahoo.co.jp/articles/2f69221f7a90f88957afc6999c33a61d724a93e8,6/27(火) 19:16
obsnews,「大分国際車いすマラソン」11月19日開催 一部コース変更 開会式“入場制限無し”コロナ禍前と同形式,https://news.yahoo.co.jp/articles/f228ed3dc02f876e0cfc805453e649022da0fe1b,6/27(火) 19:06
obsnews,「見えない敵との戦いがいかに大変か…対策が大事」6月は“細菌性食中毒”に特に注意!除菌グッズに高い関心,https://news.yahoo.co.jp/articles/63f2c06501fa2cc43bca8cf3af33de82e2ccb9bb,6/27(火) 19:04
obsnews,全国一の暑さ豊後大野市犬飼町で “35.7度観測” 九州では「今年初の猛暑日」　大分,https://news.yahoo.co.jp/articles/422da302828e7d136996a60ff6b4835323ca308a,6/27(火) 19:04
obsnews,50代女性が電子マネー30万円購入→50万円購入→50万円“和解金”振込　3回連続合計130万円の詐欺被害,https://news.yahoo.co.jp/articles/ad055949c3b1f930d476a1aacb987488d5bb6bd5,6/27(火) 17:11
obsnews,「人を好きになってもいけない…でも誰かを守りたい」同性愛を公表　かつてSP目指したプロボクサーの半生,https://news.yahoo.co.jp/articles/dbce87ef0e41a5cba124b259b707377802e8273b,6/27(火) 17:08
obsnews,「障害者フットサルリーグ」発足 全国初ルールの知的・精神・発達障害がある選手が“1チーム”でプレー,https://news.yahoo.co.jp/articles/dacb9e5130e1800afa8dd77265bebadf020d5c8f,6/27(火) 14:29
obsnews,夏になった!昆虫の王様カブトムシがいっぱい　子どもたちの歓声あがる,https://news.yahoo.co.jp/articles/7ebbb99c05b67bd4faeddf197ca8ec186f90e4b5,6/27(火) 14:24
obsnews,10月から「高校授業料」全世帯無償化　豊後高田市議会が補正予算案を可決　大分,https://news.yahoo.co.jp/articles/7d41167a2a2c38b6f73c4797bcab5f97c80a33a8,6/27(火) 12:32
obsnews,高齢ドライバーに「自主返納応援します」「今一度ご家族とご相談を」　警察が「思いやりの郵便」を発送,https://news.yahoo.co.jp/articles/50dabc042d6f45bfda406d425be54b18dcc2cedd,6/27(火) 12:21
obsnews,「もうちょっと親身になって」大分IC付近の流通団地建設計画で住民説明会　生活への影響は?,https://news.yahoo.co.jp/articles/b5f85cb49733fd4b4aeb2a344307624181106a53,6/27(火) 12:08
obsnews,佐藤県政初の「補正予算案」発表 人口減少対策「若者の移住促進や外国人労働者受け入れ強化」を柱　大分,https://news.yahoo.co.jp/articles/ed2c4a272d3e5a5bab0606880d13c2ac07c66871,6/26(月) 19:21
obsnews,OBSが児童養護施設に50万円寄付 巣立つ子供たちの“激励金”や“奨学金”に充当,https://news.yahoo.co.jp/articles/9d40e1d4eca8fe62baa83e11f4916f9e4a800a6e,6/26(月) 19:08
obsnews,「全国高校総体（インターハイ）・全国高校総合文化祭」出場 総勢796人の高校生 激励壮行会　大分,https://news.yahoo.co.jp/articles/e9efc0df2039b2f077a9d7aa1ae17abc54a1eac7,6/26(月) 19:08
obsnews,大分大学次期学長に北野正剛氏再任で 4期目へ 選考会議で他に推薦者無し 委員14人全会一致で決定,https://news.yahoo.co.jp/articles/4b36d719709520c75b4fbae0f8a8d39dc018e8fa,6/26(月) 19:04
obsnews,女性の力で作り出す“ハーブティー”や“炭酸泉の保湿液” こだわりは「地元素材使用の加工品」であること,https://news.yahoo.co.jp/articles/ef3ecf7ff072f4fc67e38e26ad12d5b1e8a4b5c1,6/26(月) 14:48
obsnews,高速道で逆走車　東九州道・安心院ICー中津IC【通行止め解除】,https://news.yahoo.co.jp/articles/9b3da9be1b3ccc159aea9fcb3927c639cb7b4d32,6/26(月) 14:06
obsnews,高速道で軽トラックが逆走　東九州道の安心院ICー中津ICで通行止め　大分,https://news.yahoo.co.jp/articles/c44bf249d8af59d65911857dcae6f7370b4681c2,6/26(月) 13:36
obsnews,「田植え」特別授業　農業学ぶ高校生と小学生が苗植え　大分,https://news.yahoo.co.jp/articles/d5354c379d2948ce869191b912d04188e3d3e81a,6/26(月) 12:19
obsnews,中学校の給食無償化へ　130億円の補正予算案など提出　大分市議会開会,https://news.yahoo.co.jp/articles/37da6044d7145b035b368ff91b08181ebc9108dc,6/26(月) 12:09
obsnews,鍛錬の成果を競う大分県空手道選手権大会,https://news.yahoo.co.jp/articles/7ca06fed20a7051ab3549b205e1b9c78524e9924,6/25(日) 17:11
obsnews,「童話の里」玖珠町でこども創作童話コンクール表彰式,https://news.yahoo.co.jp/articles/69495e190858dcfa5d0a3e7f1f69451a8eac74e7,6/25(日) 17:08
obsnews,大分市の夏の風物詩「長浜さま」名物のおみかもち作り,https://news.yahoo.co.jp/articles/b9db61fdf288a9e8d1544f9817206d5c7ee14c8d,6/25(日) 17:03
obsnews,駐日ドイツ大使館の武官が捕虜収容所で亡くなった先祖の墓参り　大分,https://news.yahoo.co.jp/articles/ee35d97ab96727ec1a72d64725c4e09b9af1c8f1,6/24(土) 19:33
obsnews,年越しまで心機一転　大分県護国神社で夏越の大祓式,https://news.yahoo.co.jp/articles/5b8830226d200be28846b0845ceff4b321d0c237,6/24(土) 19:31
obsnews,大分県労連が最低賃金引き上げを求める街頭活動,https://news.yahoo.co.jp/articles/949fb09a36cedacb037db19553d90b60a40f8867,6/24(土) 18:14
obsnews,別府市で還付金詐欺　60代の女性が約17万円被害,https://news.yahoo.co.jp/articles/6ce6d4e5e8c075f4c158cd17f8d5025c9d95a715,6/24(土) 18:13
obsnews,スクリューコンベアに下半身を巻き込まれ男性死亡　養豚場で作業中　大分,https://news.yahoo.co.jp/articles/bfe9d50715a81a8032b76a8574772cf8e2337a4f,6/23(金) 19:24
obsnews,「棚田遺産」保育園児が田植え体験　大分,https://news.yahoo.co.jp/articles/25c623c06e4c78605526b0bfee6acdca66aa2a84,6/23(金) 19:16
obsnews,危険な「コンビニワープ」赤信号待てずに駐車場をショートカット…交通違反？警察と弁護士に確認すると　過去には子どもの死亡事故も,https://news.yahoo.co.jp/articles/2a4310e5f465d2b2adbf833cf17036d47eb8d4b1,6/23(金) 19:06
obsnews,幻のスタインベルク社製グランドピアノ　家に眠っていた…男性が寄贈　瀧廉太郎ゆかりの地で音色響く,https://news.yahoo.co.jp/articles/24ab1ad7de66040c8f25005dcef95ffbb96dd486,6/23(金) 18:56
obsnews,マイナンバーカードのトラブル相次ぐ　4歳女の子の顔写真を姉の顔写真と取り違え　総点検へ　大分,https://news.yahoo.co.jp/articles/620f284d366f2e4bb8706b77797a2be073a59173,6/23(金) 18:53
obsnews,「県営住宅」大規模建て替えへ　最大9階建て5棟300戸を新設　大分市明野,https://news.yahoo.co.jp/articles/af1db54212f1aa1b81d1ed57350e888ec98247cb,6/23(金) 18:38
obsnews,「流通業務団地」大分IC近くで開発へ　新たな物流拠点目指す,https://news.yahoo.co.jp/articles/18f664013e26b087ae820032c6016cfd92a2cf07,6/23(金) 18:34
obsnews,国東市の男性主幹（40代）セクハラ行為で懲戒処分 20代女性職員にLINEで“性的メッセージ”　大分,https://news.yahoo.co.jp/articles/e9fb91b1b2e8dd12ca259edab576c4a7d9b12080,6/23(金) 16:43
obsnews,「働く現場で女性の活躍推進」を呼びかけ   “女性管理職”割合は12.5％　大分,https://news.yahoo.co.jp/articles/128118a843767de07c0555fba4df49d20bbfd0a2,6/23(金) 12:14
obsnews,「新湯治・ウェルネスツーリズム事業」21か所の市有地を公表 “医療・美容・健康”がテーマ　大分・別府市,https://news.yahoo.co.jp/articles/877959a7d9dfca39dcb2af4363e1b24e20066b1a,6/23(金) 12:13
obsnews,輝く命の存在 「リトルベビー写真展」開催　早産で生まれた“低出生体重児”への理解を…　大分,https://news.yahoo.co.jp/articles/f91cdf55a1de2e9b9eb0e50ba9ee42b84717a69e,6/23(金) 12:11
obsnews,パリ五輪世代の注目ストライカー二田理央　“異例のキャリア”欧州でゴール量産　日本代表への思い語る,https://news.yahoo.co.jp/articles/0929ff845bbe9d257e06baec23cbdcac46418e71,6/22(木) 19:01
obsnews,「上人ヶ浜公園」整備事業の基本設計案を策定へ　大分・別府市,https://news.yahoo.co.jp/articles/fb54c4774c40486208f58ea8883e75aa834c3d6b,6/22(木) 18:41
obsnews,「韓国路線」4年ぶり復活　観光地から期待と歓迎の声　大分,https://news.yahoo.co.jp/articles/fdba5939da78ca83e958caf6de26f3dc965806f0,6/22(木) 18:39
obsnews,大分ーソウル便が就航　4年ぶり国際線復活　第一便ほぼ満席,https://news.yahoo.co.jp/articles/0b743d9a705a06cc4afdd1e25de1e6fa5a6e6528,6/22(木) 18:39
obsnews,「逃げ得は許されない」指名手配・八田與一容疑者の「カード」作成　商業施設も協力　大学生死亡ひき逃げ事件,https://news.yahoo.co.jp/articles/77ec9b4779c7c709a338d6919dc40c747223986e,6/22(木) 15:44
obsnews,「外国人労働者が働く現場」をパトロール “雇用の管理状況・安全対策”をチェック　大分,https://news.yahoo.co.jp/articles/84c09909380e80d80764ccb08dffe4b4b92f8aa3,6/22(木) 12:08
obsnews,内川聖一選手 中学生に夢の実現への思い伝える「諦めても修正して次に向かっていくことが一番大事」,https://news.yahoo.co.jp/articles/efac8dd2c13952bae29fcd1d02ca1edd6827c116,6/22(木) 12:06
obsnews,5月の宿泊者 37万5千人 “30万超は10か月連続” 外国人客増加「コロナ禍前の9割まで回復」大分,https://news.yahoo.co.jp/articles/9152d7c71034610da6192262cd00bf85b7d6bb6b,6/22(木) 12:06
obsnews,「国のプロジェクトとして取り組むべき課題」豊予海峡ルート実現へ　県庁内にプロジェクトチーム発足　大分,https://news.yahoo.co.jp/articles/8b740cb55d5a8dab4eac391d1d7301a486ec452e,6/21(水) 19:08
obsnews,県警の柔剣道大会　警察官300人が日ごろの成果競う　大分,https://news.yahoo.co.jp/articles/a0e4aff853af79a5032180329cd1298ef80f8831,6/21(水) 19:08
obsnews,介護保険の払い戻し名目　60代女性が約130万円の詐欺被害　大分,https://news.yahoo.co.jp/articles/0b06211ec547a01a13da8139864cf4b63a7a678a,6/21(水) 19:04
obsnews,小学校で配布されたチラシのQRコード 「まぎらわしい広告」で現金引き落とされる　イベント申し込みのはずが…,https://news.yahoo.co.jp/articles/25676800c0c72c9d472c2c793a967cd6d875be81,6/21(水) 19:01
obsnews,新型コロナ 大分県内の感染者数3週連続で増加　乳幼児に多い「RSウイルス」感染拡大,https://news.yahoo.co.jp/articles/0ebd290e496d9f773b3c0d7e63b516cc7d8516f0,6/21(水) 17:41
obsnews,「潮干狩り」各地で“禁止”相次ぐ　アサリ食い荒らす「クロダイ」撮影成功　アサリ復活プロジェクト始動,https://news.yahoo.co.jp/articles/fbf5f8549c5c7f3c822a52396bf474ef5ef75939,6/21(水) 17:21
obsnews,中学女子ソフトボール部廃止で「地域クラブ」発足　経済的負担、人手不足…継続の仕組み作りがカギ,https://news.yahoo.co.jp/articles/f71849a4135f44f5b32214ea15d23be1d88794bd,6/21(水) 16:02
obsnews,70歳男性運転の軽乗用車 30人乗車の路線バスと正面衝突 1人軽傷 軽乗用車が車線はみだしか　大分,https://news.yahoo.co.jp/articles/afb46168895833b0649a761c128cfbba86777cac,6/21(水) 11:23
obsnews,「候補者としてふさわしくない事案があった」立憲民主党県連　衆院選候補者の内定取り消し　報道陣に吉田代表が怒号も　大分,https://news.yahoo.co.jp/articles/5ce0aedbfab92c39c9adebcda35175bbf7392a61,6/20(火) 19:04
obsnews,「コープおおいた」昨年度決算は減収減益　新型コロナの追い風弱まる,https://news.yahoo.co.jp/articles/766128834a44897e4830aeaf20f88d84a4321003,6/20(火) 18:54
obsnews,「県内就職率を少しでも上げたい」 実業系高校に通う生徒をサポートへ　大分県産業教育振興会総会,https://news.yahoo.co.jp/articles/0d3c72d0dcdabbf56d20406b706068da6f3f6830,6/20(火) 18:54
obsnews,大分・日田市で34.5度観測、2日連続で全国一の暑さ　21日は梅雨空に,https://news.yahoo.co.jp/articles/1f7b88553daf7dc993943d48ee1b55925d1358de,6/20(火) 18:53
obsnews,「携帯電話を利用しながらATMを操作している」 詐欺被害を未然に防いだ銀行員　警察から感謝状,https://news.yahoo.co.jp/articles/63ccb4dd1212848b68bb189b9d324fc7059b011f,6/20(火) 18:51
obsnews,JR九州で初の女性ディーゼルカー運転士が誕生 「男性も女性も関係ない…活躍の場を広げられる存在に」思い語る,https://news.yahoo.co.jp/articles/f66dfa8fa0121d79474d97d9afb2941fcf773b06,6/20(火) 18:29
obsnews,高校生が声かけ「薬物乱用は絶対ダメ !」 大麻で摘発“10代・20代で全体の7割”　大分,https://news.yahoo.co.jp/articles/29774212b873d89d581ea3b506c287640e9c04b0,6/20(火) 12:16
obsnews,“光の加減や質感はまるで写真” 精密に描かれた「色鉛筆画」にため息　大分,https://news.yahoo.co.jp/articles/e7dc16fb38c21d47cafec3a4e767e0ab523bea61,6/20(火) 12:13
obsnews,「自転車ヘルメット着用」呼びかけ “高校生ほぼ着用” “社会人は半分程度”　大分,https://news.yahoo.co.jp/articles/da0cb99e45ddcb86218a3df1d7a121a44e4b4d85,6/20(火) 12:11
obsnews,「介護保険料を払い過ぎているので払い戻しがある」60代女性が99万円の特殊詐欺被害　大分,https://news.yahoo.co.jp/articles/1151eb7a25f1097474ffd7430e476fa49b5bd45d,6/19(月) 20:02
obsnews,パリ五輪世代の二田理央  「スピード、決定力に自信。結果残したい」“異例のキャリア”欧州でプレー 思い語る,https://news.yahoo.co.jp/articles/b716be9d8f97b8c33b5acc14b0066962ed9f42e4,6/19(月) 19:19
obsnews,「戦争は関係のないたくさんの子どもたちを苦しめる…」小中学生が自分の言葉で平和の尊さ訴える　大分,https://news.yahoo.co.jp/articles/afaba7091921815cc89252b005fcf0b3ed5b89c5,6/19(月) 19:14
obsnews,晴れて気温急上昇 多くの地点で「真夏日」 20日は多湿で蒸し暑い “熱中症や食中毒に注意を”　大分,https://news.yahoo.co.jp/articles/8b57599abc8b08a467ad4bde329f03435393bd35,6/19(月) 19:14
obsnews,今が旬!独自品種のすもも「大山早生」弾力＆甘みが特徴　本格的な出荷始まる　大分,https://news.yahoo.co.jp/articles/efa2ed52eee0e2ab571292a30cc913707b026fe8,6/19(月) 17:57
obsnews,女性プロボクサー菊池真琴選手 スポーツ功労賞授与 「バンタム級・スーパーバンタム級」2階級制覇　大分,https://news.yahoo.co.jp/articles/34ec048d438cc1503688eb4abaf9fa0b9ae0cc37,6/19(月) 17:29
obsnews,中学校の給食費無償化へ　大分市で来年1月から　足立信也市長が肉付け予算案発表,https://news.yahoo.co.jp/articles/6a3ff0db71dd9added03b1393db0137320b091b2,6/19(月) 17:21
obsnews,“日本酒飲み比べクイズ”や“みそ作り” を体験　8つの酒蔵初コラボ「くらくらくら祭」,https://news.yahoo.co.jp/articles/d74f7797bf8de75af9f7836b23f3def1c4c5681e,6/19(月) 15:21
obsnews,「エネルギー補給で勉強に集中」 高校生に朝食をとることの大切さ呼びかけ　大分,https://news.yahoo.co.jp/articles/d9facfbe9d13c9fdb5d39c4380116da9c9d764f0,6/19(月) 12:11
obsnews,秋のコスモスまつりに向けて子どもたちが種まき　大分,https://news.yahoo.co.jp/articles/3e76079e72e4a55ec5c293c7a43ef2249d0d52db,6/19(月) 12:04
obsnews,「大砲ラーメン大分店」店内荒らされ金庫盗まれる　警察が捜査,https://news.yahoo.co.jp/articles/f71696efe1f038dbcdd3c0e4209e008c45583639,6/18(日) 18:13
obsnews,大分県大分市で子どもたちが田んぼラグビー,https://news.yahoo.co.jp/articles/446bb6d9793697e0d7a40c936e652bfe23c4226a,6/18(日) 17:36
obsnews,双葉山のふるさと　大分県宇佐市で子ども相撲大会,https://news.yahoo.co.jp/articles/fa443998576d35d2f87326f26f5bd987544eea31,6/18(日) 17:33
obsnews,JR大分駅で父の日イベント ドリンクをプレゼント,https://news.yahoo.co.jp/articles/9e61082080fab397ab5513de76d4d0de5f0fc7a6,6/18(日) 17:29
obsnews,大分県大分市で留学生と日本人学生が学ぶ防災セミナー,https://news.yahoo.co.jp/articles/672afa49f28ffbf4c7b709cc62d8cbe6050f8656,6/18(日) 17:13
obsnews,体調不良者100人以上の異臭騒ぎの対応を検証　大分DMATが検討会開催　医療機関や消防などの連携強化へ,https://news.yahoo.co.jp/articles/32ac9545266594258b947ddcf71ae6481c966dad,6/17(土) 18:02
obsnews,立憲民主党泉代表「次期衆院選で150議席以上獲得へ 候補者擁立加速」大分県連の大会に出席,https://news.yahoo.co.jp/articles/d00426098d74e55be74fe12091a2bb591ede5d92,6/17(土) 17:56
obsnews,「あの教職への思いをもう一度」臨時講師確保へ!大分県教委がペーパーティーチャー対象に初の説明会開催,https://news.yahoo.co.jp/articles/aec27fa31b257b3534b785e796ba35f8aa4a4165,6/17(土) 17:32
obsnews,「天候に恵まれ美味しい」日田西瓜旬入りフェア,https://news.yahoo.co.jp/articles/1ce85d3d6861ab24bc2d9846b226e64e54ef5f11,6/17(土) 15:33
obsnews,休眠状態の大分空港国際線ターミナル再開へ…免税店大忙し　19年に13億円で改装→2か月で休止していた,https://news.yahoo.co.jp/articles/cbed7a3cad386bcacfce98517fdcafc32249d092,6/16(金) 19:51
obsnews,着火剤継ぎ足しもNG!炭の後処理も注意!消毒用アルコールの他にもまだあるBBQの注意事項,https://news.yahoo.co.jp/articles/016269131b0bde1f66a779a357e2e2ffe6e1eaf8,6/16(金) 19:08
obsnews,木村と名乗る者から「バニラというウイルスに感染してます」「損害金99000円」60代男性が詐欺被害　大分,https://news.yahoo.co.jp/articles/f555247c1195ea0d44e689efb3a68b1fbfbcefda,6/16(金) 18:06
obsnews,朝起きられない“起立性調節障害”「怠けと間違われやすい」中学生の10％~30％発症　不登校の要因に,https://news.yahoo.co.jp/articles/a863b0f46d0276dd9b013857ad1ca5a79ccd80df,6/16(金) 17:09
obsnews,「逃げ回って何を…早く自首してほしい」ひき逃げで息子を失った父親が胸の内語る　指名手配の八田與一容疑者…逃走1年,https://news.yahoo.co.jp/articles/4e34d0229976ca1624a79fc486c346f0e3e30d05,6/16(金) 15:11
obsnews,自転車プロチーム「スパークルおおいた」 ツール・ド・九州への出場目指す　市長表敬訪問,https://news.yahoo.co.jp/articles/b564b53bae1dffafa0b491feb9952cb9ec86589d,6/16(金) 12:27
obsnews,労働災害の死傷者1303人　2009年以降で最多　大分,https://news.yahoo.co.jp/articles/fed02a35865525964d9a1bb1e615bf075c0d3c09,6/16(金) 12:27
obsnews,白いスイートコーン「白雪姫」収獲はじまる　糖度はブドウと同じ20度前後　大分,https://news.yahoo.co.jp/articles/605b6e2f8b71af0a7b087b4bc87ad4acec954b44,6/16(金) 12:04
obsnews,「食中毒注意報」発表　大分で今季初,https://news.yahoo.co.jp/articles/cb6b7d5360ffcb3062d1a1689e16d947357df5e2,6/16(金) 11:41
obsnews,アフターコロナで余ったアクリル板…廃材でアート作品制作プロジェクト始動,https://news.yahoo.co.jp/articles/0040e9528eb080828c6e1b5124f0fd368e5ffbbe,6/15(木) 19:31
obsnews,修学旅行中の高校生がドローン体験　大分,https://news.yahoo.co.jp/articles/41cbad9d58c10b396b96d4d4b07949a7e34e18fa,6/15(木) 19:27
obsnews,映画で地域活性化「ぜひ考えて勉強して」俳優×学生のトークセッション　大分大学で開催,https://news.yahoo.co.jp/articles/6c0393fac51876f3401f410a8fddc38247dae451,6/15(木) 19:27
obsnews,大分県で突然“ひょう”が降る　夕方に天気急変…雷伴うゲリラ豪雨,https://news.yahoo.co.jp/articles/a7ad6cab3e7ed65848858f6419adfccbb1f7e6fd,6/15(木) 19:21
obsnews,「早く戦争が終わって」支援者と涙の別れ…大分県日田市のウクライナ避難民家族4人が帰国,https://news.yahoo.co.jp/articles/f4b0c961a8a86df76ad72cb746da9f175a72bbcd,6/15(木) 19:19
obsnews,耶馬渓の絶品!「冷やしぶっかけそばまつり」開催中　人気は和風だし×トマトそば!　大分,https://news.yahoo.co.jp/articles/a6ba0acf51b4ca313f22d47cec448c623c851621,6/15(木) 14:57
obsnews,「おにぎりの専門店」開業相次ぐ…突然のブームなぜ?コロナ禍も順調!物価高でも「お米の値段は安定」,https://news.yahoo.co.jp/articles/3a9b4b67e74fa856f935e2805fbc82c71d310163,6/15(木) 14:51
obsnews,燃料費が高騰…県トラック協会が1台あたり数万円規模の助成措置を要望　大分,https://news.yahoo.co.jp/articles/70c6dbed26a9da3927ba288f3d24b28e5d8c1b05,6/15(木) 12:06
obsnews,甘みの強い「スイートコーン」　7月から本格出荷へ　大分,https://news.yahoo.co.jp/articles/d5945b0ec987b671bb3aa3caf1c841df1856a257,6/15(木) 12:02
obsnews,インフル1.8倍に急増「手洗いや換気の徹底を」　新型コロナも緩やかな増加傾向　大分,https://news.yahoo.co.jp/articles/313007870633cbbc666fc2a0f5b763766ef8411b,6/14(水) 19:39
obsnews,夏風邪ヘルパンギーナ子どもに感染拡大「アルコール消毒では不十分」石鹸で手洗いを!　大分県で“警報”発表,https://news.yahoo.co.jp/articles/435074e4f9814c2a1297f0671f983e7ccacb2cab,6/14(水) 19:29
obsnews,「JX金属関崎みらい海星館」として“リニューアルオープン” 大分市とネーミングライツ契約,https://news.yahoo.co.jp/articles/525f104bcd918b76a7593d41a293f27707ff3134,6/14(水) 19:24
obsnews,「SDGs」をカードゲームで学ぶ “働きがいと経済成長”のため大型ショッピングモールの誘致も　大分,https://news.yahoo.co.jp/articles/db4b058885d98298925557e309055776d092e636,6/14(水) 19:21
obsnews,「夏の甲子園」目指して 大分県予選 組み合わせ抽選会 第1シードは“大分商業”と“明豊”,https://news.yahoo.co.jp/articles/7dd03078d7aa942aa1bc413a1fbdec17ccdd7f15,6/14(水) 18:56
obsnews,重炭酸泉の露天風呂＆サウナ付きキャンプ場「グランパーク長湯」オープン　室内キャンプも完備　大分,https://news.yahoo.co.jp/articles/40312cb7c4fc57293a49c511a9f08e144bc5ea46,6/14(水) 16:06
obsnews,「家族と一緒に住みたい」戦火の母国に帰る“ウクライナの避難家族” 大黒柱のパートナーが戦いで入院,https://news.yahoo.co.jp/articles/a9009eec949f33654e67b0fc1c322b5ecec72b87,6/14(水) 15:23
obsnews,幼稚園児が「ちびっこポリス」任命　交通安全を呼びかけ　大分,https://news.yahoo.co.jp/articles/70bbb1e84555cf424bf66c3403d22f97217a69bf,6/14(水) 12:21
obsnews,「食育月間」20代女性が野菜不足…保健所が野菜摂取呼びかけ　大分,https://news.yahoo.co.jp/articles/7ed7b050d812ddcb31208c9a0c213bdb64790b92,6/14(水) 12:19
obsnews,「取り返しのつかないことをした」大分地裁が初謝罪　裁判記録廃棄から1年4か月…高2剣道部員熱中症死亡　工藤剣太さんの両親に,https://news.yahoo.co.jp/articles/50b3b779a51984a58c033b30fa6ef79c08fbb216,6/13(火) 18:59
obsnews,“定員オーバーでも受け入れ検討” 大分市の小中学校 「隣接する校区の学校選択制度」,https://news.yahoo.co.jp/articles/c9ade5dd7fbfc4fc0aba262cb0ad61b41ab0747c,6/13(火) 18:53
obsnews,「ヤケイ」に赤ちゃん誕生 “メスザルで史上初 群れのトップ”に君臨　大分・高崎山,https://news.yahoo.co.jp/articles/ac4104db0089c26224e85d14ca8f2d4536d20fd2,6/13(火) 16:43
obsnews,「おいしくぷりぷり」牡蠣にチーズのせ!大分・宮崎で開催中「日豊海岸岩ガキまつり」,https://news.yahoo.co.jp/articles/878ac461bf47a59b779fc150a843a54d3de184d8,6/13(火) 16:16
obsnews,幼稚園児が田植え体験　元気いっぱい泥遊びも　大分,https://news.yahoo.co.jp/articles/93ebaef95139e7d8d3500d009b2e79ce4caa7ebc,6/13(火) 16:16
obsnews,5000株のアジサイ見ごろ　色鮮やかに咲き誇る　大分・豊後大野市,https://news.yahoo.co.jp/articles/bbcacc02bb6ce5c2b6fbaaf9eec9de387d5ca837,6/13(火) 12:28
obsnews,「チームのことを知ってほしい」バサジィ大分の選手が幼稚園児と交流,https://news.yahoo.co.jp/articles/991c9f3cfef2402d72aebc65ece40e8261f9737c,6/13(火) 12:21
obsnews,県教委汚職事件　公平・公正・透明性第一の採用試験、改革推進へ　大分,https://news.yahoo.co.jp/articles/9946d86472182959ef4f6f2c4f6ff73396bf3874,6/13(火) 12:11
obsnews,「20万円を融資します」実際に現金振り込みも…40代男性が13万円の詐欺被害　大分,https://news.yahoo.co.jp/articles/80f94e40609e0edb27a00d835a4259de02301038,6/13(火) 11:57
obsnews,【交通情報】東九州道 中津IC～宇佐IC間の通行止め解除,https://news.yahoo.co.jp/articles/f324bc861e74b083e8b9b4035698dce781cf7667,6/13(火) 11:21
obsnews,セブン-イレブン25歳店長“とっさの判断”に感謝状　高齢男性から「電子マネーの種類が分からない」　大分,https://news.yahoo.co.jp/articles/77cebd833e98a0d0569d23f110d18f269303026a,6/12(月) 19:51
obsnews,大分トリニータ・片野坂知宏前監督「キーマンは野村直輝」課題は「複数得点を取ること」J2後半戦へのカギ語る,https://news.yahoo.co.jp/articles/5750037b8de4aca4ec6fcf9e66571ea8ad0184b1,6/12(月) 19:38
obsnews,「辛かったことは後輩たちに伝えるのが大切」プロゴルファー生活50周年・鈴木規夫プロ（71）大分,https://news.yahoo.co.jp/articles/4cecf1700f8ceb09e0e414c2c01c3360e1d6726b,6/12(月) 19:21
obsnews,台湾の修学旅行生15人 中学校を訪問 英語や剣道の打ち込み体験で交流深める　大分,https://news.yahoo.co.jp/articles/02bde2eb0e491791fe65bdea648dc4e8b7c10527,6/12(月) 19:16
obsnews,「人が足りない、本当に」企業と高校の就職意見交換会 “売り手市場”の傾向続く　大分,https://news.yahoo.co.jp/articles/0ed4897e7814ecd5fe18f59ef0ed541cebb919c7,6/12(月) 19:12
obsnews,市場を一般に開放「市民感謝デー」人気イベント“4年ぶり復活” 大分,https://news.yahoo.co.jp/articles/6d21ef650e04c532898544b389a3bbfae6a12fc9,6/12(月) 19:12
obsnews,「タクシー初乗り運賃」500円→550円に　7月から値上げ適用　大分,https://news.yahoo.co.jp/articles/0ce150febbe43df92d72638a540c4f200404abe0,6/12(月) 19:08
obsnews,「日田天領西瓜」が旬入り宣言 生産者は手ごたえ “コクのある甘みと独特の食感”が特徴 　大分,https://news.yahoo.co.jp/articles/5d33100de8d92113b8b3a6893aeb04e9b0334f08,6/12(月) 19:08
obsnews,「神楽女湖」のハナショウブ 現在3分咲き 梅雨を彩る可憐な花は“週末が見ごろ”　大分,https://news.yahoo.co.jp/articles/544b10d8c563ecb655bfa179d418f7296debfedf,6/12(月) 19:04
obsnews,“認知度低い”大分-ソウル直行便まもなく就航　韓国旅行2泊3日で2万4800円～東京行くより安い!?,https://news.yahoo.co.jp/articles/c86d95c329b0f4645e0b2609d5250253cfd421d0,6/12(月) 17:11
obsnews,出生数が大分県で初の7000人割れ12年連続で減少　人口の自然減9400人、戦後最多,https://news.yahoo.co.jp/articles/c2cecad3e5b2cd8a22ed739b10493364a8a29205,6/12(月) 12:02
obsnews,高校授業料の全世帯無償化、物価高で全世帯に3万円・子育て世帯に5万円支給へ　大分・豊後高田市,https://news.yahoo.co.jp/articles/2fa5c66482425ab5f18fc1a4cb8f9fa720905bfe,6/12(月) 11:56
obsnews,来週の“父の日”を前に 大分市で「牛乳（ちち）を贈ろう」キャンペーン,https://news.yahoo.co.jp/articles/1f5d206a9b4e7716c038113d5abe88be34106b5d,6/11(日) 17:36
obsnews,目の前で車にはねられ4歳の弟を亡くす… 交通安全を訴える兄弟が全国表彰「今後も活動続けたい」,https://news.yahoo.co.jp/articles/32d9dcb7a70ab6ce8e1b1c732c899ac60a3c9af3,6/11(日) 16:14
obsnews,中世の景観残る田染荘で「御田植祭」  昔ながらの田植えを体験　大分,https://news.yahoo.co.jp/articles/a75e59dafe8efc0764512d2a463e8347639bd92a,6/11(日) 15:41
obsnews,3000本のアジサイが見頃　大分・宇佐市の響山公園,https://news.yahoo.co.jp/articles/7ca3a49080d857e2d135aa9f7c8e2b3a0faeef0f,6/11(日) 15:23
obsnews,大漁のモイカやタイに大興奮! 大分・臼杵市の海岸で子どもたちが地引き網体験,https://news.yahoo.co.jp/articles/1d382629094eb5a226db9b5db2b46f5cfaae5645,6/11(日) 15:23
obsnews,次期衆院選にむけ　立憲民主党大分県連が3区候補者に古城正信氏選出,https://news.yahoo.co.jp/articles/5108a62e64539e42253ffaf9e40c8a9497186c00,6/10(土) 16:46
obsnews,食べて!知って!ほし～たけ!乾しいたけフェスタ 大分,https://news.yahoo.co.jp/articles/9ac2aea01400fd48093cea709776b8dd19498e0c,6/10(土) 16:36
obsnews,「市場」一般開放　新鮮な青果を安く提供　買い物客でにぎわう　大分,https://news.yahoo.co.jp/articles/0c4a1bb753015d92ecf26cb68b7988724278c4ac,6/10(土) 16:31
obsnews,魚の骨が喉に…ごはんの丸飲み絶対NG!正しい対処法を医師に聞いてみた,https://news.yahoo.co.jp/articles/21b1711ca73492b5e2d737f5a9f5d681e06e91c3,6/10(土) 6:02
obsnews,来春スタート「国東高校宇宙コース」地元が “専門教員の確保・寄宿舎の拡張”を要望　大分,https://news.yahoo.co.jp/articles/7587bddfec5573fcf898349326e6207a7306b059,6/9(金) 19:24
obsnews,「ジュンク堂書店 大分店」7月末に閉店へ 九州第1号店 28年の歴史に幕,https://news.yahoo.co.jp/articles/cbb4986b467a319e4eba3133a43c1a042a990d49,6/9(金) 19:21
obsnews,“昆虫活用で循環型社会の実現をめざす企業” ビジネスコンテストで最優秀賞　大分,https://news.yahoo.co.jp/articles/24f5ad713abd798681174e25a0421863a55260b7,6/9(金) 19:21
obsnews,“最多の交通事故発生交差点” 県警・国交省「道路環境・信号の点灯時間」の点検始める　大分,https://news.yahoo.co.jp/articles/20fd1377a6e46e4447386a1d4f403488ef1cac9b,6/9(金) 19:18
obsnews,「ミヤマキリシマが見ごろ」 山はだを染める“ピンクの花びら”　大分・くじゅう連山,https://news.yahoo.co.jp/articles/4a1c712cbbe74ed383177c170c80f9121e6370d1,6/9(金) 19:16
obsnews,「過去と今の自分に勝った…」不登校から救ってくれた絵の世界 学びながら描く女子高生,https://news.yahoo.co.jp/articles/86de6b5dc5f042a40debfbe7bafcc4d730507974,6/9(金) 13:57
obsnews,1/100ミリ単位で正確に削り…高校生ものづくりコンテスト　大分,https://news.yahoo.co.jp/articles/8cbe391494ee37eb7cfdde6138cc4109da3d6eab,6/9(金) 12:22
obsnews,自転車の鍵かけは二重に!盗難の7割が無施錠　6月9日（ロックの日）に警察らがワイヤー錠を約250個配布,https://news.yahoo.co.jp/articles/5528813dced328cdf0a12d93433931b8137a1f70,6/9(金) 12:14
obsnews,柔道期待の新星　宇佐支援高等部の佐藤雅選手　大分県高校総体で大金星,https://news.yahoo.co.jp/articles/ae88a8e80f10a2e8fd64541cede3b458cc3859ca,6/8(木) 18:57
obsnews,足場倒壊、杭打ち機の転倒…工事現場で事故相次ぎ緊急パトロール　大分,https://news.yahoo.co.jp/articles/c584a327e6dbee5ec99f260bd4b168d1d5e357f0,6/8(木) 18:51
obsnews,由布院温泉に高級ホテル「ENOWA YUFUIN」オープン　自然や食の体験をコンセプト　富裕層・インバウンド狙う,https://news.yahoo.co.jp/articles/6ff9efc1b5cd2c26ac3ded5502c1a6f542c4b6e2,6/8(木) 18:48
obsnews,「見た目のインパクトは抜群」大阪で連日即完売 話題の “漆黒のケーキ”初上陸　大分,https://news.yahoo.co.jp/articles/c63f5cb4a638d2778999eb76c34f3b751b9beeb5,6/8(木) 17:04
obsnews,放置竹林が深刻化…未収穫農作物「タケノコ」 学生が収穫、商品化　伊勢丹で販売開始,https://news.yahoo.co.jp/articles/920fe72a1c494184687c0b4db1442221556e3e2a,6/8(木) 16:59
obsnews,「牛さんも結構大変だなぁ」小学生が乳しぼりに挑戦 体験授業“モーモースクール” 　大分,https://news.yahoo.co.jp/articles/0fa4a03b42022e35afe9f06fddeac54adaa4569b,6/8(木) 16:44
obsnews,「農業はきつい、休みがない」トマト生産現場を効率化　給料も安定…家族経営から大規模農園に,https://news.yahoo.co.jp/articles/716f98bdf7c5fab1b8cdd1b413aae3e940ee018b,6/8(木) 16:08
obsnews,完全個室「プライベートサウナ」注目のワケ　屋上、旅館…絶景を望みながら整える,https://news.yahoo.co.jp/articles/54373e87569d4538c7348d7492d85f5975a25c33,6/8(木) 14:44
obsnews,台風3号の進路予想　梅雨前線活発化で九州で激しい雨に注意　9日は天気回復,https://news.yahoo.co.jp/articles/7130dc5133ca0ef7424a780f6cf7516fc72815db,6/8(木) 13:21
obsnews,「サッカー天皇杯」大分ダービー ヴェルスパが制す,https://news.yahoo.co.jp/articles/d632260b6ee6924733fcd667d70e527555b3d83a,6/8(木) 12:08
obsnews,清掃活動を続ける川に“450匹のホタル乱舞”APU学生と地元住民が観賞会　大分・別府市,https://news.yahoo.co.jp/articles/0dbac4ac948e1c540ff014ebb8b00565ade093e5,6/8(木) 12:08
obsnews,梅雨前線活発化 夕方にかけ激しい雨に注意 北部・西部は9日朝にかけて“大雨警報”発表の可能性 大分,https://news.yahoo.co.jp/articles/adaca40a981d36e88fda806d3d79228e19b15180,6/8(木) 12:06
obsnews,ウクライナ・ジトーミル州から避難の家族4人　ポーランド経由で帰国へ　大分・日田市,https://news.yahoo.co.jp/articles/eb48953cd60b64eb1eb6cd757175c24cdd5e02ae,6/7(水) 18:36
obsnews,「会えると思っていなかった…」聴覚障害のウクライナ人夫婦　約9か月ぶりの再会喜ぶ,https://news.yahoo.co.jp/articles/38a3a53f7f5c815f8ada4fc3cc47f43ec5f71b09,6/7(水) 18:31
obsnews,新型コロナ 大分県内の感染者数1医療機関あたり2.97人 前週より増加　小児の夏風邪に注意,https://news.yahoo.co.jp/articles/7925854aa9154a4a48b7057cfc7dcf49d247b37e,6/7(水) 17:34
obsnews,「被災者が前向きになれる活動が重要」 大雨に備え高校で防災授業　大分,https://news.yahoo.co.jp/articles/d4cf097e6b6691bc03a599734d64b534793399a7,6/7(水) 17:32
obsnews,大分市中学校総合体育大会が開幕　17競技で熱戦,https://news.yahoo.co.jp/articles/dca9fae4799e9457f6f4df69f8834a044d230573,6/7(水) 17:27
obsnews,「統一地方選」 買収・投票偽造 5事件で26人摘発「参院補選」文書掲示で3件警告　大分,https://news.yahoo.co.jp/articles/5404154bf7bb786e287523d0179f5df6985a9622,6/7(水) 16:46
obsnews,「単独で下山中 道に迷った」くじゅう連山で66歳男性遭難 防災ヘリ 携帯電話位置情報で発見救助 大分,https://news.yahoo.co.jp/articles/3707c8c3f13dea1625971db39c5703c70d2d39e5,6/7(水) 16:16
obsnews,大分空港の宇宙港計画　佐藤知事「早期実現は厳しい」　提携の米企業が経営破綻…県民からも不安の声,https://news.yahoo.co.jp/articles/de87c866d2389ca01e22448b1cd83b9759b42e03,6/7(水) 15:18
obsnews,旬入り!特産の「ハウスかぼす」収穫始まる “果汁たっぷり夏バテ予防効果” 　大分・竹田市,https://news.yahoo.co.jp/articles/91ba53d36939d2b4d0a45905fc9a1b3bb03141d3,6/7(水) 14:46
obsnews,「食べる楽しみ、作る楽しみを」食育プログラム　園児がおにぎりづくり挑戦,https://news.yahoo.co.jp/articles/5f61ad3aa5014deefa6ebda05ad5f050c503c41d,6/7(水) 14:21
obsnews,「心のふる里人形展」始まる 170体を展示 県出身の作家が “日本の原風景” 表現　大分,https://news.yahoo.co.jp/articles/da4ff977b45bdd12e20e1d540a4330587fc10a0e,6/7(水) 12:11
obsnews,小学生が旬を迎えた地元の特産 “ビワの収穫体験” 49人が60キロを収獲　大分,https://news.yahoo.co.jp/articles/468d44a2ab073823cb0fc87eb823a151f55018ac,6/7(水) 12:08
obsnews,「娘を捜している…」雨の中、道路に飛び出してきた女性　車から見つけた会社員2人のとっさの判断,https://news.yahoo.co.jp/articles/8932418225f7f77476444dca94558e03eeaa805a,6/6(火) 20:09
obsnews,コンビナートの特別査察　「危険物安全週間」にあわせ大分市消防局が実施,https://news.yahoo.co.jp/articles/4e7a27833a27b286e9a9f4ce323d5f18d4b82f7f,6/6(火) 18:59
obsnews,食をいかしたまちづくり　臼杵の食文化について学生が研究を開始　大分,https://news.yahoo.co.jp/articles/b4f13ea7c385793153732ca587ccc9672d1042bc,6/6(火) 18:58
obsnews,別府市中学校総合体育大会が開幕　13種目で熱戦　大分,https://news.yahoo.co.jp/articles/66bb1c2895c1dccc4c794f92a58432161b2f34c2,6/6(火) 18:56
obsnews,県に納入予定のホーバーが試験中にトラブル　人為的ミスでリフトファン破損　開業遅れる可能性も　大分,https://news.yahoo.co.jp/articles/0889358b251eac51da8255d64926bc34f71a9ccd,6/6(火) 18:51
obsnews,住宅街の水路に“エイ”　川にいるのはなぜ?　尾にある「毒」に注意,https://news.yahoo.co.jp/articles/1bb7d7593148ab7d0f42d01d28a39e5c056e8bc6,6/6(火) 18:44
obsnews,演習場外の町有林でドローン発見 陸上自衛隊が偵察訓練中に紛失　大分・日出生大演習場,https://news.yahoo.co.jp/articles/c505dd50ac940a80529b54bdbbd1afd3ba0c479d,6/6(火) 17:01
obsnews,「こども園の送迎バス」に“安全装置導入” 9割が6月末まで完了予定 国が設置義務化 大分,https://news.yahoo.co.jp/articles/4f4e52060f069d230cdc6c1f5f7d9660f2ae11a0,6/6(火) 16:03
obsnews,鉄輪温泉で体を温め食で整える　体験イベント「蒸し通りずむ」開催　大分・別府市,https://news.yahoo.co.jp/articles/88983914c8c9fce6ecc6ac369a20cb91678eb87d,6/6(火) 13:56
obsnews,「排水管や爆弾の破片など7点初公開」 伝える戦争遺構 宇佐平和資料館 開館から10年 大分,https://news.yahoo.co.jp/articles/253019a7d6f73cdd2240eadf42bc0bcd9ec4ce8d,6/6(火) 12:29
obsnews,陸上自衛隊がドローン紛失「偵察訓練中 風にあおられ操縦不能」 大分 日出生台演習場,https://news.yahoo.co.jp/articles/eb8cdc84b5573219a5de9e96a19ae11be566007d,6/6(火) 11:08
obsnews,土砂災害のおそれがある区域を点検　応急措置が必要な箇所なし　大分,https://news.yahoo.co.jp/articles/b189d503aec6a33bd41c0d91b32a1b0df12423d1,6/5(月) 19:26
obsnews,大分県高校総体バレーボール　女子は東九州龍谷が23連覇　男子は大分南が3回目の優勝,https://news.yahoo.co.jp/articles/f921a135b51e96d2b0212ee1308e55090ea31e67,6/5(月) 18:53
obsnews,大分県高校総体女子サッカー柳ヶ浦が延長戦制し優勝,https://news.yahoo.co.jp/articles/76b8acafde9d6eff9c0a1371f821a8581b6c630c,6/5(月) 18:51
obsnews,大分県高校総体ラグビー決勝　東明が舞鶴に6トライで圧勝　ライバル対決制す,https://news.yahoo.co.jp/articles/4519222e94719b2ee76892babe02d7c2b93b9510,6/5(月) 18:46
obsnews,「大分にまた来ようかなと思わせる」大分駅前に大型ビジネスホテル計画　貸会議室最大手TKP河野貴輝社長（大分市出身）インタビュー,https://news.yahoo.co.jp/articles/a0ac07978dafa35a774f1b29d492106bd4507181,6/5(月) 18:42
obsnews,「畳や工芸品にしたい」七島イの植え付け　小学生が体験　大分,https://news.yahoo.co.jp/articles/3e316c36ef6c5bbd391cbdcb6510ce7d0618f002,6/5(月) 18:18
obsnews,アジアゾウの赤ちゃん一般公開始まる　サファリで10年ぶり誕生　大分,https://news.yahoo.co.jp/articles/53450d497e5e5a1e344db4eacc91187cdca435bf,6/5(月) 18:11
obsnews,女性のバス運転手を積極採用　免許取得費用を会社負担…ドライバー不足解消へ,https://news.yahoo.co.jp/articles/1ed258a3528d20d23660dd39e2a26ae45c500450,6/5(月) 18:04
obsnews,「パパママと食べたい」幼稚園でサツマイモ植えとジャガイモ収獲を体験　大分,https://news.yahoo.co.jp/articles/2f54aa89f215919439738535eadfffbddd60706b,6/5(月) 17:41
obsnews,壊れたおもちゃを無料修理　「大分おもちゃ病院」OBSで初開催　今後毎月“開院”,https://news.yahoo.co.jp/articles/716bf7c90bd1f6d565023f3784b5276c154fc762,6/5(月) 12:23
obsnews,「被害者の声を届けたい」旧優生保護法の電話相談会　大分弁護団,https://news.yahoo.co.jp/articles/c3d2e757ba60fb9a6cc04d701863e7d7ad0285c1,6/5(月) 12:16
obsnews,豊後高田市が全世帯対象に高校授業料を無償化へ　大分,https://news.yahoo.co.jp/articles/21a47e5de0702ad48a18b2d818a4ebb3fd539808,6/5(月) 12:14
obsnews,闇夜に広がる乱舞の光景　国東市で4年ぶりのホタルまつり　大分,https://news.yahoo.co.jp/articles/4965c889bf798dc1e813145701c699ffe151f975,6/4(日) 18:34
obsnews,大分トリニータ　ヴァンフォーレ甲府とホーム戦　5試合ぶりの勝利,https://news.yahoo.co.jp/articles/54347b2b592c843c02d37fafd3b81e353032d7ac,6/4(日) 18:32
obsnews,田ノ浦ビーチで障害ある子どもたちと三重ホンダヒートの選手が清掃活動 　大分,https://news.yahoo.co.jp/articles/794905ddc9440348b0f1fb19a879b48d66559302,6/4(日) 18:29
obsnews,貸会議室最大手のTKPがJR大分駅前で大型ビジネスホテルを計画,https://news.yahoo.co.jp/articles/7e2a336bfad477d44dc0cd13a1f47dcb96eef645,6/3(土) 16:48
obsnews,梅雨の晴れ間!大分県大分市の小学校で運動会,https://news.yahoo.co.jp/articles/fbc4c2543ecb1ce1480b3f3442812855ce7a27c2,6/3(土) 16:39
obsnews,大分県佐伯市に養殖ブリ加工処理施設 開設へ　来春稼働予定,https://news.yahoo.co.jp/articles/5ea3843e9f70ea01ed98d64ac47914045d03ccaf,6/3(土) 16:36
obsnews,大分県竹田市の小学生が「友情の蛍」贈呈,https://news.yahoo.co.jp/articles/bb85e4131137493383d9280f745ce15e3a36483b,6/3(土) 16:32
obsnews,パスポート発行件数今年に入り5月末で6709件 去年の5倍 海外旅行熱高まる 　大分,https://news.yahoo.co.jp/articles/e0e60c42c89b2430bc4d3c7338d05653a585a630,6/2(金) 19:24
obsnews,各地で梅雨空広がる…雨の1日 台風2号の影響特段なし 3～5日は梅雨の晴れ間広がる 大分,https://news.yahoo.co.jp/articles/4391e5c62bd346aae6e5834fc6bd8077643c0493,6/2(金) 19:21
obsnews,スポーツと文化の融合!「県高校総体開会式」レゾナック武道スポーツセンターで初開催　大分,https://news.yahoo.co.jp/articles/20cf01c348e889364814d57707f74ab3f72b07cf,6/2(金) 19:21
obsnews,「江戸時代の“浜の市”の絵図」など1500件 デジタル化してWeb上で初公開 大分市の今昔,https://news.yahoo.co.jp/articles/fb29803ce98c071b3edd87bf5982afc118ca52ab,6/2(金) 19:19
obsnews,梅雨前線の影響で激しい雨のおそれ土砂災害・低い土地の浸水、落雷・突風に注意　大分,https://news.yahoo.co.jp/articles/ab5ee8c1fe57a7ef5276160689f719042840b321,6/2(金) 12:14
obsnews,大分大学 理工学部に「女子枠」を新たに設置 募集人数は知能情報システムなど 6コース13人,https://news.yahoo.co.jp/articles/5ab18102807ef003f3cafc92d0117fdc5cb4e485,6/2(金) 12:06
obsnews,器物損壊の疑いで逮捕の消防士「事件当日は休み」消防本部が謝罪　大分,https://news.yahoo.co.jp/articles/cd70282645767f9331bbcaa6947cbb0abd6783be,6/1(木) 22:29
obsnews,42歳の消防士の男 弁護士所有の乗用車のリアガラス破壊 器物損壊の疑いで逮捕  大分,https://news.yahoo.co.jp/articles/b75e9610dc7f154e3002a258913cd46490d46959,6/1(木) 19:38
obsnews,“オペレーターが高齢者に直接電話” 手口伝え注意呼びかけ 「特殊詐欺被害防止コールセンター」開設　大分,https://news.yahoo.co.jp/articles/21988f5c5bf858709d7ea2c28bb2c06e38fe5a0b,6/1(木) 19:24
obsnews,「納得できない」ムスリム土葬墓地計画 反対する予定地隣接の自治体住民 町長に公開質問状　大分,https://news.yahoo.co.jp/articles/2796290eace868dad57de81f200b49d534c00a72,6/1(木) 19:24
obsnews,【台風2号最新情報・気象予報士解説】梅雨前線刺激で大雨のおそれ 2日夕方まで土砂災害に警戒を　大分,https://news.yahoo.co.jp/articles/63b86f847f0640d7e6f75cd6f7102246b0f21d4f,6/1(木) 19:24
obsnews,【台風2号接近】大分県内は2日非常に激しい雨のおそれ 土砂災害に警戒 低い土地の浸水・河川増水に注意,https://news.yahoo.co.jp/articles/6213d5f4a1bda47ed36dd577fbc3013865c0836c,6/1(木) 19:21
obsnews,「この機会に声を上げて欲しい」旧優生保護法をめぐる被害 6月5日弁護団が電話相談会実施へ　大分,https://news.yahoo.co.jp/articles/3c060231dd19d0cab64979e2937668dd2ea785fd,6/1(木) 17:59
obsnews,原料は“使い終えた食用油” 家庭ごみを地域の燃料へ「油田プロジェクト」好調な滑り出し 大分,https://news.yahoo.co.jp/articles/80234959cdb39dfcb328ec9faa18135e06fca9d1,6/1(木) 15:43
obsnews,27階建てタワーマンション建設へ　JR大分駅前の再開発事業　既存建物の解体工事始まる,https://news.yahoo.co.jp/articles/5d8fad90236f2c8465ffb6e0b7e87fbc92eb3d49,6/1(木) 12:08
obsnews,水難事故を想定に訓練　4年ぶり本格的に消防が実施　大分,https://news.yahoo.co.jp/articles/e0540cc5d8c5b8d931960979c577495ee8d4443c,6/1(木) 12:02
obsnews,「汚染が我々人間に返ってくる」環境月間で不法投棄ゼロ呼びかけ　大分,https://news.yahoo.co.jp/articles/887d58f2442058a8221b53f6fcaf451395e9a70b,6/1(木) 11:51
obsnews,JALのCAが由布市観光大使らに“身だしなみ・表情の作り方” 「おもてなしの極意」を伝授　大分,https://news.yahoo.co.jp/articles/dd29ff6c10066adefa5fba4ccbb506e40d9b9a36,5/31(水) 19:09
obsnews,新型コロナ大分県内新規感染者 28日までの1週間134人 定点比較は前週より減少も依然2人超え,https://news.yahoo.co.jp/articles/944b4bd216486d17f3ca4fc65cdad8fc63a77ecf,5/31(水) 19:01
obsnews,「もう勘弁してほしい」また値上げ…6月もスナック菓子やガソリンなど3600品目対象,https://news.yahoo.co.jp/articles/157d9b4610a2b4bee4b5246bc6bd5d5e868f248f,5/31(水) 19:01
obsnews,コツメカワウソ「あずきちゃん」笑顔の表情づくり トレーニングに一生懸命　大分市・うみたまご,https://news.yahoo.co.jp/articles/0eaa89f387edb6f80fbddaddbdb943dc7109489e,5/31(水) 18:59
obsnews,台風2号の影響2日にかけて梅雨前線の動きが活発化 大雨と土砂災害に注意　大分,https://news.yahoo.co.jp/articles/5a2f0b67bb1d8d69fcb0132acf9846e80a964bf1,5/31(水) 18:56
obsnews,べにはるか使用の「いも天」　道の駅さがのせきで一番人気のテイクアウトメニューに　大分,https://news.yahoo.co.jp/articles/5b4caeecfccf5d5208d595d175819d1cd0c2f1c1,5/31(水) 14:46
obsnews,独特の空気感がある“面接復活”でうまく話せるか不安広がる コロナ禍で変化 「学生の就職活動」,https://news.yahoo.co.jp/articles/90e7b31f6f00a94e3bd9adf72d641a4c5d6a17e5,5/31(水) 14:27
obsnews,工事関係者の車2台から現金入り財布を盗んだ疑い　61歳男を逮捕　大分,https://news.yahoo.co.jp/articles/cb3d7d2437d46be4c52ee32d1916b41c9268e472,5/31(水) 14:21
obsnews,梅雨前線や台風2号の影響で断続的に雨　落雷や土砂災害に注意　大分,https://news.yahoo.co.jp/articles/b60b4f5a95e984516d259168989c7fbd333e6ec8,5/31(水) 12:04
obsnews,「世界禁煙デー」成人の喫煙率16.5％　禁煙と受動喫煙の防止を呼びかけ　大分,https://news.yahoo.co.jp/articles/89e9da5289130f6f0b1ce0579754aa6128a1491c,5/31(水) 12:02
obsnews,大分県4月の有効求人倍率「1.43倍」　2年4か月ぶり下落,https://news.yahoo.co.jp/articles/01b60124ecfb2a726364e3cb374c7c7344c4ab6c,5/31(水) 11:51
obsnews,9海水浴場の水質問題なし 「田ノ浦ビーチ」や「住吉浜リゾートパーク」など6か所 最上位のAA　大分,https://news.yahoo.co.jp/articles/8eaab91f1db7380b1bed18010b3e5d00157b1abd,5/30(火) 19:21
obsnews,【2024年度 県立高校一次入試】来年3月5日・6日に実施　大分,https://news.yahoo.co.jp/articles/3f0cff4ecc717e284a347f3662b06dbb725e9263,5/30(火) 19:18
obsnews,「柳ヶ浦高校女子柔道部」を県民表彰 全国高校柔道選手権 団体戦で優勝　大分,https://news.yahoo.co.jp/articles/90e1f2d00606136d30568c52f58955e9cf10899b,5/30(火) 19:18
obsnews,詐欺被害防止 パソコン上の警告表示では個人情報盗まれずキーボード左上のエスケープキーで画面を元に戻すこと,https://news.yahoo.co.jp/articles/3348413a7d94ae86cc4de70420406446590bfbb0,5/30(火) 19:16
obsnews,台風2号近づく 梅雨前線の影響で非常に激しい雨 竹田・豊後大野・中津3地点で5月の観測史上最大　大分,https://news.yahoo.co.jp/articles/3a8ae220aaa70eaf5c346153a0f590b4a716a1b6,5/30(火) 19:13
obsnews,中学校の昼食時間に『君が代』放送　曲を流した生徒に「ふさわしくない」教師が指導　大分,https://news.yahoo.co.jp/articles/82dc62ed29d902a9a9ff3ead0711f0eed7f48a91,5/30(火) 19:01
obsnews,【ChatGPT】「AIに“使われる”ではなく活用を」高校で特別授業 2時間でwebサイト作成に挑戦　大分,https://news.yahoo.co.jp/articles/632b0fd87b50cff7c2883bf560604591a39c932b,5/30(火) 17:59
obsnews,川の増水や道路の冠水を想定　警察が孤立者の救助訓練　大分,https://news.yahoo.co.jp/articles/878f3b23aa16366afc44c998c7478e0cfed7967a,5/30(火) 15:31
obsnews,すいかの新品種「羅皇ザ・スウィート」　桃と同程度の甘さ…ジェラートも登場　大分・日田市,https://news.yahoo.co.jp/articles/1da239c32f9daf225b494cfef1f33b655e20713d,5/30(火) 14:46
obsnews,【交通情報】JR豊肥本線　雨の影響で犬飼駅から宮地駅の間で運転見合わせ,https://news.yahoo.co.jp/articles/8bf5df7903cc30eba68a9fcaf040a0ea3a9a69a3,5/30(火) 13:01
obsnews,梅雨前線の影響で激しい雨　観測史上最大の降水量も　大分,https://news.yahoo.co.jp/articles/c37544746985ec59c55b4bd2b4e4fc3d1df358b4,5/30(火) 12:11
obsnews,自転車の指導取り締まり　指導・警告55件　半数以上がヘルメット未着用　大分,https://news.yahoo.co.jp/articles/23088c263998b3e9fc84fa81497cfe2e2737edac,5/30(火) 12:06
obsnews,「ごみゼロの日」街なかで清掃活動　NTT西日本グループが全国一斉に実施　大分,https://news.yahoo.co.jp/articles/981e943f4b94438698dc662b7fdb88fdba07fa20,5/30(火) 11:59
obsnews,専門学校の生徒27人 園児に歯みがき指導 6月4日から「歯と口の健康週間」 大分,https://news.yahoo.co.jp/articles/9ff252f94b74edaf2ff2f8c1500a60594762cb4d,5/29(月) 19:31
obsnews,日本の夏の原風景「ホタル観賞会」暗闇に舞う ほのかな光に魅せられて 大分・宇佐市,https://news.yahoo.co.jp/articles/9eaba6f627b6720320c8d726e85b6109eefb3e88,5/29(月) 19:29
obsnews,【ドローン映像】くじゅう花公園 パステルカラーの花のじゅうたん広がる　大分・竹田市,https://news.yahoo.co.jp/articles/4a40fdd83af36cf8b161d684c2cc8b0b9e501a93,5/29(月) 19:27
obsnews,市街地を縦横無尽…別府でサル目撃 近づいたり目を合わせたりしないよう注意!　大分,https://news.yahoo.co.jp/articles/0cf83099f47cd584337cba1da91978fb9afbde61,5/29(月) 19:27
obsnews,大型で非常に強い台風2号の今後の動き 非常用品の備え・避難所の確認は今のうちに,https://news.yahoo.co.jp/articles/bdef14a4d3c4f532e42f84b4e17271345f194419,5/29(月) 19:24
obsnews,新型コロナ モデルナ製ワクチン 3万8千回分廃棄処分 使用期限迎える　大分,https://news.yahoo.co.jp/articles/afd4fd29021d2460c9bf086e059e1cd907ab3ff1,5/29(月) 19:24
obsnews,「苛立ちがどうしても警察に…」ひき逃げで息子を亡くした母親が胸の内明かす　指名手配・八田與一容疑者の情報提供呼びかけ,https://news.yahoo.co.jp/articles/7b8bee1ef0c40c03dd1404c7b0b66d69885bc009,5/29(月) 16:31
obsnews,宇宙開発に挑む企業「デンケン」 創業は電気工事から…成長を続ける戦略とは,https://news.yahoo.co.jp/articles/94f3c6235457e98097dea2803881f7f451391915,5/29(月) 13:08
obsnews,「大分七夕まつり」今年も通常開催　山車14基出場の倍増　8月4日から3日間,https://news.yahoo.co.jp/articles/07e06b53e00fae724d1b0e3e80387aa2841646ce,5/29(月) 12:09
obsnews,九州北部が梅雨入り　平年より6日、去年より13日早く　1週間くもりや雨が続く見込み,https://news.yahoo.co.jp/articles/299886e6c31d22bb52b296465e17b0040ac8c044,5/29(月) 12:06
obsnews,温泉街でマリーゴールド1680本の苗植え　大分,https://news.yahoo.co.jp/articles/73bb35b70eb3921a39345bb7031f09bc26f184ef,5/29(月) 12:02
obsnews,「蜂の巣城」住民らの反対活動経て完成　松原・下筌ダム50周年感謝の集い　大分,https://news.yahoo.co.jp/articles/c244a8f54b6a2aa1c03008035668ba552e6f4b26,5/28(日) 17:56
obsnews,大分いこいの道10周年記念イベント　家族連れでにぎわう,https://news.yahoo.co.jp/articles/79bb48e334d54aedd152e5a42eb1428d53c1f83c,5/28(日) 17:31
obsnews,サッカーの魅力を体感!竹田市でスクール体験会　大分,https://news.yahoo.co.jp/articles/67a2f0ac7bc308bcf3cedcdce34625890b5d1ce9,5/27(土) 17:09
obsnews,声出し応援も復活!大分市の小学校で運動会,https://news.yahoo.co.jp/articles/ce7eba89ffe2a6339ce1ba9ff615a53611c3fdc8,5/27(土) 17:06
obsnews,参拝者への梅干しや梅酒に　大分県護国神社で梅の収穫祭,https://news.yahoo.co.jp/articles/3d370671e58dd168a575f47b4b8b5c5c3efb7e11,5/27(土) 16:57
obsnews,4年ぶりの通常開催!ゆふいん温泉まつり　大分,https://news.yahoo.co.jp/articles/cbdf1e7c226fc66287b4f80c2d9eb8f4b3679894,5/27(土) 16:46
obsnews,【詳報】大学生2人死傷ひき逃げ事件　八田與一容疑者の新たな防犯カメラ映像や遺留品　みえてきた逃走経路,https://news.yahoo.co.jp/articles/b2e6b7c9f731bec4b7111f5c819f7acd1ff76be4,5/26(金) 19:48
obsnews,ビル解体現場で足場が倒壊　道路や歩道ふさぐ　けが人なし　大分,https://news.yahoo.co.jp/articles/df11a412e1b713c860064219a09233e5f6b15048,5/26(金) 18:53
obsnews,高崎山のB群新ボスザルに「ゴロー」　元カノで初の“女帝”「ヤケイ」からトップを奪う,https://news.yahoo.co.jp/articles/31890d72af94b6d4858dfb63da0ed5be75cd7f32,5/26(金) 18:41
obsnews,中学校で体育大会　運動場に4年ぶりの大歓声響く　大分,https://news.yahoo.co.jp/articles/6dd7fecf09afa1649b94cfd34e67bd062694ecd9,5/26(金) 18:34
obsnews,日田市医師会　新型コロナ感染者全数発表「状況わかり対策や予防ができる」　大分,https://news.yahoo.co.jp/articles/cfc3260e8b4f41b0ea7be464f47b1d4694af737e,5/26(金) 18:24
obsnews,「レンタルタオル」好調　飲食店の売上3倍以上も…酒店ピンチ「一升瓶が不足」需要回復で供給追いつかず,https://news.yahoo.co.jp/articles/1cb37c83efc8d166ae184c26429c6c228185d95f,5/26(金) 17:56
obsnews,グランドゴルフ大会で心地よい汗 20代から90代が参加 4年ぶり開催　大分・日田市,https://news.yahoo.co.jp/articles/2ea47118e3fc96bf444925eaac082c425c5d7b6f,5/26(金) 16:08
obsnews,ひき逃げ死亡事件　公開手配中の八田與一容疑者　知人撮影の動画、新たな防犯カメラの映像を公開,https://news.yahoo.co.jp/articles/11adad119bfbf653c1323ac5e124560f479731c2,5/26(金) 15:59
obsnews,国内初の液化天然ガスを燃料「さんふらわあ くれない」タンクローリーによる供給を公開　大分,https://news.yahoo.co.jp/articles/b93550c91a6feda665dff63a7d0421712a285898,5/26(金) 12:14
obsnews,消防隊員の救助技術向上へ 県内14の消防本部の精鋭211人 8種目で競い合う　大分,https://news.yahoo.co.jp/articles/869c4bb380a139f9446fff6a557a60ff20273ad9,5/26(金) 12:14
obsnews,瀧廉太郎の没後120年記念 子どもたちに演奏を披露したことが記された日誌初公開　大分,https://news.yahoo.co.jp/articles/a4b16e533fdbc015dd4ecf3a38359c7b71426c36,5/26(金) 12:11
obsnews,別府ひき逃げ事件 逃走中の八田與一容疑者の黒いTシャツ・スリッパ・靴・バッグ公開【遺族コメント全文】,https://news.yahoo.co.jp/articles/7be830c36dc82d43afb41c1ed289e0303d4f3aea,5/26(金) 10:06
obsnews,「線状降水帯」発生情報を最大30分早く発表　気象庁,https://news.yahoo.co.jp/articles/d9760b45cb23084d1e07f106a7ea76d0dce5b678,5/25(木) 19:04
obsnews,通学路に潜む“危険”を点検　登下校中の交通事故防止へ,https://news.yahoo.co.jp/articles/e233096933ce802c4724bbf75caf73b0f875db5c,5/25(木) 18:44
obsnews,「保存に対する消極的な姿勢が定着」裁判記録廃棄で調査結果を公表　最高裁が謝罪,https://news.yahoo.co.jp/articles/bec31538359989c6438e0c6d9a21ddfe47d8bc81,5/25(木) 18:34
obsnews,和食の基礎を学ぶ　食物栄養科の学生が定食づくりに挑戦　プロの料理人指導　大分,https://news.yahoo.co.jp/articles/a2931d6cd9a13ddcb6a924203f301e208b103889,5/25(木) 17:53
obsnews,「空き家問題」リフォームして民宿に　自治会でパトロール,https://news.yahoo.co.jp/articles/8771d5e0c8d777d42c2ef3f401917e74a5b21ead,5/25(木) 16:21
obsnews,高校生に自転車運転のマナーアップ呼びかけ 6月は児童・生徒の事故が多発　大分,https://news.yahoo.co.jp/articles/01b1fb16bc9171185251c07919d03c212175dd8e,5/25(木) 12:04
obsnews,別府ひき逃げ事件 八田與一容疑者の黒いTシャツ 現場から2キロ離れた海岸で発見　大分,https://news.yahoo.co.jp/articles/ca4333dafe60e23ee97090bfd84759e0f5fd4e76,5/25(木) 11:46
obsnews,県庁舎に「緑のカーテン」　ゴーヤの苗ベランダに設置　大分,https://news.yahoo.co.jp/articles/1fc2a290524c68e4d08c0fc0f6b24ba1b9759266,5/24(水) 19:01
obsnews,ラグビー日本代表に大分県関係から具智元選出　代表候補に伊藤平一郎,https://news.yahoo.co.jp/articles/1618e2c0b6e18b996037ea3817a18de7d4e5d24c,5/24(水) 18:36
obsnews,マイナカード誤登録　大分市で2件確認、手続き中に気づき修正　市の担当者「当時は公表基準になかった」,https://news.yahoo.co.jp/articles/ce76b2c4449d401f880ce7547f7c43280c53c5d7,5/24(水) 18:18
obsnews,新型コロナ感染者数 1医療機関あたり2.78人　緩やかな増加傾向　インフルも流行　大分,https://news.yahoo.co.jp/articles/a59e629cd9ece18415371686f300a90abd702dcd,5/24(水) 17:48
obsnews,「太鼓の達人」で高齢者が健康づくり　eスポーツクラブの高校生が指導　大分,https://news.yahoo.co.jp/articles/27e920aa60052df4ce5ca332932d173fc8c72dab,5/24(水) 17:44
obsnews,梅酒の仕込み始まる　例年に比べて大玉の梅…3年から5年後に製品化　大分,https://news.yahoo.co.jp/articles/24df961ac54a02e556cdb8f45730d9bc8ca5f8b0,5/24(水) 17:41
obsnews,男性の死因は「溺死」大分市の港内で遺体で発見,https://news.yahoo.co.jp/articles/55a6f16fb3ea4a78e033a1247728f0dde4b53730,5/24(水) 17:27
obsnews,世界最大の半導体メーカーTSMC進出　ビジネスの好機「土地購入」「観光誘致」…企業、自治体の動き加速,https://news.yahoo.co.jp/articles/6ea25e3ef43cb96adae77ae692234779e581cfc2,5/24(水) 16:58
obsnews,「熱中症患者」ゼロを目指して 予防の“出前講座”を開催　大分市が製薬会社と連携,https://news.yahoo.co.jp/articles/3951e51a0e42834f7d4a7280a2e442f306947944,5/24(水) 15:59
obsnews,抹茶づくしのスイーツ＆ドリンク カフェ「つなぐ茶屋」 カジュアルな雰囲気で楽しめる人気店　大分,https://news.yahoo.co.jp/articles/b579351af2e52ad4b4e0a7c895da322b1f1ada3b,5/24(水) 13:51
obsnews,県内一高い27階のタワーマンション建設も JR大分駅北口広場に面したエリア再開発 6月から解体工事,https://news.yahoo.co.jp/articles/6a60061a41cd92b72550d9b58f9eeadbb383e52d,5/24(水) 12:08
obsnews,救命処置の講習会　高校生が胸骨圧迫とAEDを体験　大分,https://news.yahoo.co.jp/articles/6839243bc355cf0af8b84b15b42cc1e2b85f7e28,5/23(火) 18:38
obsnews,ため池決壊に備え「遠隔監視システム」運用開始　県のホームページから閲覧可能　大分,https://news.yahoo.co.jp/articles/be6b872e75cce8a5f23d7f28b66db57f1dfac73a,5/23(火) 18:34
obsnews,県高校総体に出場する選手を応援　食物科の生徒が“エール飯” 150人分振る舞う　大分,https://news.yahoo.co.jp/articles/442302f92f0f733eff8df268f2544a8c07d11884,5/23(火) 18:34
obsnews,「黄砂」今年2回目の飛来　23日夜まで続くおそれ　衣服などへの付着や交通への影響に注意　大分,https://news.yahoo.co.jp/articles/1a0b1642727774e73a44c5f48a32237db13d8890,5/23(火) 18:31
obsnews,假屋崎省吾さん「令和の花咲じじいとして世界に名だたる花公園に」くじゅう花公園の名誉理事に就任,https://news.yahoo.co.jp/articles/a8a80b494f672f781e22069a993f04d14491056a,5/23(火) 18:21
obsnews,県内4月の宿泊者約31万5000人　9か月連続で30万人超え　大分,https://news.yahoo.co.jp/articles/7e8dda802394dbb0cc74d11651f2a2d82fd9042e,5/23(火) 17:41
obsnews,暗闇の中「物々交換」 現代版“わらしべ長者”に記者が参加「タオル」でスタート…結果は?,https://news.yahoo.co.jp/articles/b53dcd4f2b74b297fd43d705de83ff222ea13ded,5/23(火) 14:29
obsnews,テーマ「それぞれの今」 絵画・陶芸など200点展示 県立芸短大卒業生の展覧会 大分,https://news.yahoo.co.jp/articles/13c2d0181157d57a8f427c9d214c6ff3d858daee,5/23(火) 12:23
obsnews,大葉ソース、パセリカレー…大分市ブランド認証加工品「OitaBirth」トキハ本店で販売開始　大分,https://news.yahoo.co.jp/articles/654b0e9c1ccf105a850f7d01e8974d2e8979de0b,5/23(火) 12:21
obsnews,「おおいたピーマン」の旬入り宣言  今シーズン5500トンの生産見込み,https://news.yahoo.co.jp/articles/d00bf7f67dfa28c71e32c09b1f210e72270784b7,5/23(火) 12:11
obsnews,大分自動車道で観光バスがガードレールに接触 乗員・乗客 29人にけがなし,https://news.yahoo.co.jp/articles/0b11b86877c3150a5417390e3851ae9ceab3d392,5/23(火) 11:51
obsnews,「こまめな水分補給など十分な対策を」1週間で16人搬送 熱中症の疑い 大分,https://news.yahoo.co.jp/articles/4aac9f4a24bc4c2d82d544e084f44d0aa9eb751a,5/22(月) 19:21
obsnews,1位作品は「かぐや姫」がテーマ 27作品エントリー 専門学校で洋菓子コンテスト　大分,https://news.yahoo.co.jp/articles/959e5b3f6e560b1a7fe0a6254cd14bbfd33f6711,5/22(月) 19:18
obsnews,大分舞鶴が優勝 1956年秋以来 133季ぶり3回目 県高校野球選手権決勝,https://news.yahoo.co.jp/articles/756648acb90ce648dcd32201efe73fb98cb9c32b,5/22(月) 19:16
obsnews,「皆さんの力を貸してください」遺族の訴え リーゼント刑事も情報提供呼びかけ大学生ひき逃げ事件 大分,https://news.yahoo.co.jp/articles/ec27068d27bbcf72d0e9e8c30f689b9468022a18,5/22(月) 19:14
obsnews,「日田すいか」出荷始まる　糖度13度、順調に生育　販売額2億2000万円目指す　大分,https://news.yahoo.co.jp/articles/c6d22c7597075781ef38c53dbcabe0838d8d4f8e,5/22(月) 17:08
obsnews,多発地点の分析・物理的工夫の「ゾーン30プラス」で交通事故抑止へ 年間3万件発生,https://news.yahoo.co.jp/articles/2d2925c26c267a1edead732f700db7a06df2ccc4,5/22(月) 15:27
obsnews,立憲民主党県連　次期衆院選大分3区の候補者を公募,https://news.yahoo.co.jp/articles/1cddde47bab8c1a3c07376debb307b62e8972712,5/22(月) 12:08
obsnews,「体力を見極めて楽しい登山をしてほしい」山の警察隊　登山シーズンを前に結成　大分,https://news.yahoo.co.jp/articles/f296e6fbe2bcbc41471d915cecec6fc4b8d47216,5/22(月) 12:06
obsnews,マルタ・アルゲリッチさん　ショスタコーヴィチ「ピアノ五重奏曲ト短調」披露　聴衆を魅了,https://news.yahoo.co.jp/articles/cc2489214760493e51e62be57cf18b2765473da8,5/22(月) 12:04
obsnews,自分の運転レベルの確認を　ベテランドライバー対象の講習会,https://news.yahoo.co.jp/articles/d6ffa66ac68bd7fff5ff2e698576c06349d7d860,5/21(日) 18:29
obsnews,J2九州ダービーでトリニータがホームで長崎と引き分け,https://news.yahoo.co.jp/articles/693f367f472dfb6fdc8c2a9995f28f3b336b8f06,5/21(日) 18:27
obsnews,全国大会出場かけ腕前競う!そば打ち名人九州予選会,https://news.yahoo.co.jp/articles/3a44103bb105d222cebd7652a5f03bda90e3ee19,5/21(日) 16:53
obsnews,1400年以上の伝統　暗闇の中で物々交換「万弘寺の市」4年ぶり 大分,https://news.yahoo.co.jp/articles/75ced26207feda754920c90875e9c92240636bd8,5/20(土) 14:53
obsnews,近藤真彦さんが苦言「もう知ってるでしょ、隠しごとなしに正々堂々と話をしてほしい」ジャニーズ事務所“性加害”問題で,https://news.yahoo.co.jp/articles/ae401dded088f36afc66ff1f48be1758e4fd8e38,5/19(金) 18:16
obsnews,「不時着10分ほど前からエンジン出力が上がらなくなった」海上保安学校小型機事故 地元は再発防止要望 大分,https://news.yahoo.co.jp/articles/3d49dca96776b0b5cf99e8b20fdfbad834e71f00,5/19(金) 18:11
obsnews,選手に喝!大分・下平隆宏監督「開幕当初の熱量を取り戻せ」異例の1時間ミーティング【インタビュー全文あり】,https://news.yahoo.co.jp/articles/d6750170684c013e8223c501344bbac2398eb9c8,5/19(金) 18:11
obsnews,「駅員不在に不安や戸惑いの声も相次ぐ」 大分市内のJR4駅が無人化へ 遠隔案内システムで対応,https://news.yahoo.co.jp/articles/73a9965162fb14d3d365cc93a1d5a7617cc7f8b0,5/19(金) 18:09
obsnews,片言の女から「ウイルスをなくすためには…」60代男性が電子マネー3万円分の詐欺被害　「050」の不審な電話に注意　大分,https://news.yahoo.co.jp/articles/304b14de79fb5c87ae83235832afcb68933f90fd,5/19(金) 17:53
obsnews,斎藤工監督 短編映画「縁石」公開 「ドキュメンタリー感覚で撮った」舞台あいさつで思い語る,https://news.yahoo.co.jp/articles/28c4047e09ff64f8abe03c422211b84310c0eeac,5/19(金) 15:16
obsnews,【速報】大分市内4つの駅が「無人化」へ 7月1日から実施　JR九州が発表,https://news.yahoo.co.jp/articles/e0cc0a7fba1a07a4a87edb4b2dcaecd779fd43ee,5/19(金) 14:01
obsnews,ランドセルが重すぎる…平均4キロ超　商戦の注目ポイントは“軽量化” アウトドアブランドも参入,https://news.yahoo.co.jp/articles/dbe27354f11ea6e4b000b5d19bb705c0982737e1,5/19(金) 13:51
obsnews,豊後水道でM4.4の地震　愛媛で最大震度4　大分県内は最大震度3　被害報告なし,https://news.yahoo.co.jp/articles/a08c241daac85f8bc3cd334171791800fe69f46b,5/19(金) 12:36
obsnews,2000株のバラが満開　「ローズヒルあまがせ」で300品種咲き誇る　大分,https://news.yahoo.co.jp/articles/a65bac45d17b0d62e476eab908a55a58c8ce4ac6,5/19(金) 12:04
obsnews,「C7」交通安全作戦　G7広島サミット開幕で機動隊が交通取り締まり実施　大分,https://news.yahoo.co.jp/articles/2b35cadd4d0ea4db4e9f1f5f7f20425bac5bb70d,5/19(金) 12:04
obsnews,海上保安学校の小型機不時着事故　市長が原因究明求める要請書提出　大分・宇佐市,https://news.yahoo.co.jp/articles/c36c7cc889e02b9052b53e8eef60db32143f730b,5/19(金) 12:02
obsnews,「すれ違った際に笑われた」男子中学生を自転車から引きずりおろし首を絞め… 50歳の男逮捕　大分,https://news.yahoo.co.jp/articles/1291e4f5c895cacb3b75f46c10882adf8640fa01,5/18(木) 18:59
obsnews,地震がおきたら頭部の保護を最優先!「夜は布団にもぐり揺れのおさまりを待つ 日中はカバンで覆う」,https://news.yahoo.co.jp/articles/dd9606df97a6d46d3a8d9685994cd389e1319eb0,5/18(木) 18:58
obsnews,体育大会で一気に感染拡大か?大分市の私立高校でおよそ500人のインフルエンザ集団感染発生,https://news.yahoo.co.jp/articles/e912d9e057ba9b81b42fd5203fe0a671823318c7,5/18(木) 17:48
obsnews,防波堤で釣りをしていた男性 海に転落して死亡　大分・佐伯市,https://news.yahoo.co.jp/articles/6ede679f90bbf9c10fbbc79366d030809a7937f0,5/18(木) 15:38
obsnews,「クラスターが発生し死者も出た…」非難受けたカラオケ店　客に“うがい”義務付け　売り上げ戻る,https://news.yahoo.co.jp/articles/dd43d25db49eaea27d1f0dc5a6eea243161af77b,5/18(木) 14:03
obsnews,県産乾しシイタケ品評会　24年連続の日本一へ　大分,https://news.yahoo.co.jp/articles/0f8ccc39642ed7ccc6de2191c0f52d57c5f5d9aa,5/18(木) 12:04
obsnews,大分県議会議長に自民・元吉俊博氏が就任,https://news.yahoo.co.jp/articles/e0d0d5af574472b9a40a43b7b512d8e48a683f04,5/18(木) 11:59
obsnews,全国的に季節外れの暑さ 県内各地で真夏日に 高齢者3人緊急搬送 熱中症の疑い　大分,https://news.yahoo.co.jp/articles/75d1b4cbe6fcbebed904c9bdcd6e22551d6cf269,5/17(水) 19:21
obsnews,徳井義実さん短編映画制作　テーマは「人生あきらめエンタテインメント」別府温泉を舞台,https://news.yahoo.co.jp/articles/218c2f0dd5d037c35ef6ddfe7a60f42dcc7b263f,5/17(水) 19:19
obsnews,大分県の陽性者数 前週のおよそ1.4倍に増加 5類移行後初のコロナ感染状況公表,https://news.yahoo.co.jp/articles/6efa632cd00e16e762b57ecfd48d0d07e4f49e5a,5/17(水) 19:19
obsnews,「子どもは大事な宝…」交通事故や犯罪被害者の遺品が訴える生命のメッセージ展　大分,https://news.yahoo.co.jp/articles/2eb69c3f934b9a50d495c5e42bc36fbddb7366b8,5/17(水) 17:41
obsnews,J2 2位 大分トリニータ 下位・山形に0ー5で惨敗,https://news.yahoo.co.jp/articles/4b1ffe81be85e7851d49b0ee73255ad6f12ba2d3,5/17(水) 17:36
obsnews,高校部活動バスの安全運転を指導　教職員や保護者を対象にした講習会　大分,https://news.yahoo.co.jp/articles/eb2b0ad5500a66ab653544eacaa55f4ead65b891,5/17(水) 17:29
obsnews,トヨタホーム社員かたる不審電話相次ぐ 今年28件確認　70代男性が260万円の詐欺被害　大分,https://news.yahoo.co.jp/articles/15eee8724c27afc2e596019c7eff203cd7f7815e,5/17(水) 17:23
obsnews,「日本の夕陽百選」真玉海岸の絶景を眺めながら手打ちそば　新たな観光施設オープン　大分・豊後高田市,https://news.yahoo.co.jp/articles/78497f5360c76c99f83d284aa782c56cc2b3b02a,5/17(水) 16:31
obsnews,台湾の小学生と交流　3年ぶり訪日教育旅行　大分,https://news.yahoo.co.jp/articles/7ef55de5cb35b3bff6fcfa2b135f57a2f615de7f,5/17(水) 15:46
obsnews,「プラントベースフード」とは? 生産コスト、CO2削減…食材・レシピ専用サイトがオープン　売上13億円目指す,https://news.yahoo.co.jp/articles/76e16fa5e1ef32344cd42111114bac5dd640618d,5/17(水) 15:11
obsnews,合唱、給食、体育の時間「マスク外すのが恥ずかしい」多くの児童がつけたまま…着脱が差別・偏見につながらないよう指導 新型コロナ5類移行,https://news.yahoo.co.jp/articles/827670a726709699c1ff00fbca39de74fa17dbec,5/17(水) 13:46
obsnews,ジビエ処理研修施設オープン　全国から受講者受け入れへ　大分,https://news.yahoo.co.jp/articles/6efe62937eb3e2de1ff3f9f63b60c382f570ebd6,5/17(水) 12:02
obsnews,大分県内各地で午前中から30度超の真夏日に　熱中症に注意,https://news.yahoo.co.jp/articles/1839113a424e8caa5d73a42a3de43f203b178869,5/17(水) 11:59
obsnews,県立海洋科学高の実習船が座礁　船体への浸水など確認されず実習は継続　大分,https://news.yahoo.co.jp/articles/5d9b250c46e9edf622df071eb6025f2211f8381a,5/17(水) 11:27
obsnews,クリーミーな味わいが人気 夏が旬 20日から岩ガキのグルメキャンペーン 大分・佐伯市,https://news.yahoo.co.jp/articles/7f1a1792bfb885e365425affa0b642fcd7a058b9,5/16(火) 19:16
obsnews,プロスタントマンが自転車事故の瞬間を再現 中・高校生が交通安全の誓い新たに　大分,https://news.yahoo.co.jp/articles/a00ac0c7463b81892a5ff698cc5ed9061ee0d821,5/16(火) 19:16
obsnews,季節外れの高温 大分県日田市は最高気温31.3度を観測 全国で3番目の暑さ,https://news.yahoo.co.jp/articles/bdfe419c8fc385770377b17e8fe76a5a6842c949,5/16(火) 19:14
obsnews,絶滅危惧種で国の特別天然記念物 コウノトリのオスとメスが飛来　大分・湯布院町,https://news.yahoo.co.jp/articles/3debc0048fea5b996edd800675c62d2a223d4b49,5/16(火) 19:13
obsnews,県立海洋科学高校の実習船「翔洋丸」が座礁　けが人なし　大分・臼杵市,https://news.yahoo.co.jp/articles/967cfd722dba6ba947f12ef39a7d26edcd955fd7,5/16(火) 18:44
obsnews,「自ら努力しないと縁は切れる」音響スタッフから氷川きよし専属司会者に　西寄ひがしの成り上がり処世術,https://news.yahoo.co.jp/articles/01c2e20f18164866f7131127908a2530ecd66d27,5/16(火) 16:13
obsnews,空き家や古紙の集積場で火事　連続不審火か　警察が捜査　大分・中津市,https://news.yahoo.co.jp/articles/983ef2bc81f1a5fe9ee3d1dbc5ce15a4f3763d9a,5/16(火) 12:18
obsnews,不時着した海保の小型飛行機　撤去完了　大分,https://news.yahoo.co.jp/articles/7f3f0909758a2148eab9adadc9a11adc8f7d90f7,5/16(火) 11:46
obsnews,畑に不時着の海上保安庁 小型飛行機  航空事故からおよそ1か月 撤去作業始まる　大分,https://news.yahoo.co.jp/articles/e97f6d88e17be4ac41a1bd36e188460687d59cf5,5/15(月) 19:51
obsnews,白球を追い半世紀!還暦野球日本一も経験 最年長は79歳のチーム 再び頂点へ 　大分,https://news.yahoo.co.jp/articles/fc29271d04a3be1604a7c91c0f4cfc3cfa363963,5/15(月) 19:39
obsnews,「信号機のない横断歩道は歩行者優先 一時停止を」運転マナー徹底呼びかけ　大分,https://news.yahoo.co.jp/articles/26842b897220bf0bc2af86e48d7ea4570e840027,5/15(月) 19:38
obsnews,新型コロナ5類引き下げから1週間 アンケート調査「常に着用」「場面により着用」9割超　大分,https://news.yahoo.co.jp/articles/9aaacdba28f419f42eeef285006abfedec15235c,5/15(月) 19:34
obsnews,「暗号資産の話をする高齢男性に違和感」女性行員がとったとっさの判断 詐欺被害を防止　大分,https://news.yahoo.co.jp/articles/4a74591e1843d623ed7e7bb5ee94e86f46214013,5/15(月) 19:34
obsnews,修学旅行と運動会 学校イベント復活も平日や半日開催継続 コロナ禍の影響続く　大分,https://news.yahoo.co.jp/articles/9fd192aa8b233232cdc729514a1e7c067291370e,5/15(月) 19:29
obsnews,園児143人が満面の笑顔で元気に水しぶき! 大分市の幼稚園でプール開き,https://news.yahoo.co.jp/articles/bc8f025d62cb95450493c684a76b57779a148bd6,5/15(月) 19:23
obsnews,香り立つおいしいコーヒーの入れ方 ハンドドリップで日本一に輝いたバリスタが伝授　大分,https://news.yahoo.co.jp/articles/c9348003dace7715159411c54d5115164e60ed27,5/15(月) 13:48
obsnews,佐藤樹一郎大分県知事「安心元気・未来創造の実現を」 県の人事異動発令,https://news.yahoo.co.jp/articles/27019681270c44931da511df86964e1e4dea8fee,5/15(月) 12:16
