media_en,media_jp,title_articles,link_articles,date_original
htbv,HTB北海道ニュース,トレーラーが立ち往生し渋滞　軽乗用車が横転する事故も　冷え込み強まる札幌でスリップ事故相次ぐ,https://news.yahoo.co.jp/articles/747474f5a8c56c9fca5e8b649493eafe99922ea3,2/17(土) 11:42
htbv,HTB北海道ニュース,春を先取り　約１３０品種のアザレアを集めた展示会　ツツジを室内観賞用に改良　札幌の百合が原公園で,https://news.yahoo.co.jp/articles/e3934da3692f905f5b028d30fbec613e45811f42,2/17(土) 10:13
htbv,HTB北海道ニュース,北海道、新潟県と東北６県　合同でクマ対策支援を国に要請　ハンターへの手当や駆除費用など支援求める,https://news.yahoo.co.jp/articles/019447c55f8df65d5531c0ec45c4ef959a9cc597,2/16(金) 23:49
htbv,HTB北海道ニュース,気温上昇一転、小樽の住宅街には大きな雪山　歩道も埋もれ…車1台がやっとの道幅　坂の町ではスリップも…,https://news.yahoo.co.jp/articles/c551cd09f2d323fc4da6677f26abacfbfbe09579,2/16(金) 23:09
htbv,HTB北海道ニュース,札幌市営地下鉄で一時徐行運転　原因はゴム製タイヤのパンクを検知する装置が誤作動　現在は通常運行に,https://news.yahoo.co.jp/articles/5a09743dca55360fedea6b3a6da04caf3bf9495b,2/16(金) 22:44
htbv,HTB北海道ニュース,生徒のテスト結果SNSに「興味本位で知りたくて」誤送信と説明　“職員”の身分明かさず　釧路市教委,https://news.yahoo.co.jp/articles/7cf9a447be0d48aa82cb164d58c8e197de55e3f8,2/16(金) 19:44
htbv,HTB北海道ニュース,ラーメン店“ふたなめ動画”　２０歳の男性は処分保留で釈放　撮影の１６歳少年は家裁へ,https://news.yahoo.co.jp/articles/3636a740f3f28a13bb175c8c8769cf9e5e2566b1,2/16(金) 19:43
htbv,HTB北海道ニュース,大人気「全国うまいもの大会」札幌で始まる　地震被害のあった北陸の味を食べて応援も！,https://news.yahoo.co.jp/articles/afda8246631a9ebac1688b0c5bc1a14a213a7836,2/16(金) 18:32
htbv,HTB北海道ニュース,大粒の雪と横殴りの風　一時小康状態も…夜にかけ気温低下の予想　観光地の小樽の路面状況は…,https://news.yahoo.co.jp/articles/85a7673afe3a7d94603776d850d79653de009aad,2/16(金) 18:19
htbv,HTB北海道ニュース,盗み食いの瞬間を現行犯逮捕　注意された犯人の供述は「うーガウッ」と威嚇　あるモノが大好きすぎるワンコ,https://news.yahoo.co.jp/articles/980b3c935c443cb59f29c7b3b9b432f13a7cb436,2/16(金) 18:13
htbv,HTB北海道ニュース,町、遺族側　双方控訴せず　標津町職員自殺　一審の町に８４００万円の支払い命じる判決が確定へ,https://news.yahoo.co.jp/articles/571ae3bff13714d77bb14d3679e5fb24663cf508,2/16(金) 18:06
htbv,HTB北海道ニュース,雪解け一転、吹雪…三寒四温とはいえ体にこたえます…ホームセンターでは雪割グッズが人気に,https://news.yahoo.co.jp/articles/be2c8059077e588b5d42e3129762931e1f7ab898,2/16(金) 17:55
htbv,HTB北海道ニュース,衰退する地方交通…歯止めとなるか　空知総合振興局新年度予算案計上　“運転手確保”取り組み後押しへ,https://news.yahoo.co.jp/articles/437066dbd59e21b074a2ac22151aabbe5df5535c,2/16(金) 17:18
htbv,HTB北海道ニュース,原告となるためには「遺族」でなければ…行方不明の７歳の息子「認定死亡」を申請　知床・観光船沈没事故,https://news.yahoo.co.jp/articles/69153ecca0c1c51eb0f0466e31b6d62ae1f84029,2/16(金) 16:53
htbv,HTB北海道ニュース,「バレンタインジャンボ」人気の売り場に長蛇の列　去年の1等2億円まだ受け取られず…期限迫る,https://news.yahoo.co.jp/articles/b76c37af067286264c4d25e802c8431f1fb7a01c,2/16(金) 16:32
htbv,HTB北海道ニュース,「重たいですわ」久しぶりに朝から雪かき　北海道・広い範囲で真冬の寒さ　デコボコ路面にさらに雪,https://news.yahoo.co.jp/articles/33d5b7ca174d6ced34ce76a4a3c8620793e79c4f,2/16(金) 16:18
htbv,HTB北海道ニュース,北海道内でインフルエンザ感染拡大　今年はB型が流行　人流増える1月末から患者数が徐々に増加,https://news.yahoo.co.jp/articles/116e0b908b61f30fd1890103cb37c04e07f95bb7,2/16(金) 16:14
htbv,HTB北海道ニュース,北海道の雪道でも電気自動車は問題なく走れる？　中国の電気自動車メーカーが北海道に初進出　札幌市,https://news.yahoo.co.jp/articles/27d4aa39e221f0538c192a5e286cdd3ee9dacd2c,2/16(金) 16:10
htbv,HTB北海道ニュース,ボンネットを石で…６７歳の男を逮捕「体調不良でストレスがあった」容疑認める　複数被害も…札幌・白石,https://news.yahoo.co.jp/articles/31abee43af9f656da7f1d44b3265ef52687d9ab2,2/16(金) 15:29
htbv,HTB北海道ニュース,「親に家を買ってあげたい」１等前後賞合わせて３億円「バレンタインジャンボ」幸運の女神が札幌市役所に,https://news.yahoo.co.jp/articles/71f86888102823dd382910e7d102c3667bf08d70,2/16(金) 12:08
htbv,HTB北海道ニュース,「せっかくとけたのに」気温一気に↓　１６日の北海道は広い範囲で真冬日の見込み　凍結路面に注意,https://news.yahoo.co.jp/articles/62db7b2aab5f8e3ea1140c04db4ec73621896dcb,2/16(金) 12:03
htbv,HTB北海道ニュース,「母は生きている」遺体は逮捕された女の母親　札幌市東区マンション白骨化遺体　生きていれば９０歳,https://news.yahoo.co.jp/articles/1880fd019f94a666b6b2762a1d8eeae56d1ebb97,2/16(金) 11:53
htbv,HTB北海道ニュース,雪まつり期間中のインフルエンザ　１医療機関１６．７６人と大幅増加　札幌市は「警報」レベルまで迫る,https://news.yahoo.co.jp/articles/a75152b0f171997f5976adb672d7d740f0a4d964,2/16(金) 8:34
htbv,HTB北海道ニュース,北海道　１L当たりの灯油配達価格は１２１・４円　４週間ぶりの値下がり　レギュラーガソリンはほぼ横ばい,https://news.yahoo.co.jp/articles/9d476c36f206988b3f527e39ef82ce656ebeb129,2/16(金) 8:16
htbv,HTB北海道ニュース,世界初　高病原性鳥インフルのオジロワシ　人間用の治療薬で回復　野生に返る　北海道,https://news.yahoo.co.jp/articles/c56bbbaa73f6035b9280ebb7f2de552e1b865234,2/16(金) 7:58
htbv,HTB北海道ニュース,まだ２月なのに…釧路市の住宅街にクマ出没　小中学校で下校を一時見合わせ,https://news.yahoo.co.jp/articles/22301362ad35b2f928ee93354101f9cf6e2cde84,2/16(金) 7:33
htbv,HTB北海道ニュース,暖気で雪解け進む　デコボコ道や水たまりで路面状況が悪化　15日夜にかけ最大30cm降雪予想　札幌・南区,https://news.yahoo.co.jp/articles/4d5a67744780bf6aade4c31c40b2cb42bd9dc631,2/15(木) 18:49
htbv,HTB北海道ニュース,「客観・中立・公正な内容を」“核のごみ”処分場選定に向けた次の調査　鈴木知事は改めて反対の考えを表明,https://news.yahoo.co.jp/articles/09322b154fe09b79ac933af274845999ed147600,2/15(木) 18:46
htbv,HTB北海道ニュース,「オイシイ投資話に注意」年金支給日に警察官らが銀行前で詐欺の注意喚起　高額な投資詐欺相次ぐ　旭川市,https://news.yahoo.co.jp/articles/6940fdf3a9fc055a199e84c9b9c1fd61b021d73e,2/15(木) 17:59
htbv,HTB北海道ニュース,「３００万円を届けるナリ」病院の待合室に脅迫文貼った段ボール置いた男　検察側が懲役１年６ヵ月求刑,https://news.yahoo.co.jp/articles/30fd8f6922980a89b7682e2d270ec00049d1cc4d,2/15(木) 17:55
htbv,HTB北海道ニュース,「消防は捜査機関ではない」父親殺害で実刑判決の男の控訴審　弁護側「自首が成立」と主張も札幌高裁は棄却,https://news.yahoo.co.jp/articles/e358b5c7a4fdd12026ded8943f122010fd4c8f5b,2/15(木) 17:43
htbv,HTB北海道ニュース,知床観光船沈没事故　運航会社とその社長を略式起訴　給料や雇用期間など記した書面を交付しなかった罪で,https://news.yahoo.co.jp/articles/055cac72212c8e656223ea66ea5aa9ce50273869,2/15(木) 17:42
htbv,HTB北海道ニュース,北海道新年度一般会計予算案発表　ヒグマ対策のためのハンター育成や次世代半導体に関する取り組み盛り込む,https://news.yahoo.co.jp/articles/fa22ce3599d83451cf6389e929e9eda5f0ef6046,2/15(木) 17:16
htbv,HTB北海道ニュース,顔に黒スプレー　堀井学衆議院議員のポスターに落書き　器物損壊事件として捜査始める　苫小牧市,https://news.yahoo.co.jp/articles/807e3f4929bf9257072980817b3174bce03b3cdd,2/15(木) 16:42
htbv,HTB北海道ニュース,気温13℃から一転→湿った雪に…　雪に喜ぶ観光客も上着で防寒対策　路面状況の悪化に注意　函館市,https://news.yahoo.co.jp/articles/8fb1ab67927f0b33ac667248303d6b201a4a3ad8,2/15(木) 16:35
htbv,HTB北海道ニュース,春の陽気から一転「冬の装いに逆戻り」札幌は前日とくらべ８℃も低く…夜からは北海道の広い範囲で雪や雨,https://news.yahoo.co.jp/articles/dd546471295c772a680edc7732e7b5363fd7db47,2/15(木) 16:29
htbv,HTB北海道ニュース,落ちたら１５分で死亡「流氷には乗らないで！」観光客らが上に乗るマナー違反多数…「安全に楽しんで」,https://news.yahoo.co.jp/articles/7578e0a294cf2f65d27cc61633095c5866ef51fa,2/15(木) 16:14
htbv,HTB北海道ニュース,札幌駅エスタ跡地の再開発ビル計画見直し　２０２８年度開業目指す→遅くとも２０３０年度末までに　JR北,https://news.yahoo.co.jp/articles/082378c4dd01e0f44e23fb3769bff4621613d96a,2/15(木) 16:01
htbv,HTB北海道ニュース,「いっきにずれた」登別住宅擁壁崩壊　傾いた住宅の１階部分が潰れる　登別の最高気温９．７℃で雪解け進む,https://news.yahoo.co.jp/articles/5d97e81e125084b772f22752a801b54e90126955,2/15(木) 15:58
htbv,HTB北海道ニュース,【視聴者投稿】雪でスタック　身動きがとれなくなった大型バスが救助されるまでの一部始終をカメラが…札幌,https://news.yahoo.co.jp/articles/048c2b5074e9130b6d4d21e60ba789e697c84e15,2/15(木) 15:55
htbv,HTB北海道ニュース,【独自】札幌の路上強盗致傷事件　被害女性の財布から現金がなくなっていたことわかる　脅した男が奪ったか,https://news.yahoo.co.jp/articles/a61e2e6df8edd3c93c5c0a0449899fba63c8b399,2/15(木) 11:45
htbv,HTB北海道ニュース,「気温が変わりすぎて体がだるい」春の陽気から一転　札幌はあさから雪　午後は北海道の広い範囲で湿った雪,https://news.yahoo.co.jp/articles/a985268c5cc9600078816fcfbd26669159accec6,2/15(木) 11:44
htbv,HTB北海道ニュース,「煙と赤い炎が…」札幌市中央区の住宅で火事　焼け跡から遺体　この家の住人か,https://news.yahoo.co.jp/articles/d08b61fcfda5065b1a77cf3e81ad61e0538b120b,2/15(木) 11:42
htbv,HTB北海道ニュース,イチバン！スキーシーズン真っただ中　大人気スキーリゾート「ニセコ」で見つけたイチバン！,https://news.yahoo.co.jp/articles/d78a4f273f3bb5c5ef691a3cf68d32a19411a85d,2/15(木) 10:35
htbv,HTB北海道ニュース,「首を絞めて殺そうとしたができなかった」電源コードで夫の首を絞め殺そうと…４１歳会社役員の女を逮捕,https://news.yahoo.co.jp/articles/d51c4154337e2315f88a7da216989f6f896c8c6c,2/15(木) 10:33
htbv,HTB北海道ニュース,2人死傷・・・屋根からの落雪事故相次ぐ　北海道は4月~5月中旬の暖かさに,https://news.yahoo.co.jp/articles/4c37122aef19ab8fab18cd412857a518be8dc558,2/14(水) 23:21
htbv,HTB北海道ニュース,「何やってんだよ」観光客の男性がすすきのの路上で囲まれ…体当たりし財布奪う　少年ら3人逮捕,https://news.yahoo.co.jp/articles/cb70cba75c41e94e8b0525428de0147aba9f1814,2/14(水) 19:54
htbv,HTB北海道ニュース,函館のマンション連続不審火　持参した段ボールに火をつけ放火しようとして逮捕された住人の男を再逮捕,https://news.yahoo.co.jp/articles/7229b132935aaa0be82bf83e285e77f324664383,2/14(水) 19:42
htbv,HTB北海道ニュース,「小樽雪あかりの路」4月並みの暖気で数百個のスノーキャンドルが崩れ…ボランティア約200人態勢で修復,https://news.yahoo.co.jp/articles/7b7885f4aa4ba45090c364c7148c485f8f16cac8,2/14(水) 19:30
htbv,HTB北海道ニュース,「雪の中から携帯電話が鳴っている」落雪に巻き込まれたとみられる男性が死亡　北海道・別海町,https://news.yahoo.co.jp/articles/0a690d967f64ab4785a8fb689e39d37bee2cd37d,2/14(水) 19:08
htbv,HTB北海道ニュース,北海道産の食材を使った商品ずらり　世界に通用する「北のハイグレード食品」１０７の応募から１９点を選出,https://news.yahoo.co.jp/articles/507e0a852e6895d66fc0411966cabbb8df362f5b,2/14(水) 19:06
htbv,HTB北海道ニュース,おばを殴って殺害し現金奪った罪に問われている男の裁判員裁判　検察側は無期懲役を求刑　弁護側は無罪主張,https://news.yahoo.co.jp/articles/40e640e16786b63455b977b4f0000ea7a1e28c50,2/14(水) 18:44
htbv,HTB北海道ニュース,2年以上に渡り“隠れたばこ”　准教授と講師・助教など関係者7人（いずれも医師）の処分を発表　札医大,https://news.yahoo.co.jp/articles/6238aba4388e038ef9a9177fdece6ce26e3893ad,2/14(水) 18:32
htbv,HTB北海道ニュース,「パタゴニア」元パート従業員　“5年ルール”無期雇用転換直前の雇止めを不服として復職求める　札幌地裁,https://news.yahoo.co.jp/articles/ee756d9e86b20582a8d98dbed7091b1e28609f6b,2/14(水) 18:19
htbv,HTB北海道ニュース,苫小牧・岩倉博文市長が公務復帰　昨年11月に出張先の韓国で倒れ一時意識不明も今月1日にはリハビリ登庁,https://news.yahoo.co.jp/articles/ec97664e7fa1350a458945907502e1587f2c2395,2/14(水) 18:06
htbv,HTB北海道ニュース,「強い殺意に基づくもの」アイスピックで弟夫婦殺そうとした男の裁判　被告の男に懲役７年の判決　札幌地裁,https://news.yahoo.co.jp/articles/bd8b9740aa7c5265d15bdb36c64afe6c193dab8e,2/14(水) 18:00
htbv,HTB北海道ニュース,数百万円で１万数千円の入金が…経済アナリストかたるＳＮＳがきっかけで60代男性約１６００万円詐欺被害,https://news.yahoo.co.jp/articles/647eb21535f43f22238e7dd33021043702dbe4e6,2/14(水) 17:23
htbv,HTB北海道ニュース,日本遺産の旧炭鉱施設に侵入し約5000円が入った募金箱盗む　当時19歳の男2人を逮捕　北海道・三笠市,https://news.yahoo.co.jp/articles/8978a4df437772438a9b768c42b4e4093e226738,2/14(水) 17:12
htbv,HTB北海道ニュース,「来場してくれる方たちの安全を確保できない」千歳・支笏湖氷濤まつり　気温上昇で開催継続を断念　中継,https://news.yahoo.co.jp/articles/3264fc36ea614b349055d645ac911fc7163c5305,2/14(水) 16:52
htbv,HTB北海道ニュース,市内やボールパークを見渡せる　北広島駅前に建設予定のマンション　共用部分を公開,https://news.yahoo.co.jp/articles/02e7c43d0f062c972b0b407eaf6b49d6e56e244b,2/14(水) 16:29
htbv,HTB北海道ニュース,隣家を訪れようと…玄関フードから落雪　70代の女性が一時埋まり自力脱出も背中などの骨折る　富良野市,https://news.yahoo.co.jp/articles/17b1c8b56d8ac6a121923751ac8bf4607394b95e,2/14(水) 16:24
htbv,HTB北海道ニュース,「どれい扱いされた」　女子中学生いじめ自殺　報告書の黒塗り部分が明らかに,https://news.yahoo.co.jp/articles/d3b9105217ab5c2258285d14432264242d8f3452,2/14(水) 16:13
htbv,HTB北海道ニュース,女子大生嘱託殺人事件　札幌高裁が控訴棄却し懲役６年の一審判決を支持,https://news.yahoo.co.jp/articles/35ac3fd08f4f4b8a37d9f3deaac43409a4cb98b8,2/14(水) 16:13
htbv,HTB北海道ニュース,「北海道じゃないみたい」札幌市２日連続１０℃以上　雪解け急ピッチ　異常な暖かさで冬のイベントが深刻,https://news.yahoo.co.jp/articles/88e0eba94b3a769e04f9e44f623ca33b4ade4ad0,2/14(水) 16:06
htbv,HTB北海道ニュース,北海道に４月下旬並みの暖気　千歳・支笏湖氷濤まつり中止,https://news.yahoo.co.jp/articles/11ec4f5497a91da6196e76d8ebae6a86aada0fb1,2/14(水) 12:21
htbv,HTB北海道ニュース,女子中学生いじめ自殺　札幌市教育委員会が黒塗り修正し新たな報告書,https://news.yahoo.co.jp/articles/07417ebb650501bf66d6da028ac7e4fcdddb9624,2/14(水) 12:20
htbv,HTB北海道ニュース,北海道当別町の「赤ちゃんポスト」に新たに新生児２人が預けられていたことがわかる,https://news.yahoo.co.jp/articles/aa06393ce4c98cbc301ccf0c49502b4dde903cd7,2/14(水) 12:19
htbv,HTB北海道ニュース,「みんなと一緒に学びたい」地域の中学校進学の希望は叶うのか？葉月ちゃんが直面した厳しい現実　北海道,https://news.yahoo.co.jp/articles/3c80dd184891d4d5acaac45ecfcb39aa545f45e6,2/13(火) 19:09
htbv,HTB北海道ニュース,気温上昇が原因か　高さ約10ｍの屋根から雪の塊が直撃　70代男性が病院搬送も意識あり　北海道・羅臼町,https://news.yahoo.co.jp/articles/34361b7a9521deaf247931a69af213e852583ddc,2/13(火) 19:08
htbv,HTB北海道ニュース,“核のごみ”最終処分場選定への「文献調査」報告書案を公表　寿都町と神恵内村　次の段階の調査候補地あり,https://news.yahoo.co.jp/articles/23a6854639da9e5d360194fc6afaa1d83088507d,2/13(火) 18:53
htbv,HTB北海道ニュース,北海道　公立高校推薦入試　受験生約７５００人試験に臨む　倍率は０．８４倍（全日制）０．０６ポイント↑,https://news.yahoo.co.jp/articles/59a4137dba8b171055e2a12984b6d2be7898247c,2/13(火) 18:10
htbv,HTB北海道ニュース,取り調べ中に自供　真駒内駅不審物の男　デパート踊り場に液体まいたとして再逮捕　大通駅不審物にも関与か,https://news.yahoo.co.jp/articles/c98897988824e41ccbecd0e92db219111ca309a6,2/13(火) 18:07
htbv,HTB北海道ニュース,元交際相手を刃渡り約15cmの包丁で刺し殺そうと…　殺人未遂容疑で20歳の女を逮捕・送検　紋別市,https://news.yahoo.co.jp/articles/43d2f41cd4ab05c2f6fc0465c2ff126e47968160,2/13(火) 18:01
htbv,HTB北海道ニュース,「馬に蹴られて意識がない」牧場の外国籍の男性従業員　馬に頭を蹴られ意識不明の重体　北海道・むかわ町,https://news.yahoo.co.jp/articles/7d093aa2d3d97611f89b67df40a0b6d843b6d354,2/13(火) 17:27
htbv,HTB北海道ニュース,余市で姉殺害・岩見沢で殺人未遂の容疑者の男を送検「2人それぞれに別の恨みがあった」北海道・余市町,https://news.yahoo.co.jp/articles/3fd70cf4f20ef14c8cfd8b31d084f189ebd2d160,2/13(火) 16:42
htbv,HTB北海道ニュース,イカの町函館に激震　衝撃的なイカの不漁　漁師は？魚屋さんは？加工業者は？イカ激減の原因とは？,https://news.yahoo.co.jp/articles/eecb06555ac964025155a264eaa2812335aba524,2/13(火) 16:41
htbv,HTB北海道ニュース,札幌１０．１℃　2月中旬としては５５年ぶりの暖かさ　雪解けで車が通るたびに水しぶき　北24条から中継,https://news.yahoo.co.jp/articles/60758b8503ce164158b75834ec0e65ff0ba74681,2/13(火) 16:34
htbv,HTB北海道ニュース,北海道内　季節外れの暖かさでロードサービス大忙し　気温上昇で路面ぬかるみスタックする車が続出,https://news.yahoo.co.jp/articles/8cc0fb48416d5aa000261785a2fd030cdcb46961,2/13(火) 16:29
htbv,HTB北海道ニュース,ホッキョクグマの「ホクト」　繁殖のため円山動物園から再び旭山動物園へ　ファンから別れ惜しむ声,https://news.yahoo.co.jp/articles/ef5075303212090278513f775e40bb8ad96dd952,2/13(火) 15:57
htbv,HTB北海道ニュース,さっぽろ雪まつり期間中の主要３線区特急利用実績　去年より大きく伸びるもコロナ前に届かず　JR北海道,https://news.yahoo.co.jp/articles/a17dfd9398b9e425bdf66c39a5952e8b13c16da4,2/13(火) 15:02
htbv,HTB北海道ニュース,「春の気配」北海道季節外れの暖かさ　４月並みの気温で福寿草の花咲く　雪解け急速・雪崩や落雪に注意,https://news.yahoo.co.jp/articles/5e43054b2d26f45a51c3f00276336b1cfa89f3e1,2/13(火) 12:18
htbv,HTB北海道ニュース,「２人それぞれに別の恨みがあった」余市で姉殺害・岩見沢で殺人未遂の容疑者の男が供述　北海道・余市町,https://news.yahoo.co.jp/articles/d914dfc4bfdc162c020d5abb6ebf1d63a8f89f1b,2/13(火) 12:11
htbv,HTB北海道ニュース,「運行数を維持することが極めて困難」じょうてつバス　運転手不足で大幅減便　３月２９日まで　札幌,https://news.yahoo.co.jp/articles/2986846b0cfc86aa42fa1e0a65ccd5b03cd6a6e1,2/13(火) 12:00
htbv,HTB北海道ニュース,小学校近くの路上で女性が「刃物」を突きつけられる　強盗致傷事件として男の行方を追う　　札幌市東区,https://news.yahoo.co.jp/articles/951fcd0cf9269fd8cf2b54c05ea8c8ef0039c814,2/13(火) 1:15
htbv,HTB北海道ニュース,殺人未遂容疑で介護職員の20歳の女を逮捕　元交際相手の男性を刺す　　北海道紋別市,https://news.yahoo.co.jp/articles/31c099e820e4a60942fe653db99a564de55ae771,2/13(火) 0:25
htbv,HTB北海道ニュース,かまくらイルミ　幻想的に輝く４０基　日が暮れて現地の様子は　サッポロさとらんど　札幌・東区,https://news.yahoo.co.jp/articles/2c0787ee222d9f7c05f8d1aeae90db3d55a0f28c,2/12(月) 18:41
htbv,HTB北海道ニュース,撤退　イトーヨーカドー　駅直結の利便性も“福住店”の利活用は「協議中」どうなる福住エリア…,https://news.yahoo.co.jp/articles/ae74bf049b61cb7adbc1722d5fa74b1f6ff826fd,2/12(月) 18:40
htbv,HTB北海道ニュース,中にいた犬３匹は無事救出　住宅塗装手がける会社事務所から出火　けが人なし　北海道・稚内市,https://news.yahoo.co.jp/articles/a883147458ed1bef365d7e7ff5ee1593f64bd10a,2/12(月) 17:59
htbv,HTB北海道ニュース,路面凍結が原因か　トンネル内でワゴン車横転など事故相次ぐ　北海道・余市町,https://news.yahoo.co.jp/articles/d33a3cda2141d77a3b8d6dd54b8f1030d6fc3876,2/12(月) 17:59
htbv,HTB北海道ニュース,野菜のチョコレートフォンデュ…光り輝くかまくらとグルメを満喫のイベントはじまる　サッポロさとらんど,https://news.yahoo.co.jp/articles/c2fa8f926bfaf03f5c973361d5df544000574e5d,2/12(月) 16:57
htbv,HTB北海道ニュース,あの“料理宅配サービス”配達員に密着　冬ならではの苦労　デコボコの雪道やスタックの危機で悪戦苦闘,https://news.yahoo.co.jp/articles/3424bc4d7869384b54b0e6096b3a676fd741f9c8,2/12(月) 16:39
htbv,HTB北海道ニュース,２月の北海道で季節外れのあたたかさ　全道的に平年を上回る気温　１３日はさらに上昇予報　雪解け注意,https://news.yahoo.co.jp/articles/be6d55fa94d462c5a7214481fd26f46243a75332,2/12(月) 16:34
htbv,HTB北海道ニュース,車体には“むかわ竜” シートにはエゾリス　「デクモ」プレ運行　見学会に多くの鉄道ファン　JR日高線,https://news.yahoo.co.jp/articles/850cecf2febee1d72e705eb93908b1d557a99592,2/12(月) 16:30
htbv,HTB北海道ニュース,「久々ににぎわいを味わう」多くの外国人観光客が道内に続々　新千歳空港には少年雑誌の限定ショップも,https://news.yahoo.co.jp/articles/1aec24d2b76e22a532a24fa84757af5f7a1a827b,2/12(月) 16:16
htbv,HTB北海道ニュース,札幌・手稲区　最大１５９０戸の停電　すべて解消,https://news.yahoo.co.jp/articles/433334de6e21f55018d6221e8a5e0c6c2260a3ef,2/12(月) 16:15
htbv,HTB北海道ニュース,札幌・手稲区で一時約１６００戸が停電　復旧作業中,https://news.yahoo.co.jp/articles/6024eeef5b8f5b268e1ff748fcd0cf3a322684e3,2/12(月) 14:59
htbv,HTB北海道ニュース,地域の特色をデザインした車両が北の大地を走る　“デクモ”プレ運行　観光列車として活用へ　ＪＲ北海道,https://news.yahoo.co.jp/articles/c2c1ef0e2bb9d79ccfd2405c7c3840f89ad4d6d0,2/12(月) 12:19
htbv,HTB北海道ニュース,解体作業も見どころ？“雪まつり”終了で雪像取り壊し市民見守る　来場者昨年比増　コロナ禍前の賑わい戻る,https://news.yahoo.co.jp/articles/93a9782cfe7bea52a42077ec62d686f2e7fc91de,2/12(月) 12:19
htbv,HTB北海道ニュース,姉殺害容疑で再逮捕「自分で包丁を持ち込み刺した」岩見沢市で殺人未遂容疑の男　北海道・余市町,https://news.yahoo.co.jp/articles/1de4be79208a77f226f0da3e7cea70812d026b6d,2/12(月) 12:19
htbv,HTB北海道ニュース,インバウンドに変化　北海道でウニ尽くし…４人家族で１０日間旅行の予算は２４０万円　「量」から「質」へ,https://news.yahoo.co.jp/articles/c14a46d77992284e925754f801c45fe83259656c,2/12(月) 11:24
htbv,HTB北海道ニュース,姉を殺害した容疑で男（５４）を再逮捕　　岩見沢・余市２人死傷事件,https://news.yahoo.co.jp/articles/6f1d2f5284fec2bd2c5990c70ee9c9aad336eef2,2/11(日) 21:17
htbv,HTB北海道ニュース,森アナウンサーが始球式で盛り上げる　好調・北海道イエロースターズ3連勝　　札幌,https://news.yahoo.co.jp/articles/6f0f753c7779c6fe5e56a88d2002897e4d088b81,2/11(日) 18:14
htbv,HTB北海道ニュース,「隣の家から煙が出ています」…小樽市の住宅で火事　１人暮らしの男性（７８）が病院搬送,https://news.yahoo.co.jp/articles/eeb706fcae3a81c873a97f703ab28341d2671e3f,2/11(日) 15:05
htbv,HTB北海道ニュース,大雪像の雪を払い…4年ぶり3会場で開催　「2024さっぽろ雪まつり」最終日も賑わう,https://news.yahoo.co.jp/articles/15da31cf8dae9fd32f7a00b2698b16c5a1a3ca71,2/11(日) 13:01
htbv,HTB北海道ニュース,「イカの釣り堀」に行列…中国などの旧正月「春節」で函館朝市にぎわう　地元は観光需要増への期待高まる,https://news.yahoo.co.jp/articles/15858236c0a1197ea37b54aa5a2ee0e875c94496,2/11(日) 13:01
htbv,HTB北海道ニュース,死亡したのは５８歳男性と判明　車道を歩行中…「人をひいてしまった」運転の男を逮捕　札幌・豊平区,https://news.yahoo.co.jp/articles/b8f075e4cf1a8b9f6591b3a680f57beb99343885,2/10(土) 18:07
htbv,HTB北海道ニュース,市民雪像人気ナンバーワンが決定　２０２４さっぽろ雪まつり　１１日はいよいよ最終日,https://news.yahoo.co.jp/articles/3716efd935e5a362bf36651a2d927380ed6d692c,2/10(土) 18:07
htbv,HTB北海道ニュース,負債約１５億円も特定１社に譲渡　債権社は約１５０…道内初 破産法違反容疑で男ら逮捕・送検,https://news.yahoo.co.jp/articles/1fee1095dc13b6c4ee932887f70fec8e7f029206,2/10(土) 18:07
htbv,HTB北海道ニュース,「厩舎から火が…」牧場の厩舎が全焼　サラブレッドやばん馬17頭が現場に取り残される　北海道日高町,https://news.yahoo.co.jp/articles/9de181e461d5b646e9240654ddb241fdde0becce,2/10(土) 14:30
htbv,HTB北海道ニュース,３連休初日「あばしりオホーツク流氷まつり」賑わう　氷雪像のほか接岸初日の流氷も見ごたえ　網走市,https://news.yahoo.co.jp/articles/94de80d4f6d09aa052da7deb6825c445f22357e1,2/10(土) 12:39
htbv,HTB北海道ニュース,「人をひいてしまった…」車道の端を歩いていた５０歳代位の男性が車にはねられ死亡　札幌市豊平区,https://news.yahoo.co.jp/articles/3ece3c30d1611b0c203b8c1e5766aa1f6f58d250,2/10(土) 12:39
htbv,HTB北海道ニュース,北海道のイトーヨーカドー6店舗全店が閉店へ,https://news.yahoo.co.jp/articles/057fbac5a3a9a238bf5e1d41da0c1521b040350a,2/9(金) 23:18
htbv,HTB北海道ニュース,雪まつりで冷えた体に“ほっ”とくつろげる「雪屋台」が登場　観光客で賑わう　11日まで　札幌・中央区,https://news.yahoo.co.jp/articles/7833ec5216e3368d874fb01964d305ccb24ae0d8,2/9(金) 20:10
htbv,HTB北海道ニュース,平和への祈り込めたパフォーマンス　バレエ×アイヌ舞踊をウクライナのダンサーらが表現　さっぽろ雪まつり,https://news.yahoo.co.jp/articles/d6dda5226bcfa901e49130fca385e14fc4d26fc2,2/9(金) 19:31
htbv,HTB北海道ニュース,「キングクラブのカニ足が好き」春節前に海外観光客続々　札幌二条市場では中国が禁輸中の乾燥ホタテも人気,https://news.yahoo.co.jp/articles/7253894db30a43e80aea6a09bad0652c886b2444,2/9(金) 19:04
htbv,HTB北海道ニュース,ゴーカートがコース外れ３人が死傷した事故　イベント主催会社の社員らを書類送検　北海道・森町,https://news.yahoo.co.jp/articles/7a63671a7a1289a3a5569806bedd2d38e60586b1,2/9(金) 17:44
htbv,HTB北海道ニュース,「イトーヨーカドー」北海道から撤退へ　札幌４店舗のうち３店舗は別会社へ　福住店は未定,https://news.yahoo.co.jp/articles/ec747a9093e343427d7ca09ae63cd359723fce57,2/9(金) 17:42
htbv,HTB北海道ニュース,原発敷地内でサブマシンガンの実弾を紛失　機動隊の指揮官が気づく　暴発せず敷地内で落下か　北海道泊原発,https://news.yahoo.co.jp/articles/0a494fbcba2a3de95c409e2f98277bf752145890,2/9(金) 17:38
htbv,HTB北海道ニュース,「春節」10日から　国際線到着ロビーにはすでに外国人観光客の姿　新千歳空港から中継,https://news.yahoo.co.jp/articles/fb08f4abcbe41aeff5061eabc2a38d2d09d0ced5,2/9(金) 16:13
htbv,HTB北海道ニュース,甘くてホックホク　いま焼き芋がアツイ,https://news.yahoo.co.jp/articles/d506c6428c81df84b92a3366124ea1029dac3d60,2/9(金) 16:08
htbv,HTB北海道ニュース,“落ちない”お守りでがんばれ受験生！北海道豊浦町,https://news.yahoo.co.jp/articles/0a77316da99c215e0595c2709ccb0534d82e6fd3,2/9(金) 16:07
htbv,HTB北海道ニュース,札幌市立の中学校の男性教師　生徒８３人の解答用紙を紛失,https://news.yahoo.co.jp/articles/61164e92175ae30e20ba0fe5cd38cf4f201067c3,2/9(金) 16:06
htbv,HTB北海道ニュース,「自衛隊をやめろ」暴行や暴言を繰り返し　３０代と２０代の男性自衛官を懲戒処分　陸上自衛隊帯広駐屯地,https://news.yahoo.co.jp/articles/96489c849c3df1defb090bf89540cd9f44feb04f,2/9(金) 16:06
htbv,HTB北海道ニュース,さっぽろ雪まつり会場で外国人観光客に安全運転呼びかけ,https://news.yahoo.co.jp/articles/14265f4ec365d96f5a174c9b15901a441dfbebd4,2/9(金) 12:18
htbv,HTB北海道ニュース,“馬産地”北海道新ひだか町で種馬の展示会　注目の新種牡馬は「シャープアステカ」,https://news.yahoo.co.jp/articles/e577b9fb60a01fe08a4dfa2cd60eb4a1eefd1b5a,2/9(金) 12:18
htbv,HTB北海道ニュース,北海道えりも町「サケの山漬け」づくり盛ん,https://news.yahoo.co.jp/articles/59901510aac0abc716ec244b92ac7c14af213c84,2/9(金) 12:17
htbv,HTB北海道ニュース,約１５０社から１５億円の負債のはずが…１社に偏って多く債権譲渡の破産法違反の疑い　道内初の検挙,https://news.yahoo.co.jp/articles/3e90c2dbc6acd5cc0aa42265558fb57fd3afe2ae,2/8(木) 22:25
htbv,HTB北海道ニュース,石川県に派遣されていた漁業調査船が釧路港に帰港　漁港などの被害状況を調査　データは復興計画に活用,https://news.yahoo.co.jp/articles/d21f202dd4f5aa20655bf716b81bef5cbc56cdb6,2/8(木) 18:47
htbv,HTB北海道ニュース,「指定管理鳥獣」に指定されるなどクマによる被害対策案が了承　国のクマ捕獲のための金銭的支援　手続きへ,https://news.yahoo.co.jp/articles/cd5606b0493b6b3c19f122d4d201617d17e107bf,2/8(木) 18:47
htbv,HTB北海道ニュース,「医師が使用していた」大学敷地内で教職員らタバコを吸っていた問題　大学側が事実認め謝罪　札幌医科大学,https://news.yahoo.co.jp/articles/9ff77e4953267baeb78f13b7d03d0741d2400643,2/8(木) 18:32
htbv,HTB北海道ニュース,雪まつりで市民ボランティアが大活躍　経験を活かし外国語通訳　60～70代中心で7か国語に対応,https://news.yahoo.co.jp/articles/18c78ebc3c7d9927df996c9846aefdfb7c7c1442,2/8(木) 18:23
htbv,HTB北海道ニュース,流氷で動けなくなったシャチ救出求める大量メール　大半は米動物愛護団体が作成した文のコピーか　羅臼町,https://news.yahoo.co.jp/articles/3afb638a478c6c2b4c59ade14504cc228e50d935,2/8(木) 17:47
htbv,HTB北海道ニュース,解体作業現場で作業員が転倒し腹部に鉄筋刺さる　作業員は自分で鉄筋を抜き病院に搬送される　命に別状なし,https://news.yahoo.co.jp/articles/1353bd4a90025ae46b926b39d39167f064d73ea0,2/8(木) 17:46
htbv,HTB北海道ニュース,朝日新聞　北海道エリアでの夕刊の発行休止を発表　原材料の高騰など受け　今年４月から,https://news.yahoo.co.jp/articles/2737d0a3493ce4fee8deb582c9d88f89ce740970,2/8(木) 17:45
htbv,HTB北海道ニュース,兄と一緒に祖母の家の雪下ろし中にはしごから４ｍ転落　背中を打ち病院搬送　命綱なしで作業　北海道北見市,https://news.yahoo.co.jp/articles/5e44101df51bbacff4849501ef30847d006afb77,2/8(木) 17:06
htbv,HTB北海道ニュース,「出して！」　吹雪にも負けずドッグランを爆走　顔を雪まみれにしながらはしゃぐワンちゃん,https://news.yahoo.co.jp/articles/a8ebd129dd404a243f87bfa4bae20fb53b0ebff8,2/8(木) 16:09
htbv,HTB北海道ニュース,「雪道に苦しんでいる人に使って」子どもとそりでお出かけする際の悩み解消する「そりベビーカー」とは,https://news.yahoo.co.jp/articles/f23acba5f846a809be5584d318857a31ad5fc217,2/8(木) 16:09
htbv,HTB北海道ニュース,NUMO　寿都町・神恵内村で進めている「核のごみ」最終処分場文献調査　１３日に報告書原案公表へ,https://news.yahoo.co.jp/articles/4482b06c3489cd8d79840a67cd99898351e403de,2/8(木) 16:04
htbv,HTB北海道ニュース,進化する北広島　マンションの完成予想図初公開！　ボールパークの10年間の経済効果は約5000億円,https://news.yahoo.co.jp/articles/c50dfc846bed1323104a512a2e4cbd37ec600583,2/8(木) 16:04
htbv,HTB北海道ニュース,投資詐欺被害年間８億円！ＬＩＮＥのグループトーク悪用多く　被害防止に道警とＬＩＮＥヤフー社がタッグ,https://news.yahoo.co.jp/articles/eb30c79ab8768b8ecf7731e23ab1b3b3e2e881b3,2/8(木) 16:02
htbv,HTB北海道ニュース,スキー場で男子高校生が一時遭難　コース近くの林の中で救助　手足凍傷で病院搬送　札幌藻岩山スキー場,https://news.yahoo.co.jp/articles/a9795d09689fe08283b083e637261d38bce7711e,2/8(木) 13:08
htbv,HTB北海道ニュース,“ふわっふわ”の黄色い花が満開　一足早い春の訪れ告げるミモザ見ごろ　札幌市・百合が原緑のセンター,https://news.yahoo.co.jp/articles/ca0ae80d079180948c461d2513ae7bbb16987e15,2/8(木) 11:47
htbv,HTB北海道ニュース,「僕たちが作ったサイダーも」札幌「チ・カ・ホ」で北海道の特産品集めた土産物市　８日PM５時まで,https://news.yahoo.co.jp/articles/579b3bd482f2ab3ff9e8f1329f1004dd48696341,2/8(木) 11:46
htbv,HTB北海道ニュース,「薪ストーブの煙突付近から火が…」木造一部２階建ての住宅が全焼　住人の女性は逃げて無事　北海道日高町,https://news.yahoo.co.jp/articles/7c108041913f312cfe57cfcfd450b453193e46ff,2/8(木) 11:45
htbv,HTB北海道ニュース,札幌市西区宮の沢の共同住宅で火事　７０歳の女性がケガ　病院に搬送,https://news.yahoo.co.jp/articles/b3508d4a8bf06263ea9b0e1448ba65ca08537359,2/7(水) 23:19
htbv,HTB北海道ニュース,【密着】超ユニークな雪像づくり　体のあの部分を！？　猛吹雪のなか仕事終わりに奮闘　さっぽろ雪まつり,https://news.yahoo.co.jp/articles/bb658ed7aed1a82b0eced7bb33b5d8fc24946bdf,2/7(水) 20:09
htbv,HTB北海道ニュース,アジアゾウ「タオ」同居訓練はじまる　体重は生まれた時の3倍以上３７７キロに　札幌市円山動物園,https://news.yahoo.co.jp/articles/07e48f1892aa34f193ff846e95c7bf72cdfe6fc1,2/7(水) 19:24
htbv,HTB北海道ニュース,雪像だけじゃない、会場での飲食解禁　北海道ならではの注目グルメ　２０２４さっぽろ雪まつり,https://news.yahoo.co.jp/articles/3c3fac5711c229de9b6cd27845246afe3e854691,2/7(水) 18:55
htbv,HTB北海道ニュース,事故から間もなく２年　知床・観光船沈没事故　４月２３日に追悼式実施へ　友人、町民も参加可能に　斜里町,https://news.yahoo.co.jp/articles/02064e2d99411ab3fd76637acc07b9b5daf6f355,2/7(水) 18:45
htbv,HTB北海道ニュース,差間正樹さん亡くなる　アイヌ民族団体会長　アイヌ民族の遺骨返還や先住民族の権利回復に尽力　浦幌町,https://news.yahoo.co.jp/articles/99e788c1fc5307f46637aef56cce528cd36a2ba9,2/7(水) 17:54
htbv,HTB北海道ニュース,観光の可能性広げるドローン実証実験　山頂で食べるフランス料理をドローンがお届け　北海道・壮瞥町,https://news.yahoo.co.jp/articles/1334f7fcedaecd9807d3a03dd4dbb5db0f5feba2,2/7(水) 17:53
htbv,HTB北海道ニュース,２月7日は北方領土の日　各地で返還求める集会　露は返還運動行う団体を「好ましくない組織」に登録,https://news.yahoo.co.jp/articles/b4a8b060d7dd82ddf58e3253169ae3c635752eaf,2/7(水) 16:42
htbv,HTB北海道ニュース,近隣住人「もしかしたら５～６年見ていない」遺体は母親か　女は面会拒否　約半年の行動確認　札幌・東区,https://news.yahoo.co.jp/articles/908f7613950a484be39e568df1346b37630501e3,2/7(水) 16:36
htbv,HTB北海道ニュース,海が白濁…小樽の河口付近は真っ白に　「群来」を確認　ニシンが産卵で大量に押し寄せ　豊漁に期待,https://news.yahoo.co.jp/articles/ba45a2576fcfa75ea86ee7c20bcc7a0953d7d7d7,2/7(水) 16:19
htbv,HTB北海道ニュース,「自動火災報知機が鳴って焦げくさい」マンションの一室から火　住人と見られる男性けがで病院搬送　札幌市,https://news.yahoo.co.jp/articles/32cbc4c91567b9800e823fea7c1054d4af9d74d8,2/7(水) 16:13
htbv,HTB北海道ニュース,７日の流氷シャチ　姿見えず　脱出か　町が探すも…「流氷密度小さく海があけている」　北海道・羅臼町,https://news.yahoo.co.jp/articles/0be6fe31aa36985cc9c347932dde1d005ee9e47a,2/7(水) 14:32
htbv,HTB北海道ニュース,母親とみられる遺体は数年以上放置か　自宅マンション遺体遺棄　去年８月に住民情報も安否確認取れず　札幌,https://news.yahoo.co.jp/articles/c1744070e1ef616c899ce4e735bc1ccc771b9f1f,2/7(水) 12:15
htbv,HTB北海道ニュース,元浦幌町議会議員　差間正樹さん亡くなる　アイヌ民族の遺骨の返還運動や先住民族の権利回復に取り組む,https://news.yahoo.co.jp/articles/60510eac2a4e2ef6b71e3fb9b4dd639e9c9f91b6,2/7(水) 12:01
htbv,HTB北海道ニュース,「順調に寒さが続いて非常においしい」生産量北海道一「寒締めホウレンソウ」収穫ピーク　北海道・平取町,https://news.yahoo.co.jp/articles/7990bce4a065c9f5a2a7024d8e3deabc799ea962,2/7(水) 11:53
htbv,HTB北海道ニュース,マンションの一室から白骨化した遺体　同居する母親か　死体遺棄容疑で59歳の女逮捕　　札幌市東区,https://news.yahoo.co.jp/articles/899e2cb4dec10c5bdd9486e76d188c6e89456989,2/7(水) 10:11
htbv,HTB北海道ニュース,投資詐欺　合計１７７０万円　７０代男性だましとられる　アプリで利益を見せかけ…　旭川市,https://news.yahoo.co.jp/articles/2b0d0573e667bb46d07b15fb1d2e601bd7237b6e,2/6(火) 21:29
htbv,HTB北海道ニュース,ドラクエ×あさっぴー　夢のコラボが世界最大級の雪像で実現　旭川冬まつり直前　引き渡し式,https://news.yahoo.co.jp/articles/7415f63798f2df9329dccec34de4690983778007,2/6(火) 19:17
htbv,HTB北海道ニュース,収入を過少申告　生活保護約４０万円を不正受給　返還要請に応じず６２歳の男　詐欺容疑で逮捕　札幌・南区,https://news.yahoo.co.jp/articles/8257f6a7ad6b6bbc6144c1dadb7506d35f24341f,2/6(火) 19:10
htbv,HTB北海道ニュース,「さんま」「釧路」と書かれた木箱が人気！道民におなじみの箱などを再利用した工芸品がロンドンに進出,https://news.yahoo.co.jp/articles/9d330b64570b630641190e9d3fd90627698d333b,2/6(火) 19:01
htbv,HTB北海道ニュース,【続報】流氷に閉じ込められたシャチ約１０頭　午後になり…姿消す　北海道・羅臼町,https://news.yahoo.co.jp/articles/2115642241e73450510c39f4407f87941fdfd4f4,2/6(火) 18:58
htbv,HTB北海道ニュース,新小樽駅が遠い？中心部へのアクセスが課題「路面電車」案に小樽市は　北海道新幹線の札幌延伸,https://news.yahoo.co.jp/articles/ede11784587e87b8d286c4988813c86867a27e8d,2/6(火) 18:48
htbv,HTB北海道ニュース,消防士が殉職した石狩市倉庫火災　事故の調査報告書を公表　ホースが届く範囲を超えて火元を探したか,https://news.yahoo.co.jp/articles/57e86b218f307356ddc3d96817c3f99d9d198fca,2/6(火) 17:58
htbv,HTB北海道ニュース,小樽港に停泊している米海軍の駆逐艦「ラファエル・ペラルタ」内部を報道陣に公開　前日は市民団体から抗議,https://news.yahoo.co.jp/articles/307f57b19ff3dec4221efdff73a6e6a216a7dc97,2/6(火) 17:52
htbv,HTB北海道ニュース,年間２６万４０００円から　企業や施設名が停留場名の下に表記されるよ　札幌市電　停留場副名称募集開始,https://news.yahoo.co.jp/articles/9b7a5019ccb374e4e7e4d3ab6e52173a86fc7d89,2/6(火) 17:52
htbv,HTB北海道ニュース,「今のダイヤでバスを回すには３０人足りない」じょうてつバス大幅減便「運転手不足」に特効薬なし　札幌市,https://news.yahoo.co.jp/articles/dfa37ab61a6c19ea24a4ef774a527d0b22238371,2/6(火) 17:48
htbv,HTB北海道ニュース,長崎県から札幌市の自宅まで連れ帰り　女子中学生を誘拐した疑いで札幌工業高校の環境整備員の女を逮捕,https://news.yahoo.co.jp/articles/e2fb107f455402b668152205e0063acc07d17ff4,2/6(火) 17:48
htbv,HTB北海道ニュース,【動画】シャチ約１０頭 流氷に閉じ込められ動けず「見守るしか…」役場が対策検討中　北海道・羅臼町,https://news.yahoo.co.jp/articles/e60abebac4529403af9089e88f35a7f3f657e445,2/6(火) 16:35
htbv,HTB北海道ニュース,「１日に１００キロ近く移動」冬のごみ収集は厳しい寒さと細い雪道との闘い　記者がごみ収集に密着　札幌市,https://news.yahoo.co.jp/articles/08702408208a8aad6ad4facde43717f2209c09fa,2/6(火) 15:59
htbv,HTB北海道ニュース,同居の父親を刃物で殺害した男の控訴審　１審では実刑１１年　弁護側が減刑求める　深川市,https://news.yahoo.co.jp/articles/73c070516bc960c2ee43ad5d7f1bf8209d468403,2/6(火) 15:54
htbv,HTB北海道ニュース,約５０ｋｇの銅線（時価約５万円相当）を解体工事現場から盗んだ疑い　２０代の男ら２人逮捕　札幌・北区,https://news.yahoo.co.jp/articles/bb1f0d989b3bf1200b971a35474d5874ae4b918c,2/6(火) 13:15
htbv,HTB北海道ニュース,ニセコ町で住宅全焼　焼け跡から遺体　この家に一人で住む７０代男性の可能性があるとみて身元確認急ぐ,https://news.yahoo.co.jp/articles/a911fcad2a9aedb998a136ca3e7495e88743449f,2/6(火) 12:17
htbv,HTB北海道ニュース,「なるべく早く水の提供を」被災地支援のため函館管工事業協同組合の組合員が現地に向け出発　能登半島地震,https://news.yahoo.co.jp/articles/79d82dc365594ce90ecd38390a82320fa59ae513,2/6(火) 12:15
htbv,HTB北海道ニュース,ラーメン店で友人がふたなめる動画を撮影・拡散した疑いで逮捕された少年「なぜ撮影したのか覚えていない」,https://news.yahoo.co.jp/articles/60318877b5475c85bd8350395c40e47257970f26,2/6(火) 12:14
htbv,HTB北海道ニュース,速報！ニセコ町で住宅が全焼　住人の７０代男性と連絡取れず,https://news.yahoo.co.jp/articles/e23c786b4d5dd385886f66735dd7a88241c268b6,2/6(火) 9:58
htbv,HTB北海道ニュース,１０００万円を超える売上金を横領した疑い　遊興費目的か　54歳の女を逮捕　　北海道苫小牧,https://news.yahoo.co.jp/articles/34483c69934e7edead578f24ee809cf341b3e56f,2/5(月) 23:55
htbv,HTB北海道ニュース,２０２４さっぽろ雪まつり　目玉の１つ映像美「旧札幌停車場」雪像に投影されたプロジェクションマッピング,https://news.yahoo.co.jp/articles/98ccab7e0f1b50257881f33f62ba07c01c65c271,2/5(月) 19:17
htbv,HTB北海道ニュース,「たくさんあって見きれる？」４年ぶりのフル開催　２０２４さっぽろ雪まつり　観光客各地から,https://news.yahoo.co.jp/articles/f7241464a9ac8af43c45a29e1934478dd08b58c6,2/5(月) 19:08
htbv,HTB北海道ニュース,北海道電力　４月から電気料金値上げ　一般家庭モデル（契約電流３０Ａ使用量２３０ｋＷｈ）で+６５円／月,https://news.yahoo.co.jp/articles/112268a0e1a1bce898008cbf20d70bbd2e610bbf,2/5(月) 19:05
htbv,HTB北海道ニュース,「維持することが極めて困難に」じょうてつバス　運転手不足で3月末まで３２路線５１本の減便を発表　札幌,https://news.yahoo.co.jp/articles/3e2239decdd850dfa9622d220c89cff5a94bfca5,2/5(月) 18:49
htbv,HTB北海道ニュース,「北海道の寒さは何もなしで対応できるほど甘くない」記者も体験　真冬の避難所生活体験イベント　札幌市,https://news.yahoo.co.jp/articles/8b05abebde5ca0e6f0ee9ba0f3d558dc1c0d27f9,2/5(月) 18:05
htbv,HTB北海道ニュース,テーマの１つは「若い世代が住み続けること」野幌駅周辺で新たなまちづくり　市や企業が連携協定　江別市,https://news.yahoo.co.jp/articles/173555d7b813931b3d5b258116728f54f1b8f711,2/5(月) 18:05
htbv,HTB北海道ニュース,「付近で滑走中に沢に落ちたようだ」北海道・利尻山のバックカントリーで３０代男性が滑落し死亡,https://news.yahoo.co.jp/articles/3a9d95bc4817c6b99fa1e1430ddcf998c0b8f5b7,2/5(月) 17:03
htbv,HTB北海道ニュース,場合によっては駆除も　ハンター育成も狙い　人里からクマ遠ざける「春季管理捕獲」はじまる　釧路市,https://news.yahoo.co.jp/articles/59868b5cf50604a9966087f8b7c0146c03299081,2/5(月) 16:59
htbv,HTB北海道ニュース,「港の軍事利用の習慣化につながる」　小樽港に米ミサイル駆逐艦入港　市民団体など抗議活動,https://news.yahoo.co.jp/articles/ee76659131d5b085c58925edc20b11886ebe4f34,2/5(月) 16:35
htbv,HTB北海道ニュース,落下からわずか３分で出火　火事の発生原因　ストーブへの物の落下や接触が３割以上　配線器具トラブルも,https://news.yahoo.co.jp/articles/4ff88b3f5c18f1c9886fa854ae8840e06a7cd4ad,2/5(月) 16:22
htbv,HTB北海道ニュース,北海道で火事相次ぐ　札幌では２階建て住宅が焼け２０代女性が死亡　函館では倉庫燃え周辺住宅にも延焼,https://news.yahoo.co.jp/articles/ece91454afd85f4679e431f474204d4489310b81,2/5(月) 16:20
htbv,HTB北海道ニュース,プロのラリードライバーがアドバイス　自動車学校で冬道講習会「周囲に気を使いながら走ることが重要」,https://news.yahoo.co.jp/articles/ea77d5ef1a874a550d76cd1478554a91b8da5fe9,2/5(月) 16:16
htbv,HTB北海道ニュース,「住宅の２階の窓から煙が見える」札幌市北区の住宅で火事　住人とみられる２０代の女性が死亡,https://news.yahoo.co.jp/articles/bff503d442015bc9b80b9a4cb009ca7521072d00,2/5(月) 11:53
htbv,HTB北海道ニュース,「息吹きかけただけ」ラーメン店で容器のふた舐めるような動作　営業妨害の疑いで男性を逮捕送検　釧路市,https://news.yahoo.co.jp/articles/30010cb556a861feebd20d3d65cabcd9a33f7563,2/5(月) 11:52
htbv,HTB北海道ニュース,「工務店の倉庫が燃えている」倉庫から出火　近くの住宅に延焼　従業員は逃げて無事　消火活動続く　函館市,https://news.yahoo.co.jp/articles/a0509432dcab54470b05790319745e9a76a35a2c,2/5(月) 11:47
htbv,HTB北海道ニュース,「CQCQ　こちらは～」遠い所は福岡まで　アマチュア無線さっぽろ雪まつり特別局　８丁目会場で公開運用,https://news.yahoo.co.jp/articles/804fc99270546e9fb128a06cf8bece3ba998a282,2/5(月) 11:36
htbv,HTB北海道ニュース,道東自動車道の夕張トンネル内であわせて5台の車が衝突　１人死亡　8人が病院に搬送,https://news.yahoo.co.jp/articles/fba33f8f9170058cfd2820b9a916c5e18a00c9b2,2/5(月) 11:09
htbv,HTB北海道ニュース,窓から激しい炎‥札幌・北区で住宅内部が炎上　住人とみられる２０代女性が死亡,https://news.yahoo.co.jp/articles/4ced77b890adead49db0fc1647fecbb91206cd36,2/5(月) 7:48
htbv,HTB北海道ニュース,「駐車場の車両が燃えている」札幌市白石区の小学校で車両火災が発生　車内に七輪　20代男性病院搬送,https://news.yahoo.co.jp/articles/8455d14106a62558babd30160c08d913578b7ff2,2/4(日) 18:29
htbv,HTB北海道ニュース,「雪ミク（を見た）」…さっぽろ雪まつりはじまる　つどーむ会場も４年ぶりに復活,https://news.yahoo.co.jp/articles/eb3e8ae10647fe4e2b901235a47ed7b1aa69130a,2/4(日) 12:29
htbv,HTB北海道ニュース,ラーメン店ふた舐め投稿　威力業務妨害の疑い２０歳の男性逮捕「息を吹きかけただけ」容疑一部否認　釧路,https://news.yahoo.co.jp/articles/422386b5efe6a132989c4fabd4a76766c00aa34e,2/3(土) 20:24
htbv,HTB北海道ニュース,「聞こえなくてもできる」札幌で手話イベント　挑戦することの大切さ語る　多彩な資格を持つ春日さん登壇,https://news.yahoo.co.jp/articles/e6d8b98c2483d48b6519c451ed9025ef67d5b85c,2/3(土) 19:42
htbv,HTB北海道ニュース,「雪をみたことがないので楽しかった」外国人観光客に雪像づくり体験を　さっぽろ羊ヶ丘展望台で初開催,https://news.yahoo.co.jp/articles/b23e2b50e022ba59f8837f5501747d51eb565f4d,2/3(土) 19:35
htbv,HTB北海道ニュース,車２５台以上が絡み　およそ７時間にわたり通行止め　現場は吹雪や凍結路面　スピード出しすぎか　道央道,https://news.yahoo.co.jp/articles/50857e6f49ab25842be2f684ca9262e5b00291dd,2/3(土) 19:30
