media_en,media_jp,title_articles,link_articles,date_original
diamondf,ダイヤモンド不動産研究所,2024年の住宅ローン金利はどうなる？2023年の振り返りと今後の動向,https://news.yahoo.co.jp/articles/301d1ee7a2f8884765d1eb0d30cc815419facfb0,12/22(金) 19:16
diamondf,ダイヤモンド不動産研究所,「グラングリーン大阪 THE NORTH RESIDENCE」とは？最高住戸価格25億円の高級タワマンの価格予想と現地レポも,https://news.yahoo.co.jp/articles/5e1dceb8163cce13bed24ed78bba1ec4f477a244,12/22(金) 11:01
diamondf,ダイヤモンド不動産研究所,50年ローンなら高額なマンションも購入できるが、返済負担は1500万円も増える！,https://news.yahoo.co.jp/articles/70d04d40ca2a87eb0ea3bad8c1b2ab6f065582a8,12/17(日) 11:12
diamondf,ダイヤモンド不動産研究所,返済中の住宅ローン金利を下げさせる交渉術は？～銀行員がリアルに解説,https://news.yahoo.co.jp/articles/92b17032d30d4909780b4623c1f750ebdcd42163,12/17(日) 8:02
diamondf,ダイヤモンド不動産研究所,渋谷サクラステージ、麻布台ヒルズが開業！注目物件や在庫状況など最新マンション市況を不動産アナリストが解説【2023年12月版】,https://news.yahoo.co.jp/articles/df3bfc17466f6a066afa1bd1a9f23eacef52eb16,12/15(金) 11:12
diamondf,ダイヤモンド不動産研究所,住宅ローン融資は1割の人が断られている！ 審査に通るために押さえておきたいポイントとは？,https://news.yahoo.co.jp/articles/61385eedfb3584a65f081820801df22e33d0dfa9,12/12(火) 11:12
diamondf,ダイヤモンド不動産研究所,「THE TOYOMI TOWER MARINE&SKY（ザ 豊海タワー マリン＆スカイ）」の価格予想は？　湾岸エリアの他のタワマンとの違いも解説,https://news.yahoo.co.jp/articles/9a29b5ea19729a560bc52e36866bb30fe933e219,12/8(金) 11:02
diamondf,ダイヤモンド不動産研究所,引越しするなら年末大掃除に合わせて片付けを！　手順から便利サービスまで徹底解説,https://news.yahoo.co.jp/articles/ce9ecc6c9e9fee0d3af120e4ad06a95fd0a51755,12/6(水) 17:02
diamondf,ダイヤモンド不動産研究所,2023年12月の住宅ローン金利（132銀行・1000商品）をランキングで比較！変動金利、10年固定、全期間固定の金利動向は?,https://news.yahoo.co.jp/articles/893aee3c92a5190a2da78b7252adb58e03361512,12/3(日) 13:32
diamondf,ダイヤモンド不動産研究所,マンション購入後に後悔…実は良くなかった共用施設7選＆番外編,https://news.yahoo.co.jp/articles/104f66c14a9cf78c0c0461c39b14442e0f3f498b,11/29(水) 11:01
diamondf,ダイヤモンド不動産研究所,住宅ローンの金利上昇リスクにどう対応すべきか？ リスクを軽減するコツも紹介,https://news.yahoo.co.jp/articles/7f4cd3d0cfa57b8bc5f84d14f46ada84ab2c767b,11/28(火) 16:22
diamondf,ダイヤモンド不動産研究所,不動産担保ローンでよくあるトラブルとは？銀行員が現場から解説,https://news.yahoo.co.jp/articles/752ac37262db8627963576499b1e368d3409225a,11/22(水) 16:54
diamondf,ダイヤモンド不動産研究所,最高価格200億円！「麻布台ヒルズレジデンス」は日本一の高級マンションだが意外なデメリットも?!,https://news.yahoo.co.jp/articles/4b2bcf0d918be01c69b372ceae501cb41a8fd1b2,11/19(日) 11:12
diamondf,ダイヤモンド不動産研究所,最高価格25億円のタワマンが登場！注目物件や在庫状況などの最新マンション市況を不動産アナリストが解説【2023年11月版】,https://news.yahoo.co.jp/articles/efee104bc59470b750ca74999c6ae05c72541185,11/10(金) 11:17
diamondf,ダイヤモンド不動産研究所,機械式駐車場は冠水リスクや管理費上昇のデメリットがある？ マンション購入前に見落としがちな「駐車場問題」をプロが解説,https://news.yahoo.co.jp/articles/cffb7523cd8653b78ed4f28ba71b598e87f081f3,11/10(金) 11:02
diamondf,ダイヤモンド不動産研究所,2024年以降の利上げで、住宅ローンの変動金利は1.9%になるポテンシャルがある,https://news.yahoo.co.jp/articles/a7b9d345c6e6b73d209e30cb821beaa21e4c8128,10/30(月) 10:12
diamondf,ダイヤモンド不動産研究所,中古マンションの価格上昇率（10年前比）が高い都道府県、3位は大阪府、2位は新潟県、1.8倍の1位はどこ？,https://news.yahoo.co.jp/articles/bb627306bcb1b6544bd9e08a2860abd6574eb2b1,10/24(火) 11:12
diamondf,ダイヤモンド不動産研究所,マンションを賢く住み替える秘訣とは？ 「リセール指数」が高い物件で高値売却を狙おう！,https://news.yahoo.co.jp/articles/e47d7b08dc5caa2e7448ccad005ded3a6c780296,10/22(日) 11:12
diamondf,ダイヤモンド不動産研究所,マンションが売り手市場のいま、「売却先行」の買い替えは失敗する?!　おすすめは低リスクの「購入先行」！,https://news.yahoo.co.jp/articles/27cefaef72bd630dea4153e63b09c7293c5abb27,10/21(土) 11:12
diamondf,ダイヤモンド不動産研究所,つなぎ融資VS分割融資、どっちが有利？　住宅ローンを借りる際の注意点を銀行員が解説,https://news.yahoo.co.jp/articles/7ce3e9219f63581c20723fec44eca431e4114afb,10/6(金) 16:12
diamondf,ダイヤモンド不動産研究所,注目は築浅の中古マンション？ 注目物件や在庫状況など最新市況を不動産アナリストが解説【2023年10月版】,https://news.yahoo.co.jp/articles/5763d7cfb2c8a3c882a81d42ec5049e3fb1ac76b,10/5(木) 11:06
diamondf,ダイヤモンド不動産研究所,選んではいけないタワマンの特徴は？　大規模修繕で200万円超!?　購入後に後悔しがちなポイントを解説,https://news.yahoo.co.jp/articles/eb4385de05d90ae6f95521da6fae922effe750b1,10/4(水) 11:02
diamondf,ダイヤモンド不動産研究所,2023年10月の住宅ローン金利（132銀行・1000商品）をランキングで比較！変動金利、10年固定、全期間固定の金利動向は?,https://news.yahoo.co.jp/articles/f30e6db449ad49e93cd20b3a333a0ada4b8dc0bc,10/3(火) 8:32
diamondf,ダイヤモンド不動産研究所,駐車場やゴミ置き場から住人のマナーや管理状態が分かる！ 中古マンション購入前に確認しておきたい共用部とは,https://news.yahoo.co.jp/articles/e1a2d9014860d01211dec83835367201d7595ee7,10/1(日) 11:12
diamondf,ダイヤモンド不動産研究所,マンション価格高騰と金利上昇気配のいま、変動金利型住宅ローンのリスクを知っておこう！,https://news.yahoo.co.jp/articles/3eaccca4390bb7e02f0c78f1ca72248ce0d017f3,9/30(土) 11:12
diamondf,ダイヤモンド不動産研究所,2024年、火災保険料はさらに値上げへ！ 来年度の火災保険改定ポイントについて解説,https://news.yahoo.co.jp/articles/e7b5d4654cd4089b9568cc5ef90bbe0e4777c31d,9/29(金) 10:12
diamondf,ダイヤモンド不動産研究所,住宅ローン50年時代の正しい処方箋とは？ 常に繰り上げ返済を意識すべきだ,https://news.yahoo.co.jp/articles/d0efe8fee734fae56a1e52cbf3b372c7d7432184,9/25(月) 17:12
diamondf,ダイヤモンド不動産研究所,変動金利の上昇に備えよう！ 住宅ローン変動金利の新常識(下),https://news.yahoo.co.jp/articles/94671140725b45c180239fcc6296b511c26e737f,9/25(月) 15:12
diamondf,ダイヤモンド不動産研究所,埼玉県のマンション値上がり率2位は「ザパームス浦和岸町」、1位はどの物件？【中古マンションランキング】,https://news.yahoo.co.jp/articles/bb2a79cddaf5737007318cdb6588ff9e2673f07f,9/19(火) 11:12
diamondf,ダイヤモンド不動産研究所,千葉県のマンション値上がり率2位は「サングランデ公津の杜グレイス」、1位はどの物件？【中古マンションランキング】,https://news.yahoo.co.jp/articles/b0fdb13ba57af4c76ad5ea4ea655c9fc3686c802,9/18(月) 11:12
diamondf,ダイヤモンド不動産研究所,神奈川県のマンション値上がり率2位は「ルミエラガーデンズ」、1位はどの物件？【中古マンションランキング】,https://news.yahoo.co.jp/articles/f62299ca6cc33ffc89db59f5f286bb2a2e951e54,9/17(日) 11:12
diamondf,ダイヤモンド不動産研究所,東京都のマンション値上がり率2位は「Wコンフォートタワーズ」、1位はどの物件？【中古マンションランキング】,https://news.yahoo.co.jp/articles/47245855b839451ceac83a4acf3aada953e6beee,9/16(土) 11:12
diamondf,ダイヤモンド不動産研究所,葛飾区の洪水ハザードマップから水害の危険性を読み解く！　水害の歴史や川辺の住環境も紹介,https://news.yahoo.co.jp/articles/c277aad4a0d3323836d45da52e5152d6e5a50e32,9/16(土) 11:12
diamondf,ダイヤモンド不動産研究所,晴海フラッグが大きく影響？注目物件や在庫状況など最新市況を不動産アナリストが解説【2023年9月版】,https://news.yahoo.co.jp/articles/879fe04be4eb4156dba47b3e1543a7a6f49f3975,9/13(水) 11:16
diamondf,ダイヤモンド不動産研究所,「HARUMI FLAG SKY DUO（晴海フラッグ ）」第1期2次の販売が9月にスタート！予定価格も公開中,https://news.yahoo.co.jp/articles/5f18db59d04a90a12f5cff2abe734e9c2696e731,9/12(火) 17:02
diamondf,ダイヤモンド不動産研究所,マンション購入後1年で転勤になった場合、 売却か賃貸どちらのメリットが大きいかをシミュレーション！,https://news.yahoo.co.jp/articles/1ac6fceb66d17525d2224864ddf7e6fee0c2606f,9/10(日) 11:12
diamondf,ダイヤモンド不動産研究所,住宅ローンの未払利息が発生した時、銀行はどうした？　現役銀行員が過去の金利上昇時の対応を解説,https://news.yahoo.co.jp/articles/fbecc0fab103e82f624145d55f46fb4084f162dc,9/6(水) 8:01
diamondf,ダイヤモンド不動産研究所,2023年9月の住宅ローン金利（132銀行・1000商品）をランキングで比較！変動金利、10年固定、全期間固定の金利動向は?,https://news.yahoo.co.jp/articles/ac4d50404b88d08468e3fb04c24eef46f1ec57aa,9/2(土) 10:48
diamondf,ダイヤモンド不動産研究所,注目は杉並区？ 高倍率となった超人気マンションはどこ？ 最新の新築マンション相場、価格、売れ行きを櫻井幸雄氏が解説,https://news.yahoo.co.jp/articles/0eda339a34870dc14c942c8041852788618c3fce,9/1(金) 11:12
diamondf,ダイヤモンド不動産研究所,変動金利のリスクを知っていますか？　住宅ローン変動金利の新常識(上),https://news.yahoo.co.jp/articles/2e495639c2e484d3b578cbff096183c7cdc72f8f,8/30(水) 18:02
diamondf,ダイヤモンド不動産研究所,50代で住宅ローンを借りても大丈夫？ 住宅ローンを借りる際のポイントや注意点を銀行員が解説,https://news.yahoo.co.jp/articles/348c7c78a061ba5fb3c8642c5407636110882033,8/29(火) 17:02
diamondf,ダイヤモンド不動産研究所,植田・日銀の政策修正で住宅ローンはどうなる？　早ければ2024年の利上げで変動金利上昇も！,https://news.yahoo.co.jp/articles/23ac160795f953c65a4471d3a2a52ec1b6477c1d,8/29(火) 8:12
