media_en,media_jp,title_articles,link_articles,date_original
nkt,“๚–{Cer,3Ax“๚@u”ผ‘ณ”ผp“ลเ‘ฯฆ็๊ศขcve’nลฐ๊ฤตตขcษ@’นๆE“ช,https://news.yahoo.co.jp/articles/0bafdc053b37bd71dfbce6ca9f73c8fc484c7369,9/14(“y) 17:50
nkt,“๚–{Cer,ิ—ผ“เลT“CYo_ช“ม}โญเฦี“ห@C—ฬฝ฿10ฬ^sล๊•”vๆ^x๐ภ{@’นๆง•ฤqs,https://news.yahoo.co.jp/articles/a98c49c4390fe2ffd35515c7ed9d36177da19c8b,9/14(“y) 17:44
nkt,“๚–{Cer,`[tษตฝฬอI“_ฬuAUV—c’t€v@SNSล10–ขขหฬV์n“RฦอH@goY้hn“R๐XถÝoท”้อH@vข—งมฝ็‘ฆs“ฎSNS’S“–าฦElฬtbg[Nฬyณลฎฌ@“ชง,https://news.yahoo.co.jp/articles/6018beecfefa706940aa1cd25aec07b01fcfb729,9/14(“y) 7:22
nkt,“๚–{Cer,u–ฺ“IชฉEฦขคฬอ’Z—“Iลg่พมฝv@ฉ‘๎ษ•๚ฮตฝ฿@–ณEฬ—ษ’ฆ–๐2”N6ฉฬภY”ป@“ชง]’รs,https://news.yahoo.co.jp/articles/e68cacf727818e2cc85d24e3757232246bbdcd9d,9/14(“y) 6:12
nkt,“๚–{Cer,u— เv๐๓ฏๆมฤขฝc๕ษ‘ฮท้‘ฮ๐วคตฤขญฬฉH@ฉ–ฏ“}ฬ‘ู‘I9lฬ๓•โาชค“ฏLา๏ฉ@ขธ๊ฬ๓•โาเ“O’๊“Iศ๐–พษอyั,https://news.yahoo.co.jp/articles/fce95277a76f74849adbc782826a53b107723b9b,9/13(เ) 18:20
nkt,“๚–{Cer,y‘ฑ•๑z’ส•๑าชZ–ฏ—ซษฮ–๐’m็น้@ฎOษ”๐“๏ตฏชศต@’นๆsฬZ‘๎ลฮ–@•๊ฎฦ‘qษช‘Sฤ,https://news.yahoo.co.jp/articles/58240e5019e0081ce6ff8066db9875546e7c1fa8,9/13(เ) 18:19
nkt,“๚–{Cer,uj[NศACfAณญ—๔Iv@—”Nฬ–”ล’๑ณ๊้“ชงฬHÞ๐gมฝVฝศจษฌ่๐lฤ@’nณฬtโ๙H“Xocา็ชs๖๋,https://news.yahoo.co.jp/articles/48651be3795e3b4118ca9d06ebe762610964abd3,9/13(เ) 18:17
nkt,“๚–{Cer,uขยฬ‘ใเฤอฉมฝ๑พ๋คv@–พกฉ็‘ๅณAบaÜลขฤ๐ตฬฌศช็ค—pณ๊ฤซฝMdศคฟํฦ๎qฬ“Wฆ๏@’นๆง“์•”’ฌ,https://news.yahoo.co.jp/articles/df8b2ef68b3aa2000fbfdde6ba980adb4c7d72b2,9/13(เ) 18:06
nkt,“๚–{Cer,2024”NฤฬC“^[nC@‘S‘—Dตฝ“ชง“เฬ5ยฬZช“ชง’m–ษ•๑@ÛR’m–uSฉ็hำ๐•\ท้v,https://news.yahoo.co.jp/articles/80387c8ac3cc7465664a1b1eb8ea4f0d9f910bb8,9/13(เ) 18:04
nkt,“๚–{Cer,’นๆงc๏ฬ9’่—แ๏J๏@“Kณศ‘I“๐–ฺwท๐—แฤโ–๑33ญ~ฬ๊”ส๏vฬ•โณ—\Zฤศว11ฬcฤ๐Rc,https://news.yahoo.co.jp/articles/565c96dbd93f73a7b1d6932d33870d38571b5452,9/13(เ) 18:01
nkt,“๚–{Cer,‘S‘ZTbJ[‘I่ ‘ๅ๏@’นๆง‘ๅ๏ฬ‘gÝํนช’่,https://news.yahoo.co.jp/articles/b15226172015fa967264dccd226a2ee6cbbce1c4,9/13(เ) 17:57
nkt,“๚–{Cer,๗—๎121”NE“๚–{ลรฦพํ๊้“๑\ขI—ฬe–ุฬ๛n์ฦ@ฒ’ท๕ฬe–ุฉ็–๑550ยฬ—๛n@ก”Nอ“๑\ขI—ชอ”|ณ๊ฤ120”Nฬ฿–ฺฬ”N@’นๆง,https://news.yahoo.co.jp/articles/812e4ffaddb6c8eea55c68fddc8d717423fc950c,9/13(เ) 17:51
nkt,“๚–{Cer,y‘ฌ•๑zu•จฉ็oฮตฝv@Z‘๎Xลฮ–@ปÝเมฮ“ฎ’@’นๆง’นๆs,https://news.yahoo.co.jp/articles/5facf03d5c5efd52b97cd8359aa894bf46e55354,9/13(เ) 12:51
nkt,“๚–{Cer,u”sชํฉ็๑ลทv@hVฬ“๚๐‘Oษ’nๆฬจ”N๑่ศว–๑170lชQม@–ณ—ฟฬXbgEp`“R‘ๅ๏@’นๆงีY’ฌ,https://news.yahoo.co.jp/articles/b22f8303ddccd6a8a06c116890eab09586c2b8ca,9/13(เ) 11:48
nkt,“๚–{Cer,pgJ[–ฬ๖•\นธ@tF“Xษี“หตA฿ญษขฝ1lชฏช@x@อป๊ฬ๓ตโฏชฬ’๖“xฉ็‘“Iษ”ป’fต–ฬ๐๖•\นธ@“ชงผ]sEผ]x@,https://news.yahoo.co.jp/articles/cd2d42e2d164b03f545e10df87ccd56f8a83f345,9/13(เ) 10:44
nkt,“๚–{Cer,yฉ–ฏ“}‘ู‘Iฆzฮ”j–ฮณฒ–’ทÜÞ9lฬ_ํชX^[g@ฮ”jฬ’nณE’นๆลอxาช“}๕ษx๐ฤัฉฏ้,https://news.yahoo.co.jp/articles/4c774afc77cc60c4dd427ebfdb0b24c29a9d952c,9/12(–ุ) 18:19
nkt,“๚–{Cer,ฦํโข‘ใ๐’ดฆฝ40lล๐•ฤฬ๎ ่@Riะศวฬข“๏๐ๆ่zฆก”Nล17”N–ฺ@IWi“๚–{๐ฦตฤFถท๒ศวล”ฬ”ณ๊้—\’่@’นๆง”ให’ฌ,https://news.yahoo.co.jp/articles/7bfc7a3c9b937341575025710bcde7841dacc0e3,9/12(–ุ) 18:14
nkt,“๚–{Cer,ฦมฦ่฿ฎÝ`ษ“๑\ขI—[[uHvล’นๆษึS๐@ฦมฦ่ง–ฏฬ“๚ษํนฌwZล“ม•สศH@’nณฬHÞ๐ำ๑พ๑ษgมฝj…[ช“o๊,https://news.yahoo.co.jp/articles/cc1256db26295a26c508a2873b8aef1f791760ff,9/12(–ุ) 18:14
nkt,“๚–{Cer,‘—…{Ýฉ็–๑1700Lฬ–๛ชc@”_ฦ—pษg—pณ๊้์ษR๊oท@”R—ฟ^“NฦG“W“๐ิฺ‘ฑ•”ช—๒ปชด๖@“ชงผ]s,https://news.yahoo.co.jp/articles/d1ed5efd6acc94c5bcee2c7219e6ad226fe9a598,9/12(–ุ) 18:11
nkt,“๚–{Cer,71ฮฬ’jซช^“]ตฤขฝyๆ—pิชR“rjษ“หมÞc@ANZฦu[L๐“ฅÝิแฆฝฉ@ฏชlอศต@“ชง‘ๅ“cs,https://news.yahoo.co.jp/articles/51e1b7f1aafa0bf493b45f53bf738479f842717a,9/12(–ุ) 15:05
nkt,“๚–{Cer,ฉ–ฏ“}‘ู‘Iชฆ@ฮ”j–ฮ ณฒ–’ทÜÞ9lช—ง๓•โ๐“อฏo้@927“๚ษ“J•[,https://news.yahoo.co.jp/articles/e29baa36177b9300f28e5084d548eac11ac25625,9/12(–ุ) 11:47
nkt,“๚–{Cer,RACÝชuขEWIp[Nvษฤ”F’่@๊อ๐•tซฬฤ”F’่ฦศ้เก๑ฬRธล2028”NÜลp‘ฑ’่@’นๆง,https://news.yahoo.co.jp/articles/7d33d92040e7086bc11701494c890a722a6b688b,9/12(–ุ) 11:46
nkt,“๚–{Cer,q๓HüโÝq‘Dศว‘ÛqHฬg‘ๅษ ํนฤู}vWFNg๏c@——p‘ฃiษüฏฤำฉ๐๐ํท@’นๆง,https://news.yahoo.co.jp/articles/1f0b55e3571713b95f84d8b4c34a9947e66b62a7,9/11(…) 17:58
nkt,“๚–{Cer,uH—~ฬHvษ‘S‘ฬคÜขเฬ๐I@H—~ฬHษ–kC“นฉ็ซ“๊Üลe’nฉ–ฬค•iชW@’นๆง•ฤqs,https://news.yahoo.co.jp/articles/6aea52ef8f88d57a5b8d4a643e21f1f3171e33f6,9/11(…) 17:58
nkt,“๚–{Cer,l—สชD’ฒฬHฬ–กouT“}v@–kC“นชบsฬ“๚ฬ…—gฐ—สอ”Nฬ–๑140”{@ฝพภญHื็๊้ฬอกพฏH@uลๆฉมฝ๑ลทฏวAพ๑พ๑KทฺÝษศ้v,https://news.yahoo.co.jp/articles/fc62f6eb4ca18f0187d74389c0827409cc94ea4b,9/11(…) 17:51
nkt,“๚–{Cer,u{bg๐‘€cท้Ýฝขลฦฤเyตฉมฝv@Zถช๎ ่‘ฬฑ@COลฬ”ฬ”•๛–@๐”_ฦษüฏฤ’๑ฤเ@“ชง_“์s,https://news.yahoo.co.jp/articles/a624d2ef7dc31bf7de50ff8fa610a04b02efd067,9/11(…) 17:49
nkt,“๚–{Cer,{ฬ–กoษเู•ฯ@uฟๅมฦูํลทเ๑หB•’i’ส่ษศมฤูตขv@G฿O๊ฬณ@ผ“๚ษๆมฤ—ฬ๊•”ช•ฯFc@’นๆง’นๆs,https://news.yahoo.co.jp/articles/f2653cb2caec4c339b6badbde922206e46ccaee8,9/11(…) 17:48
nkt,“๚–{Cer,ฤา“ญ๐–ฺwท“ชด”ญ2@@ปÝÝ’ฬe‘ฮ๔โ’ร”g‘ฮ๔ศว{Ýช๎€ษ“Kตฤข้ฦ”ป’f@–ภใฬiฦท้Rธสฤ๐ๆ่Üฦ฿,https://news.yahoo.co.jp/articles/a38765004298167476bb4db14b1dd511b337fa35,9/11(…) 17:47
nkt,“๚–{Cer,911“๚อu๖O“dbฬ“๚v@ะQษเgฆ้๖O“dbฬgข•๛ฦอH@‘ๅK–อศะQษอ–ณ—ฟลg—pชย”\ษศ้ฑฦเ,https://news.yahoo.co.jp/articles/ae588d777390337500da3326a19f452001891bd5,9/11(…) 17:42
nkt,“๚–{Cer,u’ํ๐•๘ฆฝÜÜำฏ๐ธมฤจ่Üตฝv@’นๆ‘ๅ’nkฉ็ก”Nล81”N@]ตา๐ตฬิ’ว“ฎ@’นๆง’นๆs,https://news.yahoo.co.jp/articles/51708018cd742c3c6a66867f151a6023e979cf69,9/11(…) 12:04
nkt,“๚–{Cer,c๏ฬc๐oศขÜÜ๎€z๐’ดฆ้ณศ‘ศวฬ•จ•i๐w“ü@RAพฏลเญศญฦเ14ฉก‘ฬล”ญo@fW^ณศ‘ฬw“üษๆ้—\Z‘โปเปเณศ‘ฬw“üอc๏ฬณ”Fช•K—vศขฦ”FฏตฤขฝP[Xเ,https://news.yahoo.co.jp/articles/96d92a2d61d4946620464d0138c29f5295ea1614,9/11(…) 6:02
nkt,“๚–{Cer,–ก‘X`๐๛ษตๆคฦตฝฦฑ๋2Z“`ฬjเฬๆคศเฬชc@ฌwZฬHษฌ“ü@’N”ํQฬ•๑อศต@“ชงv“cs,https://news.yahoo.co.jp/articles/850e0129f54b66b5cba630a65cdeae484aaa1f72,9/10(ฮ) 18:55
nkt,“๚–{Cer,Û‘่ฦศ้ฬอ’m–ผ“xฬ’แณ@Oc@‘I““ช1ๆลฉ–ฏ“}“ชงAช—i—ง@๎เKb”üqณ๑ช๏ฉ,https://news.yahoo.co.jp/articles/88cd5c24694648692cdd072cbb567e5d23300b19,9/10(ฮ) 18:53
nkt,“๚–{Cer,uยÜ๑ศขฑฦช มฤเAyตขฑฦ๐ฉยฏ็๊้lษศมฤูตขv@ณTbJ[—q“๚–{‘ใ•\Lve“E‘ๅ•”—R”üณ๑ช“ม•ส๖ฦ@‘ฝญฬย”\ซช–ฐมฤข้ฌwถษG[@’นๆง”ช“ช’ฌ,https://news.yahoo.co.jp/articles/7922f391620c0bf0ead6980b3d61d9f45dc7b669,9/10(ฮ) 18:51
nkt,“๚–{Cer,อ้ฮ้–ผรฎฉ็“นปtuNE“v”XฬptH[}“Xศวล“ฌ•a’ฬqวเฝฟษฮ็๐“อฏ้@uค๊ตฉมฝByตขCฟv@“ชงo_s,https://news.yahoo.co.jp/articles/c1979be462549c95c9d2667ca2ab0edefbfb0567,9/10(ฮ) 18:48
nkt,“๚–{Cer,—Dฬ•Üอc@‘“นptH[}“Xbq€—Dฬ’นๆ้–kZ‘“น•”@์•iช•`ฉ๊ฝbs“OgbN”โI@’นๆง’นๆs,https://news.yahoo.co.jp/articles/e5675459ec366b7b3187272e9415ec59b556e909,9/10(ฮ) 18:43
nkt,“๚–{Cer,–{—็ญฬอ4ฉ็5ฒ๋c@ฦมฦ่ิ๑Lลtษ็ญuVL~ฬิvชJิ@–าฬeฟฦÝ็๊้เด๖อ•s–พ@’นๆง“์•”’ฌ,https://news.yahoo.co.jp/articles/b1572418d96df809fed57a08a5ca7b2c360fe4c6,9/10(ฮ) 18:38
nkt,“๚–{Cer,“ชงc๏ฬ9’่—แ๏ชJ๏@ะQ•”๏21ญ~ศว๐ท่๑พ‘z194ญ~ฬ•โณ—\Zฤ๐ÜÞ35ฬcฤ๐’๑o,https://news.yahoo.co.jp/articles/8af36be74eb9f95bdde1fb74658df760cecdcb81,9/10(ฮ) 18:35
nkt,“๚–{Cer,y‘S‘zภÛษ“dิช‘–้üHล^“]‘ฬฑ@‘S‘ล๊”ิลษ^“]‘ฬฑ๐n฿ฝ“S“น๏ะฬVฝศ้ๆ@uฉMอ–XลทBโ‘ฮ‘ผะลอลซศขฬลv@—๑ิ–ณü๐gมฝโ่ฦ่โM@ฬm”Fศว–{•จฬ^“]mณศช็ฬ‘ฬฑ@“ชง,https://news.yahoo.co.jp/articles/3d6f38518932dd4f92595f4e5f0abe5943365044,9/10(ฮ) 14:56
nkt,“๚–{Cer,ห‘RD’ฒ๐Û@•ฤq|\E•ึฬ8“ๆ—ฆ@‘ไ•—10ศวฬeฟ๐๓ฏ้เÛ‘่ฦศมฤขฝ“๚–{lฬ“ๆา”ช…€,https://news.yahoo.co.jp/articles/16aad296d6ac4a5f1dac24aabbac1dc20541826c,9/10(ฮ) 14:10
nkt,“๚–{Cer,V^u“ม}โญเvช“๚–{“S“น‘ๅÜ๐๓Ü@”ผยบ๓ิศวฬ“ม’ฅโ’nๆซปษvฃตฤข้“_๐•]ฟ@๖Üฎอ1014“๚ฬu“S“นฬ“๚v,https://news.yahoo.co.jp/articles/c7903a33855752c87b23695e19f8a6a7537e0bd9,9/10(ฮ) 14:08
nkt,“๚–{Cer,C๐‘่ÞษตฝA[g“W๐Jร’@qวเฝฟช[NVbvลชÜฎฟ|VFbg์่ษ’งํ@“ชง•l“cs,https://news.yahoo.co.jp/articles/2c79be828a47ed7590dfe4ae5af1c1542576faac,9/10(ฮ) 14:04
nkt,“๚–{Cer,u–ภf๐ฉฏ็๊ศขฦี“ฎ“Iษฮ๐ยฏฝv@ฉE–ฺ“Iลฉ‘๎ษ•๚ฮตฝ฿@–ณEฬ—ฬ๖”ป@uิแข ่Üน๑vฦN‘i“เ—e”F฿้@“ชง]’รs,https://news.yahoo.co.jp/articles/1076143fc9ab1b6d749df2d4dfb42eb27bb09478,9/10(ฮ) 5:58
nkt,“๚–{Cer,’นๆY–ฑฬล็ชaฬRงล๐C‘ัั^“]ฬ^ขล‘฿•฿@wbhCgช•ะ•๛ุ๊ฝ๓‘ิล^“]@x@ษ~฿็๊๙๐ธล๎€’lศใฬAR[๐o,https://news.yahoo.co.jp/articles/5444ae4cf51c84c8d6275c321803097f0fff23d5,9/10(ฮ) 5:32
nkt,“๚–{Cer,uCÝฬ—ฒNโ’f‘wฬA“ฎฬ”Oอศขฉvuด”ญษ฿ขซ`sฬ”๐“๏ชข“๏พชAปฬ‘ฮ๔อ‘ๅไ•vฉvศวฬบc@’นๆงลด”ญฬภ‘Sซ๐–โค2ยฬ๏c,https://news.yahoo.co.jp/articles/fa8543df899d4b1a53df6703e4610d3de6941f45,9/9() 18:47
nkt,“๚–{Cer,ง“นฬ•๖—ลฯ๕qช“rโฆฝ“๚ไ๊’nๆ@2ฉิ่ษ๊”สิ—ผช’สsย”\ษ@‘ฝญฬฯ๕qลษฌํค@งอN[|“””ญsโฯ๕oXศวฬ’สsย”\ศ“นHฬฎ”๕๐}ฎ@“ชงo_s,https://news.yahoo.co.jp/articles/46a71f85d6d708ea50064062b672c5a496123940,9/9() 18:44
nkt,“๚–{Cer,RAจฦตฤ2004”Nศ—ฬp“sbN_l“พ@ิขทejX’jq_uXลโ_EO–ุ‘๑–็‘I่@ํใAรญฉ็ฬ—FlฦA—๐๐ํตu๗ตณฦภ“gv๐ยร่u“๗ชHืฝขv@“ชงo_s,https://news.yahoo.co.jp/articles/d2c2e6c22167633fa0494052888a9be912afa34f,9/9() 18:41
nkt,“๚–{Cer,9’{ลเce’nล30๐’ดฆ้^ฤ“๚@“ฎ•จฝฟเฎมฝ่@กใเตตขณช‘ฑญฉÝ@’นๆง’นๆs,https://news.yahoo.co.jp/articles/e4271e35cecca9a897d37b983a623cda85e409b0,9/9() 18:07
nkt,“๚–{Cer,KCi[’นๆ@กGz[€Q[€ล‘ฝฬ3“พ“_ลภ’รษ๕,https://news.yahoo.co.jp/articles/de70519b61815b001afbeb2fb88bc56c0e4857b9,9/9() 15:57
nkt,“๚–{Cer,ก”Nเ’นๆsฉ็—ซ—อmชo๊@–kC“น๚HsลJรuญต๋‘Ûจ๑ศ‘–o‘ๅ๏v,https://news.yahoo.co.jp/articles/bc70d390ced048cf62acfb1ab24139c545cfaa5a,9/9() 12:38
nkt,“๚–{Cer,uh”‘ลv“ฑ“ü๐–ฺwท“ชงผ]s@“ขฯ๕๏ชฆตฝ’ฅ๛ตศข๎€uh”‘”๏5000~–ข–v๐‘ธdท้•๛j,https://news.yahoo.co.jp/articles/7f06b9ba03d887a892626902b5d315169e412ba8,9/9() 12:38
nkt,“๚–{Cer,uภ‘SภSฬใล“ฎซค้เฬศฬฉฑ๊ฉ็’”JษTdษฉฤขซฝขv@’นๆงE•ฝไ’m–@ก”N12ษฤา“ญ—\’่ฬ“ชด”ญ2@๐@,https://news.yahoo.co.jp/articles/2e76a1f054071bd88fcab72d9fd5234037a7c5ec,9/8(“๚) 19:41
nkt,“๚–{Cer,๚Oc@‘I““ช1ๆ@ฉ–ฏ“}“ชงAช๎เKb”üqOc@c๕ฬ—i—ง๐’่,https://news.yahoo.co.jp/articles/7105985d7975e821b50e789666668758de9c83e0,9/8(“๚) 12:21
nkt,“๚–{Cer,2ฉิ่ษ๊”สิ—ผช’สsย”\ษ@‘ๅJล“นH•๖๓ฬo_s“๚ไ๊’nๆ@“ชง,https://news.yahoo.co.jp/articles/3e4dc0beb1f8203991a0525ff7535f4660d387e2,9/7(“y) 17:43
nkt,“๚–{Cer,“ชดq—อ”ญ“d\“เล—{ถ}bg”Rฆ้@O•”ึฬ•๚หซ•จฟฬeฟศต,https://news.yahoo.co.jp/articles/e7eede84e1dc98490a611ea44c67510d1451cefb,9/7(“y) 13:22
nkt,“๚–{Cer,ypp“sbNzิขทejX’jq_uX@“ชงo_sฬO–ุ‘๑–็‘I่Eฌ“cMl‘I่yAชโ_l“พI2004”NAelศ— RAจ2l–ฺฬ๕“’Bฌ,https://news.yahoo.co.jp/articles/35255cc2e8edfc9d99d5a9472c1411545fbe5d03,9/7(“y) 1:27
nkt,“๚–{Cer,uตÜหมฑvช‘ๅ๓ึ@“ชงชFDA@‘ฬฬl[~“OCc๐ๆ“พ@‘S‘ษ“ชฬ–ฃ—อ๐PR,https://news.yahoo.co.jp/articles/d6888d387933cec89a6b0db5e349bf15d441c417,9/6(เ) 19:19
nkt,“๚–{Cer,‘ๅJศวษๆ้“yปะQฉ็บ—ฌๆ๐็้@’‘’n•๛ล‘ๅฬป–h{Ýw“๑ฬ‘๒ป–hฆ๑’็xฬd‘gÝษ”—้@’นๆงผ”S,https://news.yahoo.co.jp/articles/54d206bd7b1b4d9cb792a27d82c5c94f63a52d4e,9/6(เ) 19:10
nkt,“๚–{Cer,uขข€”๕ตฤJ–ษ—ีÝฝขv@”฿่ฬ—Dษüฏฤc@“ชXTmI}WbNชo_‘ๅะล•KF่@“ชงo_s,https://news.yahoo.co.jp/articles/c4a9bed8eeb6fc90830c7c7c43ecca751855c9e5,9/6(เ) 18:33
nkt,“๚–{Cer,Ýฉ็–๑60”Nc@’นๆงc๏ฬc๏“ช฿ฤฬ‘ๅüCH–@‘ๅ^XN[“ฬÝ’uAoAt[ปโด๕ว‘ฮ๔เl—ถ,https://news.yahoo.co.jp/articles/b369e17430efa783a5d8f96c99cda20d94ab8404,9/6(เ) 17:34
nkt,“๚–{Cer,u’n•๛๐็้ฬอฬำ–ฑล ้vuVตข“๚–{๐์้ฝ฿ษอcv@ฮ”j–ฮ ณฒ–’ทu“๚–{O‘“ม”h๕ฆ๏vล๏ฉ@ฉ็ฬg–ฝศวษยขฤ๊้,https://news.yahoo.co.jp/articles/4195ea4fd675dde033a3465d8135f227a63f0a49,9/6(เ) 17:30
nkt,“๚–{Cer,—A“ü•iชภญo๑มฝ๐V[Y“c@กV[Y“อ‘“เYฬ๙—vฬÜ่ษ๚‘า@Hฬ–กouxjYCKjvฬ…—gฐ@’นๆง,https://news.yahoo.co.jp/articles/b62c6095533487ba37fb7721e0358b343956f408,9/6(เ) 17:25
nkt,“๚–{Cer,’NลเCyษ}“X|[c๐I@แQาชT[tB“โTbvศว๐‘ฬฑ@“ชงผ]s,https://news.yahoo.co.jp/articles/1a3dbc44cc7d88a56730f8c779e20938bc08fab1,9/6(เ) 17:21
nkt,“๚–{Cer,u•จช”Rฆฤข้v@Z‘๎ฦyๆ—pิช‘Sฤ@Z–ฏฬ’jซช็ษโฏว@“ชงo_s,https://news.yahoo.co.jp/articles/2e1dc32a2bdc72996ea449a2156c246a601dbf2a,9/6(เ) 11:17
nkt,“๚–{Cer,–ณ–ฦ–เ”ญo@ฉ“]ิษๆมฤขฝ’jซ๐ะขฤฏช๐ณน“ฆ‘–ตฝ^ขศวลRXฮฬ’j๐‘฿•฿@’ฒืษ‘ฮต–ู”้@’นๆง’นๆs,https://news.yahoo.co.jp/articles/a81b80c8d451503d396c697a229b34743983cf2a,9/6(เ) 5:58
nkt,“๚–{Cer,y’ำz’นๆง“เล}‘ท้x@ฏ๐๊้ผ\@”ฦlอ“ฏถsOว”ิฬ’ฉ็“_€ษ“db๐ฉฏฤข้ฦÝ็๊้@ux@ช“dbล ศฝฬจเ๐—aฉ่ÜทฦฉEEE๊ุ ่Üน๑v,https://news.yahoo.co.jp/articles/fc78af29c6e21bb605945dc301d3aa3e08580275,9/5(–ุ) 19:26
nkt,“๚–{Cer,“ชงภ—sล•จฮะ@ฏชlศต‘Sฤฬ•จชญศญฦเ1“@@x@ฦม–hชด๖๐’ฒื้,https://news.yahoo.co.jp/articles/f316e596de50c2a663fbb7225c53ed790b92812a,9/5(–ุ) 18:53
nkt,“๚–{Cer,‘S‘“IศRฬ•i”–ช‘ฑญ’c“ชงลV•ฤฬuRVqJv๛nnÜ้@“X“ชษเ•ภัn฿AXษR•s‘ซ๐มึüฉค@“ชงผ]s,https://news.yahoo.co.jp/articles/393972b9e623f325cc06abeb38d6bc8f5f3f4352,9/5(–ุ) 18:52
nkt,“๚–{Cer,“ฬ‘ๅwถช”ผ”Nเ‘Oฉ็’นๆงษโมฤซฝ——RอH@u€๐’สตฤ’nณฬ•๛ษi’nณฬ—วณ๐j“`ฆ’ผทฑฦชลซ้ๆคv@ปฬ“y’nษZÝA’nณฬlฦึํ่๐€๐”โI@’นๆs—pฃ’ฌ,https://news.yahoo.co.jp/articles/ba7be216bf65cd77b157a62fb66be5c641493199,9/5(–ุ) 17:14
nkt,“๚–{Cer,uRAA•ฤqฉ็ข๋๑ศ๊ษsซโทญตฝขv@RAฦึผ๐ิHüAqvๆ๐๖•\@’nๆq๓๏ะช—”Nt๐฿วษ•ฤq•ึฬAq–ฺwท@’นๆง,https://news.yahoo.co.jp/articles/dcfd26ba23bbd128a33bc62c85e6a9a6ec82aecb,9/5(–ุ) 17:07
nkt,“๚–{Cer,e[}อu’nณฬฉ‘Rฦqฝฟv@ำ้ณฦึฬvขโ–ฒ๐l฿๑พ‘ๅศKXGชฎฌ@L”OฬCx“gเ“WJ@’นๆงง“๚“์’ฌ,https://news.yahoo.co.jp/articles/99f3bf61eb245718d86a7766f4791328e50c8777,9/5(–ุ) 17:02
nkt,“๚–{Cer,ฉก‘ฬฬ•s“Kณ––ฑ@zศ•จ•i๐c๏ฬณ”Fศตลw“üท้–ฤ‘ฎ@4”Nษ1“xฬณศ‘ฬฉ’ผตษๆ้w“ฑ‘ฬw“üชdศมฝฑฦช—v๖ฉ,https://news.yahoo.co.jp/articles/7c4f24c3a802593247a1d922b3f3f5f83e15c871,9/5(–ุ) 16:50
nkt,“๚–{Cer,กV[Y“ฬLve“อ2l@“ชXTmI}WbNฬt@“~[eB“Oล”ญ•\@V[Y“J–๐‘Oษ–๑1100lฬt@“ฦ๐—ฌ@VLve“ jbNEPC‘I่ษ’–ฺWÜ้@“ชงผ]s,https://news.yahoo.co.jp/articles/e7cf27ac55674c4080ed9edd4696972530abdcea,9/5(–ุ) 16:11
nkt,“๚–{Cer,ypp“sbNzioIิขทejX’jq_uX@O–ุ‘๑–็‘I่Eฌ“cMl‘I่yAชXyC“‘ใ•\yAษ—,https://news.yahoo.co.jp/articles/73ae48a522f23a97ef29bddfb8b040085e6cb704,9/5(–ุ) 12:56
nkt,“๚–{Cer,uโ่ÜทBhทฉเต๊ศขตAฉ•ช๐hทฉเต๊ศขv@”NบใiQlษiซ่jฬๆคศเฬ๐“หซ•tฏบ”—ตฝ^ขล‘๐ศE๕ฬ50ฮฬ’j๐‘฿•฿@“ชงผ]s,https://news.yahoo.co.jp/articles/63ead8774597aeba838741b2bfa9f54f5b0b5876,9/5(–ุ) 6:10
nkt,“๚–{Cer,–ณึWศ|X^[ฬfฆช มฝ๊ษอ“Pึ@““s’m–‘I“ล–โ‘่ฦศมฝ‘I“|X^[ฬfฆ๐๓ฏง“ฦฉฬ๐—แฤ๐งc๏ษ’๑ฤ@’นๆง,https://news.yahoo.co.jp/articles/60e9dbd2c498276587e40b81c6e6d7abd464c901,9/5(–ุ) 5:58
nkt,“๚–{Cer,“ฏถE๊ล“ญญ20‘ใ—ซฬซ“I•”ส๐–งฉษ“Bตฝ^ข@๏ะ๕ฬ’j(26)๐‘฿•฿@—qgCฬ——pาชd|ฏ็๊ฝJษC•tญ@’นๆง‘qgs,https://news.yahoo.co.jp/articles/eccea8a03d8676188bc9bd24d06900b9c0ebb85a,9/5(–ุ) 5:32
nkt,“๚–{Cer,“ชaฬ–ฃ—อüใึ@’{YZpZ“^[“เษVฝศํ—Y‘ขฌ{Ý๐VÝ@๐”zศวฬคฬ๘—ฆ“Iษ๚‘า@“ชงo_s,https://news.yahoo.co.jp/articles/bdaad5526a3708910f0c6862eace89058888b295,9/4(…) 18:50
nkt,“๚–{Cer,—คR•ๆ’nิ—์ี@“๚ดํ‘ฉ็‘พ•ฝ—mํ‘Üลษํ€ตฝซ•บ๐’ว“@u•ฝaฬ‘ๅุณ๐ฬข‘ใษเ•Kธ“`ฆศฏ๊ฮขฏศขv@’นๆง’นๆs,https://news.yahoo.co.jp/articles/1c15d2f78433ec02e6435cb0735d0fcd7e21e397,9/4(…) 18:48
nkt,“๚–{Cer,’นๆง“•”ฬ‘m—ตช‘๏”ซลW฿ฝ•ๅเ๐24ิerษ๑•t@’นๆง,https://news.yahoo.co.jp/articles/a958888960d74daac6c0f449aaf854b6499c4f2d,9/4(…) 18:47
nkt,“๚–{Cer,T“OXช–ฺษเฝ็ท๘สอH@x@ฏฬT“OX’…—p๐”F฿้VK’่ฉ็ü฿ฤปฬ๘ส๐lฆ้,https://news.yahoo.co.jp/articles/f6f4f18b8fec14ff6a7caa3da37ce550890281a4,9/4(…) 18:45
nkt,“๚–{Cer,•‘Wณ๑ชฬ๋ศ•‘เ”โI@“`“ฬZฦ”ü–กฬฃu‘ๅ“s“Wv@“sฬH•ถปโ“`“H|•i๐ตมฝ31ฬV•Üโ–ผ“Xชo“W@’นๆง•ฤqs,https://news.yahoo.co.jp/articles/50bfc2960b9f3e982b6fc37608feff5bbf2db27a,9/4(…) 18:41
nkt,“๚–{Cer,’ฌ“cCÛ—\•๑mชๆÞu—ฌๆก…vฦอH@ฑฬlฆษ–งฺษึWท้uก…{Ývฬ๊ยw_€x๐ๆÞ@ถ๐xฆ้–๐ฬÝศ็ธะQ๐–hฎฝ฿ษsํ๊ฤข้–ฦอH@’นๆง,https://news.yahoo.co.jp/articles/646d19371c6da01573e6d4b3e08e402e8546221f,9/4(…) 18:13
nkt,“๚–{Cer,y‘S‘z•ก”–ฬุโช”ญ@’ฒธลo“y@ขEโYฬฮฉโRYโ’นๆง“๚“์’ฌฬ”BโRYศวฦ’่@uกใฬÝ•ผjฬคษเeฟ๐yฺท๑ลอศขฉv@“ชง,https://news.yahoo.co.jp/articles/a321bc16823bef351c6e5e35c1e8356a9281f118,9/4(…) 14:59
nkt,“๚–{Cer,ypp“sbNzิขทejX’jq_uX@O–ุ‘๑–็‘I่Eฌ“cMl‘I่yA@_l“พÜล ฦ๊@’jqโ่“ฐEดs–็‘I่อ6ส“üÜ,https://news.yahoo.co.jp/articles/69b256e257175b066400922aaf9c34ac6edb238b,9/4(…) 10:35
nkt,“๚–{Cer,c๏ฬc๐oธษ2400–~—]่๐xo@ณ็ฯ๕๏ช–๑900๛ฬw“ฑ‘w“ü@กÜลษศฉมฝP[Xษ’S“–าช•K—vศ่‘ฑซsํธ@“ชงภ—s,https://news.yahoo.co.jp/articles/b6f5f6e66d853b74d7091517de0da45e241e8f03,9/4(…) 5:55
nkt,“๚–{Cer,y“วÝ๐ญzg‘ฬษฦมฤd‘ๅศeฟ๐yฺท•aCu”]‘ฒ’v@ฤ๊ฬ…•ช•s‘ซชด๖ษศ้๊เc@ู•ฯ๐ดถฝ็‘f‘ขs“ฎชd—v@ใtuจฉตขฦvมฝ็1•ชลเ‘ญ•a@ษv,https://news.yahoo.co.jp/articles/293411bd0d17cc6927ff7b8ee83af7f461b6a47c,9/4(…) 5:44
nkt,“๚–{Cer,SNSล’m่มฝu–Fqvฉ็uGlM[s๊ๆ๘ชเคฉ้vฦพํ๊c@60‘ใ’jซช431–~๐พÜตๆ็๊้@“ชง,https://news.yahoo.co.jp/articles/a14250576115c8fd56639fc340a95b00a26a82d9,9/4(…) 5:33
nkt,“๚–{Cer,uX}zฦฉSNSลอ–กํฆศขANNด๐v@ZถชlฤตฝuubNtFAv@้ๆษ฿ฝvขฦอH@“ชงผ]s,https://news.yahoo.co.jp/articles/9f9ea68e3802dc55b23e301b469fdad2c764eb57,9/3(ฮ) 18:36
nkt,“๚–{Cer,“ถฝฟชXe[Wษg๐ๆ่oตท่ใช่๐ฉน้uทฒฉมฝลทBฉมฑขขลทv@ฌwZลขE“Iศนyฦฬ‘t๏@TbNX‘tาEMALTAณ๑ฬนyw“ฑ๐‘ฬฑ@’นๆง,https://news.yahoo.co.jp/articles/7257ca90a063761bc5137ea72f46dcffb492680f,9/3(ฮ) 18:34
nkt,“๚–{Cer,uวฑษw–ไชยขฤข้ฉ—\‘zท้ฬช–ส”’ฉมฝv@’wถชw–ไฬๆโุ’ฬ•ณศวAศx@ฏฬd–๐‘ฬฑ@—DGศlÞm•Ûษüฏฤป๊ษ฿ข๓‘ิ๐‘ฬฑ@’นๆง,https://news.yahoo.co.jp/articles/bf7ee5443ec5107294e3c4ac845bf1c719257fa6,9/3(ฮ) 18:28
nkt,“๚–{Cer,Qมาเvํธuจขตขฉเv@ะQฬ—pษ๚‘า@C…โ“D…Ev[ฬ…๐ถ—p…ษ๒ปลซ้‘•’uฬภ๏@“ชง,https://news.yahoo.co.jp/articles/e3d698b1749346b6cd273c45c7e617b623cc9336,9/3(ฮ) 18:26
nkt,“๚–{Cer,“ชด”ญ2@ฬฤา“ญ๐12ษTฆ@ดq—อะQษ”๕ฆฝ^—pP—๛@•๚หüฬv‘ชศว๐sคธ๏๊ฬJÝ่ศว๐m”F@’นๆง,https://news.yahoo.co.jp/articles/be37b421d34aba722e14c8ed1c445df06045939e,9/3(ฮ) 18:24
nkt,“๚–{Cer,’ำI–ฬชNฑ่โทญศ้ฑ๊ฉ็ฬG฿@JAคฯA’นๆฉ็’นๆงึ5000ยฬ๐’สภ‘S[”ญObY๐‘ก’ๆ,https://news.yahoo.co.jp/articles/31ebde7c3326c1839aa09e9f741a1a9a48f30e91,9/3(ฮ) 17:37
nkt,“๚–{Cer,•i”–ช‘ฑญRc@”_—ั…Yศชก”Nษจฏ้‘S‘ฬ์•ฟTต๐”ญ•\@RA—ผงอu•ฝ”N•ภÝv,https://news.yahoo.co.jp/articles/b2fc20941e16667b40ae64feb24e8708699c4a0b,9/3(ฮ) 12:21
nkt,“๚–{Cer,”ย”๒ัÝEOใั–็ย‘I่ษ•ฤqsฉ็X|[ch๕Ü@pÜ—ึลฬ—\‘I”s‘Þ๐—ฦษ4”NใฬT“[XÜ—ึ–ฺwท@’นๆง•ฤqs,https://news.yahoo.co.jp/articles/d9461fd45cc24290f4db8bbe67c43a8e4b3717b4,9/3(ฮ) 11:08
nkt,“๚–{Cer,uฬนฬXvฬv“cs@ฌEฮฉ๓`ล’Zฬฬฬ๏Jร@๓`ๅรอ‘“เ@“ชงv“cs,https://news.yahoo.co.jp/articles/ba9f5d208dec4c00091f72910b149dc8805d7453,9/2() 19:24
nkt,“๚–{Cer,uÜพขลทฏวXY€Vล—ม฿ฝ็v@จqณ๑ฉ็เ็ข๓ฏฝXY€Vช—มตฐศนF‘tล้@’นๆง•ฤqs,https://news.yahoo.co.jp/articles/2a756b3cdac03b0eca5a5732c9e3573e62c8e712,9/2() 19:18
nkt,“๚–{Cer,“ชXTmI}WbNช๐’สภ‘Si[_[A”C@๙๐ชโ–ผ•๋๐’๑oตชโ๐ฤัฉฏ@“ชงผ]s,https://news.yahoo.co.jp/articles/77829eeebc320d06e487258faba45bf5fadf9d13,9/2() 19:16
nkt,“๚–{Cer,a๛‘P•บq‘O“ชง’m–๐ตฬิL’ ‘ไช“ชง“เ4JษÝ’u@ง’กr[ษอึWาช–K๊’ขำ๐ฆท@“ชง,https://news.yahoo.co.jp/articles/0828ce41299b402fcb21787c7bc7b96869acce92,9/2() 19:14
nkt,“๚–{Cer,–ฺwทอขE‘ๅ๏—D@’นๆปuฬ–สภุtB[hลwถ`[€ชฮฏ’Tธ@ฬeXg@vํสguเ@’นๆง’นๆs,https://news.yahoo.co.jp/articles/519023fc268b7d05a98b961442a5c063619fded9,9/2() 19:12
nkt,“๚–{Cer,ผ]—B๊ฬfๆูuผ]“•๓5vช—”N1ใ{ษ•ย“X@ฤษj…[AI[v“@“ชงผ]s,https://news.yahoo.co.jp/articles/692910d96652210607d9bdafa08efad2cba3cc20,9/2() 19:10
nkt,“๚–{Cer,71ฬฌwZลnฦฎ@2w๚ชX^[gต–๑1ฉ”ผิ่ษ“oZ@ณบลอฤxÝฬvขo๐”ญ•\@“ชงผ]s,https://news.yahoo.co.jp/articles/b2c3b68eb129442357ca4ffa286213eb3c2b4d04,9/2() 19:02
nkt,“๚–{Cer,ฯ๕่๑ฒ€อ‘ไ•—ฬ’ผ–ฦ๊V[Y“cฦX^[g@“๚ฦิช’ทฉมฝฑฦล““xชญdใช้@“ชง”ั“์’ฌ,https://news.yahoo.co.jp/articles/eb1bf5b18fd186e90d01ad58eac62b9acb6a8540,9/2() 19:01
nkt,“๚–{Cer,—ทูลอ67‘g180lชL“Zc@mmฦฺ“ฎตฝ‘ไ•—10@๐’ส@ึเ^xฦศ่e’nษ”ํQg‘ๅ@’นๆงE“ชง,https://news.yahoo.co.jp/articles/66e643b2de04a4dc6f12cd3ea78c930927126d02,9/2() 19:00
nkt,“๚–{Cer,u—วขX^[gvpEp“sbN@ิขทejXEO–ุ‘๑–็‘I่’jq_uXลํ๐Xg[gล—@@“ชงo_s,https://news.yahoo.co.jp/articles/fca01a78bab47678716394b5ffbf6a57363cd8d3,9/2() 18:59
nkt,“๚–{Cer,‘ไ•—10ฬ”ํQ๓ต๐•ฝไ’m–ช@@ฬ่–สล“yป•๖๊ช”ญถตฝป๊ศว๐m”F@’นๆง,https://news.yahoo.co.jp/articles/55f08b0e8878bb8986055c65501dde8d6139caa8,9/1(“๚) 15:54
nkt,“๚–{Cer,u•ฏฤv@C…—ษซฤขฝฦÝ็๊้50ฮฬ’jซชม–hฬwRv^[ษ~•ณ๊้@’นๆงโ”ü’ฌEY•xCÝ,https://news.yahoo.co.jp/articles/9e0c292ef13109de441e6c995e3709d67f4c9628,9/1(“๚) 15:47
