media_en,title_articles,link_articles,date_original
lee,yƒCƒbƒ^ƒ‰z“ú–{‚ÌH‘ì‚É‚à‚È‚¶‚ŞuTundrav‚ÌHŠí‚ğ‚²Ğ‰î,https://news.yahoo.co.jp/articles/79c6b154d56191ff93ff1a793dc3d86566c06c64,9/12(‰Î) 11:53
lee,SNS‚Ål‹C‚Ìì•iA•¶Šwj‚É–¼‚ğc‚·ƒŒƒWƒFƒ“ƒhcƒ‰ƒCƒ^[‚ªŒµ‘IIy¡Aè‚Éæ‚è‚½‚¢‰ÌW9‘Iz,https://news.yahoo.co.jp/articles/6df2bf4da75c1ab3d1ae03a8b3a4b748c40e80b4,9/11(Œ) 21:50
lee,y2023H NEXTƒqƒbƒgƒXƒj[ƒJ[‚Í‚±‚Ì4‘«IzƒXƒ^ƒCƒŠƒXƒg“¿Œ´•¶q‚³‚ñ‚ªÅVƒXƒj[ƒJ[‚ğŒµ‘I,https://news.yahoo.co.jp/articles/f5e68199d4b8ca261a74787ee522ed2012e971ef,9/11(Œ) 20:50
lee,yŒZ–…‚¨‚»‚ë‚¢•‚ÌŠy‚µ‚İ•ûz8Î‘§q•4Î–º‚ª‚¢‚é‚í‚ª‰Æ‚Ìê‡I,https://news.yahoo.co.jp/articles/4c139faee85f5c9c81e7d9717f6860f42da7f408,9/11(Œ) 19:50
lee,u‰ë•P‚³‚ñ~ƒRƒ“ƒo[ƒXv‘Ò–]‚ÌƒRƒ‰ƒ{ƒXƒj[ƒJ[‚ªŠ®¬I,https://news.yahoo.co.jp/articles/bfe65859cc2e621c4c9a61a0d6294ae3b832749e,9/11(Œ) 11:52
lee,”ü—eŒ«Ò‚ÌÅˆ¤yƒXƒgƒŒƒXƒPƒAƒAƒCƒeƒ€8‘Iz‰Ä‚Ì‡–°•s‘«‚â”æ‚ê‚½‚ÉI 2023LEEƒxƒXƒgƒRƒXƒ,https://news.yahoo.co.jp/articles/da900e30a6e4af3ca8d7a70aea97e1e4724628a5,9/10(“ú) 21:50
lee,¬Šw¶Œü‚¯yƒlƒbƒgƒŠƒeƒ‰ƒV[‚ğŠw‚ÔA‚¨‚·‚·‚ß–{5‘IzgƒXƒ}ƒz‹³ˆçh‚ÌƒS[ƒ‹‚Æ‚ÍH,https://news.yahoo.co.jp/articles/f073aee3a10f6b9bcbd0764ebbd99e5e9e85951a,9/10(“ú) 20:50
lee,Q–V‚µ‚½“ú‚Ì1•ªƒƒCƒNI‘½–Z‚ÈƒXƒ^ƒCƒŠƒXƒg‚ª—Š‚è‚É‚µ‚Ä‚¢‚éƒAƒCƒeƒ€‚ÍHÔƒŠƒbƒvAƒTƒ“ƒOƒ‰ƒXc,https://news.yahoo.co.jp/articles/60cf94f7a16713689558e45dfcd52f5589c3228f,9/10(“ú) 19:50
lee,yƒ}ƒŠƒƒbƒRz‘N‚â‚©‚ÈVìƒz[ƒ€ƒRƒŒƒNƒVƒ‡ƒ“‚ÅƒCƒ“ƒeƒŠƒA‚ğXVIyƒNƒbƒVƒ‡ƒ“ƒJƒo[AHŠíetc.z,https://news.yahoo.co.jp/articles/75a05333f45b21cdb621c3234aef393a0779fec5,9/10(“ú) 11:50
lee,‚¿‚Ó‚ê‰‚ÌƒVƒ“ƒOƒ‹ƒAƒCƒJƒ‰[‚Í770I40‘ã‚Ì–Ú‚à‚Æ‚É‚¿‚å‚¤‚Ç‚¢‚¢‹P‚«‚ÅA’PF‚Å‚àd‚Ë‚Ä‚à‘f“G,https://news.yahoo.co.jp/articles/b566f6e31ce63ab6b738dac01143e88723556289,9/9(“y) 21:50
lee,‘åƒxƒXƒgƒZƒ‰[y•Ê’ƒGƒ‹EƒGƒ‹Eƒr[ƒ“~LEE100l‘à‚Ìƒg[ƒgƒoƒbƒO2Œ^‚ğˆ¤—p’†z‚©‚³‚Î‚é‰×•¨‚ğƒXƒ}[ƒg‚É‚Ü‚Æ‚ß‚½‚¢I,https://news.yahoo.co.jp/articles/a12ece200d3d633ba3b6126e728902d82c1b9f53,9/9(“y) 20:50
lee,ˆê”Ê‰Æ’ë‚Å‚àu‚¨è“`‚¢‚³‚ñv‚Ì—Í‚ğŠˆ‚©‚·Iu‰Æ–‚ğ•ø‚¦‚Ü‚È‚¢•¶‰»v“ì•Ä‚ÅŠ´‚¶‚½“ú–{‚Æ‚Ì3‚Â‚Ìˆá‚¢y’“Èƒ‰ƒCƒ^[²X–Ø‚Í‚éØ‚Ì ŠCŠO‚ÅŒ©‚Â‚¯‚½u•é‚ç‚µ‚Ìƒqƒ“ƒgvVol.14z,https://news.yahoo.co.jp/articles/f35b81026e4c997a51f9b8215c74e8f408930a44,9/9(“y) 19:50
lee,yƒXƒgƒEƒuzVFuƒ†[ƒJƒŠv‚Ìƒ‰ƒCƒ“ƒiƒbƒv‚ªŠg‘åBƒƒCƒ“‚¨‚©‚¸‚©‚ç`•¨A†”Ñ‚Ü‚ÅŠˆ–ôI,https://news.yahoo.co.jp/articles/42290930f0c60d268106d313f0306a1503011f51,9/9(“y) 11:52
lee,”ü—eŒ«Ò‚ªˆ¤—p‚·‚éyƒnƒ“ƒhƒPƒAEƒ{ƒfƒBƒPƒAz‰Ä‚Ì”æ‚ê‚½”§‚ÉS’n‚¢‚¢I2023LEEƒxƒXƒgƒRƒXƒ,https://news.yahoo.co.jp/articles/57d2d62e0c04b357b44efadd756ad738a360d95d,9/8(‹à) 21:50
lee,y–³ˆó—Ç•iz”æ‚ê‚½‘Ì‚ÆS‚ğ˜J‚í‚é—DGƒOƒbƒY5‘IIy“ª”çƒPƒAAƒcƒ{‰Ÿ‚µetc.z,https://news.yahoo.co.jp/articles/2e541d9a8b48697f66f3c85bc4b61bbb417482c5,9/8(‹à) 20:50
lee,yƒxƒgƒiƒ€~airbnb—·EŒã•Òz¢ŠEˆâY‚Ì’¬ƒzƒCƒAƒ“‚ÆAƒ_ƒiƒ“‚Ì‚¨Ÿ­—ƒGƒŠƒAEƒAƒ“ƒgƒDƒ“‚Ö,https://news.yahoo.co.jp/articles/a3d3b9686c836d56d19ef6653e153d923f7fac89,9/8(‹à) 19:50
lee,yƒCƒf[zŠFì–¾ŠÄC‚ÌuH& by POOLv2023H“~ƒRƒŒƒNƒVƒ‡ƒ“‚ª“oêIƒjƒbƒgAƒR[ƒgAƒƒ“ƒs[ƒXc,https://news.yahoo.co.jp/articles/97cd201837b2bf7c1d4ef8a4a567453c214e5550,9/8(‹à) 11:53
lee,ƒRƒ“ƒTƒo‚·‚¬‚È‚¢yƒƒ“ƒJ[ƒ‹‚Ådã‚°‚éƒtƒŒƒbƒVƒ…ƒ{ƒuz‚Ó‚ñ‚í‚èŒã“ª•”‚ÅƒVƒ‹ƒGƒbƒg”ül‚ÉI,https://news.yahoo.co.jp/articles/858fa7c366bc3d533e48cb42cd615e9604bf3ab1,9/7(–Ø) 21:50
lee,‹àqŒb”ü‚³‚ñ‚ª–¾‚©‚·u•v‚Ì•s—Ï‚ğ‹–‚·‚Ü‚Åvu‘›“®ŒãA•v‚É›‚ê’¼‚µ‚½——Rv,https://news.yahoo.co.jp/articles/ceeaa4efb1e4693ee71ace1f6f340b817fc00ef3,9/7(–Ø) 20:50
lee,3Î`‘ål‚Ü‚Åy—Š‚ê‚é“ª’É–ò5‘Iz³‚µ‚¢‘I‚Ñ•ûEˆù‚İ•ûAŒø‚¢‚Ä‚¢‚é–ÚˆÀ‚ÍH,https://news.yahoo.co.jp/articles/6cb53a51f43fd65166ced8d1e99bd60c9b9e6d99,9/7(–Ø) 19:50
lee,yGU“W¦‰ïƒŠƒ|[ƒgzƒ}ƒ}ƒXƒ^ƒCƒŠƒXƒg‚ª’–Ú‚µ‚½ƒAƒCƒeƒ€‘S•”Œ©‚¹Iy‚¨‚â‚±‚Ç‚àƒR[ƒfvol.135^‚‹´”ü”¿‚³‚ñz,https://news.yahoo.co.jp/articles/c1590cfc14e4f403e244bd821fe07743941d397b,9/7(–Ø) 11:52
lee,”ü—eŒ«Ò‚ªƒ|[ƒ`‚É‚Á‚Ä‚¢‚é‚Ì‚ÍHyƒ‚ƒoƒCƒ‹ƒRƒXƒ•”–åzƒfƒBƒI[ƒ‹AƒAƒfƒBƒNƒVƒ‡ƒ“c,https://news.yahoo.co.jp/articles/abb564c8ab5a66072e4652a815cfe5a4579216ce,9/6(…) 21:50
lee,ƒXƒk[ƒs[‚Æ‚ÌƒnƒCƒ^ƒbƒ`‚âÊ^B‰e‚ªŠ‚¤IuƒXƒk[ƒs[EƒOƒŠ[ƒeƒBƒ“ƒOv‚ªŠúŠÔŒÀ’è‚ÅŠJÃôyƒXƒk[ƒs[ƒ~ƒ…[ƒWƒAƒ€z,https://news.yahoo.co.jp/articles/136e218b9de9bbfadba46b1e75a5b55f7bf90486,9/6(…) 20:50
lee,ycocazq‚Ç‚à‚Æ‚Ì‚¨‚Å‚©‚¯‚Íƒƒ“ƒg[ƒ“‚Å^ìŒû‚ä‚©‚è,https://news.yahoo.co.jp/articles/141c91fd3c35bb501e9eaf0be0da2d51db5cc93b,9/6(…) 19:50
lee,y‚Ù‚Ú“úè’ z2024”NA‘Ò–]‚ÌVƒ‰ƒCƒ“ƒiƒbƒv‚ÍHyƒvƒŒƒX“à——‰ïö“üƒŒƒ|z,https://news.yahoo.co.jp/articles/ae3a280acbdccadf6eb82e67f594b966a479e612,9/6(…) 11:54
lee,uHI-TECv‚Ìƒ^ƒEƒ“ƒ†[ƒX‚àOK‚ÈƒAƒEƒgƒhƒAƒXƒj[ƒJ[‚ªl‹CIuTHE NORTH FACEvuƒwƒ‹ƒV[ƒfƒjƒ€v‚ÌHƒAƒEƒ^[‚àƒ‰ƒ“ƒNƒCƒ“Iy30`40‘ã—«ƒtƒ@ƒbƒVƒ‡ƒ“”„‚ê‹ØTOP10z,https://news.yahoo.co.jp/articles/c1638afd86e446d9cb707b03abb6225a2302ed52,9/5(‰Î) 21:50
lee,‹àqŒb”ü‚³‚ñ‚ªOG‚Æ‚µ‚Äu©–¯“}—«‹Ç‚Ìƒtƒ‰ƒ“ƒXŒ¤C—·sv‚É‚Â‚¢‚Ä•â‘«à–¾‚µ‚Ä‚¨‚«‚½‚¢‚±‚Æ,https://news.yahoo.co.jp/articles/361eb99ba86d2bbb059d8a07a5c7037f319583e9,9/5(‰Î) 20:50
lee,yƒXƒ^ƒCƒŠƒXƒg‚¨‚·‚·‚ß‚Ìq‚Ç‚à•3‘Izƒvƒ`ƒoƒg[AUhr‚ÌƒLƒbƒYƒ‰ƒCƒ“cˆê–‡‚Å‰f‚¦‚é‚¨‚µ‚á‚êƒAƒCƒeƒ€‚ÍH,https://news.yahoo.co.jp/articles/51676d2bb796c1e7f0b5dc1a0a18075d0a1115a6,9/5(‰Î) 19:50
lee,yq‚Ç‚à‚Ì“ª’É‚Ì“Á’¥5‚Âzˆãt‚É•·‚­Ióf‚Ì–ÚˆÀ‚ÍH‚¨‚·‚·‚ß‚Ì“ª’É–ò‚Á‚ÄH,https://news.yahoo.co.jp/articles/15a70a78c77fb3bd8df44c8e588a515ce4194ef9,9/5(‰Î) 11:53
lee,yƒŠƒoƒeƒBzVƒtƒ@ƒuƒŠƒbƒNƒVƒŠ[ƒYuƒŠƒoƒeƒBEƒŒƒ^[ƒYv‚ÌƒXƒJ[ƒt‚ªH“~‚¨‚µ‚á‚ê‚ÉŒø‚­I,https://news.yahoo.co.jp/articles/a926ce2c1fcfcd42170e102c3a5e440f24b92bf7,9/4(Œ) 21:50
lee,yƒfƒCƒŠ[g‚¢‚ÌƒAƒNƒZƒTƒŠ[12‘IzƒGƒ‹ƒƒXAƒJƒ‹ƒeƒBƒGcƒ}ƒ}ƒXƒ^ƒCƒŠƒXƒg‚ÍŠÔ‚ª‚È‚­‚Ä‚à‚¨‚µ‚á‚ê‚ğ‚ ‚«‚ç‚ß‚È‚¢I,https://news.yahoo.co.jp/articles/3c971f74dd4d431890b7af85fd52ff91f2848794,9/4(Œ) 20:50
lee,‹£‘ˆ‚Å‚Í‚È‚­‘å©‘R‚ğŠy‚µ‚ŞIŠÂ‹«ƒXƒ|[ƒcƒCƒxƒ“ƒguSEA TO SUMMITv‚É‰Æ‘°‚Å‰Q‰Á‚µ‚Ü‚µ‚½y‘ÌŒ±ƒŒƒ|[ƒg‡A‘å‰ï•Òz,https://news.yahoo.co.jp/articles/31ae503d3f0b21213a978e5d153c745667d50ede,9/4(Œ) 19:50
lee,’·‚­ˆ¤‚¹‚éy•‚¢–¼•i¬•¨7‘IzƒGƒfƒBƒ^[ˆé•”ˆÀ‰¾‚³‚ñ‚ªƒiƒrƒQ[ƒgI,https://news.yahoo.co.jp/articles/1444041f661eb590f9af4b8ee486b30be8f2c03d,9/4(Œ) 11:53
lee,yZARA‚ª‘åŠˆ–ôz–Ò‹‚ÌŠÖ¼—·^ìŒû‚ä‚©‚è,https://news.yahoo.co.jp/articles/894a3b43eb5645a6ce82fe6b4a114d96adf3a110,9/3(“ú) 21:50
lee,yŠÖ“Œ‘åkĞ‚©‚ç100”Nz’N‚à‚ª‚±‚ÌSŒ€‚Ì‰ÁŠQÒ‚É‚È‚è“¾‚é•|‚³Bw•Ÿ“c‘º–Œx‚©‚ç¡A„‚½‚¿‚ªŠw‚×‚«‚±‚ÆB X ’B–çŠÄ“ÂƒCƒ“ƒ^ƒrƒ…[,https://news.yahoo.co.jp/articles/0d5c8d1e739e3b2ab6d16cc1dd3709554f1352d4,9/3(“ú) 20:51
lee,‚Í‚Ü‚Á‚½ŠØ‘ƒhƒ‰ƒ}‚àqˆç‚Ä‚àA‚·‚×‚Ä’Z‰Ì‚ÉILEE“ÇÒ‚Ìì•i‚É‰ÌlEŒKŒ´—ºq‚³‚ñ‚ªƒAƒhƒoƒCƒX,https://news.yahoo.co.jp/articles/57467a528b3df004b09acd8b1dff5010aabe0924,9/3(“ú) 19:50
lee,”ü—eŒ«Ò8l‚ÌÅˆ¤y”ü—e‹@ŠíEƒc[ƒ‹z’Zƒpƒhƒ‹ƒuƒ‰ƒV‚©‚ç’E–ÑŠí‚Ü‚ÅI2023‰ÄLEEƒxƒXƒgƒRƒXƒ,https://news.yahoo.co.jp/articles/f4f106f0b830889d70c4f29d1c3cdee7f1aefd83,9/3(“ú) 11:50
lee,’U“ß‚³‚ñ‚Æ‚¨‘µ‚¢˜VŠá‹¾/AYUMI,https://news.yahoo.co.jp/articles/77341e2e0aa61d8a7ecb738fe316e6125cda8786,9/2(“y) 21:50
lee,2023‰ÄyƒR[ƒf‚ÉŒø‚©‚¹‚éƒAƒNƒZƒTƒŠ[zƒJƒ‰[ƒXƒg[ƒ“‚ÌƒŠƒ“ƒOAƒCƒ„[ƒJƒtcÅ{‚Ìæ‚è“ü‚ê•û,https://news.yahoo.co.jp/articles/c0458358281ff39e1d5dd80adbc8ee0ee5fa275a,9/2(“y) 20:50
lee,‚ ‚È‚½‚Ìq‚Ç‚à‚ÍƒIƒ“ƒ‰ƒCƒ“‚ÌƒQ[ƒ€‚ğ‚â‚Á‚Ä‚¢‚Ü‚·‚©Hyƒgƒ‰ƒuƒ‹‰ñ”ğ‚Ì‚½‚ß‚É’m‚Á‚Ä‚¨‚«‚½‚¢‚±‚Æz,https://news.yahoo.co.jp/articles/a729f3ac149fe490056704b7a8ed608ab06da4bb,9/2(“y) 19:50
lee,”ü—eŒ«Ò8l‚ª‘I‚ñ‚¾yƒRƒXƒpGOODƒRƒXƒz550`IƒZƒUƒ“ƒkAƒ”ƒBƒZc2023”Nã”¼Šú,https://news.yahoo.co.jp/articles/fba069df7647db2ec23c1083142c449783223e6f,9/2(“y) 11:53
lee,‘ål‚Ìyƒjƒ…ƒAƒ“ƒXƒp[ƒ}ƒ{ƒuz‚Åg‰f‚¦h‚Æg”²‚¯h‚ğ—¼—§I¼‹CA‚¤‚Ë‚èAƒNƒZc”¯”Y‚İ‚à‰ğŒˆI,https://news.yahoo.co.jp/articles/6aa591a6e0b1873577d4633fa84d379dad8e82c4,9/1(‹à) 21:50
lee,‰f‰æw„‚½‚¿‚Ìºx‚Å“­‚­ƒ}ƒ}–ğ‚ğD‰‰‚µ‚½ˆÇ‚³‚ñBu•êe‚Á‚ÄA—«‚Á‚Ä‘å•Ï‚¾‚æ‚ËA‚Æº‚‚ÉŒê‚è‚½‚­‚Í‚È‚©‚Á‚½v,https://news.yahoo.co.jp/articles/bd52476d76d311e9ccdee8585c390cc6661ff000,9/1(‹à) 20:50
lee,yƒxƒgƒiƒ€~airbnb—·E‘O•Òzé‚âƒcƒŠ[ƒnƒEƒX‚É‚à”‘‚Ü‚ê‚¿‚á‚¤!? h’T‚µ’†‚©‚ç”]“àTRIP‚ª~‚Ü‚ç‚È‚­‚È‚Á‚½˜b,https://news.yahoo.co.jp/articles/24031304457e5df79b05fa35312e9b4fd80f30c6,9/1(‹à) 19:50
lee,ƒpƒbƒLƒ“ˆê‘ÌŒ^‚¹‚ñEHô‹@‰ÂEŒy‚¢Iƒ^ƒCƒK[–‚–@•r‚ÌVì‚Å–³—‚È‚­ƒ}ƒCƒ{ƒgƒ‹¶ŠˆI,https://news.yahoo.co.jp/articles/a230f4899854fdf140c00deb61621653d62726d9,9/1(‹à) 11:53
lee,yƒCƒ‹ ƒrƒ]ƒ“ƒezl‹C‚ÌƒNƒƒRƒ_ƒCƒ‹‚É’W‚¢ƒg[ƒv‚ªV“oêIƒoƒbƒO‚âà•z‚È‚Ç—D”ü‚ÈƒAƒCƒeƒ€‚ğè‚É“ü‚ê‚ÄI,https://news.yahoo.co.jp/articles/c2ef2b4c9238d0d2e23f5f87ac64a2ef1abd5680,8/31(–Ø) 21:50
lee,yGUH‚ÌVìzâ‘Î”ƒ‚¤‚×‚«10‘I^ìŒû‚ä‚©‚è,https://news.yahoo.co.jp/articles/0d1a78ff1fa814683b26000a2669ee97da7b44f8,8/31(–Ø) 20:50
lee,yƒ}ƒ}‚Ì‚½‚ß‚Ìè‚Ô‚çƒoƒbƒOzƒXƒ^ƒCƒŠƒXƒg3l‚Ì„•¨ƒoƒbƒOA‚±‚ê‚ğg‚Á‚Ä‚¢‚Ü‚·I,https://news.yahoo.co.jp/articles/5683df500e8391f89d1a0e56d5a5f4d4ebb79b43,8/31(–Ø) 19:50
lee,y•Ğ“ª’É•‹Ù’£Œ^“ª’Éz‚í‚½‚µ‚Í‚Ç‚Á‚¿H‚»‚ê‚¼‚ê‚Ì“Á’¥‚ÆA’É‚­‚È‚Á‚½‚Ì‘Îˆ–@3‚Â,https://news.yahoo.co.jp/articles/a1f3bd284d32c18ddfcbf9ae0a7a507d833c625e,8/31(–Ø) 11:53
lee,y–hĞƒAƒCƒeƒ€z‚±‚ê‚ª‚ ‚ê‚Î•Ö—˜‚ÅˆÀSI‚à‚µ‚à‚Ì‚É‚à“úí‚É‚à–ğ—§‚ÂƒrƒNƒ^[‚Ìƒ|[ƒ^ƒuƒ‹“dŒ¹‚ª‚¨‚·‚·‚ß‚Å‚·,https://news.yahoo.co.jp/articles/2710c5f761efb9a8e9625c414774b1a4c1fee739,8/30(…) 21:50
lee,‰®‹v“‡‚ÅEVÔuƒAƒEƒfƒB e-tronv‚Æ’E’Y‘f‚ğl‚¦‚é—·yLEEƒNƒ‹ƒ}—q•”ƒ‰ƒCƒ^[ƒŒƒ|z,https://news.yahoo.co.jp/articles/1713e2c95369f0cc3db0daac61637b1a9ae27cb5,8/30(…) 20:50
lee,°‚ê‚Ì“ú‚à‰J‚Ì“ú‚àŠˆ–ôIƒPƒ†ƒJ‚Ìu°‰JŒ“—pƒŒƒCƒ“ƒVƒ…[ƒYv‚ª‚ƒRƒXƒp‚È‚ñ‚Å‚·I,https://news.yahoo.co.jp/articles/9ac0c0e0ff8103d1742c371ac28d044c8a74b886,8/30(…) 19:50
lee,”ü—eŒ«Ò‚ÌÅˆ¤yƒwƒAƒPƒAƒAƒCƒeƒ€8‘Iz“ª”çƒPƒAA”’”¯&”––Ñ—\–hc2023ã”¼ŠúLEEƒxƒXƒgƒRƒXƒ,https://news.yahoo.co.jp/articles/410a8d0b8054e68ec22eaa37e9050f0fbd1bb3f1,8/30(…) 11:52
lee,yUGGz“ú–{‰IƒZƒTƒ~ƒRƒ‰ƒ{‚Ìƒxƒr[&ƒLƒbƒYƒVƒ…[ƒY‚ª‚©‚í‚¢‚­‚ÄÅ‚,https://news.yahoo.co.jp/articles/7aa6d6c176a864f04abfbb9d317e774cd39a0ffd,8/29(‰Î) 21:50
lee,yÏ—§“Š‘‚Ìn‚ß•ûzê–å‰Æ‚ªÚ‚µ‚­‰ğàIÅ‰‚Ìİ’è‚³‚¦‚Å‚«‚ê‚ÎA‚ ‚Æ‚Íƒ‰ƒNƒ‰ƒN,https://news.yahoo.co.jp/articles/e0d1a4e5de7e954b4434fd2e4a96e020fa5386b3,8/29(‰Î) 20:50
lee,‚±‚ê—~‚µ‚¢I2024”N‚ÉŒü‚¯‚Ä”ƒ‚Á‚½‚à‚Ì^ìŒû‚ä‚©‚è,https://news.yahoo.co.jp/articles/b2f0cb5da8394fdae86fe1c5f197b36b13fe70d8,8/29(‰Î) 19:50
lee,yƒ~ƒjƒoƒ“‚Ås‚­LEE“ÇÒ‚ÌƒŠƒAƒ‹—·ƒvƒ‰ƒ“z“Œ‹ŠÏŒõAƒLƒƒƒ“ƒvA’W˜H“‡‚Å‰·òcƒtƒ@ƒ~ƒŠ[‚¨‚·‚·‚ß,https://news.yahoo.co.jp/articles/999a39644bf1c39d3dbd8bbecaf1050ab248431d,8/29(‰Î) 11:53
lee,‹CŒy‚Éæ‚è“ü‚ê‚ç‚ê‚éƒA[ƒguƒfƒRƒp[ƒWƒ…ƒvƒŒ[ƒgvyÎˆä‰À•c‚³‚ñ‚ÌƒCƒ“ƒeƒŠƒA–¼•iz,https://news.yahoo.co.jp/articles/4edad4e270d0bba94c8ecd578f1b244ef7443d20,8/28(Œ) 21:50
lee,y„‚Ì“ª’ÉA‰½‚ªŒ´ˆöHzƒJƒtƒFƒCƒ“A–òA’á‹Cˆ³A¶—cˆãt‚É•·‚­yÇó•Êz“ª’É‘Š’k,https://news.yahoo.co.jp/articles/cdd30c212b8aece46d4c7408011a4d983722a40d,8/28(Œ) 20:50
lee,’©ƒhƒ‰u•‘‚¢‚ ‚ª‚êIv‚Å‚Ì’Z‰Ì‚ª˜b‘è‚ÉI‹r–{‰ÆE‰Ìl ŒKŒ´—ºq‚³‚ñ‚Ìu“úí‚ğ’Z‰Ì‚É‚·‚évƒqƒ“ƒg,https://news.yahoo.co.jp/articles/bad85bfaef27a93fc08f1244d1b7700834574952,8/28(Œ) 19:50
lee,y‰Ä‚Ì•ƒAƒCƒeƒ€4‘IzƒiƒCƒLAƒUEƒm[ƒXEƒtƒFƒCƒXcƒXƒ|[ƒcƒuƒ‰ƒ“ƒh‚Í“úí‚É‚±‚»g‚¦‚Ü‚·I,https://news.yahoo.co.jp/articles/0bf0c66cde924748428aea3d4e517d9d256321bb,8/28(Œ) 11:53
lee,ƒwƒ‹ƒV[ƒfƒjƒ€AƒUEƒm[ƒXEƒtƒFƒCƒXc”ƒ‚Á‚ÄAg‚Á‚Ä”[“¾‚Å‚«‚é’–Ú‚ÌƒAƒEƒ^[,https://news.yahoo.co.jp/articles/be949da6ec906285d59a0716609885b86b50cb7d,8/27(“ú) 21:50
lee,yƒ†ƒjƒNƒ ƒAƒ“ƒh ƒ}ƒ ƒNƒƒSƒEƒ`z—Ü‚Ìƒ‰ƒXƒgƒRƒŒƒNƒVƒ‡ƒ“‚ğ”M—óƒŒƒ|[ƒgI30‘ãƒGƒfƒBƒ^[‚Ì’…ƒR[ƒf‚Æ‚Æ‚à‚É‚²Ğ‰îI,https://news.yahoo.co.jp/articles/0ede0faa0d59c886c3490aef3f7be481353a0d01,8/27(“ú) 20:50
lee,q‚Ç‚à‚ÌƒCƒ“ƒ^[ƒlƒbƒg§ŒÀ‚Ç‚¤‚·‚ê‚ÎHYouTubeALINEAƒAƒvƒŠ—˜—p‚Å’ˆÓ‚µ‚½‚¢‚±‚Æ,https://news.yahoo.co.jp/articles/24d42264975e1879ac7c160fdca30ed0d51e5da5,8/27(“ú) 19:50
lee,ƒ‰ƒCƒgƒ†[ƒU[‚É‚à•Ö—˜‚Èuq‹ó‰ïĞ‚ÌƒXƒ}ƒzŒˆÏv‚É’–ÚBƒ}ƒCƒ‹‚ğƒ`ƒƒ[ƒW‚µ‚Ä”ƒ‚¢•¨‚ÉB,https://news.yahoo.co.jp/articles/076e3920088c59862eef717917f4899966240ca1,8/27(“ú) 11:50
lee,yƒ}ƒŠƒƒbƒRz–k‰¢‚ÌH‚Ì‰J‚ğƒCƒ[ƒW‚µ‚½VƒOƒ‰ƒXƒEƒFƒAuƒXƒDƒNƒXv‚ª‘f“GI,https://news.yahoo.co.jp/articles/cfddb069bdca57ab76d5d7cf98de154a1990f97a,8/26(“y) 21:50
lee,‰ÄƒJƒWƒ…ƒAƒ‹‚Éƒvƒ‰ƒXyƒAƒNƒZƒTƒŠ[Å{ƒŒƒCƒ„[ƒhpzTƒVƒƒƒc‚âƒuƒ‰ƒEƒX‚É‡‚¤I,https://news.yahoo.co.jp/articles/819d53ef2578db5a2fa3beddfdba091302aa3d61,8/26(“y) 20:50
lee,ŠÂ‹«ƒXƒ|[ƒcƒCƒxƒ“ƒguSEA TO SUMMITv‚É‰Æ‘°‚ÅQ‰Á‚µ‚Ü‚µ‚½I–‘O€”õ•‚¿•¨•Òy‘ÌŒ±ƒŒƒ|[ƒg‡@z,https://news.yahoo.co.jp/articles/0395267d7897715b8e998b100416a58a07d710eb,8/26(“y) 19:50
lee,y‘ål‚Ì”²‚¯Š´ƒ~ƒfƒBƒAƒ€z‚Í‚±‚Ñ‚È‚¢‰Âˆ¤‚³‚ªƒ|ƒCƒ“ƒgI ‰Ä‚ÌƒVƒ“ƒvƒ‹ƒR[ƒf‚É‰f‚¦‚é‰Ø‚â‚©ƒŒƒCƒ„[,https://news.yahoo.co.jp/articles/2737d2d10701ca03994dc831729ecace80c6038b,8/26(“y) 11:52
lee,2023ã”¼Šúyƒ|ƒCƒ“ƒgƒƒCƒN‘åÜ6‘I zƒIƒŒƒ“ƒWŒnƒx[ƒWƒ…‚ªV‘NIƒ‹ƒiƒ\ƒ‹AƒVƒƒƒlƒ‹ARMKc,https://news.yahoo.co.jp/articles/72b5cbbd3c16da455a29cbbc16cece41e57c6748,8/25(‹à) 21:50
lee,yƒ‰ƒOEƒJ[ƒyƒbƒgEãOŸ~‚Ì‘|œ•û–@z¼“x‚ª‚‚¢‚Æƒ_ƒj‚Ì‰·°‚É‚È‚è‚ª‚¿c–Ò‹‚Ì‰Ä‚ÉŠ±‚·‚Ì‚ª³‰ğI ƒyƒbƒg‚âq‚Ç‚à‚Ì‘e‘Š‚É‚ÍH,https://news.yahoo.co.jp/articles/f372c5e9956e7abbabdd217fa52a03a2b4c00716,8/25(‹à) 20:50
lee,y†‹ƒ‰f‰æEƒhƒ‰ƒ}8‘Izeq‚Ìˆ¤‚©‚çŠØƒhƒ‰A¥ŠˆƒŠƒAƒŠƒeƒB‚Ü‚ÅI—Ü‚ª‚ ‚Ó‚ê‚Ä~‚Ü‚ç‚È‚¢I,https://news.yahoo.co.jp/articles/56a477749e90d6997960d79f9fb9e7eada7a8687,8/25(‹à) 19:50
lee,yƒ_ƒ“ƒgƒ“•ƒRƒ“ƒo[ƒXz‚¨o‚©‚¯‚Ì‚¨‹Ÿ‚ÉIuƒŠƒ…ƒbƒN‚ÆƒXƒj[ƒJ[v‚ªæs—\–ñŠJn,https://news.yahoo.co.jp/articles/ba45387a66cfcfb125ca9347ced4d11ee9d5257b,8/25(‹à) 11:53
lee,yƒVƒeƒB—·‚É‚¨‚·‚·‚ßIƒg[ƒ‹ƒƒSƒ“4‘IzO•HƒfƒŠƒJƒ~ƒjA“úYƒ‹[ƒNƒXcƒRƒ“ƒpƒNƒg‚Å‰^“]‚µ‚â‚·‚¢I,https://news.yahoo.co.jp/articles/1985498ea48f2af85145de19dab1930e76f93266,8/24(–Ø) 21:50
lee,8Œ18“ú”­”„ŠJnIyƒ†ƒjƒNƒ~ƒCƒlƒX2023H“~ƒRƒŒƒNƒVƒ‡ƒ“z‚ğ40‘ãƒ‰ƒCƒ^[‚ª’…ƒŒƒ|[ƒgI,https://news.yahoo.co.jp/articles/8efb3778da67649e5f675f65fc4d7bd5c1290556,8/24(–Ø) 20:50
lee,2024”NƒXƒ^[ƒg‚·‚éuVNISAv‚Æ‚ÍH•Ï‚í‚éƒ|ƒCƒ“ƒg‚ÍH¡’m‚Á‚Ä‚¨‚¯‚Î\•ªŠÔ‚É‡‚¤I,https://news.yahoo.co.jp/articles/3f303aa07971f8743092293c808481fa85c3cf61,8/24(–Ø) 19:50
lee,10”N‘Iè‚Ì•ƒƒ“ƒsB30‘ã40‘ã‚Ç‚¤’…‚éH/ìŒû‚ä‚©‚è,https://news.yahoo.co.jp/articles/1242e5fa2d1714e0dd17d6930a64e43f963c1e70,8/24(–Ø) 11:54
lee,2023”Nã”¼ŠúyƒŠƒbƒvƒƒCƒN‘åÜ6‘IzSUQQUAƒVƒƒƒlƒ‹AƒfƒBƒI[ƒ‹c‘ål‚ğ‚«‚ê‚¢‚ÉŒ©‚¹‚é”­F‚Æ¿Š´,https://news.yahoo.co.jp/articles/d09c7da803914feb5ae523a7a157df468faf2864,8/23(…) 21:50
lee,yƒ†ƒjƒNƒz^‰Ä‚Ìƒƒ“ƒg[ƒ“ƒR[ƒf^ìŒû‚ä‚©‚è,https://news.yahoo.co.jp/articles/2673c2fea6cab221d9720a246e529a7a606b38b7,8/23(…) 20:50
lee,ƒ‚ƒfƒ‹•l“‡’¼q‚³‚ñ‚àu’Z‰Ìv‚É–²’†Iu’Z‰Ì‚Íh©•ª—V‚ÑhB‹C•‰‚í‚¸‚Éì‚Á‚Ä‚¢‚Ü‚·v,https://news.yahoo.co.jp/articles/8b9d8a8963953c82cad2b57c3a84598cb9b7fc32,8/23(…) 19:50
lee,—â–[‘Îô‚à‚¨‚µ‚á‚ê‚ÉIy•‚Ì‰HD‚è•¨ƒR[ƒf3‘Izƒuƒ‹ƒ]ƒ“AƒJ[ƒfƒKƒ“Aƒoƒ“ƒhƒJƒ‰[ƒVƒƒƒc,https://news.yahoo.co.jp/articles/da0132b181670e8ed5d6f362e50eabeb7ea74114,8/23(…) 11:54
lee,ƒV[ƒ“ƒŒƒX‚É’…‚±‚È‚¹‚éu12closet‚Ì‘³‚Ó‚íhŒûƒuƒ‹ƒ]ƒ“v‚ªŸ­—‚½‘¶İŠ´‚ğ‰‰o,https://news.yahoo.co.jp/articles/1f6d4267ca2f4a813ff55877e239b66f6d367c70,8/22(‰Î) 21:50
lee,–£˜f‚Ì‰ƒRƒ‰ƒ{I‹{“¡Š¯‹ã˜YŠÄ“Â~’r¼‘s—º‚³‚ñw‹Gß‚Ì‚È‚¢ŠXxBƒRƒ“ƒvƒ‰ƒCƒAƒ“ƒX‚ÉˆÏk‚µ‚½¡‚±‚»•ú‚Â‰ïS‚ÌÂtŒQ‘œƒGƒ“ƒ^[ƒeƒCƒƒ“ƒg,https://news.yahoo.co.jp/articles/a8239f05f2975d690a46dc57bb81e600469cb3e9,8/22(‰Î) 20:50
lee,y‰·‚©‚¢—Ü‚ª—¬‚ê‚é‰f‰æ•ƒhƒ‰ƒ}8‘Iz‰Æ‘°‚à‚ÌA‘ål‚Ì—öˆ¤cŒ©‚½Œã‚ÍƒXƒbƒLƒŠI,https://news.yahoo.co.jp/articles/0a34e81bb468c49aecbfed9152020351012ed286,8/22(‰Î) 19:50
lee,y‰ÄƒR[ƒf‚ÌƒXƒpƒCƒX‚É‚È‚é¬•¨8‘IzƒTƒ“ƒOƒ‰ƒXAƒS[ƒ‹ƒhƒAƒNƒZƒTƒŠ[cƒGƒfƒBƒ^[ˆÉ“¡^’m‚³‚ñ‚ªw“ì,https://news.yahoo.co.jp/articles/e6e3e7f1f6726589db921eefb7edd87b121540df,8/22(‰Î) 11:53
lee,y30‘ãE40‘ã‚É‚¨‚·‚·‚ßz660‚©‚ç”ƒ‚¦‚éI˜b‘è‚ÌƒŠƒbƒv3‘IyƒIƒyƒ‰EƒZƒUƒ“ƒkEƒtƒ@ƒVƒIz,https://news.yahoo.co.jp/articles/80235f83f80a8c6f465e5bb4c5a3c2d0213ab528,8/21(Œ) 21:50
lee,y–q£—¢•ä‚³‚ñƒCƒ“ƒ^ƒrƒ…[z10”N‘±‚¯‚Ä‚¢‚ég’ƒ“¹h‚ÍAl¶‚»‚Ì‚à‚Ì‚¾‚È‚ÆŠ´‚¶‚Ü‚·,https://news.yahoo.co.jp/articles/48cfed01b198d1186caeb49e7dc126ff8f3d0ce0,8/21(Œ) 20:50
lee,yƒAƒƒŠƒJ[ƒizƒTƒƒ“ ƒAƒ_ƒ€ ƒG ƒƒy•Ê’ƒAƒCƒeƒ€‚Å‘ål‚Ì”²‚¯Š´ƒR[ƒf‚ğ–‹iI,https://news.yahoo.co.jp/articles/977e42ab2bbc5c2df0c7bb760e87efb7d5411c00,8/21(Œ) 19:50
lee,yq‚Ç‚à‚ÌƒXƒ}ƒzƒfƒrƒ…[Q&AzƒtƒBƒ‹ƒ^ƒŠƒ“ƒOŠÇ—‚ÍHƒIƒ“ƒ‰ƒCƒ“ƒŠƒeƒ‰ƒV[‚Í‚Ç‚¤ˆç‚Ä‚éH,https://news.yahoo.co.jp/articles/6800aea12d899be0c67c9269f7aa043492f7d9e7,8/21(Œ) 11:50
lee,y12closet‚Ì—Š‚ê‚éŠÛ‹ÜƒVƒƒƒczˆê–‡‚Å‚àƒTƒ}‚É‚È‚éHƒXƒCƒbƒ`•,https://news.yahoo.co.jp/articles/c38e863dfb3f8166b45d46496cb018bb4754204e,8/20(“ú) 21:50
lee,ƒAƒƒŠƒJ‚Å3”Ô–Ú‚ÉŒÃ‚¢ƒtƒHƒgƒWƒFƒjƒbƒN‚È—ğjŠXEƒAƒŒƒNƒTƒ“ƒhƒŠƒA‚Öyƒo[ƒWƒjƒAB‚Ì—·EŒã•Òz,https://news.yahoo.co.jp/articles/0a1f176b25251ba4ac8fb9abc8ba7b7fdef48a28,8/20(“ú) 20:50
lee,‚Ç‚ñ‚ÈƒXƒ^ƒCƒ‹‚Æ‚àD‘Š«‚È˜rŒv‚ğ”­Œ©IuƒVƒ`ƒYƒ“ ƒNƒƒXƒV[v‚ÌVì‚ªƒ}ƒ‹ƒ`‚ÉŠˆ–ôI,https://news.yahoo.co.jp/articles/8644118086d5320ce6b6103355c724dd86875ec4,8/20(“ú) 19:50
lee,2023ã”¼Šúyƒx[ƒXƒƒCƒN‘åÜ6‘IzƒVƒƒƒlƒ‹AƒfƒBƒI[ƒ‹cƒJƒo[—Í•–ÑŒŠ—‚¿‚µ‚È‚¢_ƒNƒIƒŠƒeƒBI,https://news.yahoo.co.jp/articles/1d144a3017bbd80c0d0be747fdb81d8d6061755a,8/20(“ú) 11:51
lee,c‹‚©‚çH‚Ü‚Åg‚¦‚éI’…‰ñ‚µ—Í”²ŒQ‚Ìu12closetvƒLƒƒƒ~ƒƒ“ƒsƒZƒbƒg••¿ƒXƒJ[ƒg,https://news.yahoo.co.jp/articles/838bf5f6a5982197d1f083161f2e4606e0b269f7,8/19(“y) 21:50
lee,Š´“®‚Ì—Ü‚ÅK‚¹ƒzƒ‹ƒ‚ƒ“‚ğ•ª”åIyu‹ƒ‚¯‚éƒGƒ“ƒ^ƒv8‘IzŠØ—¬ƒhƒ‰ƒ}A˜b‘è‚Ì‰f‰æc,https://news.yahoo.co.jp/articles/54a371a8d673f766147fb9c9b9d0a3fb591e73cd,8/19(“y) 20:50
lee,y¡Œ‚ÌV»•i5‘Izû”[‚à‚µ‚â‚·‚¢”–Œ^ƒzƒbƒgƒvƒŒ[ƒg‚Í‚‰Î—Í‚Åƒ€ƒ‰‚È‚­‰Á”MI,https://news.yahoo.co.jp/articles/d76f62965cf126b97884facc8a4c6666075bcdab,8/19(“y) 19:50
lee,¢ŠE‰IƒSƒfƒBƒo‚Ìƒx[ƒJƒŠ[ƒVƒ‡ƒbƒvuƒSƒfƒBƒpƒ“v‚Ìƒpƒ“‚ğ‰Æ‘°‚ÅH‚×‚Ä‚İ‚½I˜b‘è‚Ì‚¨“X‚ğ“O’êƒŒƒ|[ƒg,https://news.yahoo.co.jp/articles/654f6d45ff75d6b7e535932d8bb1b8d9af666f9f,8/19(“y) 11:52
lee,y‘•]z’Ò‘º[Œw‚±‚Ì‰Ä‚Ì¯‚ğŒ©‚éxƒRƒƒi‰Ğ‚¾‚©‚ç‚Â‚È‚ª‚ê‚½A¯‚ğ’Ê‚¶‚½’†‚¶‚ÌÂt‘åìI,https://news.yahoo.co.jp/articles/781145c93d0cfa6de239d306cd79f1df32b44dac,8/18(‹à) 21:50
lee,”w’†‚ª‚ ‚¢‚½ƒgƒbƒvƒX‚É‚Íu•Œ©‚¦ƒCƒ“ƒi[‚ª‚¨‚·‚·‚ßIv^ƒXƒ^ƒCƒŠƒXƒg•Ÿ“c–ƒ‹Õ,https://news.yahoo.co.jp/articles/6aabd232195bfe2895078e685e8cb91660c14bb3,8/18(‹à) 20:50
lee,y2WAYƒwƒAƒAƒCƒƒ“•ƒCƒIƒ“ƒuƒ‰ƒVz—·s‚âƒWƒ€‚É‚àI ŠOoæ‚ÅŠˆ–ô‚·‚éƒwƒAƒPƒA‰Æ“d2‘I,https://news.yahoo.co.jp/articles/3dd2cd2fac4966e5d37f6efd1e2f7a43476f26ce,8/18(‹à) 19:50
lee,yƒnƒ“ƒTƒ€ƒVƒ‡[ƒgz‚ÉŠÃ‚·‚¬‚È‚¢ƒtƒFƒ~ƒjƒ“‚³‚ğBƒcƒ„”¯Œø‰Ê‚ÅƒXƒ^ƒCƒŠƒ“ƒO‚ÌèŠÔ‚àŒyŒ¸I,https://news.yahoo.co.jp/articles/94d184e33192dea427b770dce757f3ad2ee005c4,8/18(‹à) 11:52
lee,2023”Nã”¼ŠúyƒCƒ“ƒi[ƒPƒA‘åÜzƒVƒ~‚â‚­‚·‚İA‚¨• ‚Ì‰–bc‹C‚É‚È‚é‚¨”Y‚İ‚É‡‚í‚¹‚Ä‘Ì‚Ì’†‚©‚çƒAƒvƒ[ƒ`,https://news.yahoo.co.jp/articles/27f779d5f0c7c61a9af4e131452f2b8e3b9a423a,8/17(–Ø) 21:50
lee,y“Š‘‚Á‚Ä–{“–‚É•K—vHz„‚½‚¿‚ğ‘Ò‚Á‚Ä‚¢‚é!?@3‚Â‚Ì‘å‚«‚ÈƒŠƒXƒN‚Æ‚Í,https://news.yahoo.co.jp/articles/5f328a81979b43dee13a62b02f9eed50538ef433,8/17(–Ø) 20:50
lee,—‘‚Í—â“€‚Å‚«‚éI•Û‘¶ƒeƒN•ƒŒƒVƒs4•i‚ğƒvƒ‚ª“`öB—‘1‚Â‚Å2‚Â‚Ì–Ú‹ÊÄ‚«‚àIy—â“€’™‹àz,https://news.yahoo.co.jp/articles/38c6d566c9203968e346ae5cab1bb8dd0c9b5211,8/17(–Ø) 19:50
lee,yƒvƒƒ€ƒWƒ‰[„‘Ez–³ˆó—Ç•i‚Å‘I‚ÔƒV[ƒ“•ÊƒMƒtƒg4‘IIyoYj‚¢AV‹j‚¢etc.z,https://news.yahoo.co.jp/articles/b1a6154470e712158243c8587f7ad73ce20b930c,8/17(–Ø) 11:53
lee,uŠçv‚ğŒ©‚ê‚ÎuvtŠú‘§q‚Ìl‚¦‚Ä‚¢‚é‚±‚Æv‚ª‚í‚©‚éy²“¡ƒuƒ]ƒ“‹Mq‚³‚ñ‚ÌŠçf’fz,https://news.yahoo.co.jp/articles/ad21539ca7f83e5d4202a7843bec265038136d89,8/16(…) 21:50
lee,——F’B‚Æ“ú‹A‚èƒVƒeƒB—·‚ÖI•Ö—˜‚È‚Ì‚Íƒg[ƒ‹ƒƒSƒ“uƒ_ƒCƒnƒc ƒ^ƒ“ƒg ƒtƒ@ƒ“ƒNƒƒXvI,https://news.yahoo.co.jp/articles/3d84834307726ce3d0942428f51e9a8bb110872c,8/16(…) 20:50
lee,yƒXƒƒM[ ƒ[ƒzƒŒ[ƒXƒVƒŠ[ƒY‚ÌVì‚ª‘±X“oêIƒfƒUƒCƒ“A‰õ“K‚³A‚Ğ‚Ñ‚«‚É‚­‚³‚ğ—¼—§I,https://news.yahoo.co.jp/articles/54b994278727d9024969b64af04f77c3318fbca4,8/16(…) 19:50
lee,‘ål‚Ì‰ÄƒJƒWƒ…ƒAƒ‹‚Ég‚â‚ñ‚¿‚áƒ}ƒCƒ“ƒhh‚ğ‚Ğ‚Æ‚³‚¶yƒGƒfƒBƒ^[ˆÉ“¡^’m‚³‚ñ‚ÌƒfƒCƒŠ[ƒR[ƒf8‘Iz,https://news.yahoo.co.jp/articles/93105822bb8e785a2582afbf3c935fbb65216061,8/16(…) 11:53
lee,y‰Ä‚Ì•ƒ{ƒgƒ€Eƒƒ“ƒs[ƒX3‘Izå‚Œ´—F—¢‚³‚ñ‚ª’…‚éIƒVƒ‡[ƒgƒpƒ“ƒcAƒƒ“ƒOƒXƒJ[ƒgc,https://news.yahoo.co.jp/articles/81976e421c332ad0bbba26decac163e2c30458d2,8/15(‰Î) 21:50
lee,õ‚ß‚½”¯‚Ìƒcƒ„•s‘«AF”²‚¯‚ª”Y‚İBy2023”N‰ÄƒgƒŒƒ“ƒhƒwƒAƒJƒ‰[z,https://news.yahoo.co.jp/articles/382eead8abe7b1c21d5db009a8ddf966b797507b,8/15(‰Î) 20:50
lee,y«‹³ˆç‚É–ğ—§‚Â–{8‘IzY•wl‰Èˆã ‚‹´Kq‚³‚ñ‚Ì‚¨‚·‚·‚ßI—c™A¬Šw¶AvtŠúŒü‚¯,https://news.yahoo.co.jp/articles/fc6d93ffc79b0d43f73a9ed617c8a831742afaef,8/15(‰Î) 19:50
lee,y“úí‚ğu’Z‰Ìv‚Ézn‚ß‚él‚ª‘±oIOURHOME Emi‚³‚ñ‚ªu’Z‰Ìv‚ğì‚é——R‚Æ‚ÍH,https://news.yahoo.co.jp/articles/002f4e59fba06d7ec9287c2b93fd12e006268a04,8/15(‰Î) 11:52
lee,yƒNƒŒƒ“ƒWƒ“ƒOEôŠç‘åÜ4‘I 2023ã”¼ŠúzôŠç‚ªŠy‚µ‚­‚È‚éV–¼•i“oêISUQQUAƒfƒBƒZƒ“ƒVƒAAƒrƒIƒŒc,https://news.yahoo.co.jp/articles/6982aaf78e19547f4f4d2521512364c8a69d2794,8/14(Œ) 21:50
lee,‹âs‚ÌUè”—¿‚ª–ñ1000‰~‚É‚È‚éH ‹C‚É‚È‚éè”—¿ˆø‚«ã‚°A‘¼ƒƒKƒoƒ“ƒN‚Ì‘Î‰‚ÍH,https://news.yahoo.co.jp/articles/4df486a1e41d81ef6b8f6435539c58e1fa4f13d8,8/14(Œ) 20:50
lee,y‚±‚Ç‚à ƒr[ƒ€ƒXzŠCŠO‚Ì‚¨‚µ‚á‚ê‚ÈƒLƒbƒYŒÃ’…‚ªè‚É“ü‚éIuKIDS VINTAGE MARKETv‚ª‘ãŠ¯R‚ÅŠJÃ,https://news.yahoo.co.jp/articles/61dfe2bdc5dbe4f4f1bd90b0a6275a11578eb929,8/14(Œ) 19:50
lee,yq‚Ç‚à‚ÌƒIƒ“ƒ‰ƒCƒ“–Œ•ëzˆÊ’uî•ñ‹¤—LƒAƒvƒŠAg‚¢•û‚ğŠÔˆá‚¦‚é‚ÆƒXƒg[ƒJ[”íŠQ‚É‘˜‚¤‚±‚Æ‚à,https://news.yahoo.co.jp/articles/14f7e0eec95a116e5957b7e6223c9b19134f3230,8/14(Œ) 11:52
lee,yƒ†ƒjƒNƒz–¼•iƒƒCƒhƒpƒ“ƒc‚Ì–Ò‹ƒR[ƒf^ìŒû‚ä‚©‚è,https://news.yahoo.co.jp/articles/5642d73b6e465de202ac66b6078b33bd7cae951d,8/13(“ú) 21:50
lee,y–q£—¢•ä‚³‚ñƒCƒ“ƒ^ƒrƒ…[zu30Î‚ÅŠCŠO—¯ŠwB‚¢‚ë‚¢‚ë‚Ææ‚è‰z‚¦‚ÄA­‚µ‚Í¶‚«‚é—Í‚ª‚Â‚¢‚½‚©‚È‚Æv‚¢‚Ü‚·v,https://news.yahoo.co.jp/articles/586a6108be4a90ba16cb61fa6160fd3f906ebaab,8/13(“ú) 20:50
lee,yO‰Y‚µ‚ğ‚ñ‚³‚ñƒCƒ“ƒ^ƒrƒ…[z¨‚Å’®‚«A–Ú‚©‚ç‚àŠy‚µ‚ß‚éA–v“üŠ´‚ª‚‚­—ÕêŠ´‚ ‚Ó‚ê‚é¬à‚ª‘‚¯‚Ü‚µ‚½I,https://news.yahoo.co.jp/articles/112f9ca3c5787362a77b4acb631ece1e81b689a9,8/13(“ú) 19:50
lee,ƒGƒbƒ`‚È“®‰æ‚ğŒŸõH”ğ”D‚É‚Â‚¢‚ÄAƒAƒjƒ‚É–²’†‚Ì‘§qcy’j‚Ìq‚Ì«‚É‚Ü‚Â‚í‚é‚¨”Y‚İzê–å‰Æ‚ª‚¨“š‚¦‚µ‚Ü‚·I,https://news.yahoo.co.jp/articles/600a9796a09f8156a7a61cc7818c1444cdba5065,8/13(“ú) 11:50
lee,ƒVƒ“ƒvƒ‹•ƒwƒ‹ƒV[‚Èy‘ål‚ÌƒOƒƒXƒ{ƒuz ƒXƒgƒ“‚Æ‚µ‚½ƒXƒŠƒ€‚È–Ñæ‚ÅAƒcƒ„‚Æƒ‰ƒCƒ“Š´‚ğ•\Œ»I,https://news.yahoo.co.jp/articles/5f46ef155f4555d68f9d9af97372bada98e4b279,8/12(“y) 21:50
lee,yT7ƒpƒ“ƒc”hIƒXƒ^ƒCƒŠƒXƒg•º“¡çq‚³‚ñ‚Ì„•ƒR[ƒfz’è”Ôƒpƒ“ƒc3–{‚ğ’…‰ñ‚µ,https://news.yahoo.co.jp/articles/6fba2f83b0e5806bb03012944512c497f3c5a26b,8/12(“y) 20:50
lee,yq‚Ç‚à‚ÌƒIƒ“ƒ‰ƒCƒ“–Œ•ëz“®‰æEÊ^‚É‚Í“]Ú‚³‚ê‚éƒŠƒXƒN‚àIƒCƒ“ƒXƒ^ATwitterATikTok—˜—p‚Ì’ˆÓ‚ÍH,https://news.yahoo.co.jp/articles/2eb474ac65cc5abf060bd013b67efbbf23c1f8c8,8/12(“y) 19:50
lee,¬¼Œ´”ü—¢‚³‚ñ‚ªuƒ”ƒB[ƒKƒ“ƒŒƒU[‚ÌƒXƒP[ƒgƒVƒ…[ƒYv‚ÅŒÜ—Öoê‚µ“ºƒƒ_ƒ‹Šl“¾‚·‚é‚Ü‚Å,https://news.yahoo.co.jp/articles/fdf2d664d8c6fb9830c24b2829ba9a2ecaf1f276,8/12(“y) 11:53
lee,ˆÇ‚³‚ñ‚Æ´–ìØ–¼‚³‚ñ‚Ì‚²–J”üŠÔ‚Æ‚ÍHyVƒAƒNƒAƒŒ[ƒxƒ‹‚¨”â˜I–Ú”­•\‰ïƒŒƒ|[ƒgz,https://news.yahoo.co.jp/articles/97aec4890eb52248af0896130e2d9ec036768443,8/11(‹à) 21:50
lee,â‘Îs‚­‚×‚«IyƒpƒŠZ‚Ü‚¢‚ª‚·‚·‚ß‚éƒVƒ‡ƒbƒv7‘IzƒAƒ“ƒeƒB[ƒN‰Æ‹ïAG‰İA‰Ô‰®c,https://news.yahoo.co.jp/articles/40414a007b5d8679cdcf22566f9d9fa2c5c4399f,8/11(‹à) 20:50
lee,ƒtƒBƒMƒ…ƒAƒXƒP[ƒ^[¬¼Œ´”ü—¢‚³‚ñ‚ªŒê‚éu—‘q“€Œ‹ŒˆˆÓ‚Ì——Rvu2“ú‘O‚ÌÌ—‘èpv,https://news.yahoo.co.jp/articles/b0874b49d1d6d530fd96924a1fec083612f91604,8/11(‹à) 19:50
lee,T7ƒƒ“ƒs[ƒX”hIƒXƒ^ƒCƒŠƒXƒgÎã”ü’Ã]‚³‚ñ‚Ìu„•ƒR[ƒfvƒtƒŒƒ“ƒ`ƒVƒbƒN‚È•‚ğƒx[ƒX‚É,https://news.yahoo.co.jp/articles/5eccc565d2833b1c8493f3527bd5c50dc853bf9a,8/11(‹à) 11:50
lee,yƒŒƒyƒbƒgzƒoƒŒƒG‚Ì¢ŠE‚ğ•\Œ»‚µ‚½VìƒVƒ…[ƒY‚É”M‹üIy2023”NH“~z,https://news.yahoo.co.jp/articles/c2a4f88ca86822392598e2c970c8a8fce00e03e6,8/10(–Ø) 21:50
lee,y‚ä‚ç‚¬ƒPƒA‘åÜ4‘IzÅV‹ÛŠˆƒPƒA‚Æ’ÁÃƒPƒA‚ÅƒoƒŠƒA—Í‚Ì‚‚¢”§‚ÖIdƒvƒƒOƒ‰ƒ€AƒfƒBƒZƒ“ƒVƒAc,https://news.yahoo.co.jp/articles/8580bcf7093c03d1b175f96284fc5e4ba9300399,8/10(–Ø) 20:50
lee,y—·‚É‚¨‚·‚·‚ß‚Ìƒ~ƒjƒoƒ“4‘Iz”²ŒQ‚Ìû”[—ÍA‰^“]‚Ì‚µ‚â‚·‚³‚Å‰Æ‘°—·‚ğ‰õ“K‚É,https://news.yahoo.co.jp/articles/935a839a1e5a59252cba9fea46fba105fdfef26c,8/10(–Ø) 19:50
lee,O¢‘ãE‘å‰Æ‘°—·s‚É‚¨‚·‚·‚ßIˆê“‘İ‚µØ‚èƒRƒe[ƒW‚Å©‘R‚Æƒvƒ‰ƒCƒx[ƒg‚ÈŠÔ‚ğ–‹i,https://news.yahoo.co.jp/articles/5ed62d2f0b0aad7c26a1d515536e73d070cd7b32,8/10(–Ø) 11:53
lee,y‚Ù‚Ú“úzu‚Â‚«‚Ì‚İ‚¹Bv~‚Ğ‚ª‚µ‚¿‚©BƒRƒ‰ƒ{‰º’…‚ğ”­”„,https://news.yahoo.co.jp/articles/7b472606809c568100438ad4efa62f1e7a535b4a,8/9(…) 21:50
lee,yå‚Œ´—F—¢‚³‚ñ‚ª’…‚é‰Ä‚Ì•ƒR[ƒfzƒvƒŠƒ“ƒgTAƒTƒƒyƒbƒgc‹‚¢‰Ä‚±‚»ÅV‚Ìƒuƒ‰ƒbƒNƒAƒCƒeƒ€‚ğI,https://news.yahoo.co.jp/articles/0b9e5c5498b368022864855cb03ed73fa32df02a,8/9(…) 20:50
lee,‰Ô‰¤uƒAƒ^ƒbƒN ZERO ƒp[ƒtƒFƒNƒgƒXƒeƒBƒbƒNv‚ğg‚Á‚Ä‚İ‚½I”­•\‰ï‚Ì—lq‚Æ‚Æ‚à‚ÉƒŒƒ|[ƒgI,https://news.yahoo.co.jp/articles/442a2862272345af0028e0cd8b5ac69ff2aac48a,8/9(…) 19:50
lee,q‚Ç‚à‚ÌƒIƒ“ƒ‰ƒCƒ“ƒQ[ƒ€‚ÅgƒoƒŒHIƒ{ƒCƒXƒ`ƒƒƒbƒgE“®‰æ‚à’ˆÓIyq‚Ç‚à‚ÌSNS—˜—pz,https://news.yahoo.co.jp/articles/316680bd078d8d25a76014a83dfdc2700effeeac,8/9(…) 11:53
lee,¡”N‚Í‰½FHy”—ÊŒÀ’èIzƒtƒBƒ“ƒ‰ƒ“ƒh”­u‚µ‚ë‚­‚Ü’™‹à” v2023”N”Å‚ª—\–ñ”Ì”„ƒXƒ^[ƒgI,https://news.yahoo.co.jp/articles/a67d31734292d6e4610a529b5da0829e73070691,8/8(‰Î) 21:50
lee,yZARAz‚ä‚éƒfƒjƒ€‚Å‚Â‚­‚éI40‘ã‰Ä‚Ì”§Œ©‚¹^ìŒû‚ä‚©‚è,https://news.yahoo.co.jp/articles/c909b668a0367ffc3d4bc5899162fe2485306e14,8/8(‰Î) 20:50
lee,ƒtƒ‰ƒ“ƒX‚ÅNO.1ƒqƒbƒgì‚É‹P‚¢‚½wƒVƒ‚[ƒk ƒtƒ‰ƒ“ƒX‚ÅÅ‚àˆ¤‚³‚ê‚½­¡‰Æx å‰‰ƒGƒ‹ƒUEƒWƒ‹ƒxƒ‹ƒXƒ^ƒCƒ“‚ÉƒCƒ“ƒ^ƒrƒ…[,https://news.yahoo.co.jp/articles/1ec9f45cd44ba332f35320dcbd25fc855d250e94,8/8(‰Î) 19:50
lee,y’j‚Ìq‚Ì«‚É‚Ü‚Â‚í‚é‚¨”Y‚İzƒWƒFƒ“ƒ_[AˆÙ«‚Ì‚«‚å‚¤‚¾‚¢‚Å‚¨•—˜Ccƒ}ƒ}‚Í‚Ç‚¤‚·‚ê‚Î‚¢‚¢H,https://news.yahoo.co.jp/articles/61822476e708da8b4641ac86d3ce7a8986067e39,8/8(‰Î) 11:53
lee,y‚Ó‚ñ‚í‚è‘ålƒVƒ‡[ƒgz‚Í‘@×‚ÈƒCƒ„ƒŠƒ“ƒOƒJƒ‰[‚Åƒvƒ`ƒCƒƒ`ƒFƒ“I–Ò‹‚ğæ‚èØ‚é‚±‚È‚êƒwƒA,https://news.yahoo.co.jp/articles/f061445a00946be45f6d1cce0dcdf464ee31d204,8/7(Œ) 21:50
lee,NY‚ÆƒZƒbƒg‚Å–K‚ê‚½‚¢IƒAƒƒŠƒJ“ŒŠCŠİuƒo[ƒWƒjƒABv3‚Â‚Ì`’¬‚ğ„‚é—·‚Öy‘O•Òz,https://news.yahoo.co.jp/articles/4584d94f25b9f63041c1f693a3d0a30cf71ac364,8/7(Œ) 20:50
lee,ƒ‹EƒNƒ‹[ƒ[‚Æƒ~ƒbƒtƒB[‚ªƒRƒ‰ƒ{I—D‚µ‚°‚È“ç‚âƒe[ƒuƒ‹ƒEƒFƒA‚ÍƒMƒtƒg‚É‚àÅ“KI,https://news.yahoo.co.jp/articles/25be21590e7a3807bcc3446edf1a7de63713fe17,8/7(Œ) 19:50
lee,‰Ä‚Íuƒr[ƒ`ƒTƒ“ƒ_ƒ‹A‚©‚²ƒoƒbƒO‚Å‚¢‚¢‚¶‚á‚È‚¢Iv•Ÿ“c–ƒ‹Õ‚³‚ñ‚Ì‘ål‚ÌƒVƒ“ƒvƒ‹ƒR[ƒf2‘I,https://news.yahoo.co.jp/articles/75e1599f706110236647392cae4016562c925357,8/7(Œ) 11:53
lee,•êƒWƒF[ƒ“Eƒo[ƒLƒ“‚Ö‚Ìƒ‰ƒuƒŒƒ^[B‰f‰æwƒWƒF[ƒ“‚ÆƒVƒƒƒ‹ƒƒbƒgx‚Å•ê–º‚ÌŠÖŒW‚ğŒ©‚Â‚ß’¼‚µ‚½AƒVƒƒƒ‹ƒƒbƒgEƒQƒ“ƒYƒu[ƒ‹‚³‚ñƒCƒ“ƒ^ƒrƒ…[I,https://news.yahoo.co.jp/articles/885d4a6c27050769675b1080b2559c35c7c3e90e,8/6(“ú) 21:50
lee,ƒWƒFƒWƒ…ƒ“‚ªƒVƒFƒA‚µ‚½u‚à‚¤­‚µ‚í‚ª‚Ü‚Ü‚É‚È‚Á‚Ä‚¢‚¢v‚Æ‚¢‚¤Œ¾—t‚É‚ß‚ç‚ê‚½v‚¢‚Æ‚ÍHw‚ ‚È‚½‚ğ‰‰‡‚·‚é’N‚©x’˜ÒƒCƒ“ƒ^ƒrƒ…[,https://news.yahoo.co.jp/articles/94fe4b1af227aa4c19f7b3fa1e8ee871fb960cd2,8/6(“ú) 20:50
lee,y•—ñ‹¸³‚Ìˆã—Ã”ïTœz“K—p”ÍˆÍ‚È‚Ç‚ğƒtƒ@ƒCƒiƒ“ƒVƒƒƒ‹ƒvƒ‰ƒ“ƒi[ER–{”ü‹I‚³‚ñ‚ª‰ğà,https://news.yahoo.co.jp/articles/ac5a3ba4123931304fc5d7287f31280fb118f580,8/6(“ú) 19:50
lee,yq‚Ç‚à‚ÌƒAƒvƒŠ—˜—pzLINE‚âƒI[ƒvƒ“ƒ`ƒƒƒbƒgAƒgƒ‰ƒuƒ‹‚ğ‰ñ”ğ‚·‚é‚½‚ß‚É‚ÍH,https://news.yahoo.co.jp/articles/1400409048bf28469ac7c90d3dcd7db362189708,8/6(“ú) 11:50
lee,y•l“‡’¼q‚³‚ñ~—¿—‰Æ “n•Ó—Lq‚³‚ñ‘Î’kzu—Lq‚³‚ñ‚Ì’š”J‚Å”ü‚µ‚¢•é‚ç‚µA‰i‰“‚Ì“²‚ê‚Å‚·v,https://news.yahoo.co.jp/articles/aa952367e83cbe2e33d4b5786b51c8552ce6987d,8/5(“y) 21:50
lee,yƒ_ƒCƒGƒbƒg‚ÆH–z‘‰‚¹‚½‚¢‚¯‚ê‚Ç”Y‚Ü‚µ‚¢Iu‚É[‚æ‚ñ‚³‚ñv‚ªLEE“ÇÒ‚Ì”Y‚İ‚ÉƒAƒhƒoƒCƒX,https://news.yahoo.co.jp/articles/26cc2e5d6157513725fcf1614cfe4ad6cc2b7a44,8/5(“y) 20:50
lee,y’j‚Ìq‚Ìu«v‚Æ‚¨‚¿‚ñ‚¿‚ñ‚Ì¬’·z—c™Šú`‘æ“ñŸ«’¥ŠúivtŠújc•ê‚ª’m‚Á‚Ä‚¨‚­‚×‚«‚±‚Æ‚ÍH,https://news.yahoo.co.jp/articles/431ba22bb4e6faaebc6c7ae7a9f35f39bb4eec3b,8/5(“y) 19:50
lee,yq‚Ç‚à‚ÌƒIƒ“ƒ‰ƒCƒ“–Œ•ëzSNS‚É’ˆÓIe‚Ì’m‚ç‚È‚¢“à‚ÉDM‚ÅŒ©’m‚ç‚Êl‚Æ‚Â‚È‚ª‚Á‚Ä‚¢‚½c!?,https://news.yahoo.co.jp/articles/43f7ca60f134c8d967874264e46f283a85decd65,8/5(“y) 11:50
lee,Œy‚¢’…S’n‚Í‰Ä‚É‚Ò‚Á‚½‚èIuˆÙ‘fŞƒMƒƒƒU[ƒ`ƒ…ƒjƒbƒNT^12closetv‘ÌŒ^ƒJƒo[—Í‚³‚ç‚É”õ‚í‚Á‚½,https://news.yahoo.co.jp/articles/38f652ddc50aab6730db86b22fe0e6ab152e2d64,8/4(‹à) 21:50
lee,yƒpƒŠ‚Å’ë•t‚«‚ÌŒËŒš‚Ä•é‚ç‚µz—¿—‹³ºåÉEƒe[ƒuƒ‹ƒR[ƒfƒBƒl[ƒ^[ ”‹Œ´‰Á“Şq‚³‚ñ,https://news.yahoo.co.jp/articles/b54ee76ae8fcf2a3790d144d37d65d0d06afaf2d,8/4(‹à) 20:50
lee,yRí•Œ«l‚³‚ñƒCƒ“ƒ^ƒrƒ…[z—‚¿‚ñ‚Å‚àgƒg[ƒ^ƒ‹‚Ål¶h‚¾‚Æv‚¦‚Î‹C‚ªŠy‚É‚È‚é,https://news.yahoo.co.jp/articles/3253e00bbd13158f3da53ae81005efb8d5763471,8/4(‹à) 19:50
lee,‚¤‚¿‚Ìq–{“Ç‚Ü‚È‚¢‚©‚çc‚Æv‚Á‚Ä‚¢‚éƒ}ƒ}•KŒ©Iu¬Šw¶‚ª‚¦‚ç‚ÔIg‚±‚Ç‚à‚Ì–{h‘‘I‹“v‚ÅV‚µ‚¢–{‚Æ‚Ìo‰ï‚¢‚ğ,https://news.yahoo.co.jp/articles/a60875b5f2f90eb34f2b3b975e792f46cad23f6b,8/4(‹à) 11:54
lee,2023”Nã”¼ŠúyƒAƒCƒPƒA‘åÜ4‘IzƒRƒXƒƒfƒRƒ‹ƒeADr.ƒV[ƒ‰ƒ{cÅV‹Zp‚Å–ÚŒ³ƒXƒbƒLƒŠI,https://news.yahoo.co.jp/articles/c20e65024cd962f5c3d2f37e11a4eb8654e5ac63,8/3(–Ø) 21:50
lee,•Ÿ“c–ƒ‹Õ‚³‚ñy‘ål‚ÌƒVƒ“ƒvƒ‹ƒR[ƒf6‘IzTƒVƒƒƒcAƒI[ƒ‹ƒCƒ“ƒƒ“cƒ‰ƒN‚Æ‚¨‚µ‚á‚ê‚ğ—¼—§I,https://news.yahoo.co.jp/articles/c30c251e0371a577217ba6c03dc616e3d0ee8f36,8/3(–Ø) 20:50
lee,y‰“oƒŒƒWƒƒ[—·~ƒ~ƒjƒoƒ“z‰×•¨‚à‚½‚Á‚Õ‚èÏ‚İ‚ß‚éI“úYƒZƒŒƒi ƒnƒCƒEƒFƒCƒXƒ^[V‚Åì—V‚Ñ‚Ö,https://news.yahoo.co.jp/articles/0a78f71d3fc11f0680904cbb4a7ebb33cde39628,8/3(–Ø) 19:50
lee,“Œ‹‚ÅŒš”„‚ÌV’zˆêŒËŒš‚Ä‚ğw“üB’À‘İ”h•v•w‚ª‚¿‰Æw“ü‚É“¥‚İØ‚Á‚½——R‚Æ’•¶Z‘î‚É‚Í‚È‚¢ƒƒŠƒbƒg‚Æ‚ÍH,https://news.yahoo.co.jp/articles/c092bf0e7dc558cc3552c0d8f7d00fd27d477e45,8/3(–Ø) 11:54
lee,ƒVƒbƒvƒX‚©‚ç‘ål‚Ì—«Œü‚¯Vƒuƒ‰ƒ“ƒhuƒJƒ‰ƒ“ƒVƒGƒ‹v‚ªƒfƒrƒ…[I,https://news.yahoo.co.jp/articles/33d020809c49d545e7eea2eed3f80672d4fae67d,8/2(…) 21:50
lee,yq‚Ç‚à‚Ì•—ñ‹¸³‚ÌƒMƒ‚ƒ“Q&Azq‚Ç‚à‚Ì‹¸³‚Í‚¢‚Â‚©‚çn‚ß‚é‚×‚«H••À‚Ñ‚Íˆâ“`‚·‚éH,https://news.yahoo.co.jp/articles/fc2f2a15f991171cbe4d54fa422dfd0152566664,8/2(…) 20:50
lee,2023ã”¼Šúy“ÇÒ‚ªƒnƒ}‚Á‚½•é‚ç‚µ‚Ü‚í‚è‚ÌƒgƒsƒbƒNzƒNƒbƒL[ŠÊAƒV[ƒ€ƒŒƒX…“›Aƒh[ƒiƒcc,https://news.yahoo.co.jp/articles/e1604a436cecf6da5115f16e5856f004b0a136f5,8/2(…) 19:50
lee,y40‘ã‚ÌV–¼•iu”’ƒpƒ“ƒcvƒR[ƒfIz“§‚¯‚È‚¢AÚG—âŠ´AƒVƒ‚É‚È‚è‚É‚­‚¢‚È‚ÇA‚ ‚ç‚ä‚é‹@”\‚ğ‹l‚ß‚ñ‚¾12closet‚Ìˆí•i‚ğLEE100l‘à‚ª‚¨‚µ‚µ‚Ü‚µ‚½ô,https://news.yahoo.co.jp/articles/1083d64fb79782928ec5b4402aa9a9e20bf689b7,8/2(…) 11:54
lee,2023”Nã”¼Šúyƒ|ƒWƒeƒBƒuƒGƒCƒWƒ“ƒO‘åÜzƒ}ƒXƒN‚¾‚é‚İ‰ü‘P‚É“Š‘‚µ‚½‚¢V–¼•iIƒVƒƒƒlƒ‹Aƒ|[ƒ‰AƒJƒiƒfƒ‹c,https://news.yahoo.co.jp/articles/58cc46d255fc6c7b0e998a7e80d554c20bafa0aa,8/1(‰Î) 21:50
lee,50Î‚É‚È‚Á‚½—œ‰Ô‚³‚ñA‚«‚ê‚¢‚Ìƒqƒ“ƒg‚ğ‹³‚¦‚Ä‚­‚¾‚³‚¢Iqˆç‚Ä‚âƒXƒLƒ“ƒPƒAc6‚Â‚Ì¿–â,https://news.yahoo.co.jp/articles/e1137160f7cc4c7f8e3fdbb02542e575b250270a,8/1(‰Î) 20:51
lee,yƒIƒjƒcƒJƒ^ƒCƒK[zƒAƒCƒ{ƒŠ[‚ÌƒXƒj[ƒJ[‚Å—«‚ç‚µ‚¢‘«Œ³‚ÖXVIyemmi•Ê’z,https://news.yahoo.co.jp/articles/5edc367ed6668a812780f045cac06c9ca70a8a96,8/1(‰Î) 19:50
lee,yGUz‰Ä‚ÌƒZ[ƒ‹‚Åw“ü‚µ‚½•¨3‚Â/ìŒû‚ä‚©‚è,https://news.yahoo.co.jp/articles/3b38fb23254e5d69fadd45e8c25375125b92c167,8/1(‰Î) 11:53
lee,SNSƒtƒHƒƒ[”10–œl’´‚¦II‚ÌƒlƒRuƒAƒ“ƒW[Eƒ‰EƒRƒPƒbƒg™—í‚µ‚ÌƒAƒ“ƒW[v‚ªƒg[ƒgƒoƒbƒO‚É‚È‚Á‚ÄV“oêI,https://news.yahoo.co.jp/articles/c7c598c7f111f024d79a0ea01d350f771f551473,7/31(Œ) 21:50
lee,‘§q‚Ì‚¨‚¿‚ñ‚¿‚ñ‚Ì”ç‚ğ‚Ş‚­H‚Ş‚©‚È‚¢Hy’j‚Ìq‚Ìu«v‚Æ‚¨‚¿‚ñ‚¿‚ñ‚Ì¬’·EÔ‚¿‚á‚ñŠúz,https://news.yahoo.co.jp/articles/ea078e750bba6d30ae3abd7056050a5532e75e39,7/31(Œ) 20:50
lee,yGUz‘SgƒR[ƒf‚à1–œ‰~ˆÈ“à‚Å”ƒ‚¦‚éI40‘ãƒ}ƒ}ƒ‰ƒCƒ^[‚ªƒRƒXƒp•‘µ‚¢‚ÌVì‚ğ’…y2023H“~z,https://news.yahoo.co.jp/articles/db5573ad1f7e526032d9044c83e4bcd7a0d94c10,7/31(Œ) 19:50
lee,y30‘ãE40‘ãƒAƒCƒƒCƒNzƒRƒXƒƒfƒRƒ‹ƒeESUQQUEƒ‹ƒiƒ\ƒ‹c‘ål‚Ì‚½‚ß‚Ìô—ûƒAƒCƒJƒ‰[‚Ü‚Æ‚ß,https://news.yahoo.co.jp/articles/e52a8c2dbe753f0088212e10e32625f62bda598e,7/31(Œ) 11:54
lee,yTOCCAzƒˆƒ“ƒA‚³‚ñƒRƒ‰ƒ{ƒoƒbƒO‚ªƒIƒ“ƒIƒtg‚¦‚éI‘ål‚ÌŠÃ‚³•Y‚¤ƒ”ƒ@ƒjƒeƒBƒoƒbƒO•ƒg[ƒgƒoƒbƒO‚ª‘f“G,https://news.yahoo.co.jp/articles/43f9b4776d1b24b139741d0ebe2c15ee15db269f,7/30(“ú) 21:50
lee,Šç‚ğŒ©‚ê‚ÎuˆÚZæ‚Ì“cÉ‚É—¯‚Ü‚évu“s‰ï‚É–ß‚év‚Ç‚¿‚ç‚ªŒü‚¢‚Ä‚¢‚é‚©‚í‚©‚éy²“¡ƒuƒ]ƒ“‹Mq‚³‚ñ‚ÌŠçf’fz,https://news.yahoo.co.jp/articles/311ac7f163b3f646bc581cc20fb6784a0af46b4a,7/30(“ú) 20:50
lee,•s“oZ‚Ìq‚Ç‚à‚ª24–œl‚ğ’´‚¦‚Ä‰ß‹Å‘½‚ÉcI “––Ò‚ªƒƒbƒZ[ƒW‚ğ”­M‚·‚éu•s“oZ¶“®‰æ‘IèŒ v‚Æ‚ÍH,https://news.yahoo.co.jp/articles/773b2a1999fc0add3a517d9256e609bbc8477ca9,7/30(“ú) 19:50
lee,ALL„•¨y’ÒŒ³•‘‚³‚ñ‚ÌƒXƒj[ƒJ[‚ğŒø‚©‚¹‚½ƒR[ƒf3‘Izh‚Ğ‚ÆƒNƒZhƒfƒUƒCƒ“‚ğƒ|ƒCƒ“ƒg‚ÉI,https://news.yahoo.co.jp/articles/b120dd5ccd5611cf2619d8558827bf4b29e0bff4,7/30(“ú) 11:52
lee,yRHC ƒƒ“ƒn[ƒ}ƒ“z—V‚ÑSˆì‚ê‚éq‚Ç‚à•‚ª‰Âˆ¤‚¢IySANSE SANSE•Ê’ƒJƒvƒZƒ‹ƒRƒŒƒNƒVƒ‡ƒ“z,https://news.yahoo.co.jp/articles/5ac664c3ce17e4064e5bbe1d257a61504d85e79a,7/29(“y) 21:50
lee,‘ŠŸ‚®‹‰JĞŠQ‚É‚Ç‚¤”õ‚¦‚éHu…ŠQ‚É”õ‚¦‚é‰ÎĞ•ÛŒ¯v‚É‘å‚«‚È‰ü’è‚ ‚è,https://news.yahoo.co.jp/articles/62f8cf4a5751227aa7d25eaac9c455756c0798dc,7/29(“y) 20:50
lee,yq‚Ç‚à‚Ì•—ñ‹¸³‚Ç‚¤n‚ß‚½HzÀÛ‚É‚©‚©‚Á‚½”ï—pA”²•‚Ì—L–³‚ğŒˆ‚ß‚éƒ|ƒCƒ“ƒg‚ÍH,https://news.yahoo.co.jp/articles/d8a77b784e8573099d05b0d4519a98c17c75d705,7/29(“y) 19:50
lee,•ÒW’·‚ÌA.P.C.‚Ìƒg[ƒgƒoƒbƒO‚Ì’†g‚ÍH –ˆ“úƒR[ƒf4daysyLEE•ÒW•”‚Ì‚¨”ƒ‚¢•¨z,https://news.yahoo.co.jp/articles/b4c807a6b53cf39a14b6c2ae9030ca39bde8da71,7/29(“y) 11:52
lee,’©‚ÌƒXƒ^ƒCƒŠƒ“ƒO‚àƒ‰ƒNƒ‰ƒNIyƒƒ“ƒJ[ƒ‹ƒp[ƒ}‚ÌƒVƒ‡[ƒgƒ{ƒuzƒjƒ…ƒAƒ“ƒX‚ğŠy‚µ‚Ş‘ål‚ÌC‚Ê‚¯ƒwƒA,https://news.yahoo.co.jp/articles/a7eed5176b9ed52d5767a9c26934b98aee5e87b3,7/28(‹à) 21:50
lee,yˆ»£‚Í‚é‚©‚³‚ñƒCƒ“ƒ^ƒrƒ…[zu”Y‚İA–À‚¢A©M‚ğ¸‚Á‚½Šú‚ğŒo‚ÄA©•ª‚ç‚µ‚¢©•ª‚É‚â‚Á‚Æ–ß‚Á‚Ä‚±‚ç‚ê‚½B¡‚Ì„‚Íg‚Ş‚«‚½‚Ä—‘‚¿‚á‚ñh‚È‚ñ‚Å‚·iÎjv,https://news.yahoo.co.jp/articles/dd575b803f9dacba27806cd8e573f2a3c4fe5148,7/28(‹à) 20:50
lee,ˆ³Šª‚ÌƒRƒXƒp‚Æg‚¢‚â‚·‚³‚É’E–XIŒy‚­‚Ä‚¨è“ü‚ê‚àŠy‚ÈƒVƒŠƒEƒX‚ÌƒR[ƒhƒŒƒX‘|œ‹@uƒXƒCƒgƒ‹ ƒXƒeƒBƒbƒNv,https://news.yahoo.co.jp/articles/f5d08cc3bfa3061438ee4abd9c0a0bba5cac8271,7/28(‹à) 19:50
lee,–³ˆó—Ç•i‚Ìƒn[ƒtƒpƒ“ƒc‚ª‘ål‚Ì–¡•ûI’EƒRƒ“ƒvƒŒƒbƒNƒX‚Å‰Ä‚¨‚µ‚á‚ê‚ğ–‹i’†‚Å‚·yLEE•ÒW•”‚Ì‚¨”ƒ‚¢•¨z,https://news.yahoo.co.jp/articles/5259a9b61666c1e74355239f30de4eaaceb4618a,7/28(‹à) 11:54
lee,u‹ó–ç‚à‚È‚©v‚É‰‘˜‹öI ‹Éã‚Ì‹AÈ“yYE“Œ‹“yY‚ğ‚¨’T‚µ‚Ì•û‚É‚¨‚·‚·‚ß‚Å‚·,https://news.yahoo.co.jp/articles/caab989c22d73f420c41ad5486cecad1ac8a4fae,7/27(–Ø) 21:50
lee,yƒpƒŠ•é‚ç‚µzƒCƒ‰ƒXƒgƒŒ[ƒ^[ ‰ºR^—é‚³‚ñuŒÃ‚«‚à‚Ì‚Æ©•ª‚ç‚µ‚³‚ğ—Z‡BƒCƒ“ƒeƒŠƒA‚Í¡‚ài‰»’†v,https://news.yahoo.co.jp/articles/ca276b7b3ab3c4ec38a49f88fd53c8d59a0fd317,7/27(–Ø) 20:50
lee,yƒ†ƒjƒNƒ‚ÅƒCƒƒ`”ƒ‚¢Iz“‹‚ğæ‚èØ‚éƒm[ƒXƒŠ[ƒu‚Æƒ^ƒ“ƒNƒgƒbƒv‚ÌƒR[ƒf7‘Iy40‘ãƒR[ƒfz,https://news.yahoo.co.jp/articles/d3b7bf5f2ffaebb5941dec40c7cb028f30ad9715,7/27(–Ø) 19:50
lee,y–³ˆó—Ç•izƒvƒ`—·s‚ÉŒ‡‚©‚¹‚È‚¢I”ü—e••Ö—˜ƒOƒbƒY‚Ìˆ¤—p•i‚ğ‚²Ğ‰îI,https://news.yahoo.co.jp/articles/85d9c277af2073d8d12a779a5d140db057b3cef5,7/27(–Ø) 11:55
lee,yƒA[Eƒy[EƒZ[‚Ìã¿‚ÈƒoƒbƒOzg‚¢Ÿè‚ª‚æ‚­A‚Â‚¾‚¯‚ÅŸ­—Š´‚ªã‚ª‚éˆí•i,https://news.yahoo.co.jp/articles/af5441fcccf5aa1643370e44206a4001c1da225a,7/26(…) 21:50
lee,y—œ‰Ô‚³‚ñ50ÎA‚±‚ê‚©‚ç‚Ì‚«‚ê‚¢‚Ìs•ûz–ñ10”N‚Ô‚è‚ÉLEE‚É“oê‚Å‚·I,https://news.yahoo.co.jp/articles/6f96efe4ab65474f9084c678f799050f2f7a580d,7/26(…) 20:50
lee,2023”Nã”¼Šúyƒuƒ‰ƒCƒgƒjƒ“ƒOƒPƒA‘åÜ6‘IzƒRƒXƒƒfƒRƒ‹ƒeAHAKUcƒVƒ~‚â‚­‚·‚İƒPƒA‚É‘å–‘«I,https://news.yahoo.co.jp/articles/0fbbbe23a184ef9b9961eecf668f20f739ce8435,7/26(…) 19:50
lee,yLEE“ÇÒ’–Ú‚Ìƒtƒ@ƒbƒVƒ‡ƒ“•”ü—eƒL[ƒ[ƒh8zƒ†ƒjƒNƒ‚Ì”’ƒpƒ“ƒcA‘O”¯‚ ‚èƒVƒ‡[ƒgc2023”Nã”¼Šú,https://news.yahoo.co.jp/articles/c9c95540f3f358c73a50d0a4764627520ead6a93,7/26(…) 11:54
lee,2023y“úÄ‚¯~‚ß‘åÜ6‘IzƒƒCƒNƒIƒt‚µ‚½Œã‚à”§‚ª‚Õ‚è‚Õ‚èIƒIƒ‹ƒrƒXAƒCƒjƒNƒXAƒNƒŒEƒhEƒ|[ ƒ{[ƒec,https://news.yahoo.co.jp/articles/74acdee29ff596cc77eeae9ec5c106c2319de4b2,7/25(‰Î) 21:50
lee,1”N‚Å|20kg‚Ìƒ_ƒCƒGƒbƒg‚ğ’B¬‚µ‚½u‚É[‚æ‚ñ‚³‚ñv‚ÖLEE“ÇÒ‚©‚ç¿–âIƒŠƒoƒEƒ“ƒh‚¹‚¸‘±‚¯‚éƒRƒc‚ÍH,https://news.yahoo.co.jp/articles/fa459d263ff85ebacb531888e36d1fe7a79437df,7/25(‰Î) 20:50
lee,NIKEAƒRƒ“ƒo[ƒXAƒjƒ…[ƒoƒ‰ƒ“ƒXy’ÒŒ³•‘‚³‚ñ•v•w‚Ì„•¨ƒXƒj[ƒJ[12‘Izuh‚Ğ‚ÆƒNƒZhƒfƒUƒCƒ“‚ª‹C•ª‚Å‚·Iv,https://news.yahoo.co.jp/articles/5a7b54b1931faf7ed82d6b83016bb9423061d3dd,7/25(‰Î) 19:50
lee,u‘ål‚Ì•—ñ‹¸³Q•Av”N—î§ŒÀ‚ÍH•a‰@‘I‚Ñ‚Ìƒ|ƒCƒ“ƒg‚ÍH’m‚Á‚Ä‚¨‚«‚½‚¢Šî‘b’m¯,https://news.yahoo.co.jp/articles/5fa335e95780d58c311a305e6fdb60d837a65f9f,7/25(‰Î) 11:52
lee,H‚Ì’…‚±‚È‚µ‚ğ‚¨‚µ‚á‚ê‚ÉŠiã‚°IyƒA[Eƒy[EƒZ[‚ÌƒŠƒ…ƒbƒN•ƒg[ƒgƒoƒbƒOz,https://news.yahoo.co.jp/articles/14f640730df9e634bfa5436c22af76436b5e43e7,7/24(Œ) 21:50
lee,yƒAƒtƒ^ƒk[ƒ“ƒeƒB[EƒŠƒrƒ“ƒOzƒpƒŠ‚ÌŠX•À‚İ‚ğ•`‚¢‚½ƒgƒ‰ƒxƒ‹ƒOƒbƒY‚ÉS‚Æ‚«‚ß‚­I,https://news.yahoo.co.jp/articles/a49b3fe4b7e63defa110599f5f830412661d6f69,7/24(Œ) 20:50
lee,yN‹1ƒhƒD ƒVƒƒƒlƒ‹zV”­‘z‚Ìƒx[ƒXƒƒCƒNƒAƒCƒeƒ€‚ª’a¶IS’n‚æ‚¢ƒXƒLƒ“ƒPƒA•ƒƒCƒN‚Åƒ|ƒWƒeƒBƒu‚É,https://news.yahoo.co.jp/articles/c81c71ca13b14bea7008cf235ac60eb8bf448c75,7/24(Œ) 19:50
lee,‰Ä‚ÌH‘ì‚ğ—Á‚â‚©‚ÉÊ‚éIu‚R “s‚³‚ñ‚Ì‚¨‚·‚·‚ßv—â‚½‚³‚ª“`‚í‚éHŠí‚½‚¿,https://news.yahoo.co.jp/articles/5ac937d8ee227456eb2fcc6c1ca91b5b580522e8,7/24(Œ) 11:54
lee,—c‚¢–º‚ğE‚µ‚½‚Ì‚Í‚È‚º‚©BwƒTƒ“ƒgƒ[ƒ‹@‚ ‚é”íx‚ÅƒAƒŠƒXEƒfƒBƒIƒbƒvŠÄ“Â‚ªŒ©‚Â‚ß‚é•ê‚Æ–º‚ÌŠÖŒW‚Æ•ª’fyƒAƒJƒfƒ~[Üƒtƒ‰ƒ“ƒX‘ã•\ìz,https://news.yahoo.co.jp/articles/2d742c3d69bba0dae9b05a3950799915a0e3c751,7/23(“ú) 21:50
lee,R“c‰r”ü‚³‚ñƒIƒXƒXƒ”~Š±ƒAƒŒƒ“ƒWƒŒƒVƒs‚ÉA”~d––½‚Ì¡ˆä^À‚³‚ñŠ½ŠìIy¬à‰Æ~—¿—‰Æ‚ÌˆÙF‘Î’kz,https://news.yahoo.co.jp/articles/a61becf06aa885a6cf52c5213a007870c8097535,7/23(“ú) 20:50
lee,—·æE‰×‘¢‚è‚ÅŠˆ–ôI—·s‚¨‚·‚·‚ßƒAƒCƒeƒ€4‘I•q‚Ç‚à‚ÆŠy‚µ‚Ş—·x“x‚ÌƒRƒcy’“Èƒ‰ƒCƒ^[²X–Ø‚Í‚éØ‚Ì ŠCŠO‚ÅŒ©‚Â‚¯‚½u•é‚ç‚µ‚Ìƒqƒ“ƒgvVol.13z,https://news.yahoo.co.jp/articles/24a89487a5ef9035e4623970a1cce30d3431a757,7/23(“ú) 19:50
lee,y’|‰º—æ“Ş‚³‚ñ‚Ì—·ƒR[ƒf4‘IzƒpƒŠAƒƒ“ƒhƒ“c¢ŠE‚Ì“ss•Ê‚É’…‚±‚È‚µ‚ğ–Ï‘zI,https://news.yahoo.co.jp/articles/ea5f9b3ae60afe9e750674108d6fd2f69a004c11,7/23(“ú) 11:50
lee,40‘ãy”ü‹rƒ^ƒbƒNƒpƒ“ƒcz‰‰ÄƒR[ƒf^ìŒû‚ä‚©‚è,https://news.yahoo.co.jp/articles/03f427cd246cdbc3d5e6fcb13a69d7873b77bf03,7/22(“y) 21:50
lee,y‘ål‚Ì•—ñ‹¸³zn‚ß‚½‚«‚Á‚©‚¯A•û–@‚â”ï—pAŒã‰÷ƒ|ƒCƒ“ƒg‚È‚ÇcLEE“ÇÒ‚ÌƒGƒsƒ\[ƒh,https://news.yahoo.co.jp/articles/d649ca0d93ba16de502f892d9429ea6cae44698f,7/22(“y) 20:50
lee,yR“c‰r”ü~¡ˆä^Àz—¿—‚ğ‘‚«‚½‚¢¬à‰Æ‚ÆA•¶Í‚à’Ô‚é—¿—‰Æ‚ªu—¿—‚Æ•¶Šw‚Ìˆö‰ÊŠÖŒWv‚ğŒê‚é,https://news.yahoo.co.jp/articles/58e6edd7518b75fff6c1ed544e9395f0b18d3f25,7/22(“y) 19:50
lee,uƒgƒRƒWƒ‰ƒ~i“ì‹’jv‚ª‘“à‚Å‘‰Á’†I ‹ìœ–@‚ÍH—\–h‚Å‚«‚éHy—·sƒV[ƒYƒ“‚É‚à—v’ˆÓz,https://news.yahoo.co.jp/articles/0cd8019cb12c1856db722b56dd052366aee7ea85,7/22(“y) 11:50
lee,‘Ò–]‚ÌuL.L.BeanƒRƒ‰ƒ{vƒoƒbƒO‘æ2’eAğ”N‚Ìƒqƒbƒg•i‚ªƒŠƒoƒCƒoƒ‹“oêcyLEEƒ}ƒ‹ƒVƒF¡T‚Ì”„‚ê‹ØTOP10z,https://news.yahoo.co.jp/articles/b5dd01f1092cce6f7728e017d5c8f79600a95fe4,7/21(‹à) 21:50
lee,‚¨‹à‚ğ‚©‚¯‚¸‚É‘‰‚¹‚éIu‚È‚ª‚ç‹ØƒgƒŒ‚Ìƒ`ƒŠƒcƒ‚‚Å‰–b‚ğ‚¿‚¬‚év‚É[‚æ‚ñ‚³‚ñ®ƒ_ƒCƒGƒbƒg,https://news.yahoo.co.jp/articles/8c2ba0f3c3dbaa72e208b6f9c70d64419be8221a,7/21(‹à) 20:50
lee,ƒ{ƒu‚æ‚è’·‚ß‚Ìy‘ål‚Ì‚­‚Ñ‚êƒƒuz‚ÍŒy‚â‚©ƒŒƒCƒ„[‚Å‚â‚í‚ç‚©‚ÈˆóÛ‚ÉI‰Ä‚ç‚µ‚¢ƒV[ƒXƒ‹[ƒoƒ“ƒO‚Å‚±‚È‚êŠ´‚àI,https://news.yahoo.co.jp/articles/336978a64fe68afc73fc0419b5aed4a00607f6a2,7/21(‹à) 19:50
lee,yˆä“›–ƒOq‚³‚ñ‚ÌƒpƒŠ•é‚ç‚µz”a‚Ìs‚Åo‰ï‚Á‚½¬•¨‚Ìü‚è•û‚âA1–‡‚¸‚Âˆá‚¤•¿‚âƒfƒUƒCƒ“‚ÌHŠí‚½‚¿,https://news.yahoo.co.jp/articles/2321791ac49d13942434292b11781b6be081149b,7/21(‹à) 11:53
lee,–Ò‹“ú‚Í´—ÁŠ´‚½‚Á‚Õ‚èy”’ƒXƒJ[ƒgz‚Å^ìŒû‚ä‚©‚è,https://news.yahoo.co.jp/articles/abfa7e4da1d04eb0967edc225aaffca271165b3d,7/20(–Ø) 21:50
lee,yƒ}ƒŠƒƒbƒRVìzg‚¢‚â‚·‚¢•ƒoƒbƒO‚ÉAƒWƒƒƒK[ƒh‚Å•\Œ»‚µ‚½ƒEƒjƒbƒR•¿‚ª‘f“GI,https://news.yahoo.co.jp/articles/31e6c766d27e8eb911845db154fd75a220525b97,7/20(–Ø) 20:50
lee,–Ÿ‰æw‚Æ‚«‚ß‚«ƒgƒDƒiƒCƒgx‰‚Ì‘åŒ^“W——‰ï‚ªŠJÃI–¼ƒV[ƒ“‚ÌƒtƒHƒgƒXƒ|ƒbƒg‚âƒIƒŠƒWƒiƒ‹ƒOƒbƒY‚àI,https://news.yahoo.co.jp/articles/305174066ff0619a4750a148d6bfe776e2dd2c66,7/20(–Ø) 19:50
lee,y•ï—e—Íƒ~ƒjƒoƒ“ or gŒyƒg[ƒ‹ƒƒSƒ“z„‚½‚¿‚Ì—·‚É‚Ò‚Á‚½‚è‚ÈÔ‚Í‚Ç‚Á‚¿HyLEEƒNƒ‹ƒ}—q•”z,https://news.yahoo.co.jp/articles/1a3ccf807945d520fa24b249777f44870d16112a,7/20(–Ø) 11:53
lee,‰Ä‚É‚¤‚ê‚µ‚¢‚ ‚ç‚ä‚é‹@”\‚ğ‹l‚ß‚ñ‚¾”’ƒpƒ“ƒcy12closet‚ÌƒJƒWƒ…ƒAƒ‹–¼•iz,https://news.yahoo.co.jp/articles/ffe382cf98ceaabab30bf4c769b259c950df765e,7/19(…) 21:50
lee,ƒp[ƒgƒi[‚Æg‚¦‚éƒVƒFƒAƒRƒXƒ‘åÜ7‘IyLEEƒxƒXƒgƒRƒXƒ2023 ã”¼Šúz,https://news.yahoo.co.jp/articles/9bf6d252a945c320411eb2689e5017933f355429,7/19(…) 20:50
lee,u¨v‚ğŒ©‚ê‚Îu‰ïĞˆõŒü‚«‚©ƒtƒŠ[ƒ‰ƒ“ƒXŒü‚«‚©v‚ª‚í‚©‚éy²“¡ƒuƒ]ƒ“‹Mq‚³‚ñ‚ÌŠçf’fz,https://news.yahoo.co.jp/articles/38dfb396fb012fdab9a6f021f312f0c5270c652b,7/19(…) 19:50
lee,yŠ”TÉƒm“¹‹ïz‘ål‹Cu–ì“càéàå» –¡‘XƒXƒgƒbƒJ[v‚ÌVFu“S®v‚É‚Ğ‚Æ‚ß‚Ú‚êI,https://news.yahoo.co.jp/articles/bbceeb1a6c3dd069874c14121f0d7edf2cf48bb5,7/19(…) 11:54
lee,–Ò‹‚Å‚à‰õ“K‚ÉIuƒoƒbƒO•ƒnƒbƒgv‚¨‚µ‚á‚ê‚Å‹@”\“I‚ÈÀ—Í”h‚È5‘I‚Í‚±‚êI,https://news.yahoo.co.jp/articles/45e0fd093baf73ac94dcc1f01d7494254146ff5e,7/18(‰Î) 21:50
lee,–³ˆó—Ç•i‚Å—·sƒOƒbƒY‚ğ‘µ‚¦‚éI“¡“c‚ ‚İ‚¢‚Ì‚¨‚·‚·‚ß7‘I,https://news.yahoo.co.jp/articles/b4fc28ed7c79c06a28bdd2d84b6cb2fa9cd7acb8,7/18(‰Î) 20:50
lee,y¡‚Ç‚«•—ñ‹¸³‚ÌÅV–îzLEE•ÒW‚â‚Ü‚İ‚ÍA‚½‚¾‚¢‚Ül¶3‰ñ–Ú‚Ì‹¸³’†I,https://news.yahoo.co.jp/articles/08b7f430f48e61167ca6d78973fffc4360046b6c,7/18(‰Î) 19:50
lee,ƒzƒeƒ‹ƒXƒeƒC‚ÍyZARAz‚«‚ê‚¢‚ßƒƒ“ƒs‚Å^ìŒû‚ä‚©‚è,https://news.yahoo.co.jp/articles/22f4a08048e28090932b97993e8dce26980336b9,7/18(‰Î) 11:54
lee,yƒCƒPƒAzƒ|ƒbƒv‚ÈVƒRƒŒƒNƒVƒ‡ƒ“‚É’–ÚI’è”ÔƒoƒXƒPƒbƒgAƒtƒŠ[ƒU[ƒoƒbƒO‚È‚Ç‚ÌVFEV•¿‚àI,https://news.yahoo.co.jp/articles/2c639aaa20938a125b0c28d548710b624a390d9a,7/17(Œ) 21:50
lee,30E40‘ã‚Í‚µ‚Á‚©‚èH‚×‚ÄŒ’N‚É‚â‚¹‚éIu‚É[‚æ‚ñ‚³‚ñv‚ªƒ_ƒCƒGƒbƒg‚ğ¬Œ÷‚³‚¹‚½H–‚Æ‚ÍH,https://news.yahoo.co.jp/articles/56c74b219de20007931ae1ebbb43f8be59420ca4,7/17(Œ) 20:50
lee,y12closetAƒXƒ[ƒ“AƒUEƒm[ƒXEƒtƒFƒCƒXzƒ‰ƒN‚È’…S’n‚Å‚¨‚µ‚á‚ê‚É’…‰ñ‚¹‚é‹AÈ•,https://news.yahoo.co.jp/articles/18eb5d8b3e0322473580962c1b76935779ae32bf,7/17(Œ) 19:50
lee,yLEEƒxƒXƒgƒRƒXƒ2023ã”¼Šúz‰Æ‘°ƒVƒFƒAƒRƒXƒ‘åÜIq‚Ç‚à‚Æˆê‚Ég‚¦‚é“úÄ‚¯~‚ß‚È‚ÇA–ˆ“ú‚Ì•Kù•i5‘II,https://news.yahoo.co.jp/articles/83657b923e123985c7c1635e2054f1e9894b87df,7/17(Œ) 11:50
lee,yƒ|[ƒ^ƒuƒ‹ƒtƒ@ƒ“•ƒXƒJ[ƒtz‹‚¢‰Ä‚ğS’n‚æ‚­‰ß‚²‚·‚½‚ß‚Ì‰õ“KƒAƒCƒeƒ€‚ğŒµ‘I,https://news.yahoo.co.jp/articles/44acec7ac44269f530c0e0b453da8f05539ae41f,7/16(“ú) 21:50
lee,H”ï‚Ìß–ñ‚É‚àŒø‰Ê“II ƒfƒWƒ^ƒ‹ƒc[ƒ‹‚ÅH•iƒƒX‚ğíŒ¸,https://news.yahoo.co.jp/articles/5c42fbae786ea0a8abd9cc49afbebbccb445bee1,7/16(“ú) 20:50
lee,yLEE100l‘à‚Ìƒnƒ}ƒŠ‚à‚ÌƒgƒsƒbƒN9zƒ†ƒjƒNƒ‚ÌƒVƒ‡ƒ‹ƒ_[ƒoƒbƒOAL.L.BeanƒRƒ‰ƒ{A–³ˆó—Ç•i‚Ì‚ ‚ñƒXƒvƒŒƒbƒhc2023”N“xã”¼Šú,https://news.yahoo.co.jp/articles/a1d9661260e135e2541dcb4c8ead95e6373018b0,7/16(“ú) 19:50
lee,A•¨—R—ˆ‚Ìƒ”ƒB[ƒKƒ“ƒlƒCƒ‹/AYUMI,https://news.yahoo.co.jp/articles/f4a73c03eccaf166ae606efe2f9d6b31ce7824e9,7/16(“ú) 11:50
lee,—V‚ÑS‚Ì‚ ‚é˜rŒv‚ğƒAƒNƒZƒ“ƒg‚ÉIuQ&Q SmileSolar v‚Æ—é–Øƒ}ƒTƒ‹‚³‚ñ‚ÌƒRƒ‰ƒ{ƒ‚ƒfƒ‹‚É’–Ú,https://news.yahoo.co.jp/articles/94c3b6338f6d5873069ef493d4ac11b4c06f8d1f,7/15(“y) 21:50
lee,yƒGƒ‹EƒGƒ‹Eƒr[ƒ“~LEE100l‘àz•œ•ŒÀ’èIƒLƒƒƒ“ƒsƒ“ƒOEƒg[ƒg‚ª’a¶,https://news.yahoo.co.jp/articles/c71373ef0a950d0ce2962c02c5ed5a5d76d23c97,7/15(“y) 20:50
lee,‚¨‚¤‚¿‚Å–{Šiƒtƒ‹[ƒcƒeƒB[‚ğ–‹iIƒnƒŠƒIuCraft Tea Makerv‚ÅƒeƒB[ƒ^ƒCƒ€‚ğŠÈ’PŠiã‚°I,https://news.yahoo.co.jp/articles/f0d7af6cc4dd9f8d32e4b0e408698847f2addb30,7/15(“y) 19:50
lee,‚ä‚é‚Á‚Æ‚µ‚½ƒp[ƒ}‚ÅƒCƒƒ`ƒFƒ“I‘ål‚É—‡‚¤yƒjƒ…ƒAƒ“ƒXƒ{ƒuƒp[ƒ}z‚ÅŠJ•ú“I‚È‰ÄƒXƒ^ƒCƒ‹‚Ö,https://news.yahoo.co.jp/articles/f79aa07a8f4693dfc18964a4a837e1aedf1d607a,7/15(“y) 11:50
lee,‚Æ‚à‚³‚©‚è‚¦‚³‚ñ‚ªè‚ª‚¯‚éuMY WEAKNESSv‰‚Ìƒ|ƒbƒvƒAƒbƒvƒXƒgƒA‚ª‘ãŠ¯R‚ÅŠJÃI,https://news.yahoo.co.jp/articles/12e15e984badfb5e808003ee25bc1c2c4bcc6892,7/14(‹à) 21:50
lee,1”N‚Å20‡s‚Ì‰–b‚ğ‚¿‚¬‚èÌ‚Ä‚½IƒCƒ“ƒtƒ‹ƒGƒ“ƒT[u‚É[‚æ‚ñ‚³‚ñvƒ_ƒCƒGƒbƒg‚Ì‚·‚×‚Ä,https://news.yahoo.co.jp/articles/98d025dac5dbe4dcae3ab68362ed413f00943ef2,7/14(‹à) 20:50
lee,y”ü—eŒ’N‰Æ“d2‘Iz‹‚¢‰Ä‚ğ‰õ“K‚Éæ‚èØ‚éIŠ¾‚Á‚©‚«‚³‚ñ‚É‚¤‚ê‚µ‚¢ƒtƒ@ƒ“•t‚«LEDƒ~ƒ‰[•‘å‰æ–ÊE‚¸“x‚Ì‰·¼“xŒv,https://news.yahoo.co.jp/articles/8a73b51209d703270dc0711342c527eeb893b5b7,7/14(‹à) 19:50
lee,yALL„•I’|‰º—æ“Ş‚³‚ñ‚Ì–Ï‘zƒnƒƒC—·sƒR[ƒf6“ú•ªz‘ål‚Ì‰Ä•‚ÍA‚à‚Á‚Æ©—R‚Å‚¢‚¢I,https://news.yahoo.co.jp/articles/b37504de15623afdca0fca3fa674dae4626003b9,7/14(‹à) 11:53
lee,yƒXƒJ[ƒg‚Å‰Ä–‹i’…‰ñ‚µƒR[ƒf7Daysz—D–Ø‚Ü‚¨‚İ‚³‚ñ‚ÆIƒnƒŠ[Eƒ|ƒbƒ^[‚Ì•‘‘ä‚È‚ÇA˜b‘èƒXƒ|ƒbƒg‚ÖI,https://news.yahoo.co.jp/articles/4929c7644e1cc73867889f1d432e9f60450bf5a6,7/13(–Ø) 21:50
lee,y_èŒb‚³‚ñ‚ÌƒxƒXƒgƒRƒXƒ2023zã”¼Šú‚Í‚±‚Ì6ƒAƒCƒeƒ€Iƒ}ƒXƒN‚Å‚µ‚Ú‚ñ‚¾”§•œŠˆ‚³‚¹‚Ü‚µ‚å‚¤,https://news.yahoo.co.jp/articles/86bd56656b974057b2ce897c52e1574f874ca692,7/13(–Ø) 20:50
lee,y’·g‚É—‡‚¤TƒVƒƒƒc‚ÍHzg’·168‡pƒXƒ^ƒCƒŠƒXƒg‚‹´”ü”¿‚³‚ñ‚Ìu‘Ì‚ğ‚«‚ê‚¢‚ÉŒ©‚¹‚éTƒVƒƒƒcv‘I‚Ñ,https://news.yahoo.co.jp/articles/cc17025c5c5c24fb22a0878d16caf9c7df6f13ba,7/13(–Ø) 19:50
lee,ƒGƒbƒZƒCƒXƒgAƒ‰ƒCƒ^[ ˆä“›–ƒOq‚³‚ñ‚ÌuD‚«v‚ÉˆÍ‚Ü‚ê‚½ƒpƒŠ‚Ì•é‚ç‚µ‚ğ”qŒ©I,https://news.yahoo.co.jp/articles/91c3b00f4b2d73b506e211c769eabec8352df53c,7/13(–Ø) 11:55
lee,—D–Ø‚Ü‚¨‚İ‚³‚ñ‚ª’…‚éyƒ}ƒ}‚Ì‚½‚ß‚ÌƒlƒCƒr[ƒ[ƒNƒpƒ“ƒczƒJƒWƒ…ƒAƒ‹‚É‚à‚«‚ê‚¢‚ß‚É‚àg‚¦‚ÄAƒwƒrƒƒeŒˆ’èI,https://news.yahoo.co.jp/articles/318597cc8910355463c8346af82ff4d1daf4e8e3,4/2(“ú) 21:50
