media_en,media_jp,title_articles,link_articles,date_original
tennisc,Tennis Classic,錦織圭／柴原瑛菜、チェコペアにストレートで敗れて準決勝進出ならず[パリ五輪]【テニス】,https://news.yahoo.co.jp/articles/d6f4352e539d81d07ac47a2066a52aa296c06b73,8/1(木) 5:52
tennisc,Tennis Classic,青山修子／柴原瑛菜、東京五輪金メダルのチェコペアにストレートで敗れて8強入りならず [パリ五輪]【テニス】,https://news.yahoo.co.jp/articles/5fa2d502b09e03a9eb89a3e327a24f5a455a0b4d,8/1(木) 3:17
tennisc,Tennis Classic,アルカラス、盤石なテニスを披露しオリンピック初出場で単複8強！ [パリ五輪]【テニス】,https://news.yahoo.co.jp/articles/0feb220159fde24ce6fde0b830184b2316182854,7/31(水) 23:33
tennisc,Tennis Classic,ジョコビッチ、世界70位に快勝し8強！準々決勝で世界11位チチパスと対戦[パリ五輪]【テニス】,https://news.yahoo.co.jp/articles/a8e171cafcbc270626953183ae5da59ca21a656e,7/31(水) 21:33
tennisc,Tennis Classic,ナダルとアルカラスのスペインペア、2時間超の熱戦制してダブルス8強 [パリ五輪]【テニス】,https://news.yahoo.co.jp/articles/911794e2ef42cac373abb62c8b2e16befe27bc89,7/31(水) 3:27
tennisc,Tennis Classic,東京五輪金メダリストのズベレフが2戦連続のストレート勝ちで16強。マレー以来の連覇を狙う [パリ五輪]【テニス】,https://news.yahoo.co.jp/articles/369be7bd33999c55bc5523da576da3168a616cbb,7/30(火) 23:25
tennisc,Tennis Classic,西岡良仁がツアー3勝目でトップ50に返り咲く「今大会最後のチャンピオンになれたことを誇りに思う」[アトランタ・オープン]【テニス】,https://news.yahoo.co.jp/articles/ff018f32c6e11174c077502de9577165d28f978d,7/30(火) 7:22
tennisc,Tennis Classic,錦織圭／柴原瑛菜が混合ダブルスで8強！完全アウェイで地元フランスペアを下す [パリ五輪]【テニス】,https://news.yahoo.co.jp/articles/72955ca70bdacc03e9fcb72acc39e0dfcc73283a,7/30(火) 4:40
tennisc,Tennis Classic,青山修子／柴原瑛菜、ルーマニアペアに快勝し2回戦進出。今大会で日本勢初勝利[パリ五輪]【テニス】,https://news.yahoo.co.jp/articles/dceec4e6fe72188e0db1c23c8ab3d886659308a4,7/30(火) 1:10
tennisc,Tennis Classic,ジョコビッチ、ナダルとの60回目の直接対決を制して3回戦進出！通算成績を31勝29敗に[パリ五輪]【テニス】,https://news.yahoo.co.jp/articles/cb5ff5ad9664c747ee3f181a66110296bbcd9c6b,7/29(月) 22:36
tennisc,Tennis Classic,錦織圭／ダニエル太郎、今大会で引退表明のマレーらイギリスペアに逆転負け。勝利目前から一転…5度のマッチポイント逃す[パリ五輪]【テニス】,https://news.yahoo.co.jp/articles/a1ca34b119f9d270cecbd5ef7ba95729b8c51233,7/29(月) 3:49
tennisc,Tennis Classic,ナダル、世界83位をフルセットで下してジョコビッチが待つ2回戦へ！初対戦から18年…通算60度目の対戦[パリ五輪]【テニス】,https://news.yahoo.co.jp/articles/4da275b543b4223a0f189489903ad68c31cd263b,7/29(月) 1:37
tennisc,Tennis Classic,内島萌夏、東京五輪銅メダリストのスビトリーナにストレートで敗れる。五輪初勝利ならず [パリ五輪]【テニス】,https://news.yahoo.co.jp/articles/6739b066a7619449b785c0abbaff9c51fff32119,7/28(日) 23:14
tennisc,Tennis Classic,ダニエル太郎、見せ場作るも世界8位ルードに屈し初戦敗退[パリ五輪]【テニス】,https://news.yahoo.co.jp/articles/a94c64bb8a1b59888900e432f7c287c31e54110d,7/28(日) 22:51
tennisc,Tennis Classic,錦織圭、5度目の五輪は初戦敗退。世界26位にストレートで敗れる[パリ五輪]【テニス】,https://news.yahoo.co.jp/articles/d1a60fbc693b8577bc2de185b4864dd7b0b31ae5,7/28(日) 22:25
tennisc,Tennis Classic,大坂なおみ、今大会で現役引退の元世界1位ケルバーに敗れ初戦で姿消す[パリ五輪]【テニス】,https://news.yahoo.co.jp/articles/a73dc20f6762a4d97f2d29976b2958352f8774cb,7/28(日) 5:49
tennisc,Tennis Classic,元世界1位ナダルとアルカラスの17歳差コンビが躍動! 第6シードを下して2回戦へ[パリ五輪]【テニス】,https://news.yahoo.co.jp/articles/1db40514219c034b6660d3883121b2bfd5e0201d,7/28(日) 4:15
tennisc,Tennis Classic,ジョコビッチ、圧倒的なパフォーマンスを披露し2回戦進出。悲願の金メダル獲得へ[パリ五輪]【テニス】,https://news.yahoo.co.jp/articles/2df3504714f73487f5a1099d333ffe206e594cc4,7/27(土) 22:29
tennisc,Tennis Classic,女王シフィオンテク、得意のローランギャロスで初戦突破！ストレートでルーマニア選手下す[パリ五輪]【テニス】,https://news.yahoo.co.jp/articles/25c752b2f18babb2653a050df3c5b90dc8aadb9a,7/27(土) 21:21
tennisc,Tennis Classic,大坂なおみ、パリ五輪女子シングルス1回戦で元世界1位ケルバーと対戦。27日のセンターコート第4試合に登場【テニス】,https://news.yahoo.co.jp/articles/5772b748ce1f045b0edc6b716c193ab4b605d7a2,7/26(金) 15:10
tennisc,Tennis Classic,錦織圭、パリ五輪シングルス1回戦で世界26位と対戦。ダニエル太郎は世界8位ルードと【テニス】,https://news.yahoo.co.jp/articles/3cc809ff2f5605be0fd4c404a3f7745652a06ec2,7/26(金) 12:10
tennisc,Tennis Classic,元世界1位マレー、現役最後の大会となるパリ五輪のシングルス出場を辞退。専念する男子ダブルス1回戦で錦織圭／ダニエル太郎と対戦【テニス】,https://news.yahoo.co.jp/articles/8989a227558bb7698f06e8c31ef6808a90481a60,7/25(木) 18:28
tennisc,Tennis Classic,錦織圭、27日開幕のパリ五輪で男子ダブルス、混合ダブルスにもエントリー。計3種目に出場へ【テニス】,https://news.yahoo.co.jp/articles/633d061f9cc0c7727968a188f1b269594c9e115a,7/25(木) 17:10
tennisc,Tennis Classic,世界1位シナー、扁桃炎のためパリ五輪を欠場「非常に残念」【テニス】,https://news.yahoo.co.jp/articles/830f5adf1083b87362a6560706235bedc793e5bc,7/25(木) 12:10
tennisc,Tennis Classic,元世界1位マレー、パリ五輪後に引退表明「もう一度出場できることを誇りに」。ツアー通算46勝、オリンピック連覇【テニス】,https://news.yahoo.co.jp/articles/c181755807aadb52edea4ed05fe325136c6c4c78,7/24(水) 12:30
tennisc,Tennis Classic,20歳のフィス、ズベレフを破ってATP500初タイトル! アンダーサーブ披露しブーイングも「勝つために全力を尽くした」【テニス】,https://news.yahoo.co.jp/articles/18f020931a734c6ecad67116e9d933ed3b93ad91,7/22(月) 19:23
tennisc,Tennis Classic,ナダル、2年2か月ぶりのタイトル獲得ならず「本来のレベルからかけ離れていた」。次戦は単複出場するパリ五輪【テニス】,https://news.yahoo.co.jp/articles/786cfc723d32561dc39ca48e660678478f095167,7/22(月) 12:10
tennisc,Tennis Classic,錦織圭、27日開幕のパリ五輪へ準備着々。金メダル候補のシナーと練習【テニス】,https://news.yahoo.co.jp/articles/949743b0dd0d25c0406183c7fa87803c66aa4fc9,7/19(金) 17:10
tennisc,Tennis Classic,ナダル、元世界8位ノリーを下して今季2度目のツアー8強「もっとアグレッシブに」【テニス】,https://news.yahoo.co.jp/articles/88e04e483dee32860a5e3776a67f9ab5b11f38e3,7/19(金) 12:10
tennisc,Tennis Classic,ナダル、パリ五輪に向けてクレーコート大会出場。世界9位ルードとのダブルスで初戦突破[ノルディア・オープン]【テニス】,https://news.yahoo.co.jp/articles/b18444da372b167ee2b1c0669da1ac2556057e0f,7/16(火) 17:32
tennisc,Tennis Classic,ジョコビッチ、アルカラスに完敗もパリ五輪＆全米OPへ「逆境に直面しても立ち上がり、学び、強くなる」[ウィンブルドン]【テニス】,https://news.yahoo.co.jp/articles/806a8dd9330500d46e41eab419eaf486a261f820,7/15(月) 18:10
tennisc,Tennis Classic,[奥脇莉音のプロ奮闘記(31)]1人でのアジア・ヨーロッパ遠征ではハプニングも…対応はすべて自分で【テニス】,https://news.yahoo.co.jp/articles/5f5a6d1a38a56e1c94d0e642bb438f0078f9ea2c,7/15(月) 15:21
tennisc,Tennis Classic,アルカラス、ウィンブルドン連覇＆4度目のグランドスラム優勝！ジョコビッチの反撃を跳ねのける[ウィンブルドン]【テニス】,https://news.yahoo.co.jp/articles/5f8fbb97defbf817a868ff86d30ac32bf6cbbd03,7/15(月) 0:39
tennisc,Tennis Classic,世界32位クレイチコワ、フルセットマッチを制して2021年全仏以来のグランドスラム制覇！ 全仏準Vのパオリーニはタイトル獲得ならず[ウィンブルドン]【テニス】,https://news.yahoo.co.jp/articles/b6614628c59a47e1337aaec08aa4b45bc6391c73,7/14(日) 0:11
tennisc,Tennis Classic,ジョコビッチ、世界25位ムゼッティを下して史上最多25度目のグランドスラム制覇へあと1勝！決勝は昨年同カードのアルカラスと対戦[ウィンブルドン]【テニス】,https://news.yahoo.co.jp/articles/f67338f1581e9004954046bc011bac718f1c9897,7/13(土) 4:01
tennisc,Tennis Classic,アルカラス、世界5位メドベデフを撃破! ウィンブルドン連覇＆通算4度目のグランドスラム優勝に王手[ウィンブルドン]【テニス】,https://news.yahoo.co.jp/articles/44f164e8077b3af8bc7b0b70b0caacc8008edd42,7/13(土) 0:42
tennisc,Tennis Classic,クレイチコワが世界4位リバキナに逆転勝ちでグランドスラム2勝目に王手[ウィンブルドン]【テニス】,https://news.yahoo.co.jp/articles/947c5e20b5660a181890ad24d1b6fe8b7bcad346,7/12(金) 3:24
tennisc,Tennis Classic,全仏準Vのパオリーニがウィンブルドンでも決勝へ！世界37位ベキッチに逆転勝ち[ウィンブルドン]【テニス】,https://news.yahoo.co.jp/articles/2666f31e93b49f73fd20510a82b263389682dac2,7/12(金) 0:38
tennisc,Tennis Classic,ムゼッティ、グランドスラムの大舞台で初の4強!「息子が生まれた日を除けば人生最高の日」[ウィンブルドン]【テニス】,https://news.yahoo.co.jp/articles/e3218368e4dd27023388d50b5bc6ac0520fe1944,7/11(木) 15:10
tennisc,Tennis Classic,デミノーが股関節の負傷で準々決勝を棄権。ジョコビッチがフェデラーに並ぶ最多13度目の4強[ウィンブルドン]【テニス】,https://news.yahoo.co.jp/articles/56bc0be021d95ec6421ee5256f67f0336cdcfc96,7/11(木) 12:10
tennisc,Tennis Classic,パオリーニが全仏に続いてウィンブルドンでも4強！ 準決勝でノーシードのベキッチと対戦[ウィンブルドン]【テニス】,https://news.yahoo.co.jp/articles/fc1dd42f7d1999fcf12ce1ab47b2324b790663cb,7/10(水) 16:50
tennisc,Tennis Classic,シナー、めまいでコート離れる場面も…棄権は考えず「ベストを尽くした」[ウィンブルドン]【テニス】,https://news.yahoo.co.jp/articles/dd0b91d51a68bb7e825021401853f416d48b541e,7/10(水) 7:10
tennisc,Tennis Classic,前年覇者のアルカラス、連覇へ視界良好! 尻上がりに調子上げて世界13位ポールを下し準決勝へ[ウィンブルドン]【テニス】,https://news.yahoo.co.jp/articles/dbc94b34fb9f22d0a81b6e5e8b333b6be3dd59d3,7/10(水) 3:10
tennisc,Tennis Classic,世界1位シナー、4時間の激闘も実らずメドベデフにフルセットで敗れて準々決勝敗退[ウィンブルドン]【テニス】,https://news.yahoo.co.jp/articles/f51508d5866327c7f82f3b72683b42fa41007390,7/10(水) 1:51
tennisc,Tennis Classic,ジョコビッチ、盤石な戦いぶりで世界15位ルーネを撃破。グランドスラム通算60度目の8強入り[ウィンブルドン]【テニス】,https://news.yahoo.co.jp/articles/b9b65ed1c071586de7b8cb74c970eeef69d9cb9c,7/9(火) 8:10
tennisc,Tennis Classic,22歳ムゼッティ、フランスの新星の快進撃をストップ。グランドスラム初の8強に涙「この瞬間を夢見てきた」[ウィンブルドン]【テニス】,https://news.yahoo.co.jp/articles/2dda43fa06a51fad845b67b4407b407d5c745405,7/9(火) 7:10
tennisc,Tennis Classic,フリッツ、世界4位ズベレフに2セットダウンから大逆転勝利で8強!「負けていたけど確信はあった」[ウィンブルドン]【テニス】,https://news.yahoo.co.jp/articles/0b05bd49e59bfa9aae2f24f0238c76edade1cee9,7/9(火) 7:10
tennisc,Tennis Classic,前年覇者のアルカラス、世界16位アンベールの追い上げを振り切って2年連続8強「試合をするたびにどんどん良くなっている」[ウィンブルドン]【テニス】,https://news.yahoo.co.jp/articles/47b6f06eec0cfe7a256b428b0e345c799cb035d0,7/8(月) 6:10
tennisc,Tennis Classic,世界1位のシナーが3年連続8強! シェルトンのビッグサーブを攻略[ウィンブルドン]【テニス】,https://news.yahoo.co.jp/articles/3572fcb1d5561a63193a11d5eb1b13ef334743ea,7/8(月) 6:10
tennisc,Tennis Classic,女王シフィオンテクがミス連発で3回戦敗退「タンクが急に空っぽに」[ウィンブルドン]【テニス】,https://news.yahoo.co.jp/articles/27612728e269261b6d05fa6f392a15df887230ff,7/7(日) 12:36
tennisc,Tennis Classic,マレー、最後のウィンブルドンで涙「やめたくないからつらい」。約5年ぶり兄とのダブルスは初戦敗退[ウィンブルドン]【テニス】,https://news.yahoo.co.jp/articles/73edd026fea0ff54699e556217acf83d5bb95882,7/5(金) 17:10
tennisc,Tennis Classic,西岡良仁、フランスの新星に27本のエース決められウィンブルドン初の3回戦進出ならず[ウィンブルドン]【テニス】,https://news.yahoo.co.jp/articles/a8a6ad1596f5846b1df8b04d285507cdc0191bea,7/5(金) 7:10
tennisc,Tennis Classic,ジョコビッチ、地元イギリス勢の挑戦を退け18度目のウィンブルドン3回戦進出「まだ動きは錆びついている」[ウィンブルドン]【テニス】,https://news.yahoo.co.jp/articles/6d2a37958c4d2c07a098fc872becb0afa0b08606,7/5(金) 7:10
tennisc,Tennis Classic,大坂なおみ、世界17位ナバーロに完敗。5年ぶりのウィンブルドンは2回戦敗退[ウィンブルドン]【テニス】,https://news.yahoo.co.jp/articles/24b0881eeadc2e5f98930f4f258c5d4f291855a6,7/4(木) 2:31
tennisc,Tennis Classic,錦織圭、2日がかりの初戦は世界76位にフルセットの敗戦。3年ぶりのウィンブルドンは初戦敗退[ウィンブルドン]【テニス】,https://news.yahoo.co.jp/articles/aa21afc14aa728fe4188fdbf4e80ef1d350299c9,7/4(木) 1:18
tennisc,Tennis Classic,ダニエル太郎、世界11位チチパスに善戦もストレートで敗れ初戦敗退[ウィンブルドン]【テニス】,https://news.yahoo.co.jp/articles/b6463e1315c7c8210ea3cc84f22e3e80288d6323,7/3(水) 12:10
tennisc,Tennis Classic,錦織圭、3年ぶりのウィンブルドン初戦はセットカウント1-1の第3セット1-1で日没順延に[ウィンブルドン]【テニス】,https://news.yahoo.co.jp/articles/83481db2820ee7dd487a37d9a421eb01869843b7,7/3(水) 5:08
tennisc,Tennis Classic,西岡良仁、世界50位を下して2回戦へ! ウィンブルドンで3年ぶり白星[ウィンブルドン]【テニス】,https://news.yahoo.co.jp/articles/d6fde948183655c809975ff954b9e2083be6c65b,7/2(火) 22:54
tennisc,Tennis Classic,錦織圭、3年ぶりのウィンブルドン初戦は第3試合。前哨戦プレーできずぶっつけ本番で臨む[ウィンブルドン]【テニス】,https://news.yahoo.co.jp/articles/78f5889726f0ce3b7c757a64f19102d5e7cdacf1,7/2(火) 17:10
tennisc,Tennis Classic,日比野菜緒、3年ぶりにグランドスラム初戦突破ならず。世界33位メルテンスに逆転で敗れる[ウィンブルドン]【テニス】,https://news.yahoo.co.jp/articles/4047c3e8bfc564dde3b33446a2e72e079da9d814,7/2(火) 12:46
tennisc,Tennis Classic,アルカラス、連覇へ向けて好発進。グランドスラム初出場の挑戦者をストレートで退ける[ウィンブルドン]【テニス】,https://news.yahoo.co.jp/articles/9725411e6f5a3d01dec6d22ed9bf9b0e69da840d,7/2(火) 7:54
tennisc,Tennis Classic,大坂なおみ、ウィンブルドンで6年ぶりの初戦突破! 世界53位をフルセットで下す[ウィンブルドン]【テニス】,https://news.yahoo.co.jp/articles/3c0fae5d355ca77f3bf4580ec24e78399e8fc422,7/2(火) 1:03
tennisc,Tennis Classic,大坂なおみ、5年ぶりの“テニスの聖地”初戦は世界53位と。 日比野菜緒も大会初日に登場[ウィンブルドン]【テニス】,https://news.yahoo.co.jp/articles/44d4a6573738c1e6d10800fa798945debd232302,7/1(月) 17:10
tennisc,Tennis Classic,西岡良仁、ウィンブルドン前哨戦で世界46位に逆転勝ちし今季初の8強[ロスシー国際]【テニス】,https://news.yahoo.co.jp/articles/d58e08c69df61613ca8230c217f55fba38731b35,6/27(木) 15:10
tennisc,Tennis Classic,島袋将、2時間47分の熱戦を制して2年連続での予選突破に王手。内山靖崇は元世界7位ゴファンに敗れる[ウィンブルドン]【テニス】,https://news.yahoo.co.jp/articles/27ba92b010d4fc9fe34b9b511c526fa50f8403fa,6/27(木) 12:10
tennisc,Tennis Classic,右膝手術から3週間のジョコビッチ、ウィンブルドン出場は「タイトル争いができるときだけ」【テニス】,https://news.yahoo.co.jp/articles/bcbf2b402f3624bd8ebc00dbcccf040ea6288253,6/26(水) 17:10
tennisc,Tennis Classic,日本人女子唯一の予選出場となった本玉真唯は初戦で敗れる[ウィンブルドン]【テニス】,https://news.yahoo.co.jp/articles/52e8268fdb31e81313327bcbf3e563cb8483dce0,6/26(水) 12:10
tennisc,Tennis Classic,西岡良仁、地元選手にストレート快勝で2回戦進出。グラスコートでの白星は21年ウィンブルドン以来3年ぶり[ロスシー国際]【テニス】,https://news.yahoo.co.jp/articles/9e0d070736194630358495ca96ca0e13557efea0,6/25(火) 22:58
tennisc,Tennis Classic,錦織圭、ウィンブルドン前哨戦を試合前に出場辞退[ロスシー国際]【テニス】,https://news.yahoo.co.jp/articles/c14cc8ef19f4a386bd407a91b7c5798401334324,6/25(火) 22:07
tennisc,Tennis Classic,錦織圭、3年ぶりのグラスコート・シーズン初戦で世界32位と対戦。西岡良仁は地元イギリス選手と[ロスシー国際]【テニス】,https://news.yahoo.co.jp/articles/90f850673217130e18df29c2db0a300c27946930,6/25(火) 15:10
tennisc,Tennis Classic,内山靖崇と島袋将が予選2回戦へ。望月慎太郎は世界70位に敗れる[ウィンブルドン]【テニス】,https://news.yahoo.co.jp/articles/3d828ae67fbcc7f9a0412b58c7eb81b6e769a582,6/25(火) 12:10
tennisc,Tennis Classic,望月慎太郎や内山靖崇、島袋将の日本男子3名が予選に出場。24日に予選がスタート[ウィンブルドン]【テニス】,https://news.yahoo.co.jp/articles/55798787d8b6721d3084cfa2baf5b632f5aa6beb,6/24(月) 17:10
tennisc,Tennis Classic,シナー、世界1位として初めてのタイトルを獲得。グラスコートで初優勝し手応え「自信がついた」【テニス】,https://news.yahoo.co.jp/articles/3b8b6d33066f41be05cfc1cdb876fc624a67fb93,6/24(月) 15:15
tennisc,Tennis Classic,全日本選手権出場経験のある女性プレーヤーが集う 「第39回プリンスクラシックレディーステニス」が開催【テニス】,https://news.yahoo.co.jp/articles/686073c242e55f2a6f7c8dd182768c00579a199d,6/21(金) 17:10
tennisc,Tennis Classic,アルカラス、昨年優勝のウィンブルドン前哨戦で2回戦敗退「これも人生の一部」【テニス】,https://news.yahoo.co.jp/articles/a9dbff155e7dcfc2f088d9be92ab3405b04ea947,6/21(金) 12:32
tennisc,Tennis Classic,マレー、ウィンブルドン直前に背中を負傷し途中棄権「今回の痛みは初めての経験」【テニス】,https://news.yahoo.co.jp/articles/47ca6d2af275aaf37de8cc19895ad2908380f0e8,6/20(木) 17:10
tennisc,Tennis Classic,大坂なおみ、7月1日開幕のウィンブルドンのワイルドカードを獲得。5年ぶり4度目の出場へ【テニス】,https://news.yahoo.co.jp/articles/a107ae558d89c760a171f05cbad4e5506681f816,6/20(木) 12:10
tennisc,Tennis Classic,ジョコビッチ、5大会連続となるパリ五輪出場へ。全仏OPでは右膝を負傷【テニス】,https://news.yahoo.co.jp/articles/817e28d9eb09273586c7d86fa5c67d75dbfa24ba,6/19(水) 12:10
tennisc,Tennis Classic,大坂なおみ、グラスコート2大会目は世界8位に敗れ初戦敗退。1セットダウンから追い上げるも届かず【テニス】,https://news.yahoo.co.jp/articles/90740cc3d91d7526efc209f87a7008b00ec426e4,6/18(火) 20:28
tennisc,Tennis Classic,“ファッション＝テニス”ビームスが手掛ける新ブランド「Setinn＜セットイン＞」とは。ディレクター新井伸吾に聞くテニス界に参入したワケ【テニス】,https://news.yahoo.co.jp/articles/818c82623d7a515ffaa874ddaf4f66ec222736d7,6/18(火) 15:00
tennisc,Tennis Classic,世界3位サバレンカ、パリ五輪欠場を明らかに「スケジュールに無理がある」。世界10位ジャバーも欠場【テニス】,https://news.yahoo.co.jp/articles/019be212ad81559e49d762476ef94aff8286250e,6/18(火) 12:10
tennisc,Tennis Classic,元世界1位マレー、引退プランに全米オープンとデ杯はなし「ウィンブルドンかオリンピックのどちらかがふさわしい」【テニス】,https://news.yahoo.co.jp/articles/45ad8c4a21802ebace5786b6fa530db4a1a27a74,6/17(月) 18:20
tennisc,Tennis Classic,アルカラス、連覇がかかる芝の2大会に意気込む。ナダルとのパリ五輪については「一緒にメダルを獲るのが夢」【テニス】,https://news.yahoo.co.jp/articles/f83ccde43abb2bf2787fa897adbae9075354caf5,6/17(月) 12:10
tennisc,Tennis Classic,大坂なおみ、元全米女王アンドレスクにフルセットで敗戦。復帰後初のツアー4強入りならず[リベマ・オープン]【テニス】,https://news.yahoo.co.jp/articles/c204996bcf6dbaf4f112a1c48e923663d7fa53ef,6/15(土) 7:10
tennisc,Tennis Classic,7月1日開幕のウィンブルドン、賞金総額が過去最高の100億円。10年前から倍増【テニス】,https://news.yahoo.co.jp/articles/bc42c46e8ec36d4d476e8db04fce1baa39d5d3d7,6/14(金) 17:10
tennisc,Tennis Classic,ナダル、パリ五輪に照準合わせてウィンブルドン欠場「クレーコートでプレーし続けることがベスト」【テニス】,https://news.yahoo.co.jp/articles/80bc9dc87cb0bc4143fc98145ada87defe137165,6/14(金) 12:30
tennisc,Tennis Classic,錦織圭と大坂なおみの2名がパリ五輪の出場権を獲得。全仏オープンと同じローラン・ギャロスで開催【テニス】,https://news.yahoo.co.jp/articles/7137daede4593711df60a9cedd3cf1f80129f874,6/14(金) 10:30
tennisc,Tennis Classic,大坂なおみ、芝大会で6年ぶりに8強! 地元オランダ選手に快勝[リベマ・オープン]【テニス】,https://news.yahoo.co.jp/articles/95e6dc381524a13f8d733601c46861705b95ade0,6/13(木) 0:13
tennisc,Tennis Classic,シナー、世界1位となって故郷に凱旋「この瞬間を分かち合えるなんて最高」【テニス】,https://news.yahoo.co.jp/articles/df5511de68d3f54ec3f1443b583dff1bb61493a2,6/12(水) 16:10
tennisc,Tennis Classic,大坂なおみ、5年ぶりのグラスコート・シーズン初戦を白星で飾る。世界32位にストレート勝利[リベマ・オープン]【テニス】,https://news.yahoo.co.jp/articles/f3afafa7dc2aee35a99d6eee178180955b74fee0,6/11(火) 20:51
tennisc,Tennis Classic,アルカラス、怪我の不安もありながら全仏オープン初制覇!「今回が一番誇れる」【テニス】,https://news.yahoo.co.jp/articles/05a1ea2b642f3e3ccee4f710e7c638bd767ce0d5,6/10(月) 7:30
tennisc,Tennis Classic,ズベレフ、グランドスラム初優勝ならず。大事な場面で判定を覆されるも「審判もミスをする。彼らも人間」[全仏オープン]【テニス】,https://news.yahoo.co.jp/articles/80669e9a0f1b0a101e00846ad254263023d50ef6,6/10(月) 5:30
tennisc,Tennis Classic,アルカラス、世界4位ズベレフを下して全仏オープン初制覇! 4時間19分の激闘制す[全仏オープン]【テニス】,https://news.yahoo.co.jp/articles/92f52c9d39adcbca347aa0f3626f7df7f717cbef,6/10(月) 2:33
tennisc,Tennis Classic,小田凱人、初めてグランドスラム優勝した全仏で2連覇達成! グランドスラム通算4度目[全仏オープン]【テニス】,https://news.yahoo.co.jp/articles/ec6ff3446d13792fc778a7d42539288e5270cf9a,6/9(日) 12:44
tennisc,Tennis Classic,女王シフィオンテク、世界15位パオリーニを圧倒し史上3人目となる全仏オープン3連覇達成【テニス】,https://news.yahoo.co.jp/articles/81ea89147bc56032dc07f56476228344fefa3cf9,6/9(日) 9:27
tennisc,Tennis Classic,アルカラス、新王者シナーとの激闘を制して全仏オープンで初めての決勝へ。グランドスラム3勝目に王手[全仏オープン]【テニス】,https://news.yahoo.co.jp/articles/69d4d65941f45f2ba523043413635e7ed6bb0469,6/8(土) 1:50
tennisc,Tennis Classic,パオリーニが17歳アンドレーワを下してグランドスラム初の決勝へ。ダブルスでも4強と単複で躍動[全仏オープン]【テニス】,https://news.yahoo.co.jp/articles/7bd4ba30e13c6be47f1a796a5e2f2d9e4ef540bd,6/7(金) 15:11
tennisc,Tennis Classic,女王シフィオンテク、世界3位ガウフを下し3連覇に王手。史上3人目の快挙なるか[全仏オープン]【テニス】,https://news.yahoo.co.jp/articles/dfea806ff8b4cad46606e715206d69a98195d307,6/7(金) 12:10
tennisc,Tennis Classic,17歳アンドレーワ、世界2位サバレンカを下して初のグランドスラム4強!「準決勝を戦うなんて思ってもみなかった」[全仏オープン]【テニス】,https://news.yahoo.co.jp/articles/5af28a14187e2683ab5bdfab6e56f8b3ba8b6b49,6/6(木) 15:15
tennisc,Tennis Classic,パオリーニが世界4位リバキナ撃破でグランドスラム初の4強! トップ10入りも確定[全仏オープン]【テニス】,https://news.yahoo.co.jp/articles/133c12399026ef8bcbe562237865e6801142faa4,6/6(木) 7:10
tennisc,Tennis Classic,アルカラス、チチパスを下して2年連続4強! 準決勝は世界1位確定のシナー「誰もがこの対戦を望んでいた」[全仏オープン]【テニス】,https://news.yahoo.co.jp/articles/48abd0e7533ac0eab721eef21e6f3115e97a54ae,6/5(水) 17:10
tennisc,Tennis Classic,22歳のシナー、全仏初の4強! イタリア人選手として初の世界1位も確定「日々の努力の賜物」[全仏オープン]【テニス】,https://news.yahoo.co.jp/articles/2c4af9a468f5b64d740703f68f8078482e562157,6/5(水) 15:10
tennisc,Tennis Classic,ジョコビッチ、右膝半月板損傷で準々決勝を前に無念のリタイア。世界1位の座もシナーに明け渡す[全仏オープン]【テニス】,https://news.yahoo.co.jp/articles/804af3dcec51df6a9a89da7ad44389c8f2414101,6/5(水) 12:10
tennisc,Tennis Classic,女王シフィオンテク、2022年から負けなしの19連勝で4強入り。準決勝ではガウフと3年連続の対戦[全仏オープン]【テニス】,https://news.yahoo.co.jp/articles/0a9a67c145b9716210abdc99791e1167b35a2a66,6/5(水) 12:10
tennisc,Tennis Classic,全日本ジュニアに車いすテニス部門が新設!アンバサダーに国枝慎吾氏「アメリカで待ってるぜ！」【テニス】,https://news.yahoo.co.jp/articles/9b5a00da2e8310c9b960363d6f09d768cc46ae3e,6/4(火) 17:30
tennisc,Tennis Classic,ジョコビッチ、8強入りも右膝負傷で棄権を覚悟「プレーを続けるか迷った」[全仏オープン]【テニス】,https://news.yahoo.co.jp/articles/7669ddde919e62ed31507fcec486828722889613,6/4(火) 15:10
tennisc,Tennis Classic,ジョコビッチ、2試合連続の4時間マッチを制して15年連続8強! フェデラーを抜いて歴代最多グランドスラムマッチ370勝[全仏オープン]【テニス】,https://news.yahoo.co.jp/articles/7018cd20a3dd71a58c22ea9e5ea5d046897ffb8c,6/4(火) 10:11
tennisc,Tennis Classic,ジョコビッチの深夜3時まで及ぶ激闘…選手らから反発「試合終了とともに仕事が終わるわけではない」【テニス】,https://news.yahoo.co.jp/articles/e83ca8b72cff87d9209b3c2937ec70857bb4a01a,6/3(月) 17:10
tennisc,Tennis Classic,アルカラスが3年連続の8強。準々決勝で過去負けなしのチチパスと対戦「戦術的に何をすべきかわかっている」[全仏オープン]【テニス】,https://news.yahoo.co.jp/articles/5cdf28d757498efe3a1dffdb7246dbc3e5fa5a42,6/3(月) 15:10
tennisc,Tennis Classic,シフィオンテク、キャリア最速40分の圧勝劇で8強「常に次のポイントに集中していた」[全仏オープン]【テニス】,https://news.yahoo.co.jp/articles/18ab5f10f5b6cbfbcaac21fee478276c71aea211,6/3(月) 12:10
tennisc,Tennis Classic,全仏オープン、選手らの相次ぐ苦言に観客席での飲酒を禁止。ファンの迷惑行為に歯止め【テニス】,https://news.yahoo.co.jp/articles/fb3c6aa0cedecb2c8da6fc1f015e8663b4d99c14,5/31(金) 15:10
tennisc,Tennis Classic,錦織圭、世界15位シェルトンとの第2セット終了後に棄権を決断「鋭い痛みを感じ始めた」。3年ぶりの全仏オープンは2回戦敗退[全仏オープン]【テニス】,https://news.yahoo.co.jp/articles/60eb007679b06f771d4c0714dfa3d30559a4282e,5/31(金) 3:29
tennisc,Tennis Classic,内島萌夏、快進撃も世界2位サバレンカに阻まれ2回戦敗退。5月初旬から続いた連勝は19でストップ[全仏オープン]【テニス】,https://news.yahoo.co.jp/articles/70b60906c89512e300522c10447d78f42e65c7e5,5/30(木) 20:23
tennisc,Tennis Classic,大坂なおみ、女王シフィオンテクに惜敗し涙もトップ復帰へ手応え「またそこに戻れるような気がする」[全仏オープン]【テニス】,https://news.yahoo.co.jp/articles/5c97093162c748f5956fa5780339bc8ae8e94a01,5/30(木) 15:10
tennisc,Tennis Classic,錦織圭と世界15位シェルトンの試合は第1セット途中5-5で順延に[全仏オープン]【テニス】,https://news.yahoo.co.jp/articles/0208103357f79298d609d5cf1faf337a9d97d5b7,5/30(木) 7:10
tennisc,Tennis Classic,大坂なおみ、2連覇中の女王シフィオンテクに勝利目前で逆転許し2回戦敗退。5年ぶりの3回戦進出ならず[全仏オープン]【テニス】,https://news.yahoo.co.jp/articles/292fa6e015bbd9c8a5b1deea0401cea5d336c66a,5/30(木) 3:34
tennisc,Tennis Classic,ゴファンが2年ぶりの全仏勝利もマナーの悪い観客に辟易「本当に失礼。騒ぎたいだけ」[全仏オープン]【テニス】,https://news.yahoo.co.jp/articles/8ed2e8077022b7aeb6e40f6a0cc8e65d852128f4,5/29(水) 17:10
tennisc,Tennis Classic,ジョコビッチ、20年連続の初戦突破! 25度目のグランドスラム制覇へ好発進も「まだ始まったばかり」[全仏オープン]【テニス】,https://news.yahoo.co.jp/articles/e54f5bf4e88f8cb6f41375c108fd560b409e9519,5/29(水) 13:03
tennisc,Tennis Classic,内島萌夏、予選勝者を圧倒しグランドスラム本戦初勝利! 2回戦で世界2位サバレンカに挑む[全仏オープン]【テニス】,https://news.yahoo.co.jp/articles/b224951971abb34e45cdac8ffd9626326e27c86a,5/29(水) 7:10
tennisc,Tennis Classic,ナダル、19度目の出場で初めての初戦敗退「最後だとしても自分自身に満足している」。最後の全仏となるのか[全仏オープン]【テニス】,https://news.yahoo.co.jp/articles/8efdff7e02eaf1075f9b48b4fd5c145396432656,5/28(火) 18:10
tennisc,Tennis Classic,日比野菜緒、世界80位に完敗で初戦敗退。クレーコート・シーズンで勝利挙げられず[全仏オープン]【テニス】,https://news.yahoo.co.jp/articles/a1b24d961d1dac29d31bef5a71b1859036dd5242,5/28(火) 15:38
tennisc,Tennis Classic,大坂なおみの2回戦の相手は2連覇中の女王シフィオンテクに決定[全仏オープン]【テニス】,https://news.yahoo.co.jp/articles/6f028fe9fc27a4cd11ff7302b96b2f8934a7ea28,5/28(火) 7:10
tennisc,Tennis Classic,西岡良仁、2年連続の初戦突破はならず。世界21位オジェ・アリアシムにストレートで敗れる[全仏オープン]【テニス】,https://news.yahoo.co.jp/articles/63a9325f75881ed734e112ebbd2b9335443149b0,5/28(火) 6:10
tennisc,Tennis Classic,錦織圭、4時間22分のフルセットマッチを制して3年ぶりの全仏オープンで2回戦へ! 997日ぶりのグランドスラム白星 [全仏オープン]【テニス】,https://news.yahoo.co.jp/articles/1d924517d45d77c018c3869425a25df09d2f6575,5/27(月) 5:37
tennisc,Tennis Classic,望月慎太郎、世界8位フルカチュと善戦もフルセットで敗戦。3度目のグランドスラム本戦も初勝利ならず[全仏オープン]【テニス】,https://news.yahoo.co.jp/articles/4a2255b9cb27c6f7bd4d5987d95588274f7c0ed9,5/27(月) 0:42
tennisc,Tennis Classic,ダニエル太郎、世界6位ルブレフに健闘も2年連続の初戦突破ならず[全仏オープン]【テニス】,https://news.yahoo.co.jp/articles/45a18d4c7db00a0e83a2c2972e5e70f91dbc00b4,5/26(日) 21:42
tennisc,Tennis Classic,大坂なおみ、2年ぶりの全仏オープンで初戦突破! 2回戦で女王シフィオンテクと対戦か[全仏オープン]【テニス】,https://news.yahoo.co.jp/articles/2153cf4c919c3fec82569101f423eb4b5e834227,5/26(日) 21:11
tennisc,Tennis Classic,大坂なおみ、全仏オープン1回戦は26日のセンターコート第1試合に組まれる「 自分をより良い選手に変えているかどうかを確かめたい」【テニス】,https://news.yahoo.co.jp/articles/ad6792f8d40a9d9370b1b096de2905359036b298,5/26(日) 11:22
tennisc,Tennis Classic,錦織圭、3年ぶりの全仏オープン初戦で世界166位と対戦。大会初日の26日第3試合に登場[全仏オープン]【テニス】,https://news.yahoo.co.jp/articles/1926a031a261d0a81364e83cdb813c69c92d7df3,5/26(日) 9:30
tennisc,Tennis Classic,錦織圭、3年ぶりとなる全仏OPの初戦は予選勝者。西岡良仁とダニエル太郎はシード勢と 対戦[全仏オープン]【テニス】,https://news.yahoo.co.jp/articles/862e81bf327c3411e4270803b466832309499197,5/24(金) 15:10
tennisc,Tennis Classic,大坂なおみ、2年ぶりの全仏OP初戦は世界48位。2回戦では女王シフィオンテクと対戦の可能性 [全仏オープン]【テニス】,https://news.yahoo.co.jp/articles/9f407f341fba0d1c1284e3b1bfa9a971fb2b2555,5/24(金) 15:10
tennisc,Tennis Classic,20歳の望月慎太郎が全仏オープン初の本戦入り。予選決勝で相手が途中棄権 [全仏オープン]【テニス】,https://news.yahoo.co.jp/articles/a092f9a2bd6835f329d84db2877ff649c4c50c0f,5/24(金) 12:10
tennisc,Tennis Classic,日本人女子トップランクの内島萌夏、23年全豪以来のグランドスラム本戦入り。17歳 齋藤咲良は惜しくも予選決勝で敗退[全仏オープン]【テニス】,https://news.yahoo.co.jp/articles/7aaada2a770e5d83c824eac22b01902711c34df2,5/24(金) 12:10
tennisc,Tennis Classic,元トップ10のティエムとシュワルツマンの本戦入りは叶わず。予選敗退で全仏オープンに別れ【テニス】,https://news.yahoo.co.jp/articles/f32a3885a71680196c128bfeac70707cc3e147ad,5/23(木) 17:12
tennisc,Tennis Classic,ジョコビッチ、史上3人目となるツアー通算1100勝を達成。37歳誕生日を記録で祝う【テニス】,https://news.yahoo.co.jp/articles/dc326fde2d7d1b5c17cf46c3dbf6935adf0927ae,5/23(木) 15:10
tennisc,Tennis Classic,望月慎太郎、全仏オープン本戦初出場に王手。シードを破って予選決勝へ[全仏オープン]【テニス】,https://news.yahoo.co.jp/articles/63950bd502c5ab144d71e1163cf7454af6bf0abb,5/23(木) 12:33
tennisc,Tennis Classic,トップ100入りを果たした内島萌夏、グランドスラム初挑戦の17歳 齋藤咲良が予選決勝へ[全仏オープン]【テニス】,https://news.yahoo.co.jp/articles/5e1b8717b096e8a1cb1b2b4636959d2ea9e64340,5/23(木) 12:10
tennisc,Tennis Classic,内島萌夏が51分の快勝、本玉真唯は約3時間の激闘制して予選2回戦に [全仏オープン]【テニス】,https://news.yahoo.co.jp/articles/a433c23d600ffb6243880abfeeead699f28a94c2,5/22(水) 14:50
tennisc,Tennis Classic,内山靖崇、2時間半超の熱戦で地元選手を下して予選2回戦へ[全仏オープン]【テニス】,https://news.yahoo.co.jp/articles/ff6465fd3d7dee88f9db065f37e8ca75c3054e36,5/22(水) 14:50
tennisc,Tennis Classic,[奥脇莉音のプロ奮闘記(30)]3週間のインド遠征で自分のテニスを貫いて自信に「やるべきことはまだまだあると感じた」【テニス】,https://news.yahoo.co.jp/articles/505171634b37d32c0e315a561df0abe450dc5875,5/21(火) 17:10
tennisc,Tennis Classic,引退表明のティエム、逆転勝ちで予選2回戦へ「また素晴らしいコート、試合ができる」[全仏オープン]【テニス】,https://news.yahoo.co.jp/articles/45b4a67f9377459202b9633c11a8046ddf609284,5/21(火) 12:10
tennisc,Tennis Classic,グランドスラム初挑戦の17歳、齋藤咲良が予選2回戦進出。坂詰姫野はフルセットで敗れる[全仏オープン]【テニス】,https://news.yahoo.co.jp/articles/197970848a967135edfb10f43a0d9bd611e6d641,5/21(火) 12:10
tennisc,Tennis Classic,望月慎太郎が逆転勝ちで予選2回戦に進出。全仏初挑戦の島袋は敗れる[全仏オープン]【テニス】,https://news.yahoo.co.jp/articles/dd53d3ab90126e836a4863adc2fd220d04ea429b,5/21(火) 12:10
tennisc,Tennis Classic,内島萌夏や本玉真唯、齋藤咲良、坂詰姫野の日本女子4名が予選に出場[全仏オープン]【テニス】,https://news.yahoo.co.jp/articles/bcf1ed76af505f45eb68452b6a65e6a668b46265,5/20(月) 17:10
tennisc,Tennis Classic,望月慎太郎や内山靖崇、島袋将の日本男子3名が予選に出場[全仏オープン]【テニス】,https://news.yahoo.co.jp/articles/ff6ecda4c929abf38903bdf5c3ada12257d0d1f7,5/20(月) 17:10
tennisc,Tennis Classic,ズベレフ、7年ぶり2度目のイタリア国際制覇!今季初タイトルで全仏OPに弾み「1年で最も楽しみにしている大会かも」【テニス】,https://news.yahoo.co.jp/articles/bdeffffa3151c68e574c049cb345a4144a782260,5/20(月) 12:10
tennisc,Tennis Classic,シフィオンテク、今季4勝目に王手。世界2位サバレンカと2大会連続決勝で対戦「同じ試合になるとは思えない」[イタリア国際]【テニス】,https://news.yahoo.co.jp/articles/79e760b11637928b451d5e3a60c4445d01bec554,5/17(金) 12:10
tennisc,Tennis Classic,マレー、37歳の誕生日を白星で飾る。3月以来の復帰初戦で相手が途中棄権【テニス】,https://news.yahoo.co.jp/articles/8e3053cb9361ff79a6317b505ec950a8c8ec0427,5/16(木) 15:10
tennisc,Tennis Classic,ズベレフ、転倒のアクシデントを物ともせず好調の世界13位フリッツ撃破「勝利に満足している」[イタリア国際]【テニス】,https://news.yahoo.co.jp/articles/e2ef9d845264a96713d6090bc1e6b7a475708fbe,5/16(木) 12:10
tennisc,Tennis Classic,前年覇者のメドベデフ、世界16位ポールに完敗で8強ならず「集中し始めたのが遅すぎた」[イタリア国際]【テニス】,https://news.yahoo.co.jp/articles/ec059606178d5d6cce5e90e2d597346369c298ef,5/15(水) 12:53
tennisc,Tennis Classic,元世界1位マレー、復帰を前に長年愛用したラケットを変更か。シーズン中のテストは異例【テニス】,https://news.yahoo.co.jp/articles/7f2547f072cced4cf4286dd6be18924e63c45f0a,5/14(火) 15:10
tennisc,Tennis Classic,大坂なおみ、トップ10撃破ならずで4回戦敗退も「自信を持って帰ることができる」[イタリア国際]【テニス】,https://news.yahoo.co.jp/articles/0d358333c264a249d7d3f18177afc9817680da34,5/14(火) 12:10
tennisc,Tennis Classic,大坂なおみ、クレーでトップ10からの初勝利はお預け。世界7位にストレートで敗れ8強入りならず[イタリア国際]【テニス】,https://news.yahoo.co.jp/articles/472ce50e308bc57767806d3ef1432903b89ac257,5/13(月) 19:33
tennisc,Tennis Classic,ジョコビッチ、67分の完敗で全仏オープンに不安「別人がシューズを履いたようだった」[イタリア国際]【テニス】,https://news.yahoo.co.jp/articles/7f52e27e6c65abde9067178ffc0a3fa12f8927bc,5/13(月) 12:10
tennisc,Tennis Classic,西岡良仁、世界10位ディミトロフと接戦演じるもストレートで敗れ3回戦進出ならず [イタリア国際]【テニス】,https://news.yahoo.co.jp/articles/9217c7c9938b821f9678d008e0857f04ca81cf29,5/10(金) 21:41
tennisc,Tennis Classic,大坂なおみ、「私はまだキリンの赤ちゃん」とクレーでの戦いに期待「成長してパリに行くのが楽しみ」[イタリア国際]【テニス】,https://news.yahoo.co.jp/articles/bd782aed4eed0ede3c5a7387af43236933acc595,5/10(金) 15:10
tennisc,Tennis Classic,ナダル、約3時間の激闘を制して2回戦進出。動き改善へ「リスクを冒すことに慣れる必要がある」[イタリア国際]【テニス】,https://news.yahoo.co.jp/articles/eb09bc6fc28949aff634225fd4eeaa157adccee5,5/10(金) 12:10
tennisc,Tennis Classic,大坂なおみ、世界20位に落ち着いた試合運びで完勝。同大会5年ぶりの3回戦進出[イタリア国際]【テニス】,https://news.yahoo.co.jp/articles/68241eb8a42200b68140a969f24cd21b6d54bdf1,5/10(金) 1:18
tennisc,Tennis Classic,ジョコビッチ、1ヵ月ぶりの実戦に「いい方向へ進んでいる」。黄金期支えたフィットネスコーチも呼び戻す【テニス】,https://news.yahoo.co.jp/articles/7392534429008aa0ede8b007f2ac7dd8a7fd3a4d,5/9(木) 12:10
tennisc,Tennis Classic,大坂なおみ、競った場面を乗り切り「誇らしい」。世界45位を下し2回戦へ「より良いプレーできることを期待」[イタリア国際]【テニス】,https://news.yahoo.co.jp/articles/1c520ed4f0e06dbcb31306b8ae261bcccfb604ca,5/9(木) 9:42
tennisc,Tennis Classic,大坂なおみ、全仏OP前哨戦で世界45位に快勝し2回戦進出[イタリア国際]【テニス】,https://news.yahoo.co.jp/articles/99750ac97a1def92e8c9284672270ccd7b18479d,5/8(水) 23:12
tennisc,Tennis Classic,西岡良仁、2時間18分の熱戦の末に世界46位をフルセットで下して2回戦へ。約2ヵ月ぶりのツアー本戦白星[イタリア国際]【テニス】,https://news.yahoo.co.jp/articles/4cdd724073b839ac1c4f6feed5f3912f0d9f08bc,5/8(水) 20:30
tennisc,Tennis Classic,ズベレフ、22年全仏を振り返り「あの思い出に違う結末をつけるため」とナダルとの再戦を熱望【テニス】,https://news.yahoo.co.jp/articles/fd26d6ff8a86564e47d2054d678ad8db2a7f45bd,5/8(水) 12:10
tennisc,Tennis Classic,母国開催を股関節負傷で欠場したシナー、全仏の出場は「100％の状態なら」【テニス】,https://news.yahoo.co.jp/articles/b3d324d05024589f1b44f3019b8dcb5a86065a4d,5/7(火) 17:10
tennisc,Tennis Classic,「第8回むさしの村ジュニアテニストーナメント：5月」の14歳以下男子は須藤孝侑、女子は倉島菜南実が優勝【テニス】,https://news.yahoo.co.jp/articles/abc349695230177a22a839cf0939cad6e3910df0,5/4(土) 10:45
tennisc,Tennis Classic,アルカラス、世界8位ルブレフに逆転負けを喫し3連覇阻まれる。前腕部に不安「打つたびに考えた」[マドリード・オープン]【テニス】,https://news.yahoo.co.jp/articles/227e745c49b0513a2857daf9e6fce3bf3448abc7,5/2(木) 12:20
tennisc,Tennis Classic,高校テニスに懸けた富岡保雄が54年の教師生活に幕。清風高校を40年連続全国選抜高校テニス大会出場などに導く【テニス】,https://news.yahoo.co.jp/articles/b5b2ad08e1cfa1b81c68274dd060262c6cd0a987,5/2(木) 12:10
tennisc,Tennis Classic,ナダル、最多5度優勝のマドリードに別れ「来るのはこれが最後」「これ以上は望めない」[マドリード・オープン]【テニス】,https://news.yahoo.co.jp/articles/276493f8ce867be343cc5487de0328907c814e9d,5/1(水) 18:10
tennisc,Tennis Classic,日本は初戦でルーマニアと対決! 12ヵ国で争うBJK杯ファイナルは11月開催【テニス】,https://news.yahoo.co.jp/articles/a190186d299b601a743092bbdab2226d2bd72f2f,5/1(水) 15:10
tennisc,Tennis Classic,アルカラス、世界24位との激闘制して3連覇へ試練乗り越える「1ヵ月も試合に出ていなかったのに3時間もプレーできたのは驚き」[マドリード・オープン]【テニス】,https://news.yahoo.co.jp/articles/960bc54359afd9f20064218c0940808310b9662d,5/1(水) 12:10
tennisc,Tennis Classic,ナダルが3時間4分の激闘を制して16強!「よく持ち堪えたし満足」[マドリード・オープン]【テニス】,https://news.yahoo.co.jp/articles/d249bbeffe7e7057536097285a58257b89615062,4/30(火) 15:42
tennisc,Tennis Classic,GWに実戦を! 14歳＆16歳以下のジュニア大会「第8回むさしの村ジュニアテニストーナメント：5月」がスタート【テニス】,https://news.yahoo.co.jp/articles/95450a1b25d6867f272622656e6f89b2213b9d7c,4/30(火) 13:52
tennisc,Tennis Classic,全仏オープンの賞金総額が過去最高額となる約90億円に。男女シングルス優勝賞金は約4億円【テニス】,https://news.yahoo.co.jp/articles/b9b9a50776fb87bab61c0e87fbd340b76c9e6502,4/26(金) 17:30
tennisc,Tennis Classic,ナダル、21歳年下の若手を一蹴も今は勝敗を気にせず「怪我をせず去ることができれば今週も成功」[マドリード・オープン]【テニス】,https://news.yahoo.co.jp/articles/b5ba314ea691f02c6e4e70dda213516966abe13b,4/26(金) 12:20
tennisc,Tennis Classic,大坂なおみ、苦手クレーで世界17位と熱戦繰り広げるも一歩及ばず2回戦敗退[マドリード・オープン]【テニス】,https://news.yahoo.co.jp/articles/dbce04db4b74dce6593c98f04d14d7ef67c8252f,4/25(木) 23:23
tennisc,Tennis Classic,西岡良仁、2時間超の熱戦も世界35位オジェ・アリアシムに逆転負けを喫し初戦敗退[マドリード・オープン]【テニス】,https://news.yahoo.co.jp/articles/01c4b44daaaf07481ec25cf05764ea5e5c26ae7f,4/25(木) 20:33
tennisc,Tennis Classic,ナダル、母国大会でのラストダンスに「ここは特別」。全仏出場は「今の状態ならプレーしない」[マドリード・オープン]【テニス】,https://news.yahoo.co.jp/articles/414c15dbe501e00f0cfe9f98c2f16ceb1d30f21f,4/25(木) 15:10
tennisc,Tennis Classic,ダニエル太郎、観客を味方にフルセットの戦いを制して2回戦へ。マドリードOP本戦初勝利挙げる【テニス】,https://news.yahoo.co.jp/articles/8ece8d3b66739f8064e8236896a14e068e2a4a3a,4/25(木) 12:10
tennisc,Tennis Classic,大坂なおみ、世界69位に快勝し2回戦へ。クレーコートで2年ぶりの白星[マドリード・オープン]【テニス】,https://news.yahoo.co.jp/articles/6d244cd8c0762f4c90f12c2c662c649e502a9755,4/24(水) 21:56
tennisc,Tennis Classic,アルカラス、2連覇中のマドリードOPに第2シードとして出場「3、4試合できればいい」[マドリード・オープン]【テニス】,https://news.yahoo.co.jp/articles/acfebfb4a912bd4ccc7159ba233beec556be6030,4/24(水) 19:10
tennisc,Tennis Classic,シナー、マスターズ大会で初めての第1シード「自分の成長した姿を見せたい」[マドリード・オープン]【テニス】,https://news.yahoo.co.jp/articles/b72f1b32a0e7c14e1d01dd704030fe8be1336c3d,4/24(水) 12:10
tennisc,Tennis Classic,ジョコビッチ、5度目のローレウス年間最優秀男子選手賞に輝く「支えてくれたチーム、刺激的なライバルのおかげ」【テニス】,https://news.yahoo.co.jp/articles/c9e4954a41d09e9308a71229d1b9690f494d0be9,4/23(火) 12:10
tennisc,Tennis Classic,ナダルが9月のレーバーカップに出場表明。フェデラーとのダブルス以来2年ぶり【テニス】,https://news.yahoo.co.jp/articles/c5e9f75aa5f53f811e8bee6143f33e086c38714b,4/22(月) 19:10
tennisc,Tennis Classic,リバキナが今季3勝目「最初から最後まで本当にいい仕事ができた」。3名のトップ10を破ったコスチュクを圧倒[ポルシェ・テニス・グランプリ]【テニス】,https://news.yahoo.co.jp/articles/40df52f09261f4ed00a4cbaf1e1ae31a3b3b61b1,4/22(月) 15:10
tennisc,Tennis Classic,ルードがモンテカルロで敗れたチチパスを下して、失セット0で今季初優勝! ATP500レベル以上で初のタイトル「待った甲斐がある」[バルセロナ・オープン]【テニス】,https://news.yahoo.co.jp/articles/dd3dfde3b465ff40eefbdf7af08e88e45a974329,4/22(月) 12:10
tennisc,Tennis Classic,ルーネ、雨にも雹にも負けずストレート勝利で準々決勝進出。いまだ大会負けなしで3連覇へ好発進[BMWオープン]【テニス】,https://news.yahoo.co.jp/articles/5103736147e801eb9f3cfe69a74a5b06a19fe372,4/19(金) 15:15
tennisc,Tennis Classic,世界6位ルードが快勝で8強入り。シナーを抜いて今季最多マッチ26勝目「肉体的にも精神的にも調子がいい」[バルセロナ・オープン]【テニス】,https://news.yahoo.co.jp/articles/529f61cfd8d48e81ac738a55b32ac7219f6cc369,4/19(金) 12:39
tennisc,Tennis Classic,ナダルが通算12度制したバルセロナOPで16強入りならず「別れを告げることができた」【テニス】,https://news.yahoo.co.jp/articles/feb1887d93ad253c3117a8338a6406f94065470a,4/18(木) 18:10
tennisc,Tennis Classic,[奥脇莉音のプロ奮闘記(29)]治安、食事、移動…初めてのインドはドタバタも周りの人に助けられた遠征【テニス】,https://news.yahoo.co.jp/articles/8411709482cc8d8b6192480b4d590607410931ff,4/18(木) 15:10
tennisc,Tennis Classic,シフィオンテク、大会3連覇へ「気楽に、一歩一歩」。世界1位在位期間はダベンポート抜き歴代9位に[ポルシェ・テニス・グランプリ]【テニス】,https://news.yahoo.co.jp/articles/11a68787313e8558d05b11f09a04a6b1321f751d,4/17(水) 18:00
tennisc,Tennis Classic,ナダルが1年11ヵ月ぶりにクレーコートでプレー。快勝で初戦突破「観客が素晴らしかった」[バルセロナ・オープン]【テニス】,https://news.yahoo.co.jp/articles/c699f6d6a70d36c227080cabab1beb7ee2ef9c4e,4/17(水) 15:10
tennisc,Tennis Classic,錦織圭、大坂なおみらが5月20日開幕の全仏オープンにエントリー。日本人男女5名が本戦へ【テニス】,https://news.yahoo.co.jp/articles/7e01171756c0179b130e2b9bc66cec06e16de185,4/17(水) 12:10
tennisc,Tennis Classic,錦織圭、クレーコート・シーズンでいまだプレーできず。24日開幕のマドリードOPを欠場しチャレンジャー大会に出場予定【テニス】,https://news.yahoo.co.jp/articles/0a3d66495fe19b4fcb65e1630af8a8a7b605e427,4/15(月) 12:10
tennisc,Tennis Classic,日比野菜緒が2勝を挙げて日本をファイナル進出に導く「自然と涙が出た」[BJK杯ファイナル予選]【テニス】,https://news.yahoo.co.jp/articles/b790a7e376d6fa32c781f0da7726eb2f84f68802,4/13(土) 18:11
tennisc,Tennis Classic,日比野菜緒、4度のマッチポイントをはねのけ世界50位をフルセットで下す! 日本は3連勝でファイナル進出[BJK杯ファイナル予選]【テニス】,https://news.yahoo.co.jp/articles/892f7add54f69209232b9d89fbe7203438d5cc46,4/13(土) 15:21
tennisc,Tennis Classic,大坂なおみ、エース15本奪い世界50位を下す! 日本は2勝目挙げてファイナル進出に王手[BJK杯ファイナル予選]【テニス】,https://news.yahoo.co.jp/articles/33ef1e4bd425de6f867cd407f763d0dd22076258,4/12(金) 18:00
tennisc,Tennis Classic,日比野菜緒、57分の快勝で日本が1勝。大坂なおみが第2試合に登場[BJK杯ファイナル予選]【テニス】,https://news.yahoo.co.jp/articles/2efc89fdd3abf41d91f49d16faabf3e3f2db7241,4/12(金) 15:20
tennisc,Tennis Classic,錦織圭、2014＆15年に連覇したバルセロナOP欠場「素晴らしい思い出があるだけに残念」【テニス】,https://news.yahoo.co.jp/articles/866783cf1453a04929cba38d760b58dcb6ec472b,4/11(木) 19:10
tennisc,Tennis Classic,大坂なおみ「戦略的なプレーができたら」と1年7ヵ月ぶりに有明に登場。初日には過去1勝3敗の世界50位と対戦【テニス】,https://news.yahoo.co.jp/articles/6953bf60698c64516dc6208e214d1b419b18b4de,4/11(木) 15:15
tennisc,Tennis Classic,大坂なおみ、日比野菜緒をシングルスに起用。女子国別対抗戦ビリー・ジーン・キング杯ファイナル予選「日本対カザフスタン」【テニス】,https://news.yahoo.co.jp/articles/b789bd5ad68d0bb31099dbe6bfa76be3043ceeb6,4/11(木) 12:28
tennisc,Tennis Classic,大坂なおみが4年2ヵ月ぶりの国別対抗戦出場へ。杉山愛監督「フィットネスが充実している」【テニス】,https://news.yahoo.co.jp/articles/b09deb74184cfbb0fc924c7c6fd343ac31313570,4/10(水) 15:10
tennisc,Tennis Classic,女子国別対抗戦BJK杯日本戦を前にカザフスタン監督が会見「大坂なおみはカムバックの途中だが素晴らしい選手」【テニス】,https://news.yahoo.co.jp/articles/fe575c54b9d8d4a90a4fa8c1390149714327b209,4/10(水) 13:06
tennisc,Tennis Classic,メドベデフ、苦手意識の払拭へ元世界6位シモンの知恵をプラスに「大会を楽しみにしている」【テニス】,https://news.yahoo.co.jp/articles/0dad5b5ef4d637bad592e91dcb3495bd786d143e,4/9(火) 20:00
tennisc,Tennis Classic,ジョコビッチ、最大の目標はオリンピックのタイトル「パリでピークを迎えたい」【テニス】,https://news.yahoo.co.jp/articles/90efcf69714a9f56fb7aaf1ec99229419f64adaf,4/9(火) 18:50
tennisc,Tennis Classic,好調のディミトロフやチチパスらシード勢が2回戦に進出[ロレックス・モンテカルロ・マスターズ]【テニス】,https://news.yahoo.co.jp/articles/0356fa5408be123ace180204f827c75c94dffc1f,4/9(火) 15:10
tennisc,Tennis Classic,19歳フィス、モンテカルロ大会で初出場初白星。2005年大会でのガスケ以来となる最年少でのフランス人勝利[ロレックス・モンテカルロ・マスターズ]【テニス】,https://news.yahoo.co.jp/articles/0f2f04fc4f1f1ae9f6ec98cd6907a6ad4ebeb896,4/9(火) 12:10
tennisc,Tennis Classic,ジョコビッチ、コーチのイワニセビッチ氏との別れに「次に進む時が来た」。後任候補のジモニッチ氏は「兄のような存在」【テニス】,https://news.yahoo.co.jp/articles/1836bab965b5de911a7c4f77c736ed62eb5698a0,4/8(月) 17:50
tennisc,Tennis Classic,シェルトン、32年前に父が制した地でツアー2勝目「先駆者として僕に道を示してくれてありがとう」[全米クレーコート選手権]【テニス】,https://news.yahoo.co.jp/articles/738257151cac17896a981a34cda452051fdec0bc,4/8(月) 15:10
tennisc,Tennis Classic,ベレッティーニがツアー復帰2大会目で1年10ヵ月ぶりの優勝「チームに感謝したい」[ハッサン2世グランプリ]【テニス】,https://news.yahoo.co.jp/articles/2cc657d5b2362ebd048585a0711837e1e0cd21ea,4/8(月) 12:10
tennisc,Tennis Classic,女子テニスの最終戦がサウジアラビアで開催決定。賞金総額は史上最高額の約23億円【テニス】,https://news.yahoo.co.jp/articles/6f1e70d2432b7b379eac44a0e8cff640fc4b21d6,4/5(金) 17:10
tennisc,Tennis Classic,ナダル、大会8連覇など歴代最多11度の優勝誇るモンテカルロ大会を欠場「出場できないことが僕にとってどれほど辛いことか」【テニス】,https://news.yahoo.co.jp/articles/5216e253a8edcc68952cf0bd2d1a81be0f6ce624,4/5(金) 12:10
tennisc,Tennis Classic,錦織圭、3年ぶり出場へマドリードOPのワイルドカードを獲得。2014年大会決勝ではナダルを追い詰める【テニス】,https://news.yahoo.co.jp/articles/78ef8c867e01136406cc52db56f4b089e52fb274,4/4(木) 12:10
tennisc,Tennis Classic,ワウリンカやベレッティーニ、ゴファン…かつてのトップ10が初戦突破[ハッサン2世グランプリ]【テニス】,https://news.yahoo.co.jp/articles/6587385e2a0b6819096f0a9553f817798f822c98,4/3(水) 17:11
tennisc,Tennis Classic,サバレンカ、困難を乗り越え次戦に向けてトレーニング「動くことが身体と魂の薬」【テニス】,https://news.yahoo.co.jp/articles/f46c24cd97304c35fd4575971a1f6cf261ecc878,4/3(水) 12:50
tennisc,Tennis Classic,「第41回 むさしの村チェリージュニアテニストーナメント」も最終日! 各カテゴリーの男女単複の優勝者が決定【テニス】,https://news.yahoo.co.jp/articles/52d36ef491e4c4350fabb8438b5af476dd10bbe6,4/3(水) 10:00
tennisc,Tennis Classic,“ドラゴンショット”伊藤竜馬が今季限りの現役引退を表明「全日本選手権で上位に行けるように」【テニス】,https://news.yahoo.co.jp/articles/79cbf9f9259b10db11c185e66960160f762774d8,4/2(火) 19:10
tennisc,Tennis Classic,ジョコビッチ、フェデラーが持つ最年長世界1位記録の36歳320日を更新【テニス】,https://news.yahoo.co.jp/articles/5a3a59ba2efc56502a8d48a4d44adea3773fdc6e,4/2(火) 15:10
tennisc,Tennis Classic,「第41回 むさしの村チェリージュニアテニストーナメント」が開催! 14歳以下＆18歳以下男女シングルスの優勝者が決定【テニス】,https://news.yahoo.co.jp/articles/443c5314636c7710fe09e3e1e0b3c2b463b5f5de,4/2(火) 10:47
tennisc,Tennis Classic,ディミトロフ、5年半ぶりのトップ10復帰「ポジティブな2週間だった」。シナーには「世界最高の選手」と賛辞[マイアミ・オープン]【テニス】,https://news.yahoo.co.jp/articles/f049aed060f89d7dcb70d00888d96930fd48cc4a,4/1(月) 17:10
tennisc,Tennis Classic,シナーが圧巻のプレーでディミトロフを破り今季3勝目! 自己最高2位に浮上[マイアミ・オープン]【テニス】,https://news.yahoo.co.jp/articles/feb7dba40b9a398ed102206b16016e757baecdd4,4/1(月) 12:34
tennisc,Tennis Classic,「第41回 むさしの村チェリージュニアテニストーナメント」が開催! 12歳以下男子シングルス8強＆女子シングルス4強が出揃う【テニス】,https://news.yahoo.co.jp/articles/7976c3360b019da3bd42b2f166dad8c774fc1904,4/1(月) 10:19
tennisc,Tennis Classic,「第41回 むさしの村チェリージュニアテニストーナメント」が開催! 16歳以下男子シングルスの決勝は同門対決に。16歳以下女子シングルスもスタート【テニス】,https://news.yahoo.co.jp/articles/56a77d19afd43efe747b4c6945a3757c16a05aee,3/31(日) 10:40
tennisc,Tennis Classic,アルカラス、ディミトロフの戦いぶりに脱帽「13歳になったような気分」[マイアミ・オープン]【テニス】,https://news.yahoo.co.jp/articles/d51c749b1581b9583628de9c0a18b51ff1a03c33,3/29(金) 15:10
tennisc,Tennis Classic,ディミトロフ、アルカラスを撃破し“サンシャイン・ダブル”阻止。13度目の出場で初の4強入り[マイアミ・オープン]【テニス】,https://news.yahoo.co.jp/articles/a7020f1b711c19f9fccb58d2d790964483ad90a6,3/29(金) 12:10
tennisc,Tennis Classic,「第41回 むさしの村チェリージュニアテニストーナメント」が開催! 14歳以下男女シングルスの4強が出揃う【テニス】,https://news.yahoo.co.jp/articles/82992d2184e38f3a2d353e38910187e8b085daa2,3/29(金) 9:54
tennisc,Tennis Classic,シナーが世界60位の勢いを止めて4強! 準決勝は全豪決勝のカードに[マイアミ・オープン]【テニス】,https://news.yahoo.co.jp/articles/e681f351e5d5a3423640565cab470c4946872c68,3/28(木) 15:45
tennisc,Tennis Classic,ジョコビッチ、イワニセビッチ氏とのコーチ契約を解消「友情は常に揺るぎないもの」【テニス】,https://news.yahoo.co.jp/articles/059cbe50576b1ed1deb40bfa8fefb1658cd23df7,3/28(木) 12:10
tennisc,Tennis Classic,前年覇者のメドベデフが8強。2016年のツアーデビューからマッチ350勝目[マイアミ・オープン]【テニス】,https://news.yahoo.co.jp/articles/fa341729782085276121bffe04b19519cdc71754,3/27(水) 17:50
tennisc,Tennis Classic,アルカラスが快勝で3年連続の8強。準々決勝でディミトロフと対戦[マイアミ・オープン]【テニス】,https://news.yahoo.co.jp/articles/eddf726ea2344d9d70379f4ca980d23b65d49a2e,3/27(水) 15:20
tennisc,Tennis Classic,シナーが初出場から4年連続で8強入り「また準々決勝に進出できてとてもうれしい」[マイアミ・オープン]【テニス】,https://news.yahoo.co.jp/articles/750c936b90f18e4dcedcf8b772e4432636aaca2c,3/27(水) 12:10
tennisc,Tennis Classic,シフィオンテク、ガウフが4回戦敗退。上位3シードが姿を消す[マイアミ・オープン]【テニス】,https://news.yahoo.co.jp/articles/582242caf97fc3bdf6836ca4ca96f6bd976bce3f,3/26(火) 17:50
tennisc,Tennis Classic,アルカラス、モンフィスを下して16強「彼と対戦するのは楽しい」[マイアミ・オープン]【テニス】,https://news.yahoo.co.jp/articles/07f164b2acba52562229ec8f099e118696a4b856,3/26(火) 15:10
tennisc,Tennis Classic,マレーが足首の靭帯断裂を発表。長期離脱でウィンブルドン出場に黄色信号【テニス】,https://news.yahoo.co.jp/articles/09062a9486d6120a1a330e0a3c3fc3b058a57ede,3/26(火) 12:10
tennisc,Tennis Classic,女王シフィオンテク、苦戦しながらも逆転勝ちで16強入り「もっと集中しなければ」[マイアミ・オープン]【テニス】,https://news.yahoo.co.jp/articles/ccd1f49508f687253197cdf82b7234926842da22,3/25(月) 17:50
tennisc,Tennis Classic,大坂なおみ、世界27位ガルシアに接戦で敗れ16強逃す。今季3度目の対戦[マイアミ・オープン]【テニス】,https://news.yahoo.co.jp/articles/15f3345088033a608d0bfca111cc8c0fbc43393d,3/25(月) 12:10
tennisc,Tennis Classic,ジュニアが熱戦を展開!「第41回 むさしの村チェリージュニアテニストーナメント」が開催【テニス】,https://news.yahoo.co.jp/articles/1bb643ffa01b35c4fdb65888bd9cf4e774e03ef0,3/24(日) 11:40
tennisc,Tennis Classic,キリオス、全米OP直前のUTSに出場「僕のベストを引き出す」【テニス】,https://news.yahoo.co.jp/articles/83d5d30f4acb8d384f28c2b742f3fe932269a3f1,3/22(金) 17:10
tennisc,Tennis Classic,錦織圭、復帰戦で「コーナーに打つはずが…」とショット感覚にズレ。「慣れるには時間がかかる」と実戦で取り戻す[マイアミ・オープン]【テニス】,https://news.yahoo.co.jp/articles/e42d1c0ac5630b4f386278ea793e314e6e6d2b3c,3/22(金) 15:10
tennisc,Tennis Classic,錦織圭、8ヵ月ぶりの復帰戦は黒星。世界40位にストレートで敗れる[マイアミ・オープン]【テニス】,https://news.yahoo.co.jp/articles/15c284887fef9b782eadf8f00dbc63ef6bafc54d,3/22(金) 4:47
tennisc,Tennis Classic,大坂なおみ、世界51位を圧倒し初戦突破「復帰して以来、最高のプレー」[マイアミ・オープン]【テニス】,https://news.yahoo.co.jp/articles/34cf9e6f53a1618a8dd77c2c243dd01ed405a3ac,3/21(木) 15:10
tennisc,Tennis Classic,ダニエル太郎はドレイパーにストレートで敗戦、西岡良仁もラッキールーザー生かせず初戦敗退[マイアミ・オープン]【テニス】,https://news.yahoo.co.jp/articles/3233b5947ae6a8fef169e32c4c4ee99f05d5daec,3/21(木) 12:10
tennisc,Tennis Classic,大坂なおみ、盤石の試合運びで初戦突破。世界51位に快勝[マイアミ・オープン]【テニス】,https://news.yahoo.co.jp/articles/9902330ecd5217cb60e8a5a00dca94cd405d9ec2,3/21(木) 9:33
tennisc,Tennis Classic,錦織圭、8ヵ月ぶりの復帰戦に「意外と穏やか」。新コーチは「得意な部分を伸ばしてくれる」【テニス】,https://news.yahoo.co.jp/articles/3b9d67db3dd7bd31797f70c764896bc66d306343,3/20(水) 17:50
tennisc,Tennis Classic,恋人を亡くしたサバレンカとの一戦を前に複雑な心境を語る親友のバドサ「気が進まない」[マイアミ・オープン]【テニス】,https://news.yahoo.co.jp/articles/34a028794f67dedc30d060d047c49afe4867cf40,3/20(水) 17:10
tennisc,Tennis Classic,ハレプ、ドーピング違反処分軽減で約1年半ぶりに復帰「観客からたくさんのエネルギーをもらった」[マイアミ・オープン]【テニス】,https://news.yahoo.co.jp/articles/233ea95d82c2d82d465b7de1247d310fd32b8dfd,3/20(水) 15:10
tennisc,Tennis Classic,西岡良仁、予選決勝で敗れるも繰り上がりで本戦入り。初戦は世界63位[マイアミ・オープン]【テニス】,https://news.yahoo.co.jp/articles/5ba7e4427714ae1e6fc9988e9ebbbcfed90a8114,3/20(水) 12:10
tennisc,Tennis Classic,世界2位サバレンカに悲劇。元アイスホッケー選手の恋人が42歳で死去【テニス】,https://news.yahoo.co.jp/articles/fd650e7df023b694acca5100de9629872b62d8e3,3/19(火) 18:10
tennisc,Tennis Classic,錦織圭の初戦は世界40位と。16年準優勝の大会で8ヵ月ぶりの実戦復帰へ[マイアミ・オープン]【テニス】,https://news.yahoo.co.jp/articles/f525ccaa7f54b9dec7d9c29b025e3ccc275a6447,3/19(火) 12:10
tennisc,Tennis Classic,大坂なおみ、2年ぶり7度目のマイアミOP初戦は世界51位と。勝てば2回戦で第15シードのスビトリーナ【テニス】,https://news.yahoo.co.jp/articles/52db362437cc922770c313ccbdc39e5f4ddf52d0,3/18(月) 17:10
tennisc,Tennis Classic,シフィオンテク、失セット0の完全優勝。決勝で世界9位サッカリーに完勝「すごくうれしい」[BNPパリバ・オープン]【テニス】,https://news.yahoo.co.jp/articles/8c72f93cdc4b5e194f02db9ca455d10972f6ace9,3/18(月) 15:10
tennisc,Tennis Classic,アルカラスが2連覇を達成! ウィンブルドン以来、ツアー通算13勝目[BNPパリバ・オープン]【テニス】,https://news.yahoo.co.jp/articles/533518c4e03bae8ac715deba5b777596982ed768,3/18(月) 12:10
tennisc,Tennis Classic,BJK杯日本代表メンバーに大坂なおみが4年2か月ぶりに選出。4月にカザフスタンと対戦【テニス】,https://news.yahoo.co.jp/articles/1e329284bc2a601f88f2b475562d253435c362e1,3/15(金) 15:10
tennisc,Tennis Classic,アルカラス、ズベレフを圧倒しベスト4。準決勝は全豪Vのシナーと[BNPパリバ・オープン]＜訂正あり＞,https://news.yahoo.co.jp/articles/9550bd521723021a12915c267d0bba7ee19b7b43,3/15(金) 10:53
tennisc,Tennis Classic,ルーネがマッチポイントを防いでフリッツを逆転で破る「もっといいプレーをしようと信じ続けた」[BNPパリバ・オープン]【テニス】,https://news.yahoo.co.jp/articles/a430d4614f211e6bf5c02ecec4e49cdfe6cb3da2,3/14(木) 18:50
tennisc,Tennis Classic,メドベデフが好調ディミトロフをストレートで撃破し2年連続ベスト8[BNPパリバ・オープン]【テニス】,https://news.yahoo.co.jp/articles/259e580af8c77cf1a347e4dce7545b5c12aafd93,3/14(木) 17:50
tennisc,Tennis Classic,[奥脇莉音のプロ奮闘記(28)]日本リーグファイナルステージで3位に。個人では優秀選手賞を受賞「価値、意味のある5ヵ月間でした！」【テニス】,https://news.yahoo.co.jp/articles/6e3b9d99a411bb819d6525f42d7ee17a1db27c16,3/14(木) 15:40
tennisc,Tennis Classic,ルード、モンフィスに逆転勝ちし同大会で初めてのベスト8「タイブレークでも踏ん張れた」[BNPパリバ・オープン]【テニス】,https://news.yahoo.co.jp/articles/60d9c22a01f0704d84e6580daa566144d8c11018,3/14(木) 12:10
tennisc,Tennis Classic,レヘチカ、ルブレフに続いてチチパスも撃破し8強。元世界4位ベルディヒ氏のアドバイスが好調の要因「自信を手にできた」[BNPパリバ・オープン]【テニス】,https://news.yahoo.co.jp/articles/f417655ab4408457e2689a59cb5ebd1accc0faac,3/13(水) 18:50
tennisc,Tennis Classic,シナー、シェルトンを下して2年連続の8強入り! 連勝を18に伸ばす[BNPパリバ・オープン]【テニス】,https://news.yahoo.co.jp/articles/3951fe1ec57f165b149f6eee91963493b983e377,3/13(水) 15:10
tennisc,Tennis Classic,アルカラスが快勝で8強入り「ほぼ完璧」。世界58位マロジャンにリベンジ[BNPパリバ・オープン]【テニス】,https://news.yahoo.co.jp/articles/d0dbfa00473ff0efc510f2f044add8455c9b730c,3/13(水) 12:10
tennisc,Tennis Classic,ジョコビッチ、世界123位のラッキールーザーに敗戦「自分のレベルは本当にひどかった」。5年ぶりの大会は3回戦敗退 [BNPパリバ・オープン【テニス】,https://news.yahoo.co.jp/articles/3d7db5543499c8802aed55946c0bb618ee096c91,3/12(火) 18:52
tennisc,Tennis Classic,大坂なおみ、インディアンウェルズ大会で16強入りならずも前向き「あらゆる可能性を試した」【テニス】,https://news.yahoo.co.jp/articles/39100d4a175286b2b618ce90deb1fe5753d6bb5c,3/12(火) 15:10
tennisc,Tennis Classic,大坂なおみ、世界28位にストレートで敗戦。サーブ不調でリズムに乗れず16強入り逃す[BNPパリバ・オープン]【テニス】,https://news.yahoo.co.jp/articles/147cbc0bd261dfca35edccda0d25ee4ac95dde1f,3/12(火) 12:10
tennisc,Tennis Classic,シナー、ストルフを破り16強! 昨年から続く連勝を17に伸ばす「自信を持ってプレーできているのは確か」[BNPパリバ・オープン]【テニス】,https://news.yahoo.co.jp/articles/41e69a4697942051d74c83e2eb87acd8a5448d29,3/11(月) 17:10
tennisc,Tennis Classic,シフィオンテク、全豪で敗れた19歳に雪辱「安定したプレーを心がけた」【テニス】,https://news.yahoo.co.jp/articles/60b99b6a994598fb49e2ac1b056f597b67c8fd4f,3/11(月) 15:10
tennisc,Tennis Classic,アルカラス、オジェ・アリアシムに完勝し3年連続の16強! タイトル防衛に「100％の力を出し切る」ことに集中【テニス】,https://news.yahoo.co.jp/articles/1ca7413aa12bceb440a8e512d31d634e2b266530,3/11(月) 12:10
tennisc,Tennis Classic,ジョコビッチ、5年ぶりのインディアンウェルズ大会出場に「戻ってくるのがとても楽しみだった」[BNPパリバ・オープン]【テニス】,https://news.yahoo.co.jp/articles/c1f825f6c339401daee753631fbb5de1175f38e6,3/8(金) 17:10
tennisc,Tennis Classic,日比野菜緒、元世界1位ビーナスを逆転で下して本戦初勝利[BNPパリバ・オープン]【テニス】,https://news.yahoo.co.jp/articles/c48230e2887c6da6db37aa5d0be0d82c8c13e39d,3/8(金) 13:17
tennisc,Tennis Classic,大坂なおみ、元世界5位にストレート勝ちで初戦突破。ツアー初優勝の大会で幸先のいいスタート[BNPパリバ・オープン]【テニス】,https://news.yahoo.co.jp/articles/6629a75f4cf4c9a1c24ae0a390bfdba604a178b4,3/8(金) 12:25
tennisc,Tennis Classic,本玉真唯、予選から3戦連続となるフルセットマッチを制して初戦突破。今季のツアー初勝利を挙げる [BNPパリバ・オープン]【テニス】,https://news.yahoo.co.jp/articles/c4bda1a9675eb880b59747ec6eed2ec2d3db86eb,3/7(木) 18:00
tennisc,Tennis Classic,国際テニス連盟、ロシアとベラルーシ選手をパリ五輪・パラに中立選手として出場容認【テニス】,https://news.yahoo.co.jp/articles/ed3414d13bb9812f1c1355fed3c73edda238c015,3/7(木) 17:10
tennisc,Tennis Classic,ナダルがBNPパリバOPを棄権「自分自身、ファンにも嘘をつけない」【テニス】,https://news.yahoo.co.jp/articles/553faf6ed046894107bfa6aa6b235e7c28bed953,3/7(木) 12:57
tennisc,Tennis Classic,ダニエル太郎、世界84位に快勝で2回戦進出。世界10位デミノーと2週連続の対戦[BNPパリバ・オープン]【テニス】,https://news.yahoo.co.jp/articles/4419568c3bdb1707a9b95636ed59d41c7d94ec1e,3/7(木) 9:49
tennisc,Tennis Classic,ハレプ、資格停止処分の軽減に「この上ない喜び」。1年半の困難な道のりも「クリーンなアスリートだという揺るぎない信念に支えられた」【テニス】,https://news.yahoo.co.jp/articles/f0fa7e688f5a60234ca27afef5269bc280d87c89,3/6(水) 17:10
tennisc,Tennis Classic,日比野菜緒は元世界1位のビーナス、本玉は復帰2大会目のジャンと対戦。大坂なおみの初戦の相手は世界100位と[BNPパリバ・オープン]【テニス】,https://news.yahoo.co.jp/articles/418c024b01f872aa3e1b5957a2240815a51f591c,3/6(水) 15:10
tennisc,Tennis Classic,望月慎太郎がBNPパリバ・オープンで予選突破し初戦で世界69位と対戦! 2回戦で王者ジョコビッチと対戦の可能性【テニス】,https://news.yahoo.co.jp/articles/cb238df54bf534e6d7e995baa1c706cfcd083bf3,3/6(水) 15:10
tennisc,Tennis Classic,元世界1位のハレプ、4年間の資格停止処分が9ヵ月に短縮「重大な過失はない」。即時復帰も可能【テニス】,https://news.yahoo.co.jp/articles/d0ae04c9b717f38ec9314642ab9bc4770a2cdd47,3/6(水) 10:35
tennisc,Tennis Classic,ダニエル太郎、4年連続6度目のBNPパリバ・オープン。初戦の相手は世界84位のガラン【テニス】,https://news.yahoo.co.jp/articles/f80527ff30f7fa0f4e4423aa78a5fcd6781e56dc,3/5(火) 17:10
tennisc,Tennis Classic,大坂なおみ、2年ぶりのBNPパリバOPの初戦は予選勝者と【テニス】,https://news.yahoo.co.jp/articles/f007441b0b52975b1f2f829695ac45f3ff4a90c6,3/5(火) 17:10
tennisc,Tennis Classic,関西テニス協会が創立100周年記念式典を実施。イザワ・クリスマスオープン開催の立役者・井澤武尚氏らに特別功労賞【テニス】,https://news.yahoo.co.jp/articles/0b3831dfcef6360334daf149fd5a00787ff4e03a,3/5(火) 15:10
tennisc,Tennis Classic,賞金2400万円とランキングポイント没収から一転、ルブレフの処分が軽減【テニス】,https://news.yahoo.co.jp/articles/320ead62b70092409e84c1696a328ce7ee2aada9,3/5(火) 12:10
tennisc,Tennis Classic,錦織圭、20日開幕の「マイアミ・オープン」の主催者推薦枠を獲得。23年7月以来、約8ヵ月ぶりの実戦へ【テニス】,https://news.yahoo.co.jp/articles/f5f510a8c16acd321319512e3034e6cd725b296b,3/1(金) 9:31
tennisc,Tennis Classic,錦織圭らを指導した米沢徹コーチに聞く「トップにいく選手に共通すること」＜後編＞【テニス】,https://news.yahoo.co.jp/articles/d84445a4ca4b037e2a55cfdc53fda0545338f33c,2/26(月) 17:10
tennisc,Tennis Classic,錦織圭らを指導した米沢徹コーチに聞く「トップにいく選手に共通すること」＜前編＞【テニス】,https://news.yahoo.co.jp/articles/490873691bf894f91c3ee8bbeab99071ac7a2651,2/26(月) 17:10
tennisc,Tennis Classic,錦織圭が元世界7位のヨハンソン氏をチームに招聘「彼がチームに加わってくれてうれしい」【テニス】,https://news.yahoo.co.jp/articles/8aefd4ac9ad81cfbd1bf3e8e4de6708a03c1da5b,2/26(月) 13:48
tennisc,Tennis Classic,世界2位アルカラス、右足首の捻挫で「数日間はプレーできない」。ナダルとのエキジビションマッチ、インディアンウェルズ出場に意欲【テニス】,https://news.yahoo.co.jp/articles/45e342074eac6984b8171d97faeb9cb7b6361446,2/22(木) 12:10
tennisc,Tennis Classic,西岡良仁、わずか49分の圧勝劇で初戦突破。世界6位ズベレフとの2回戦へ [ミフェル・オープン]【テニス】,https://news.yahoo.co.jp/articles/7ee53f33f5cd2768ea60e85084a44cfe7d3a7a3b,2/21(水) 15:24
tennisc,Tennis Classic,日比野菜緒、全豪準Vのジェンにフルセットで敗戦。ベスト16入りならず[ドバイ・デューティー・フリー・テニス選手権]【テニス】,https://news.yahoo.co.jp/articles/081c7656df81c9b27f948d20c1185d79b8721991,2/21(水) 13:09
tennisc,Tennis Classic,大坂なおみ、状態上向きも元女王対決で競り負け準々決勝敗退[カタール・トータルエナジー・オープン]【テニス】,https://news.yahoo.co.jp/articles/958d4f5464207bf6f3ef044760c58a081c65344f,2/16(金) 15:00
tennisc,Tennis Classic,大坂なおみが不戦勝で約1年10ヵ月ぶりのツアー8強入り [カタール・トータルエナジー・オープン]【テニス】,https://news.yahoo.co.jp/articles/d907bde1d2b00066f3145ecd7dbe4f19f419508a,2/15(木) 13:46
tennisc,Tennis Classic,大坂なおみ、3大会ぶりの勝利で初戦突破。ガルシアに全豪OPのリベンジ果たす[カタール・トータルエナジー・オープン]【テニス】,https://news.yahoo.co.jp/articles/0d9f94467e8523716599cc23c5eeedfa56179d0a,2/13(火) 12:10
tennisc,Tennis Classic,男子国別対抗戦デビスカップ 日本は9月にホームでコロンビアと対戦【テニス】,https://news.yahoo.co.jp/articles/1162618527cd5f1952e0b9bd9a791ae2c1aaf9c2,2/9(金) 17:10
tennisc,Tennis Classic,ダニエル太郎、世界15位ポールに敗れ8強入りならず[ダラス・オープン]【テニス】,https://news.yahoo.co.jp/articles/67b6a485d020d0f6de3ad4b5814e43a921d0f99a,2/8(木) 17:10
tennisc,Tennis Classic,[奥脇莉音のプロ奮闘記(27)]チュニジアのITF大会でダブルス3勝目! 日本リーグも負けなしと好スタート【テニス】,https://news.yahoo.co.jp/articles/64a4bde33fd70878dfa0fef8b3c76375fd0a50c6,2/8(木) 12:10
tennisc,Tennis Classic,元世界1位ベッカー氏、ルーネのコーチをわずか4ヵ月で辞任「彼に必要なことを与えられない」【テニス】,https://news.yahoo.co.jp/articles/1178436cf5920ab944a93b70bc445c8fd6e71d5c,2/7(水) 18:10
tennisc,Tennis Classic,西岡良仁、世界144位に苦戦もフルセットの戦いを制して初戦突破。2回戦で世界17位マナリノと対戦[ダラス・オープン]【テニス】,https://news.yahoo.co.jp/articles/ed772a2ad3b572b920ff2daa0612f2ec0cb874a6,2/7(水) 15:10
tennisc,Tennis Classic,復帰3戦目の大坂なおみ、元世界7位にストレートで敗れ初戦敗退 [ムバダラ・アブダビ・オープン]【テニス】,https://news.yahoo.co.jp/articles/f12807c1eddeff115d307a69b5799a7795889356,2/7(水) 7:10
tennisc,Tennis Classic,加藤未唯／スーチャディが今季マッチ初勝利からタイトル獲得。ペア通算3勝目[タイ・オープン]【テニス】,https://news.yahoo.co.jp/articles/693c46215e759750b3ced269a86b8a12fa3703e6,2/5(月) 12:10
tennisc,Tennis Classic,日本が3勝1敗でレバノンを下しワールドグループ1部残留。エース西岡良仁が単複で勝利 [デビスカップ 日本対レバノン]【テニス】,https://news.yahoo.co.jp/articles/a1ddd1f40079725a6928b499799726de58403620,2/4(日) 6:50
