media_en,media_jp,title_articles,link_articles,date_original
flix,シネマトゥデイ,『エイリアン』シガーニー・ウィーヴァー、スター・ウォーズ参戦へ！『マンダロリアン＆グローグー』出演交渉中,https://news.yahoo.co.jp/articles/8eef7a4ffff4192a03254c2f52653f8ace9579db,5/13(月) 12:10
flix,シネマトゥデイ,実写『シティーハンター』に登場する伝言板は今も存在するのか？,https://news.yahoo.co.jp/articles/ca3cf4876205b6f9be7780f855508d52ffaa2c50,5/13(月) 12:10
flix,シネマトゥデイ,『ミッドサマー』今年もリバイバル上映決定！夏至の日から1週間限定,https://news.yahoo.co.jp/articles/d419976aa8bd3e9c013ebd37ab16414564752eb1,5/13(月) 12:00
flix,シネマトゥデイ,山崎賢人主演『陰陽師0』の佐藤監督、熱心なファンからの質問に感謝,https://news.yahoo.co.jp/articles/acf722f6fce1ed7f03626f7ed2540e22b4d1f4f0,5/13(月) 11:47
flix,シネマトゥデイ,『28日後…』第3弾『28年後』2025年6月20日公開決定！キリアン・マーフィが製作総指揮,https://news.yahoo.co.jp/articles/a724c0bf5bbd99842e8d64c7cb735dac82335ba5,5/13(月) 10:31
flix,シネマトゥデイ,『ゴジラxコング　新たなる帝国』続編始動！『シャン・チー』脚本家が就任,https://news.yahoo.co.jp/articles/ad869381998bb8154edc30890120c317eb9aa59c,5/13(月) 9:53
flix,シネマトゥデイ,＜虎に翼 第32回＞花江（森田望智）とはる（石田ゆり子）が大喜びする,https://news.yahoo.co.jp/articles/e308e2364abfa5d9c26ebe7edf31a1b6afa72a6f,5/13(月) 8:15
flix,シネマトゥデイ,『猿の惑星／キングダム』ラストシーンが意味すること　監督に聞く続編の可能性【ネタバレあり】,https://news.yahoo.co.jp/articles/9e6bef4500984b6ee4708fa1cdf95f108e1b2642,5/13(月) 7:03
flix,シネマトゥデイ,原菜乃華「世にも奇妙な物語」初主演でホラー作品挑戦「人間の怖さが詰まっている」,https://news.yahoo.co.jp/articles/11704d5fefc93be8e66fb4a46f6ca3a3938a4d31,5/13(月) 6:30
flix,シネマトゥデイ,「光る君へ」道長を支える2人の男が注目の的に　「策士」「有能すぎる」,https://news.yahoo.co.jp/articles/47aa0a1901f73360e3c0ebed1a23979cfc9e1cc1,5/13(月) 5:02
flix,シネマトゥデイ,「アンチヒーロー」野村萬斎の“ごめんね”に戦慄　まさかの主題歌被せ、miletも反応「コラボした気持ちです」,https://news.yahoo.co.jp/articles/39823d9fc75b5b3ab54272b2e1eec957afb65d2f,5/12(日) 23:16
flix,シネマトゥデイ,「アンチヒーロー」第6話　緋山の真の目的とは…全てが動き出す【あらすじ＆予告編】,https://news.yahoo.co.jp/articles/b42d0118bed1dcfd2a00d441eca10adb796d5289,5/12(日) 22:54
flix,シネマトゥデイ,40代のアン・ハサウェイがかわいすぎる！16歳年下とのロマンス『アイデア・オブ・ユー』で魅力爆発,https://news.yahoo.co.jp/articles/52d4e858a52f078cc98024f3dfeb401e1e397496,5/12(日) 22:33
flix,シネマトゥデイ,【ネタバレ】「アンチヒーロー」ラスト1分で予想外の人物登場　明墨の発言に衝撃走る,https://news.yahoo.co.jp/articles/a7a5549e67c4a842ff2be4d5fcf65c0e3addbf4e,5/12(日) 22:29
flix,シネマトゥデイ,「光る君へ」久々の花山院に「何しに来たの？w」　歓迎とツッコミ,https://news.yahoo.co.jp/articles/e3158268b14ca9dd7387e93ff7683522a7af4ef3,5/12(日) 21:32
flix,シネマトゥデイ,「光る君へ」道長が政権トップに立ち第二期へ…柄本佑が変化示唆,https://news.yahoo.co.jp/articles/51f8583555b1f3522b05e702fe0a1c376bd6eba0,5/12(日) 21:00
flix,シネマトゥデイ,昼間から!?「光る君へ」帝＆中宮の唐突なラブ展開に仰天,https://news.yahoo.co.jp/articles/83bf18e6fa967f87f9698801b749dc44bfdc96a8,5/12(日) 20:48
flix,シネマトゥデイ,【光る君へ第20回あらすじ】定子（高畑充希）が絶望のふちに立つ,https://news.yahoo.co.jp/articles/c8dd70c38d506b304efbe33f696e2e784f2929b9,5/12(日) 20:45
flix,シネマトゥデイ,『猿の惑星／キングダム』なぜ“あのシーン”から始まるのか…監督が語るシーザーの重要性,https://news.yahoo.co.jp/articles/d03f47443901a98feeaee3ec4491aa8c1bff1a59,5/12(日) 17:10
flix,シネマトゥデイ,「ウルトラマンブレーザー」蕨野友也、「アーク」戸塚有輝へ光のバトンつなぐ　声がかかれば「いつでも帰ってきます」,https://news.yahoo.co.jp/articles/2478bcd4e288c0de7ebfbb41bbdb5dea7740876d,5/12(日) 13:27
flix,シネマトゥデイ,ウルトラマンデッカー・松本大輝、「ブレーザー」フィナーレ上映にサプライズ登場！SKaRDメンバーをねぎらう,https://news.yahoo.co.jp/articles/78ae277a10a38600c928dc6804e18dbb19480957,5/12(日) 12:51
flix,シネマトゥデイ,実写『シティーハンター』鈴木亮平、衣装選びにも参加　水色ジャケットを選択しなかった理由,https://news.yahoo.co.jp/articles/245b124aebc74e076d7b655e9b6a66ac8ee28aa7,5/12(日) 11:02
flix,シネマトゥデイ,「仮面ライダービルド」エボルX＆みーたんが「アウトサイダーズ」参戦！ep.6「ラブ＆ピースと次元の救世主」配信決定,https://news.yahoo.co.jp/articles/bec01866a567c300c9d31b4acce97a38c3d6f685,5/12(日) 10:30
flix,シネマトゥデイ,仮面ライダーゼロツー・鶴嶋乃愛「アウトサイダーズep.5」に声の出演！“新形態”檀黎斗も登場,https://news.yahoo.co.jp/articles/0fa1d75e69cbf0a6ee7cbe717c20be34a69d9e9a,5/12(日) 10:30
flix,シネマトゥデイ,DAIGO、2大ヒーロー制覇！『仮面ライダー』劇場版でガッチャードデイブレイクに変身「KRAですね」,https://news.yahoo.co.jp/articles/d64ca3be8c632d0616935b9528e8d980d03e4494,5/12(日) 9:30
flix,シネマトゥデイ,仮面ライダーレインボーガッチャード誕生！夏映画ビジュアルで最終フォーム先行公開,https://news.yahoo.co.jp/articles/9cbad7be680c774ab5b940f48bedc08c4263cdd3,5/12(日) 9:30
flix,シネマトゥデイ,＜虎に翼 第31回＞優三（仲野太賀）が家を出る,https://news.yahoo.co.jp/articles/58c2bfa348d0e75f23dc531a5a45265941989118,5/12(日) 8:15
flix,シネマトゥデイ,山本千尋、ラウール主演『赤羽骨子のボディガード』で無口な剣士役　「私らしい学園モノデビュー」,https://news.yahoo.co.jp/articles/2b4c6547b7e73988cc3483c198256ef95027aa99,5/12(日) 8:00
flix,シネマトゥデイ,「アンチヒーロー」第5話　緋山を無罪にした理由が見え始める【あらすじ＆予告編】,https://news.yahoo.co.jp/articles/d3e962e7d917b8467f5d1a3ace963890fc8c2479,5/12(日) 7:10
flix,シネマトゥデイ,フランスで即日完売！『スター・ウォーズ』ジョージ・ルーカス監督の半生描くコミック発売,https://news.yahoo.co.jp/articles/3869d5740ea7c90cfc669609417d28a2fee44ef1,5/12(日) 6:02
flix,シネマトゥデイ,二宮和也「ブラックペアン」続編で別キャラクターに　竹内涼真、葵わかな、小泉孝太郎、内野聖陽が続投,https://news.yahoo.co.jp/articles/1eb86acf54453fb5d93c7c1eff940d9d848c4509,5/12(日) 5:00
flix,シネマトゥデイ,半沢直樹役は劇団ひとり！「花咲舞が黙ってない」出演決定、最終話まで物語に絡む,https://news.yahoo.co.jp/articles/9c4149966965d0d13647a2a50fa75be696646bcc,5/11(土) 21:54
flix,シネマトゥデイ,「忍者戦隊カクレンジャー」30年ぶり正統続編が制作決定！レギュラーキャスト再集結、2024年夏に配信,https://news.yahoo.co.jp/articles/5c311cad9b325d1f8f507b39480e307c8109e907,5/11(土) 20:30
flix,シネマトゥデイ,斉藤陽一郎、21年ぶり単独主演作の満席に感慨「お客さんが入るかドキドキしてた」,https://news.yahoo.co.jp/articles/508d3c27a4de7dc77111bd1292507f642df2cd37,5/11(土) 19:53
flix,シネマトゥデイ,元乃木坂46・高山一実、原作アニメ公開で声優陣に感謝「本当にプロフェッショナル」,https://news.yahoo.co.jp/articles/d4843765b500a57110e79ee7affd6daa2df0cb5e,5/11(土) 18:14
flix,シネマトゥデイ,「クレヨンしんちゃん」「わんだふるぷりきゅあ！」コラボ実現　しんのすけ＆シロがプリキュアに変身,https://news.yahoo.co.jp/articles/67d8f3b3e4b7b48cab5b3b187d1b7327808bc462,5/11(土) 17:00
flix,シネマトゥデイ,まるで別人！石原さとみの衝撃作『ミッシング』撮影現場を公開,https://news.yahoo.co.jp/articles/7ce2e2e9335abfc446114a506de5367578491216,5/11(土) 16:00
flix,シネマトゥデイ,「SHOGUN 将軍」シーズン2へ前進　真田広之が出演契約と米報道,https://news.yahoo.co.jp/articles/3746f302e50e2a85f6f3dea11842f86244a5a6ea,5/11(土) 15:30
flix,シネマトゥデイ,見上愛、監督からの手紙に涙「バチバチにメイクしてもらったのに」単独初主演作公開に感慨,https://news.yahoo.co.jp/articles/9698e8b210866907d63f59d81c0d7074ea7abbf6,5/11(土) 13:43
flix,シネマトゥデイ,山崎賢人主演『陰陽師0』和気あいあいとしたオフショット公開！,https://news.yahoo.co.jp/articles/c1b8e83314e276e67dba59ea766087126de503aa,5/11(土) 12:00
flix,シネマトゥデイ,プラモアイドル「LINKL PLANET」ドキュメンタリー映画公開決定　2ndライブまでの挑戦と軌跡に密着,https://news.yahoo.co.jp/articles/b1007f573875a858c61a5a7240e8be7e4a84f818,5/11(土) 12:00
flix,シネマトゥデイ,「仮面ライダーガッチャード」第35話　ジオウ、ジオウII、グランドジオウが並ぶ！【あらすじ】,https://news.yahoo.co.jp/articles/255a7141d14e73935d1e26d1b91c24afb9509498,5/11(土) 10:03
flix,シネマトゥデイ,斎藤工、『シン・ウルトラマン』出演後の変化　大阪コミコンで実感した“共有する”喜び,https://news.yahoo.co.jp/articles/d285560b24b224ae1fc675bcb7b7e6b16e6cfd39,5/11(土) 9:02
flix,シネマトゥデイ,＜虎に翼 第7週＞寅子（伊藤沙莉）がお見合いを決意する,https://news.yahoo.co.jp/articles/87ea1d45c5f7eb79c5ba3806a8df985c0f0b53c6,5/11(土) 8:15
flix,シネマトゥデイ,今夜、半沢直樹が「花咲舞が黙ってない」についに登場！キャストも明らかに,https://news.yahoo.co.jp/articles/77f9c5f0faa6c7b7ff589fada5d3ce1446c31055,5/11(土) 6:00
flix,シネマトゥデイ,アンジェラ・アキ、10年ぶり再始動に感無量　ミュージカル「この世界の片隅に」楽曲に昆夏美＆大原櫻子も脱帽,https://news.yahoo.co.jp/articles/f52519835795200ed86213ff20534ec29fc38da4,5/11(土) 5:00
flix,シネマトゥデイ,「岸辺露伴は動かない」密漁海岸クライマックスで流れる謡は？,https://news.yahoo.co.jp/articles/12de73927c6a9d0d53f0bcc1c0f5fdfde131fc55,5/11(土) 0:14
flix,シネマトゥデイ,実写「岸辺露伴」続編の可能性は？密漁海岸ラストに反響,https://news.yahoo.co.jp/articles/f3d94e9764d2856f4cda56c952954a5733cb8c4d,5/10(金) 23:28
flix,シネマトゥデイ,高橋一生「岸辺露伴」密漁海岸で「くしゃがら的試み」　じわじわ忍び寄る恐怖を意識,https://news.yahoo.co.jp/articles/33b33e15aff9dfd3826e3fceab0cc3bd2339049b,5/10(金) 23:02
flix,シネマトゥデイ,松本幸四郎、職人が作る時代劇は「何物にも代えがたい」『鬼平犯科帳』公開で思い,https://news.yahoo.co.jp/articles/d018702aac3231bbfd2fc26a4316bd037a5bb33d,5/10(金) 19:32
flix,シネマトゥデイ,「ウルトラマンアーク」水谷果穂が主人公の先輩役　SKIPの天才プログラマーでお姉さん的存在,https://news.yahoo.co.jp/articles/b50ff531acbb57a60cbac0034e836d4da01d999c,5/10(金) 17:00
flix,シネマトゥデイ,MCU版『ファンタスティック・フォー』最強ヴィラン・ギャラクタス参戦！新キャスト発表,https://news.yahoo.co.jp/articles/4cc87bedcf721184a378b3adf52bcecf97fa584d,5/10(金) 15:51
flix,シネマトゥデイ,大谷翔平選手と水原一平被告の物語、アメリカでドラマ化,https://news.yahoo.co.jp/articles/a302f6c0709305021f65a6e640a39d230e625e1a,5/10(金) 12:23
flix,シネマトゥデイ,「Believe」木村拓哉＆天海祐希、ワンコと姉さん女房で“最高夫婦”説,https://news.yahoo.co.jp/articles/da25df10d0b79aeb963d1ffc1a8336b268c22f14,5/10(金) 11:35
flix,シネマトゥデイ,ジャスティン・ビーバーがパパに！モデルの妻が妊娠6か月,https://news.yahoo.co.jp/articles/6656f8eac554880de9b14f3a109a9aa2d4ae66a3,5/10(金) 11:08
flix,シネマトゥデイ,『ロード・オブ・ザ・リング』新作映画、2026年公開へ！ゴラムがメイン,https://news.yahoo.co.jp/articles/2186dafb1fbcb73275377ba2ca3a121662225065,5/10(金) 10:27
flix,シネマトゥデイ,「岸辺露伴は動かない」トニオ・トラサルディを演じているのは？,https://news.yahoo.co.jp/articles/f72a2f3b5dbfc52768a8f792889eecc8ce6225e7,5/10(金) 8:02
flix,シネマトゥデイ,森田剛主演『劇場版 アナウンサーたちの戦争』8月公開決定！キャスト総勢14名のコメントも,https://news.yahoo.co.jp/articles/74749ba300059a7781eacc9d6c02d3b713227ad6,5/10(金) 7:01
flix,シネマトゥデイ,堂本剛、27年ぶり映画単独主演『まる』10月公開決定　約2年間の熱烈オファー「自分が必要とされている役なら」,https://news.yahoo.co.jp/articles/28038147118ae89fc77385849b10121495f3e793,5/10(金) 7:00
flix,シネマトゥデイ,マッドマックス最新作『怒りのデス・ロード』につながるファイナル予告公開　日本限定入場者プレゼントも決定,https://news.yahoo.co.jp/articles/f7f08dc441b513a01da8d2f73f3c3ae73de47d7e,5/10(金) 7:00
flix,シネマトゥデイ,高石あかり＆伊澤彩織『ベイビーわるきゅーれ』連続ドラマ化決定！脱力系殺し屋女子コンビが地上波へ,https://news.yahoo.co.jp/articles/1c3924b9877cec3a0b1354e84568b17111265491,5/10(金) 6:00
flix,シネマトゥデイ,高山一実＆西野七瀬“たかせまる”コンビがアニメ『トラペジウム』おじいさん役で共演,https://news.yahoo.co.jp/articles/cf85a3c83e71d229f4796edfc14743a89dc02694,5/10(金) 4:00
flix,シネマトゥデイ,実写『シティーハンター』“もっこり”他の国は何て言ってる？ネトフリ投稿動画に鈴木亮平も「興味深い」,https://news.yahoo.co.jp/articles/431aa3a9aa957bc81a38526dc2e5b53f9d419f59,5/9(木) 20:05
flix,シネマトゥデイ,『陰陽師0』佐藤監督、山崎賢人の美しい所作に惚れ惚れ「指が長くて見とれるような形」,https://news.yahoo.co.jp/articles/66f873ab340e4a01e5c4b6bb240a0f08e073d13c,5/9(木) 18:17
flix,シネマトゥデイ,妊娠中のおなかを露出！大胆妊婦ドレスがセレブの主流に,https://news.yahoo.co.jp/articles/4111a17b4df3e15f9f27977a669e5a71aee4c49b,5/9(木) 16:20
flix,シネマトゥデイ,日本初の東京国際サメ映画祭開催決定！未公開作品上映,https://news.yahoo.co.jp/articles/367fcdad84a4b407485d0c1874a40d4b7ea30dd1,5/9(木) 16:03
flix,シネマトゥデイ,パク・ボゴム、映画『ワンダーランド』除隊後の劇場公開に感謝！,https://news.yahoo.co.jp/articles/b13a7a5c617e78cfb51513f6195a45709d9c45ea,5/9(木) 16:00
flix,シネマトゥデイ,体と一体化…テイラー・ラッセルが“木のドレス”でメットガラに登場,https://news.yahoo.co.jp/articles/4024dec2e9e5fd261282d4a510026f47896cd87e,5/9(木) 11:57
flix,シネマトゥデイ,『ヴァチカンのエクソシスト』続編が決定,https://news.yahoo.co.jp/articles/8a0b5176b2a1477e6af20f1ef1fa4ba12dd00077,5/9(木) 11:19
flix,シネマトゥデイ,＜虎に翼 第30回＞よね（土居志央梨）が寅子（伊藤沙莉）に約束する,https://news.yahoo.co.jp/articles/67332f8fb9cfd84ccd751413c43facec7eb58411,5/9(木) 8:15
flix,シネマトゥデイ,木村拓哉主演「Believe」驚愕の光景が！【第3話あらすじ】,https://news.yahoo.co.jp/articles/07b138af0bcf9dda17f6ed67a943298f4b26dba0,5/9(木) 7:08
flix,シネマトゥデイ,吹石一恵、9年ぶりドラマ出演　「アンチヒーロー」“写真のみ”サプライズ登場に反響多数,https://news.yahoo.co.jp/articles/d1308a05b68818f11d14697017f4595bd2b7f0eb,5/9(木) 6:00
flix,シネマトゥデイ,山田涼介、10年ぶり学園ドラマで初の教師役　7月期フジ金9「ビリオン×スクール」主演,https://news.yahoo.co.jp/articles/14fbefab7727f870c3a3a7f0754239c26be4a9c0,5/9(木) 5:00
flix,シネマトゥデイ,『聖☆おにいさん』実写映画化！福田雄一監督、松山ケンイチ＆染谷将太と再タッグ「まさか映画になるとは…」,https://news.yahoo.co.jp/articles/cdc2ba3f1bc8a7dd736bb296a0f52c1fb2cc14fd,5/9(木) 4:00
flix,シネマトゥデイ,「ブルーモーメント」山下智久が“藍沢先生化”した瞬間,https://news.yahoo.co.jp/articles/dbd46d6d662adca1f6e94d0150ac62661eba2621,5/9(木) 0:22
flix,シネマトゥデイ,『猿の惑星』監督、完全新作はノー“ネタバレ”で！日本語で注意喚起,https://news.yahoo.co.jp/articles/00bb2fab11f079f0e3d3ccf12ce721fb5a296e90,5/8(水) 21:10
flix,シネマトゥデイ,稲垣吾郎、河合優実のギャップに驚き　撮影現場より明るく「本当、びっくり」,https://news.yahoo.co.jp/articles/cd0a4a21bdb0a842360cf283c648c5134c7ddc29,5/8(水) 19:50
flix,シネマトゥデイ,49本のサメ映画襲来　WOWOW特集「サメ映画万博2024」7月放送・配信決定,https://news.yahoo.co.jp/articles/370f69b66183d2247e80e4bd593705b358077c3a,5/8(水) 19:30
flix,シネマトゥデイ,すごい曲線美！ジェニファー・ロペス54歳、透けてるドレスでメットガラに降臨,https://news.yahoo.co.jp/articles/1302585291c9b9d9d0b5abb3ea45236ec8e2d4ed,5/8(水) 18:37
flix,シネマトゥデイ,Netflix「ウェンズデー」シーズン2　クリストファー・ロイド、ハーレイ・ジョエル・オスメントら新キャスト発表,https://news.yahoo.co.jp/articles/a02d9afdb01dd5628a0ea642aeee24b82f4554ff,5/8(水) 18:02
flix,シネマトゥデイ,『ワイルド・スピード』第11弾、2026年に公開延期,https://news.yahoo.co.jp/articles/d24baabf6c3c0c753f692e7cb50b862fd867bf78,5/8(水) 17:47
flix,シネマトゥデイ,ソン・ガンホ、初のドラマ主演「サムシクおじさん」偉大なる新人俳優に後輩たち困惑の一幕も,https://news.yahoo.co.jp/articles/0cac4bdf62a5eb5eb1a5649451c7205bfb248dc6,5/8(水) 17:15
flix,シネマトゥデイ,アン・ハサウェイが信じられないほどクールでカッコイイ！いつの間にか働き盛りの40代,https://news.yahoo.co.jp/articles/3d929aca165db9ca0a861a9d62a9e58fee051eba,5/8(水) 14:45
flix,シネマトゥデイ,実写『シティーハンター』ネトフリ日本でV2達成！グローバルでは惜しくも2位に,https://news.yahoo.co.jp/articles/68828a2caf5484e2c23fd5222a5d1f624b5df4fd,5/8(水) 12:12
flix,シネマトゥデイ,すごすぎる！タイラが“砂ドレス”でメットガラに登場,https://news.yahoo.co.jp/articles/a3e81599608741b0b4421b455c55da394b3a3789,5/8(水) 11:47
flix,シネマトゥデイ,押井守×天野喜孝『天使のたまご』40周年記念・4Kリマスター版製作決定,https://news.yahoo.co.jp/articles/719c13e1d6510008fb127f0a8a7826cc7cefa351,5/8(水) 11:00
flix,シネマトゥデイ,ディズニーCEO、マーベル映画の製作削減を発表,https://news.yahoo.co.jp/articles/47182bb83ad0071e5fc3c888cb8d68c06bdcebf9,5/8(水) 10:44
flix,シネマトゥデイ,＜虎に翼 第29回＞梅子（平岩紙）が家を出る,https://news.yahoo.co.jp/articles/a4d24c3587375b609176384f7e8e4f1230981528,5/8(水) 8:15
flix,シネマトゥデイ,実写『シティーハンター』ハンマー撮影裏話も！鈴木亮平＆森田望智の対談・メイキング映像公開,https://news.yahoo.co.jp/articles/d94f79206f18453288a3e3d20e3205ae0eca2c07,5/8(水) 8:00
flix,シネマトゥデイ,青山剛昌「YAIBA」原作者シナリオ監修で完全アニメ化決定　描き下ろしビジュアル＆特報公開,https://news.yahoo.co.jp/articles/686e1589fd5a290a22211b44d404f4d45d28344e,5/8(水) 8:00
flix,シネマトゥデイ,『マッドマックス：フュリオサ』ウォーボーイズ“たった一言声優”にMatt、錦鯉・長谷川、バイきんぐ・小峠が決定！,https://news.yahoo.co.jp/articles/a3a9a9e11d37cb304a6000d1b68c98ccabafd139,5/8(水) 7:00
flix,シネマトゥデイ,超実写版『ライオン・キング』前日譚、邦題は『ライオン・キング：ムファサ』に！12.20日本公開決定,https://news.yahoo.co.jp/articles/6da48547e6d3ed4626632dfc5aed894ee96e69bb,5/8(水) 6:00
flix,シネマトゥデイ,与田祐希主演「量産型リコ」最終章の放送決定　第1話のプラモデルはガンダム・バルバトス！,https://news.yahoo.co.jp/articles/b4c9d4a63579f2de5b2abc26f6546e093c51ab36,5/8(水) 6:00
flix,シネマトゥデイ,目黒蓮、月9ドラマ初主演！「silent」チームと再タッグで初の父親役,https://news.yahoo.co.jp/articles/5f03e9446b84f1d6abc5616d6b6c5cd16047bdff,5/8(水) 5:00
flix,シネマトゥデイ,八木勇征が吉野北人と対決！「BATTLE OF TOKYO」ソロバトルの対戦相手発表,https://news.yahoo.co.jp/articles/9ee3186afd05ed87a1cee34db9755471d62b38e8,5/7(火) 22:06
flix,シネマトゥデイ,THE RAMPAGE、 FANTASTICSら「BATTLE OF TOKYO」参戦の8組65名が集結！対戦相手も発表,https://news.yahoo.co.jp/articles/7041c366b2f8769b667151c95e5be8e6cc43aa07,5/7(火) 21:07
flix,シネマトゥデイ,東京ディズニーシー「ファンタジースプリングス」お披露目！映画の世界にどっぷり,https://news.yahoo.co.jp/articles/3abeb64eaa14e7b7bcfdc5be353d5135a0ea47a2,5/7(火) 18:05
flix,シネマトゥデイ,『名探偵コナン』公開25日間で興収120億突破！日台合作のラブストーリーが7位のスタート：映画週末興行成績,https://news.yahoo.co.jp/articles/4b0fcdff338088a6b0f1cbaeddfa1cf3580749e9,5/7(火) 17:10
flix,シネマトゥデイ,ライアン・ゴズリング主演アクション『フォールガイ』が首位デビュー：全米ボックスオフィス考,https://news.yahoo.co.jp/articles/452f14eb8332d35ca40b7cc346c4fe7e7a63f971,5/7(火) 16:25
flix,シネマトゥデイ,リタ・オラ、ネックレスしか身に着けていない？衝撃的な姿でメットガラに登場,https://news.yahoo.co.jp/articles/21d99ab7b1ac62a3a8370616db19fdecf5766139,5/7(火) 15:32
flix,シネマトゥデイ,「ルパン三世」のテレビ版スペシャルシリーズ、日曜アニメ劇場で3週連続放送！,https://news.yahoo.co.jp/articles/8a322daf9b84cf6b0d0c4097ff02ebed3f1f0f5e,5/7(火) 14:20
flix,シネマトゥデイ,『タイタニック』船長役、バーナード・ヒルさん死去　79歳,https://news.yahoo.co.jp/articles/0af9ff37ffb09a182765d461aee7a957cda65be4,5/7(火) 11:53
flix,シネマトゥデイ,まさにプリンセス！エル・ファニング、氷のような透明ドレスでメットガラに登場,https://news.yahoo.co.jp/articles/0ce78e76f3750581a12cd9054b04b5341ccfe2a5,5/7(火) 11:01
flix,シネマトゥデイ,かっこいい！『スーパーマン』新作、初ビジュアルが公開,https://news.yahoo.co.jp/articles/75f9c8e9dcb4b4fe56128202ec9825f1b944fa8e,5/7(火) 9:54
flix,シネマトゥデイ,＜虎に翼 第28回＞よね（土居志央梨）が怒りをぶつける,https://news.yahoo.co.jp/articles/6008a4c7617bc9f12a4c609f5af09dd97beaf507,5/7(火) 8:15
flix,シネマトゥデイ,高橋一生、岸辺露伴の「医食同源」に強く共感,https://news.yahoo.co.jp/articles/2550fe12e69655c59a5f1737c24285e5f4d573eb,5/7(火) 7:15
flix,シネマトゥデイ,「アンメット」三瓶先生の“問題行動”にざわつく　「これはアリなの？」「想像よりぶっ飛んでる」,https://news.yahoo.co.jp/articles/568d57d15bf8c0a3e70ffbcdff1cf4b0f18b688f,5/7(火) 0:16
flix,シネマトゥデイ,上坂すみれの最強は「年間の飲酒量」　福嶋晴菜は麺の摂取量で対抗,https://news.yahoo.co.jp/articles/f24446a1ec2261cdf68df3d0566ccc1d00a02524,5/6(月) 21:09
flix,シネマトゥデイ,劇場版『ウマ娘』主役に抜擢！藤本侑里、緊張と不安に包まれた初収録,https://news.yahoo.co.jp/articles/668c99cbd20cc4fd16dbaa7ad9a3dd2df94b269a,5/6(月) 20:47
flix,シネマトゥデイ,地上波初！『ミッション：インポッシブル／フォールアウト』【今日の午後ロー】,https://news.yahoo.co.jp/articles/40b796fe027e82a8e3e617a9d0e5d3e33b6a61d7,5/6(月) 9:08
flix,シネマトゥデイ,＜虎に翼 第27回＞香淑（ハ・ヨンス）の事情に衝撃を受ける,https://news.yahoo.co.jp/articles/0a33f9462ba500e42eb02608c51163296664b4cc,5/6(月) 8:15
flix,シネマトゥデイ,藤木直人「アンチヒーロー」で26年ぶり日曜劇場出演　紫ノ宮の父親である刑事部長役,https://news.yahoo.co.jp/articles/13fff8e7603cc6e475762de1971684b3aa5eb203,5/6(月) 7:00
flix,シネマトゥデイ,「光る君へ」モンスター化する伊周にブーイング！三浦翔平が鬼の形相で怪演,https://news.yahoo.co.jp/articles/9b67281492e59671c36a5a9f70d081f019d82bfb,5/5(日) 21:15
flix,シネマトゥデイ,「光る君へ」三浦翔平が自ら提案したシーン　第18回は「伊周が崩れていく序章」,https://news.yahoo.co.jp/articles/ed75da1fe7980cadc141f90d81cf71382006102c,5/5(日) 21:05
flix,シネマトゥデイ,塩野瑛久「光る君へ」一条天皇VS詮子の御簾を越えた対峙振り返る　吉田羊に「リスペクトしかない」,https://news.yahoo.co.jp/articles/ee93278eaf80758d82147c94761bcfc316f0c29d,5/5(日) 20:50
flix,シネマトゥデイ,「光る君へ」道兼役・玉置玲央、思いがけない感情が湧いたシーン　柄本佑の熱意に感謝,https://news.yahoo.co.jp/articles/de9f9a1a218ce9e628041807c02d111c137b3232,5/5(日) 20:45
flix,シネマトゥデイ,【光る君へ第19回あらすじ】隆家（竜星涼）が女の家へ連れていく,https://news.yahoo.co.jp/articles/7c1afa311605901a7b81b0bd291e43c9a02e0674,5/5(日) 20:45
flix,シネマトゥデイ,「大阪コミコン2024」閉幕　マッツ＆ノーマン＆トムヒ＆モモアら全員集結でファンに感謝,https://news.yahoo.co.jp/articles/398b4e9a9d1e19886403df1a2348b3afa686b624,5/5(日) 19:04
flix,シネマトゥデイ,トーマス・F・ウィルソン、『BTTF』ファンとの交流で実感したコミコンの醍醐味【来日インタビュー】,https://news.yahoo.co.jp/articles/32bcb12022bd98e10cbd1b99fffff6690405d9cc,5/5(日) 16:42
flix,シネマトゥデイ,「デススト」小島監督＆ノーマン＆マッツが6年ぶりに再集結！ゲーム制作、幻の「マッツマックス」企画を振り返る,https://news.yahoo.co.jp/articles/c060957acd7939c3179baab423a7cab85faf60ff,5/5(日) 14:48
flix,シネマトゥデイ,＜虎に翼 第26回＞はる（石田ゆり子）が諦めろと言う,https://news.yahoo.co.jp/articles/7ac7c6b41e28b7775053cd5521084862c8f775ef,5/5(日) 12:15
flix,シネマトゥデイ,ジェイソン・モモア、早くも再来日を予告　ヒーロー再演の可能性には“お口チャック”,https://news.yahoo.co.jp/articles/6d9fd83960e032e3683d6026499f70da5bd84211,5/5(日) 12:00
flix,シネマトゥデイ,『マッドマックス』フュリオサ前日譚は『怒りのデス・ロード』と共に生まれた　ジョージ・ミラー監督、最高の物語に手応え,https://news.yahoo.co.jp/articles/2ffe02f330a17b9fa3fc2717bc00deb5e261cec6,5/5(日) 8:32
flix,シネマトゥデイ,実写『シティーハンター』新宿・歌舞伎町本格ロケもトラブルなし　関係各所の全面協力で実現,https://news.yahoo.co.jp/articles/770c2e887da5744814d75b1b7e34021a2dc971d4,5/5(日) 7:32
flix,シネマトゥデイ,ジェダイが守る平和は偽り…『スター・ウォーズ』新ドラマ「アコライト」本予告＆キービジュアル公開,https://news.yahoo.co.jp/articles/9d2a12ad34bee2f27c6acacb3fc756624303629f,5/5(日) 1:05
flix,シネマトゥデイ,「スター・ウォーズの日」ジャンゴ＆ボバ役が大阪で祝福！午後5時4分に「フォースと共にあらんことを」叫ぶ,https://news.yahoo.co.jp/articles/078329b8ef6d5392397c71fa71192a32d70dad2c,5/4(土) 18:35
flix,シネマトゥデイ,竹内力、『猿の惑星』吹き替えに一苦労　“猿っぽい”声つくるも「滑舌が悪く聞こえる」,https://news.yahoo.co.jp/articles/9c2b31128af8eed3fe20c63361cebdbf0f778780,5/4(土) 16:02
flix,シネマトゥデイ,ノーマン・リーダス、『処刑人3』製作を宣言　『ジョン・ウィック』プロデューサー参加「大規模な作品になる」,https://news.yahoo.co.jp/articles/9eb1384906eb4187d040d8c0fb503adf66da2978,5/4(土) 12:40
flix,シネマトゥデイ,【完全ネタバレ】『ゴジラxコング』東宝ゴジラシリーズへのあふれるオマージュ＆類似シーン徹底解説,https://news.yahoo.co.jp/articles/dca0d81614ebba36faa9aef60eec9d1cec658b6e,5/4(土) 12:03
flix,シネマトゥデイ,山崎賢人『陰陽師0』メイキング写真公開！染谷将太との絆も,https://news.yahoo.co.jp/articles/b3ad91a5f6f57637b6b8e2e11130d70847d06980,5/4(土) 12:00
flix,シネマトゥデイ,「仮面ライダーガッチャード」第34話　カグヤ様から不吉な言葉…カッシーン軍団再び【あらすじ】,https://news.yahoo.co.jp/articles/70cb1778b10b2c5e2d5060f492dad00ff4875d17,5/4(土) 11:03
flix,シネマトゥデイ,「ブギウギ」総集編、GW放送！名ステージシーンがよみがえる,https://news.yahoo.co.jp/articles/df172c90cabfcf60a4695d3409fd893e010bbf5a,5/4(土) 9:12
flix,シネマトゥデイ,＜虎に翼 第6週＞3人が受験を断念する,https://news.yahoo.co.jp/articles/788d7c77f6f4f831962bafc211ca88e652f0ef37,5/4(土) 8:15
flix,シネマトゥデイ,『スター・ウォーズ』姿を消した天才子役はいま…謎に包まれた現在と真実,https://news.yahoo.co.jp/articles/17bdb87aa5f904cf2da5bdc27c181662dab21f4f,5/4(土) 7:03
flix,シネマトゥデイ,『猿の惑星』監督、来日決定！日本のアニメが大好き「ちょうどヒロアカを観直しているところ」,https://news.yahoo.co.jp/articles/a24a0aa221de266a0ac7e89369def8ff9afe9662,5/3(金) 21:59
flix,シネマトゥデイ,「ロキ」ソフィア・ディ・マルティーノ、日本のシルヴィファンに感謝　コスプレの完成度に驚き【来日インタビュー】,https://news.yahoo.co.jp/articles/edb95d79733154ae2cb236c6ba18eb86276c05df,5/3(金) 20:24
flix,シネマトゥデイ,舘ひろし、吉瀬美智子とのバックハグシーン「あの芝居にすべてをかけました」,https://news.yahoo.co.jp/articles/e3e330da0e0b87217396c50bab312db3a692de99,5/3(金) 20:14
flix,シネマトゥデイ,「ロキ」トム・ヒドルストン、14年前の自分へ「直感を信じろ」　シーズン3の可能性にも言及,https://news.yahoo.co.jp/articles/aad4d9dc32122280108405b21f3d39fb8018f474,5/3(金) 19:29
flix,シネマトゥデイ,「ウルトラマンアーク」金田昇が主人公の相棒役　地球防衛隊から派遣、“ある飲み物”がないと取り乱す,https://news.yahoo.co.jp/articles/1799b4d2b720b3dc251be9e8b21b1d2de9f32348,5/3(金) 17:00
flix,シネマトゥデイ,実写ドラマ「磯部磯兵衛物語」、ロバート秋山ら新キャスト6名が発表！,https://news.yahoo.co.jp/articles/751af074596c678aa78f8775f327275767321bd7,5/3(金) 17:00
flix,シネマトゥデイ,『BTTF』ドク＆ビフ、大阪で再会！マーティ役マイケル・J・フォックスとの再共演を熱望,https://news.yahoo.co.jp/articles/6a1ee35e0f8b8cab614bcbaa33d285be888be909,5/3(金) 16:54
flix,シネマトゥデイ,『あぶ刑事』舘ひろし＆柴田恭兵＆浅野温子＆仲村トオルが横浜に降臨！,https://news.yahoo.co.jp/articles/0def6cc7559f2a2fa60fb86e7e5b54d4a1137446,5/3(金) 16:29
flix,シネマトゥデイ,「大阪コミコン2024」開幕！ノーマン＆マッツ＆トムヒら来日、仲良く鏡開きに挑戦,https://news.yahoo.co.jp/articles/2e7afbb20c7c5dd5faf8da71eac753eeb38412d9,5/3(金) 14:01
flix,シネマトゥデイ,シュー・グァンハン、道枝駿佑との忘れがたい共演シーンとは？,https://news.yahoo.co.jp/articles/9ffeb019e481fa5231c96316fc0754583ccb2233,5/3(金) 13:38
flix,シネマトゥデイ,仮面ライダーxスーパー戦隊「Wヒーロー夏祭り」8月開催！今年はアッと驚く新企画あり,https://news.yahoo.co.jp/articles/b1ee189a0be0de4556d6d13a2e03316dcb060f3b,5/3(金) 9:00
flix,シネマトゥデイ,『ゴジラxコング』ゴジラの脱皮が検討されていた！タイタンの進化、監督が熱弁,https://news.yahoo.co.jp/articles/f688a127299aa830fc5794479c4dec708e05fc36,5/3(金) 7:03
flix,シネマトゥデイ,なかやまきんに君『マッドマックス』プレミアでアニャ＆クリヘムと対面！映画宣伝アンバサダー就任,https://news.yahoo.co.jp/articles/7ce573b15a6646697796a10c4be38f0bcbb25a75,5/3(金) 0:05
flix,シネマトゥデイ,『ゴジラxコング』凶悪な新タイタン・スカーキング誕生秘話　「自分が世界一だと思っている」態度にこだわり,https://news.yahoo.co.jp/articles/29befad3966068c2c9326523e62243612c8495fc,5/2(木) 19:10
flix,シネマトゥデイ,「私の夫と結婚して」で大ブレイクのナ・イヌ、来日直撃インタビュー！好きな日本ドラマは「ごくせん」,https://news.yahoo.co.jp/articles/0286cb961679e9cfbf303376d0c5c093ebaec0d5,5/2(木) 12:12
flix,シネマトゥデイ,実写『シティーハンター』森田望智、香の声に込めた伊倉一恵へのリスペクト「頑張って練習していました」,https://news.yahoo.co.jp/articles/0005ccb65a3aa73b72da225fcf17da22276d7734,5/2(木) 12:00
flix,シネマトゥデイ,木村拓哉主演「Believe」追い詰められて…【第2話あらすじ】,https://news.yahoo.co.jp/articles/baeedf16ab2c05e7b485d21c85a19eb15956bc6b,5/2(木) 10:08
flix,シネマトゥデイ,GWスぺシャル！堺雅人『武士の家計簿』放送【今日の午後ロー】,https://news.yahoo.co.jp/articles/72cc824fce9cf4fa3aaaa463970ef06ad35bb780,5/2(木) 9:05
flix,シネマトゥデイ,＜虎に翼 第25回＞裁判長（平田広明）が判決を言い渡す,https://news.yahoo.co.jp/articles/326e1c3555aac652c0b61e72cd8f45eecf92becc,5/2(木) 8:15
flix,シネマトゥデイ,神谷明、実写『シティーハンター』に声で協力！鈴木亮平にアニメ登場オファー,https://news.yahoo.co.jp/articles/482d2cfa73c067ecdf4cc9fc62d95ce5c130d8c6,5/2(木) 7:32
flix,シネマトゥデイ,「SHOGUN 将軍」穂志もえか、涙の旅立ちから世界の“藤様”へ　即興演技がミーム化「予想外でした」,https://news.yahoo.co.jp/articles/ce1d55beb4def0e6461f6ac09f9ec987dd7ccae6,5/2(木) 6:32
flix,シネマトゥデイ,「ブルーモーメント」コード・ブルー的名場面再び！残り2分のミッションに反響,https://news.yahoo.co.jp/articles/04cc59982ba9534e2359f726f8ecd4fe6b9f1fb2,5/2(木) 0:21
flix,シネマトゥデイ,『ゴジラxコング』ゴジラの丸まった寝相、監督の愛猫がモチーフだった,https://news.yahoo.co.jp/articles/3412f06317974830b64aca71619ef7f11d476d77,5/1(水) 19:03
flix,シネマトゥデイ,実写『シティーハンター』リョウが新宿の空を舞う！おバカ＆クールなアクション舞台裏映像が公開,https://news.yahoo.co.jp/articles/398e48fb13b6a7ae9b2f20bbf16dd51fe38aedaf,5/1(水) 18:30
flix,シネマトゥデイ,「SHOGUN 将軍」西岡徳馬、自ら提案した広松の歴史的シーン　真田広之らプロデューサー陣に英語で直談判,https://news.yahoo.co.jp/articles/fab01bf90b1b511693b438582135e248498b3bc8,5/1(水) 18:03
flix,シネマトゥデイ,トム・ヒドルストン、ドラマ「ロキ」最終話の撮影は「感動的だった」,https://news.yahoo.co.jp/articles/addacd5b28cf290e0c3623369ceb0935b16fe940,5/1(水) 15:32
flix,シネマトゥデイ,「虎に翼」サンジ声優・平田広明が判事役で出演　“ルフィ”田中真弓に続く「染み着いた海賊臭を消さねば」,https://news.yahoo.co.jp/articles/40cf28f04bac8ad5bbd96d67192ed1592b18f880,5/1(水) 12:00
flix,シネマトゥデイ,注目の逸材！話題の女優・河合優実の魅力にハマる映画7選,https://news.yahoo.co.jp/articles/d76c8a88e99704acef0550f4e817a2e1b4e71be0,5/1(水) 11:11
flix,シネマトゥデイ,実写版『シティーハンター』人気キャラの活躍を描かなかった理由は？プロデューサーが明かす原作リスペクト,https://news.yahoo.co.jp/articles/5b81bfda62822816215bb10f6e0a36927d8fbfb9,5/1(水) 9:32
flix,シネマトゥデイ,GWスぺシャル！シュワルツェネッガー主演『ラストスタンド』放送【今日の午後ロー】,https://news.yahoo.co.jp/articles/e95b7bb1a7325fc5ea275cffe7b985fc2d4327ed,5/1(水) 9:06
flix,シネマトゥデイ,＜虎に翼 第24回＞花江（森田望智）が胸をなでおろす,https://news.yahoo.co.jp/articles/c8bfb5d899587bf948b036547a618d18bc4692ce,5/1(水) 8:15
flix,シネマトゥデイ,実写『シティーハンター』Netflix非英語グローバルTOP10初登場1位　鈴木亮平「心が震えています」,https://news.yahoo.co.jp/articles/5a2ea2240d2c63c80b81d2b019eb74be6d04dcf8,5/1(水) 8:00
flix,シネマトゥデイ,「踊る」室井慎次の新作映画、二部作で公開決定！正式タイトル＆公開日発表,https://news.yahoo.co.jp/articles/fcbb744f075387ed668855c7ebf721cb06c2ebc5,4/30(火) 21:00
flix,シネマトゥデイ,生田斗真が主題歌！マキシマム ザ ホルモンも絶賛,https://news.yahoo.co.jp/articles/31af39c82c8b26e6e9e9556d2be55a6afd37322e,4/30(火) 20:47
flix,シネマトゥデイ,小島秀夫xマッツ・ミケルセン「大阪コミコン」対談ステージが決定！,https://news.yahoo.co.jp/articles/11b18f1454d943728a05def616b193dfd7d1a975,4/30(火) 17:17
flix,シネマトゥデイ,1億人突破！『名探偵コナン』メモリアルムービー公開　応援上映も,https://news.yahoo.co.jp/articles/1e8f989c2c6cdaadac420908446bc700613e67e9,4/30(火) 15:25
flix,シネマトゥデイ,「キョウリュウジャー」“弥生”飯豊まりえ、10周年Vシネは必ず出たかった！あふれる作品愛、坂本浩一監督が明かす,https://news.yahoo.co.jp/articles/db362020f1a888fc45d370237edc11dca81b63b7,4/30(火) 12:03
flix,シネマトゥデイ,超実写版『ライオン・キング』前日譚、特報公開！マッツ・ミケルセンが悪役ライオンの声,https://news.yahoo.co.jp/articles/6c39f127dcd23c51f91fe2604dd3fa9727377264,4/30(火) 11:18
flix,シネマトゥデイ,ヒトラーの南米逃亡説をモチーフにした『お隣さんはヒトラー？』7月26日公開決定,https://news.yahoo.co.jp/articles/98d5280d8d67d52ae78345f84f206cea4f923cbb,4/30(火) 11:00
flix,シネマトゥデイ,GWスぺシャル！『デイ・アフター・トゥモロー』放送【今日の午後ロー】,https://news.yahoo.co.jp/articles/7af6a465b0d892f294928a432764b31764ce413d,4/30(火) 9:54
flix,シネマトゥデイ,＜虎に翼 第23回＞竹中（高橋努）が寅子（伊藤沙莉）に忠告する,https://news.yahoo.co.jp/articles/e632293d29eb70e49ac3cc04c568906359f4fbf3,4/30(火) 8:15
flix,シネマトゥデイ,『シティーハンター』鈴木亮平、海外で実銃訓練！リョウ愛用のコルトパイソンに遊び心も,https://news.yahoo.co.jp/articles/f8a02340167f4e14debc9e45de246e4aad168b39,4/30(火) 7:32
flix,シネマトゥデイ,西村まさ彦、25年大河「べらぼう」で2度目の西村屋与八役　追加キャスト6名発表,https://news.yahoo.co.jp/articles/37d62232aed380f775e566c8f89021ec0c1adec5,4/30(火) 7:00
flix,シネマトゥデイ,成田凌、中村映里子、森田剛が体当たり演技！つげ義春『雨の中の慾情』台湾ロケで映画化,https://news.yahoo.co.jp/articles/7f23b05c0420942a7d917f13638537696228173d,4/30(火) 5:00
flix,シネマトゥデイ,「サザエさん」4月29日から5日間連続放送！,https://news.yahoo.co.jp/articles/e101c67611f3647cf01001aca02d14382d6d2205,4/29(月) 18:02
flix,シネマトゥデイ,『マッドマックス：フュリオサ』ミラー監督、日本のファンに熱いメッセージ「大切なインスピレーションの源」,https://news.yahoo.co.jp/articles/4afdde1138ddd6213e937460e1da361cbddf9983,4/29(月) 13:13
flix,シネマトゥデイ,「キョウリュウジャー」“ウッチー”丸山敦史は天才！坂本浩一監督が認めるユーモアの才能、10周年でパワーアップ,https://news.yahoo.co.jp/articles/8cc9dd6f26e58f70a7ed03e79d0ef10564b144e5,4/29(月) 12:10
flix,シネマトゥデイ,『ジュマンジ／ウェルカム・トゥ・ジャングル』午後ローで今日放送,https://news.yahoo.co.jp/articles/00235b097cbfa9d55b03c51cc38ed30b76f45878,4/29(月) 9:03
flix,シネマトゥデイ,＜虎に翼 第22回＞証拠になる可能性…寅子（伊藤沙莉）が発見する,https://news.yahoo.co.jp/articles/e1a45e9b8e2a2fe23288c823986a9919fb7e439e,4/29(月) 8:15
flix,シネマトゥデイ,実写『シティーハンター』原作者も驚愕のこだわりセット　寝室には愛あふれるアイテムも,https://news.yahoo.co.jp/articles/b9781ecc18a13de8a9d3d40fb604d4e6b5aa52d6,4/29(月) 7:32
flix,シネマトゥデイ,「光る君へ」修羅場へのカウントダウンか…疑念渦巻く倫子に戦慄,https://news.yahoo.co.jp/articles/be1eb6420ba33e136951c9448aad542af43b3910,4/29(月) 7:02
flix,シネマトゥデイ,声優・浪川大輔、日曜劇場「アンチヒーロー」次週登場へ　堀田真由と並ぶ場面写真公開,https://news.yahoo.co.jp/articles/d6e5464eaa911e5815c8aefbaf9c2b7367e25127,4/29(月) 6:03
flix,シネマトゥデイ,塩野瑛久、初大河「光る君へ」で龍笛に苦戦　「吹けば吹くほど音が出なくなる」,https://news.yahoo.co.jp/articles/c21d7f858bbc596ec3b0eac3a5b53c9bd1008ba9,4/29(月) 5:00
flix,シネマトゥデイ,【ネタバレ】「アンチヒーロー」明墨に驚きの過去　謎の男の苗字が判明,https://news.yahoo.co.jp/articles/96ea19b9c44d779c773bc0d7199a2fdec94d0b0f,4/28(日) 23:28
flix,シネマトゥデイ,【ネタバレ】「アンチヒーロー」明墨が豹変…ラスト10分のどんでん返しに驚がく,https://news.yahoo.co.jp/articles/6d0839eb3966484f16bd01aa45f67a9a11428603,4/28(日) 22:52
flix,シネマトゥデイ,「アンチヒーロー」明墨の本当の狙いが明らかに　第4話予告編＆あらすじ公開,https://news.yahoo.co.jp/articles/a0668e651de9c9c278fef125123a385681d1c93c,4/28(日) 21:56
flix,シネマトゥデイ,光る君へ：安倍晴明が「あ～疲れた」笑撃の塩対応,https://news.yahoo.co.jp/articles/dfac6c2ff426a3c4e824ac4e8d9da4649b693b13,4/28(日) 21:38
flix,シネマトゥデイ,「光る君へ」井浦新が道隆役で貫いた、ただ一つのこと,https://news.yahoo.co.jp/articles/422835c67941db53fed07b536c0e1f105dfde58a,4/28(日) 21:13
flix,シネマトゥデイ,「光る君へ」ホラーじみた井浦新に戦慄！崇徳上皇を重ねる声も,https://news.yahoo.co.jp/articles/332d12dcd9dd0f841841733b04dc583ee1169969,4/28(日) 20:58
flix,シネマトゥデイ,【光る君へ第18回あらすじ】道兼（玉置玲央）が倒れる,https://news.yahoo.co.jp/articles/8a53a830149f3814428a52c39d9db2958afc1934,4/28(日) 20:55
flix,シネマトゥデイ,＜虎に翼 第21回＞直言（岡部たかし）が帰ってくる,https://news.yahoo.co.jp/articles/ffcec1ca1f7dab9f602c2cf61f951826c116bce4,4/28(日) 12:17
flix,シネマトゥデイ,「キョウリュウジャー」“アミィ”今野鮎莉、芸能界引退後久々の演技も完ペキ！坂本監督が明かす再会秘話,https://news.yahoo.co.jp/articles/e38466424f434a1fa2f45c08bd4553edac7e26b2,4/28(日) 10:03
flix,シネマトゥデイ,【ネタバレあり】「キングオージャーFLT」オリジナル怪人が誕生　ステージフォト＆最終ビジュアル公開,https://news.yahoo.co.jp/articles/b5f6693b12ffb84d6e818e29d129e04a68c0393f,4/28(日) 10:00
flix,シネマトゥデイ,ゴーオンレッド「爆上戦隊ブンブンジャー」に参戦！新章開幕ビジュアル公開,https://news.yahoo.co.jp/articles/4275cdfb4196c5bf0d0560823fab3233a9c58570,4/28(日) 9:58
flix,シネマトゥデイ,仮面ライダーゼイン「ガッチャード」参戦！平成ライダー乱舞の第33話が無料配信,https://news.yahoo.co.jp/articles/2baba35e4f7d9a59b11eba4d042553c30372c51c,4/28(日) 9:30
flix,シネマトゥデイ,「名探偵コナン」創作の秘密！青山剛昌に7か月密着した「プロフェッショナル 仕事の流儀」NHKで放送,https://news.yahoo.co.jp/articles/13d1c92f5ddf189d5d94f8099b54e41f1558be13,4/28(日) 7:05
flix,シネマトゥデイ,松本若菜、芸歴18年目でGP帯連ドラ初主演　SixTONES・松村北斗と共演「西園寺さんは家事をしない」TBS7月期火曜ドラマ枠で放送,https://news.yahoo.co.jp/articles/62826f1ba7cb1cbb8c07946b6ed68b7b4e861676,4/28(日) 5:00
flix,シネマトゥデイ,恐怖再び！『プー　あくまのくまさん』続編、今夏公開決定,https://news.yahoo.co.jp/articles/45eae3cd29156e47000670f313e5539845c088db,4/27(土) 20:00
flix,シネマトゥデイ,城桧吏＆柊木陽太が熱演「僕のヒーローアカデミア」10周年記念ショートフィルム公開,https://news.yahoo.co.jp/articles/7479cfbe92a45248dbf1486248f2f576f3068772,4/27(土) 19:00
flix,シネマトゥデイ,今日から4月29日まで！『シャークネード』全6作一挙放送,https://news.yahoo.co.jp/articles/6f0ee8f7f471b956d15b647d2a277f285d736534,4/27(土) 17:02
flix,シネマトゥデイ,「仮面ライダーガッチャード」第33話　カグヤ様、降臨！ダークキバら歴代ライダー参戦【あらすじ】,https://news.yahoo.co.jp/articles/957081a943239ab49a5184a9b5c779fce4b0ef75,4/27(土) 11:03
flix,シネマトゥデイ,＜虎に翼 第5週＞直言（岡部たかし）が無実を認めず,https://news.yahoo.co.jp/articles/6a9387da055987218928eef2486fe46ee3ca7844,4/27(土) 8:15
flix,シネマトゥデイ,「キョウリュウジャー」“ソウジ”塩野瑛久、進化したアクション＆変わらぬツンデレっぷり！坂本監督が語る10年前との変化,https://news.yahoo.co.jp/articles/0d78c074fb5140f8e405ae0aabf4deedbbc527b1,4/27(土) 8:02
flix,シネマトゥデイ,実写『シティーハンター』冴羽リョウのアップデートは最大の難関　プロデューサーが挑んだ海外版との差別化,https://news.yahoo.co.jp/articles/b366105abc1fa7e62132b3ecec80903c63e8bbb5,4/27(土) 7:25
flix,シネマトゥデイ,好きな実写版ディズニーヒロインは？【投票結果発表】,https://news.yahoo.co.jp/articles/d22eb4a0a18e9d17420810739509ec2437aac021,4/26(金) 20:35
flix,シネマトゥデイ,ウルトラマンゼット・畠中祐、ゼロ師匠の15周年展覧会で“ご唱和”「こんなにうれしいことはない」,https://news.yahoo.co.jp/articles/afe22b981f4add7bceb0503e3196290421ae4857,4/26(金) 20:18
flix,シネマトゥデイ,オビ＝ワン声優・森川智之、R2-D2との対面に歓喜！ダース・ベイダーと『スター・ウォーズ』イベント降臨,https://news.yahoo.co.jp/articles/b09250cc8ac011206ff86ff5c434c0f4617351c8,4/26(金) 20:04
flix,シネマトゥデイ,『トランスフォーマー』女優、元婚約者の誕生日パーティーに“涙を流したメイク”で参加,https://news.yahoo.co.jp/articles/138b1db402b33f7c10c2a721f0f51a3d3f6d295f,4/26(金) 17:39
flix,シネマトゥデイ,「ウルトラマンアーク」AIロボット・ユピー登場！「グリッドマン」広瀬裕也が声で出演,https://news.yahoo.co.jp/articles/0346dde31001a0e1effacab71c026616a13f5291,4/26(金) 17:00
flix,シネマトゥデイ,橋口亮輔監督のドラマ「お母さんが一緒」が7月12日劇場公開！江口のりこ×内田慈×古川琴音が三姉妹に,https://news.yahoo.co.jp/articles/49f10d88845b8233ca48e1cf10860fde11fafd01,4/26(金) 17:00
flix,シネマトゥデイ,春ドラマ初回満足度No.1は、杉咲花主演「アンメット」,https://news.yahoo.co.jp/articles/d9e2fd92393ed466355950cd5793996173eaa77f,4/26(金) 16:00
flix,シネマトゥデイ,三池崇史監督のカルトホラー『牛頭』6月15日劇場公開！35ミリプリント上映,https://news.yahoo.co.jp/articles/10383ffc861af753970384abb7790f444e146d3a,4/26(金) 14:27
flix,シネマトゥデイ,朝ドラ「あんぱん」ヒロインの夫役・北村匠海、起用の理由は？,https://news.yahoo.co.jp/articles/a4050c9fa78d46fc49fcefe89282260bfe877a2c,4/26(金) 12:58
flix,シネマトゥデイ,朝ドラ「あんぱん」今田美桜の夫役は北村匠海に決定！『東リベ』コンビ再び,https://news.yahoo.co.jp/articles/8d37f1d1d3ef2c53e94e1d5ff81591d19dbe7e74,4/26(金) 12:45
flix,シネマトゥデイ,木村拓哉「Believe」の「存在を反省しろ」がパワーワードすぎ,https://news.yahoo.co.jp/articles/456d0cf1fc9639a4a0d4405d8df59dbac177f4b4,4/26(金) 12:20
flix,シネマトゥデイ,『プリティ・プリンセス』第3弾は変わらず進行中！アン・ハサウェイが明かす,https://news.yahoo.co.jp/articles/f8f7d96e1b6be7cbdcb68e9c5c858d15b2a67ee9,4/26(金) 10:30
flix,シネマトゥデイ,「ウルサマ」初の東京＆大阪同時開催！最新作「ウルトラマンアーク」戸塚有輝がゲスト登場,https://news.yahoo.co.jp/articles/8902668de692d01c34946bcc0a3dcb5046b513e8,4/26(金) 10:00
flix,シネマトゥデイ,ラッセル・クロウの新たなエクソシスト映画、予告編が公開！,https://news.yahoo.co.jp/articles/5bfb55e37457f18b8457585251e6382663fede3e,4/26(金) 9:58
flix,シネマトゥデイ,「キョウリュウジャー」“ノッさん”金城大和の面白さは10年後も健在！坂本浩一監督も太鼓判の表現力,https://news.yahoo.co.jp/articles/9489117069ab0df1eca215492047b439ef2085bb,4/26(金) 8:03
flix,シネマトゥデイ,映画『おいハンサム!!』藤原竜也ら新キャスト6名が発表！波乱に満ちた最新予告も,https://news.yahoo.co.jp/articles/6f7c29308b0ce265358d7b44135560ef158fcb57,4/26(金) 8:00
flix,シネマトゥデイ,リリー・ジェームズ『シンデレラ』の後どうしてた？不倫騒動も,https://news.yahoo.co.jp/articles/43c9c3f83761e0f2275d995279d256d6a9c584c8,4/26(金) 7:38
flix,シネマトゥデイ,『シティーハンター』冴羽リョウが特別対談！鈴木亮平＆神谷明「今がベスト」実写化を語る,https://news.yahoo.co.jp/articles/6965ce67957e0010b0a2110c898ae4cbd7449a13,4/26(金) 7:30
flix,シネマトゥデイ,ファイルーズあい『マッドマックス』フュリオサ声優に決定　三宅健太、津田健次郎、大塚明夫…豪華吹替キャスト10名発表,https://news.yahoo.co.jp/articles/936d7fbb12bb751e40be13169e6f3c470feba2fb,4/26(金) 7:00
flix,シネマトゥデイ,エイリアン“その後の物語”…最新作『エイリアン：ロムルス』9.6日本公開決定,https://news.yahoo.co.jp/articles/d00ab5bc33c859cdf891a10aaeed15b6bd11a76a,4/26(金) 6:00
flix,シネマトゥデイ,金ロー『ジュラシック・ワールド』3部作一挙放送決定！,https://news.yahoo.co.jp/articles/9dd95f066c1c2192ec2c9120eddb6e7f2765d173,4/26(金) 6:00
flix,シネマトゥデイ,松本まりか「ブラック・ジャック」で獅子面病の患者役！ビジュアル3種も公開,https://news.yahoo.co.jp/articles/ae4797b311501dc7bea6e9a21c1c875f0a1d5e18,4/26(金) 6:00
flix,シネマトゥデイ,「おっパン」城桧吏が中国映画初参加にしてトリプル主演！青春群像劇で自閉症の少年役,https://news.yahoo.co.jp/articles/6c386b6fdfae6388504b66049051f0385fd2da09,4/26(金) 5:02
flix,シネマトゥデイ,米津玄師『ラストマイル』主題歌に決定！「MIU404」「アンナチュラル」キャストが登場する新予告公開,https://news.yahoo.co.jp/articles/92ee85f48a1a6ec2439c7f1320411d533a647f1c,4/26(金) 4:00
flix,シネマトゥデイ,アマプラで「岸辺露伴は動かない」第4期＆限定エピソード配信,https://news.yahoo.co.jp/articles/c39f3e5262c2446525e6630a2900c45c49902426,4/25(木) 23:04
flix,シネマトゥデイ,押切蓮介原作『サユリ』恐ろしすぎる特報映像公開！追加キャストに「鎌倉殿の13人」梶原善ら,https://news.yahoo.co.jp/articles/364c03e33b636c0411f0141b6c7b684eb95c6993,4/25(木) 20:00
flix,シネマトゥデイ,「SHOGUN 将軍」アンナ・サワイ、鞠子の姿に涙…真田広之らキャストが名シーンを振り返る特別映像公開,https://news.yahoo.co.jp/articles/3ddbcdd23eee8aa22b7f4f90059ca7808d4e4723,4/25(木) 18:00
flix,シネマトゥデイ,『スター・トレック』クリス・パインが激変…衝撃的な姿でプレミアに登場,https://news.yahoo.co.jp/articles/1d03bd50258e4b1c3002b28f992cfbeb221d08a4,4/25(木) 16:58
flix,シネマトゥデイ,『猿の惑星』新主人公の声は松岡禎丞！小松未可子、楠見尚己ら日本版声優発表,https://news.yahoo.co.jp/articles/282de7f0383b95634267abb3769a99991545c7eb,4/25(木) 16:00
flix,シネマトゥデイ,エマ・ストーン、アカデミー賞司会を「ゲス野郎」と呼んだ疑惑を否定,https://news.yahoo.co.jp/articles/852e065f48901109393f64b1fdcb85820117c709,4/25(木) 15:20
flix,シネマトゥデイ,『アトミック・ブロンド』脚本家、3部作にすることを希望,https://news.yahoo.co.jp/articles/752c7eac0139c67e6b14dc974ba4ef230699eb8b,4/25(木) 12:11
flix,シネマトゥデイ,シャーリーズ・セロン、7歳の娘とのツーショット公開！,https://news.yahoo.co.jp/articles/aca4f9b4fccdb3a7ba090aa264aa090623e4dd2f,4/25(木) 11:26
flix,シネマトゥデイ,『28日後…』第3弾に豪華キャストが集結！,https://news.yahoo.co.jp/articles/99523c0665dafe0375b87743cb0e58249c68de1c,4/25(木) 10:03
flix,シネマトゥデイ,『ゴジラ-1.0』『月の満ち欠け』プライムビデオで5月から,https://news.yahoo.co.jp/articles/eb77dd1d746acdfbdab4e2796bafd548a2dd5180,4/25(木) 10:00
flix,シネマトゥデイ,いつもと違う！劇場版「忍たま乱太郎」シリアス展開の特報映像が公開,https://news.yahoo.co.jp/articles/ab2062e6f882f5311ed47fdce16a497db6b0d722,4/25(木) 10:00
flix,シネマトゥデイ,北条司『シティーハンター』冴羽リョウ・鈴木亮平に明かすブレイク秘話　コミカル路線がヒット,https://news.yahoo.co.jp/articles/a6f32d5284e519ef4ae7c001ab8ff8d24ee4d5b9,4/25(木) 8:32
flix,シネマトゥデイ,＜虎に翼 第20回＞事態が悪化、世間を揺るがす大汚職事件へ,https://news.yahoo.co.jp/articles/88b009d53e5cd3e6c78cc48262a70f126c1ca3d2,4/25(木) 8:15
flix,シネマトゥデイ,高石あかり＆伊澤彩織『ベイビーわるきゅーれ』第3弾、特報公開！これが最期？敵は史上最強の殺し屋,https://news.yahoo.co.jp/articles/be34adf272ba571d81d6c9b10dd2006f1993fdab,4/25(木) 8:00
flix,シネマトゥデイ,「キョウリュウジャー」“イアン”斉藤秀翼、大人の色気全開！坂本浩一監督も太鼓判「イアンは斉藤くんそのもの」,https://news.yahoo.co.jp/articles/b174bb817e40507d0d413f7b0811c3ed97d41ac4,4/25(木) 7:10
flix,シネマトゥデイ,今夜！木村拓哉主演「Believe」放送スタート【初回あらすじ】,https://news.yahoo.co.jp/articles/eaa0dbac294c3207369159fb323ff57873c81b8c,4/25(木) 6:00
flix,シネマトゥデイ,松岡茉優＆田中みな実＆滝沢カレンがギークトリオ結成　井戸端会議で事件解決　フジ7月期「ギークス／GEEKS」放送決定,https://news.yahoo.co.jp/articles/7a080d36ac698ebb6c276e0e8cb25ad30821a7d8,4/25(木) 5:00
flix,シネマトゥデイ,「ブルーモーメント」初回にコード・ブルー＆日曜劇場を重ねる声,https://news.yahoo.co.jp/articles/af9bffd8fd1e2aae69c1a1e158c115f65759ad1c,4/25(木) 1:03
flix,シネマトゥデイ,「ブルーモーメント」で奇跡の偶然！朝ドラとシンクロのキャスティング,https://news.yahoo.co.jp/articles/e9afb44bf1b8a0b563b646e5ff4b67b79c7c51a6,4/25(木) 0:08
flix,シネマトゥデイ,田中圭、山下智久主演「ブルーモーメント」にサプライズ登場！約9年ぶりの共演,https://news.yahoo.co.jp/articles/8c4c5ad20676341c7ef3b40657569288b20bb952,4/24(水) 22:02
flix,シネマトゥデイ,「SHOGUN 将軍」藤役・穂志もえか、“祖父”西岡徳馬からの言葉に安堵　ハリウッド時代劇「気持ちでやろう」,https://news.yahoo.co.jp/articles/986bb413a92f8bf5af2efa6892a691b3d60f2158,4/24(水) 20:40
flix,シネマトゥデイ,実写ドラマ「岸辺露伴は動かない」第4弾「密漁海岸」予告編＆場面写真公開　露伴が「だから気に入った」,https://news.yahoo.co.jp/articles/5882699f8696e97959b7bb2d366573295f07c17b,4/24(水) 20:31
flix,シネマトゥデイ,分断されたアメリカで内戦勃発…A24衝撃作『CIVIL WAR』10.4日本公開決定,https://news.yahoo.co.jp/articles/f6da95431bf0f30ef2290f7bb2fb4c37e073455c,4/24(水) 19:30
flix,シネマトゥデイ,手錠？木村拓哉主演「Believe」場面写真一挙17点公開,https://news.yahoo.co.jp/articles/fb8ab1b7d4f7c3382bc10b95bbb1ddcaf05b717a,4/24(水) 18:30
flix,シネマトゥデイ,石原さとみ「今の自分を壊したい」　吉田恵輔作品への愛を爆発,https://news.yahoo.co.jp/articles/9a09e8e601fcfdd5f223ae0fea851ec759669c79,4/24(水) 17:37
flix,シネマトゥデイ,ジョニー・デップの元妻、38歳になった現在…3歳の娘とスペインで静かに暮らす,https://news.yahoo.co.jp/articles/220903ea66a9eae7badc2dadec220459ffcdafa6,4/24(水) 17:23
flix,シネマトゥデイ,石原さとみ、世界初の没入音響体感シートで「他では味わえない体験」　みなとみらい新映画館のセレモニーに出席,https://news.yahoo.co.jp/articles/976905cec52757a80525ff69e6a6145391417e06,4/24(水) 17:06
flix,シネマトゥデイ,「午前十時の映画祭15」2025年開催決定　もう一度観たい作品を一般募集,https://news.yahoo.co.jp/articles/95f42426c8dc5b0f44686aa347cbb9b1249318fc,4/24(水) 12:00
flix,シネマトゥデイ,美しい…キャサリン・ゼタ＝ジョーンズの娘が21歳に！母のドレスを着こなす,https://news.yahoo.co.jp/articles/1e5ddd84be8dbc52c434e85a14f04ed1ae8d5984,4/24(水) 11:37
flix,シネマトゥデイ,『デッドプール＆ウルヴァリン』は『ウィンター・ソルジャー』以来最高のマーベルアクション！原作者が明かす,https://news.yahoo.co.jp/articles/20d4fc6e1399fd09647e8e08ee37390920047bcb,4/24(水) 11:13
flix,シネマトゥデイ,舞台「となりのトトロ」ロンドンで無期限ロングラン上演が決定！,https://news.yahoo.co.jp/articles/70d6562a80414028996ce9fe401c16b53b34b627,4/24(水) 9:45
flix,シネマトゥデイ,「キョウリュウジャー」“キング”竜星涼、当時の髪型＆衣装で再演を自らリクエスト！坂本監督が明かす再会の裏側,https://news.yahoo.co.jp/articles/3250b39522e68ef32d3eafe4ce6f4a0a3cbea9e4,4/24(水) 9:02
flix,シネマトゥデイ,＜虎に翼 第19回＞轟（戸塚純貴）が花岡（岩田剛典）を非難する,https://news.yahoo.co.jp/articles/a2044b5924618cb37aa50f25d162a1e00258c5db,4/24(水) 8:15
flix,シネマトゥデイ,【ネタバレ】「SHOGUN 将軍」最終話、浅野忠信が振り返る藪重の結末　『47RONIN』真田広之との関係性を重ねる,https://news.yahoo.co.jp/articles/d973683cfb020fd706a5cf12fc791c5d17f9224d,4/24(水) 8:03
flix,シネマトゥデイ,櫻坂46・藤吉夏鈴、主演映画『新米記者トロッ子』青春感あふれる予告編が初公開,https://news.yahoo.co.jp/articles/587c11eddc18caa33a1af42d376b5214d2929008,4/24(水) 8:00
flix,シネマトゥデイ,南出凌嘉、『サユリ』実写化で8年ぶり映画主演！恐怖に目を見開く場面写真公開,https://news.yahoo.co.jp/articles/a26a36bb29a0d48219205b5ab25c32d3748383c5,4/24(水) 8:00
flix,シネマトゥデイ,渋谷凪咲、映画初主演！清水崇監督の最新ホラー『あのコはだぁれ？』7月19日公開,https://news.yahoo.co.jp/articles/750d13ec64cfe1096961a6693d76a97083014738,4/24(水) 7:00
flix,シネマトゥデイ,藤ヶ谷太輔＆奈緒、実写版『傲慢と善良』でW主演！雪下まゆによるティザービジュアルも,https://news.yahoo.co.jp/articles/0732563a66e9048d5e9a6c876e73d42ed65afe2b,4/24(水) 7:00
flix,シネマトゥデイ,石原さとみ「自分に飽きた」7年前からの再出発　監督に直談判してつかんだ主演映画で「クランクインからパニック」,https://news.yahoo.co.jp/articles/3b8dc745320f32583798fcdd5c0271570469950d,4/24(水) 6:32
flix,シネマトゥデイ,人工知能嫌いが人工知能とバディ結成！ジェニファー・ロペス製作＆主演のSF映画『アトラス』配信決定,https://news.yahoo.co.jp/articles/8cd3fec6a8bef0f18a2614a75545a5f43f2a804c,4/23(火) 23:15
flix,シネマトゥデイ,ファイルーズあい＆諏訪部順一、スター・ウォーズ最新ドラマ「アコライト」声優に決定,https://news.yahoo.co.jp/articles/4ba2da39d7d04ba1af8d19ec200441c411252769,4/23(火) 23:00
flix,シネマトゥデイ,「キングオージャー」ギラ・酒井大成、キョウリュウジャーとの共演「光栄でした」　全員で「ブレイブだぜぇ！」生披露,https://news.yahoo.co.jp/articles/c82f08aa2fd5d8eb4024fdc7227daefb42434d3d,4/23(火) 21:48
flix,シネマトゥデイ,実写版『シティーハンター』鈴木亮平、続編あれば「STILL LOVE HER」も…小室哲哉に新録願い,https://news.yahoo.co.jp/articles/c233522cb5b2ac69826e095f6fd556ca51161a77,4/23(火) 21:12
flix,シネマトゥデイ,「ドンブラザーズ」タロウ・樋口幸平、高野水登の脚本に“大先生”感じる　ジロウ・石川雷蔵も納得「実家感があった」,https://news.yahoo.co.jp/articles/cebf54f61c3802234aa27325b3521ea59073693d,4/23(火) 21:06
flix,シネマトゥデイ,山崎賢人『陰陽師0』原作ファンも絶賛「リスペクトを体感する作品」,https://news.yahoo.co.jp/articles/ad0b7e877519c7ff48b7a46e3f6301ded602ef8f,4/23(火) 20:39
flix,シネマトゥデイ,松本幸四郎、市川染五郎の「鬼平とは」満点回答に破顔「私のせがれなんです」,https://news.yahoo.co.jp/articles/d50e6c5f620badfe0ab2eb3412e30cc22903c9f0,4/23(火) 18:53
flix,シネマトゥデイ,東宝・才能発掘プロジェクトが短編オムニバス公開　『ゴジラVSメガロ』、奥平大兼主演のSF学園ゾンビ映画など上映,https://news.yahoo.co.jp/articles/98ab37efe7445d1dd445b2674a7c975bc324e4ee,4/23(火) 18:26
flix,シネマトゥデイ,東京ディズニーシー新テーマポート「ファンタジースプリングス」のホテルがお披露目,https://news.yahoo.co.jp/articles/6aa559c2e6ce7bd570939a11bfe8adcaffc05666,4/23(火) 17:46
flix,シネマトゥデイ,誘拐した可憐な少女は殺人マシンだった…狩られていく犯人描く『アビゲイル』全米2位デビュー,https://news.yahoo.co.jp/articles/d0fc89d69945c94e3a1811472444ec6496475eb4,4/23(火) 17:00
flix,シネマトゥデイ,草なぎ剛、小泉今日子と29年ぶり共演に感慨　昔もらったTシャツをパジャマに撮影奮闘,https://news.yahoo.co.jp/articles/030f725f09a8da78a38f2e4e65251cf47ffdbd37,4/23(火) 15:36
flix,シネマトゥデイ,『ゴジラxコング　新たなる帝国』4週目で世界興収750億円突破！：全米ボックスオフィス考,https://news.yahoo.co.jp/articles/4aec512590995b8c244f2e40fb27dd66eee99d35,4/23(火) 15:17
flix,シネマトゥデイ,10人の男性たちと次々キス…アン・ハサウェイ、「気持ち悪い」相性テストをやらざるを得なかった過去,https://news.yahoo.co.jp/articles/971d61642567eb71ab8a633e63fb9fd7de881070,4/23(火) 12:05
flix,シネマトゥデイ,妻の死に打ちのめされている『ハリー・ポッター』俳優、SNS休止…子供たちが発表,https://news.yahoo.co.jp/articles/31b62afeb57de61737ca78dda4209bd8998e2dfe,4/23(火) 11:10
flix,シネマトゥデイ,『スパイダーマン4』は企画開発中！トム・ホランドが明かす,https://news.yahoo.co.jp/articles/8131e529ddb7ac1ec41fc556352d6d15fec5695b,4/23(火) 10:22
flix,シネマトゥデイ,『ミッション：インポッシブル』第8弾に新キャスト！,https://news.yahoo.co.jp/articles/fc55ab58795b2139b20437c48d19e398d0d40941,4/23(火) 9:39
flix,シネマトゥデイ,『帰ってきた　あぶない刑事』あぶない相関図公開！タカ＆ユージの過去につながる,https://news.yahoo.co.jp/articles/c95cc09cfb1b5900f3680fd24062380a2454461e,4/23(火) 8:20
flix,シネマトゥデイ,＜虎に翼 第18回＞花岡（岩田剛典）が足を滑らせる,https://news.yahoo.co.jp/articles/efc180697338ceb411db7935361f4ac307a4d074,4/23(火) 8:15
flix,シネマトゥデイ,吉沢亮主演、呉美保9年ぶりの長編監督作『ぼくが生きてる、ふたつの世界』9月公開決定！,https://news.yahoo.co.jp/articles/7e59f2c9c309551bcccd5c254d5c557cd9282b18,4/23(火) 8:00
flix,シネマトゥデイ,『機動戦士ガンダムSEED FREEDOM』重田智が明かすCG制作の挑戦　新機体のモデリングに一苦労,https://news.yahoo.co.jp/articles/c30268f3abc549beccd827a110595c7687acd13f,4/23(火) 7:03
flix,シネマトゥデイ,菅田将暉×黒沢清監督『Cloud クラウド』9.27公開決定！なぜ狙われるのか…謎が深まる特報も,https://news.yahoo.co.jp/articles/be38916e0e46986bd4bbc896310eb8405eba00d8,4/23(火) 7:00
flix,シネマトゥデイ,浅野忠信「SHOGUN 将軍」藪重役で壊したかった既成概念　『マイティ・ソー』から13年、掴んだ大きなチャンス,https://news.yahoo.co.jp/articles/38cd9356c9c7675ccd54fc112437169fd55a9c5a,4/23(火) 6:46
flix,シネマトゥデイ,『デッドプール＆ウルヴァリン』新予告編＆ポスター公開！ウルヴァリンがMCUで大暴れ、禁断の『アナ雪』ネタ炸裂,https://news.yahoo.co.jp/articles/4034229b9a7569053cac8e93b7300a395b164bee,4/22(月) 23:45
flix,シネマトゥデイ,『名探偵コナン』興収65億円突破で2週連続トップ『ブルーロック』『陰陽師0』が初登場！：映画週末興行成績,https://news.yahoo.co.jp/articles/5cf5e4d07756386ccd9dba8e8ff9b806f5947f78,4/22(月) 19:02
flix,シネマトゥデイ,GACKT、織田信長役を引き受けた理由　一度断るも監督の要望に「それならできるかも」,https://news.yahoo.co.jp/articles/ed445c9b638c7e150b6b89e5ee9a1941e2fbaaf0,4/22(月) 18:19
flix,シネマトゥデイ,「岸辺露伴」密漁海岸もほぼCGなし　アナログにこだわるワケ,https://news.yahoo.co.jp/articles/700a1759f529df31f6f99a29ceaded095f4045d0,4/22(月) 18:01
flix,シネマトゥデイ,「機動武闘伝Gガンダム」新規外伝シナリオの掲載決定　30周年記念イラストも公開！,https://news.yahoo.co.jp/articles/c515d3b3dc0bc2b3e1e3500f010b4c5645417442,4/22(月) 17:57
flix,シネマトゥデイ,赤楚衛二、坂本龍馬役で6キロ減量　無精ヒゲたくわえ男らしさ追求,https://news.yahoo.co.jp/articles/bb71d63299028fab02f649d366fdca884a97578c,4/22(月) 17:24
flix,シネマトゥデイ,沖縄国際映画祭が16年の歴史に幕を下ろす,https://news.yahoo.co.jp/articles/8e92247667f3ec3e7d77f7e97b69f6a1aa530db3,4/22(月) 17:05
flix,シネマトゥデイ,高橋一生「岸辺露伴」新作で体を張った演技！「一瞬で気を失いそうに」,https://news.yahoo.co.jp/articles/877600e37cc59fa8290b7433afdb409af3771c34,4/22(月) 16:43
flix,シネマトゥデイ,『シンデレラ』女優との不倫写真を撮られた俳優、今や騒動を妻とジョークに,https://news.yahoo.co.jp/articles/fbfa8d4427498f8c751deb93fc80920f679d8f75,4/22(月) 15:55
flix,シネマトゥデイ,米人気TikTokerが29歳で死去,https://news.yahoo.co.jp/articles/086c18fbfce7606df43da79cf40451ddeb8b32dc,4/22(月) 14:12
flix,シネマトゥデイ,『ガンダムSEED FREEDOM』セカンドキービジュアル作画秘話　マイティーストライクフリーダムの翼に込めたこだわり,https://news.yahoo.co.jp/articles/9e9ea0cd1d606825c89b81f46c3e6e7cbb2c392b,4/22(月) 12:03
flix,シネマトゥデイ,おなか丸見えの衝撃！『スパイダーマン』ゼンデイヤ、大胆ドレスで魅了,https://news.yahoo.co.jp/articles/7838e796690e2656cf8ec3f4e53c8645158c31f0,4/22(月) 11:50
flix,シネマトゥデイ,温泉にサメ!? 日本発のサメ映画『温泉シャーク』公開決定,https://news.yahoo.co.jp/articles/c496aa76a4f96e2a2ecd3d87749d953d1937a8f1,4/22(月) 11:40
flix,シネマトゥデイ,『マッドマックス：フュリオサ』撮影に78日かかった15分続くアクションシーンあり！スタント約200人参加,https://news.yahoo.co.jp/articles/cdde6c5bc29902895604c7669b59b81e39df6f5d,4/22(月) 11:19
flix,シネマトゥデイ,『デッドプール＆ウルヴァリン』新ポスター公開！期待をあおる映像も,https://news.yahoo.co.jp/articles/879787725d3264c86f289d0af234a87333948e75,4/22(月) 10:20
flix,シネマトゥデイ,＜虎に翼 第17回＞寅子（伊藤沙莉）が異変に気付く,https://news.yahoo.co.jp/articles/89707d3ff69e5eb21302b48940fdd07d3b141739,4/22(月) 8:15
flix,シネマトゥデイ,仲村トオル主演「飯を喰らひて華と告ぐ」実写ドラマ化決定！7月放送,https://news.yahoo.co.jp/articles/99612e298324846dd5f00ce4c1ec393d03bf9d07,4/22(月) 8:00
flix,シネマトゥデイ,「アンメット」三瓶先生役・若葉竜也、2話ラストで自ら提案,https://news.yahoo.co.jp/articles/75c54e85d76f4f2e43a6990673f06adb66730114,4/22(月) 8:00
flix,シネマトゥデイ,『陰陽師0』入場者特典第2弾、岡野玲子の描き下ろしイラストカードに決定！,https://news.yahoo.co.jp/articles/b1428a48ba020d4e9c8e230f1418c266caf2d256,4/22(月) 7:00
flix,シネマトゥデイ,「キングオージャー」高田将司、スーツアクターとしての現在地　転機は仮面ライダーディケイド＆フォーゼ,https://news.yahoo.co.jp/articles/e26ab12496181e71e22d4fc95b2a00d6d6590193,4/22(月) 6:32
flix,シネマトゥデイ,目黒蓮×佐野勇斗、劇場版『トリリオンゲーム』ストーリー判明！ティザービジュアル＆映像公開,https://news.yahoo.co.jp/articles/d4cc2706218619ff6567cf35559293ac231c5463,4/22(月) 5:00
flix,シネマトゥデイ,元宝塚男役トップ・凰稀かなめ、大河ドラマで生きた経験とは？役づくりのため自宅では「すり足」で歩く,https://news.yahoo.co.jp/articles/c3a8988b97aea3f4dddd10bd2142ba62ce61d83a,4/22(月) 5:00
flix,シネマトゥデイ,【ネタバレ】「アンチヒーロー」明墨にまつわる新たな謎　墓に刻まれた名前、涙の意味とは,https://news.yahoo.co.jp/articles/e5c111cf1d39b3d051f1d1b012d755469f7a8525,4/22(月) 0:25
flix,シネマトゥデイ,「アンチヒーロー」で松本潤主演「99.9」の引用　日曜劇場＋リーガルつながりで粋な演出,https://news.yahoo.co.jp/articles/06129c914187d9af3f4e7302607f5c67d0b0f2ae,4/21(日) 23:24
flix,シネマトゥデイ,【ネタバレ】「アンチヒーロー」ラスト10分で衝撃展開　緋山の行動に視聴者戦慄,https://news.yahoo.co.jp/articles/93b37a7da84b957e90fabb116b04ea6ae4f8839d,4/21(日) 22:44
flix,シネマトゥデイ,「アンチヒーロー」明墨vs緑川幹事、新たなる裁判　第3話予告編＆あらすじ公開,https://news.yahoo.co.jp/articles/5dc5264016f0132077b1ebca2a65b60ab9949cde,4/21(日) 22:10
flix,シネマトゥデイ,「光る君へ」再び帝のラブシーン！一条天皇＆定子が艶やかな美で魅了,https://news.yahoo.co.jp/articles/4f9447ff96580a70ccbccabd47b1ffc3312e051d,4/21(日) 21:56
flix,シネマトゥデイ,「光る君へ」塩野瑛久、一条天皇と定子の複雑な関係示唆,https://news.yahoo.co.jp/articles/f1673e184e1c19bcf76521fbee3d4f086f2989c5,4/21(日) 21:15
flix,シネマトゥデイ,「光る君へ」竜星涼、俯瞰する隆家を「すごく頭がいいなと思ってしまう」,https://news.yahoo.co.jp/articles/961403b5ea2037fbe2a93e60c1969edb18aad1df,4/21(日) 21:00
flix,シネマトゥデイ,「光る君へ」キョウリュウジャー竜星涼＆塩野瑛久の雅なセッションに沸く,https://news.yahoo.co.jp/articles/e5d7ebee63d6993d124a6a3eeb81858e230b6352,4/21(日) 20:49
flix,シネマトゥデイ,「光る君へ」道兼の“汚れ役”の意味が変わった理由　玉置玲央、ヴィランに当初不安も「これをやるのか」,https://news.yahoo.co.jp/articles/9fb5079392c86a3d9e854a431d3d11ab8c6d98d2,4/21(日) 20:45
flix,シネマトゥデイ,【光る君へ第17回あらすじ】道隆（井浦新）が衰弱し始める,https://news.yahoo.co.jp/articles/a4ad6be45b2d1875d1f54b7a11ce0c208552e2cb,4/21(日) 20:45
flix,シネマトゥデイ,FANTASTICS木村慧人、初のテレビドラマ単独主演で体当たり演技！背徳の三角関係描く漫画「さっちゃん、僕は。」実写化,https://news.yahoo.co.jp/articles/3252af3ea34200af612a54d9fe98186c9b2d7ee1,4/21(日) 17:30
flix,シネマトゥデイ,スタローン、衝撃の“ランボー・タイプライター”の背後にあるビリー・ワイルダーとの意外なつながり,https://news.yahoo.co.jp/articles/5ec9503e55ab0279acb49ee26e8aeb3731cf0687,4/21(日) 13:37
flix,シネマトゥデイ,徳井義実が初監督作品への思い語る！沖縄国際映画祭に登場,https://news.yahoo.co.jp/articles/05e8ad3ca3ad36c5b20eb85f39c2c285f72cda28,4/21(日) 13:05
flix,シネマトゥデイ,＜虎に翼 第16回＞寅子（伊藤沙莉）が偏見を恥じる,https://news.yahoo.co.jp/articles/04f9886313783ecf6a2788209defef9f5f97acb0,4/21(日) 12:05
flix,シネマトゥデイ,『キョウリュウジャー』坂本浩一監督、10周年で蘇るブレイブ　「全員で出たい！」叶った奇跡の再集結,https://news.yahoo.co.jp/articles/da357d7c5f1a5e20ffe3efacd2acc6b8ad2c5b4f,4/21(日) 10:00
flix,シネマトゥデイ,『ガッチャード＆ブンブンジャー』2本立て夏映画、7.26公開決定！特報＆ティザービジュアル公開,https://news.yahoo.co.jp/articles/704c2fc7e0ab4e06be86f9e2fcf3c51f14ff1ae9,4/21(日) 9:30
flix,シネマトゥデイ,仮面ライダーレジェンド・カグヤ様が「ガッチャード」本編参戦！超兵器を狙うハンドレッドと対峙,https://news.yahoo.co.jp/articles/9353c89d53b9352fe2d0f07fd8bd3ca4d0aa4f5e,4/21(日) 9:28
flix,シネマトゥデイ,板垣李光人、22歳の美学　「好きのエネルギーで届けるのみ」,https://news.yahoo.co.jp/articles/3a5c71db29edb7484ef8484df163c8aef11cbf12,4/21(日) 7:15
flix,シネマトゥデイ,今夜『ゴジラvsコング』放送！小栗旬のハリウッドデビュー作、最新作につながる物語,https://news.yahoo.co.jp/articles/04d41dd18702be945ecf4e9970a66a0eeaf16091,4/21(日) 7:10
flix,シネマトゥデイ,藤原季節、コロナ後の葛藤経て「日本映画界へのリベンジ」　オールキャストオーディションのR15+作品に熱い思い,https://news.yahoo.co.jp/articles/72dc65fda0324e15eae2596e3d70c842720e2f80,4/20(土) 21:17
flix,シネマトゥデイ,ザック・スナイダー監督、小麦畑を2つ作る　『REBEL MOON』農業シーンへのこだわり「絶対に必要なこと」,https://news.yahoo.co.jp/articles/622018708299f38b2d8151391a1b12f76253c212,4/20(土) 19:03
flix,シネマトゥデイ,初恋の相手と夫…三人の男女で描く縁の物語　注目の女性監督が語った『パスト　ライブス／再会』,https://news.yahoo.co.jp/articles/7e8d5afd3997824bec503eb2e3d932bc04b846c7,4/20(土) 17:02
flix,シネマトゥデイ,山崎貴監督「監督になった原点はある種彼女」　妻・佐藤嗣麻子監督をサプライズで祝福,https://news.yahoo.co.jp/articles/78fda78ddf68aaf03c4af55e4194a6b965c3028b,4/20(土) 15:44
flix,シネマトゥデイ,山崎賢人、俳優の原点はサッカー！「今の仕事に繋がった」,https://news.yahoo.co.jp/articles/4757a6b3baff922d4e7c03d7c572ac1c30239f63,4/20(土) 15:21
flix,シネマトゥデイ,『ゴジラ-1.0』応援上映開催！堀田艦長役・田中美央「海神作戦を開始する！」実演に大盛り上がり,https://news.yahoo.co.jp/articles/2af35d2047f16fad9c560882b079487b659388b1,4/20(土) 12:04
flix,シネマトゥデイ,島崎信長『劇場版ブルーロック』は玲王の感情が揺れ動くところがいい　内田雄馬に「本当にいい芝居してる」,https://news.yahoo.co.jp/articles/ff37c9172b3abf321f8ea36729f5f338be301eb9,4/20(土) 12:03
flix,シネマトゥデイ,山崎貴監督『ゴジラ-1.0』応援上映に急遽登壇「こんなご褒美が待ってるとは」　田中美央も「泣きっぱなし」,https://news.yahoo.co.jp/articles/e72193fcea6744c0dbeb30eda10103430326b3b9,4/20(土) 11:17
flix,シネマトゥデイ,「仮面ライダーガッチャード」第32話　宝太郎＆クロトーがふたりぼっちに、カッシーンも出現【あらすじ】,https://news.yahoo.co.jp/articles/8f7c9d491786b90bbf9f1239c2cf85b78d450ba0,4/20(土) 11:03
flix,シネマトゥデイ,『キングオージャーVS』スパイダークモノス＆キョウリュウブルー演じ分け秘話　スーツアクター・高田将司の奮闘,https://news.yahoo.co.jp/articles/6f138a9de8d0ce9175c608e0770fefb0f55b63b3,4/20(土) 10:03
flix,シネマトゥデイ,冴羽リョウ・鈴木亮平＆北条司「シティーハンター」対談！絶大な原作愛に「作品は幸せ」　80年代は実写化絶対拒否も,https://news.yahoo.co.jp/articles/7a974f751e8c783de9ebd3a04080a998d565a77c,4/20(土) 8:32
flix,シネマトゥデイ,＜虎に翼 第4週＞梅子（平岩紙）の事情が明らかになる,https://news.yahoo.co.jp/articles/247b4454df5fc5ddb2c709888019a76401339a14,4/20(土) 8:15
flix,シネマトゥデイ,木村拓哉主演「Believe」濱田龍臣＆一ノ瀬ワタル＆持田将史らキャスト11名発表,https://news.yahoo.co.jp/articles/467874fdd99b81b4b1466f6c87426a41d6f07407,4/20(土) 7:30
flix,シネマトゥデイ,銀行の裏切りが発覚!?「花咲舞が黙ってない」【第2話あらすじ】,https://news.yahoo.co.jp/articles/765191dc75a9c0522595f4657529a7a23043023f,4/20(土) 6:00
flix,シネマトゥデイ,声優・緒方恵美、「9ボーダー」占い師役で出演決定　「MIU404」ポリまるがオファーのきっかけ,https://news.yahoo.co.jp/articles/693e82f09de7e3dd96ac5c5ef73c542364ac7356,4/19(金) 23:15
flix,シネマトゥデイ,名探偵コナン『黒鉄の魚影』Huluで最速配信スタート！26作勢ぞろい,https://news.yahoo.co.jp/articles/c9a69f6eeb73532eb5e72f60cc1e5236a18cea35,4/19(金) 23:10
flix,シネマトゥデイ,FANTASTICSの冠番組4弾、7月2日放送スタート！番組連動ライブステージはシリーズ最多6都市で開催,https://news.yahoo.co.jp/articles/b9af46dc1761f3a7a6796971c048693b19644776,4/19(金) 21:00
flix,シネマトゥデイ,『バック・トゥ・ザ・フューチャー』衣装ほか豪華アイテムがズラリ！入場無料のイベント、渋谷で明日開幕,https://news.yahoo.co.jp/articles/e1a3a13f4e005b192c1da0f309ca39775436e028,4/19(金) 18:44
flix,シネマトゥデイ,ハリウッド版大河ドラマ「SHOGUN 将軍」エミー賞席巻の可能性！アンナ・サワイも有力候補,https://news.yahoo.co.jp/articles/866563a421ab9119318443a69ba2cb83dd57496a,4/19(金) 16:29
flix,シネマトゥデイ,実物大ゴジラが都庁襲撃　プロジェクションマッピングでスーパーX2改と激闘,https://news.yahoo.co.jp/articles/ea214dc5d3eb04aac54db065bb550dfcbb68374a,4/19(金) 15:41
flix,シネマトゥデイ,『トランスフォーマー』女優のすっぴんが「誰だかわからない」と話題！,https://news.yahoo.co.jp/articles/370a28cbb69192d8800975367a0c9c984c311daa,4/19(金) 14:40
flix,シネマトゥデイ,劇場版「ユーリ!!! on ICE」製作中止を発表「諸般の事情により製作を断念」,https://news.yahoo.co.jp/articles/c725c08a4daae568d1e5db4092f8ed4f7fa1f661,4/19(金) 14:34
flix,シネマトゥデイ,ハ・ジョンウ×イム・シワン、祖国のためにマラソンに挑む感動の実話『ボストン1947』夏公開決定！,https://news.yahoo.co.jp/articles/b24dea34649934f96d8b67e4a8343521e73fca49,4/19(金) 14:00
flix,シネマトゥデイ,『パルプ・フィクション』公開30周年で豪華キャスト再結集！,https://news.yahoo.co.jp/articles/5aa858b4f202973d194fcd14dac34fcbce43190a,4/19(金) 12:17
flix,シネマトゥデイ,『オペラ座の怪人』4Kデジタルリマスター版で公開決定！公開から20年,https://news.yahoo.co.jp/articles/2803088ce67bdaa9fe908a60994c6f6141a4ef62,4/19(金) 12:00
flix,シネマトゥデイ,「フォールアウト」シーズン2が早くも決定！,https://news.yahoo.co.jp/articles/9d25028119e8f1fae75d86d52f5c5f6d81edded3,4/19(金) 11:24
flix,シネマトゥデイ,日常を脅かす恐怖…！韓国気鋭のホラー監督たちが贈る『怪談晩餐』日本公開決定,https://news.yahoo.co.jp/articles/90820de0b2d70db85d516ad38caf2e54c3d2a1b4,4/19(金) 11:00
flix,シネマトゥデイ,「デカレンジャー」ファンが選ぶ激推しエピソード、上位10作品発表！明日からYouTubeで順次無料配信,https://news.yahoo.co.jp/articles/0f53bd022e2c80d0c2ba523d5eb480073849c79f,4/19(金) 11:00
flix,シネマトゥデイ,早速どんでん返し！『シックス・センス』監督の新作、衝撃の予告編が公開,https://news.yahoo.co.jp/articles/8291e960a4bccb266b12c45f28a869cfc6bf020d,4/19(金) 10:31
flix,シネマトゥデイ,ライアン・ゴズリング、謎の美女と肉弾戦＆極限アクション！『フォールガイ』場面写真公開、ラージフォーマット上映決定,https://news.yahoo.co.jp/articles/aedc81e6b251aaf3cfeb8e5f83e0cfdf8d9408e7,4/19(金) 10:00
flix,シネマトゥデイ,松本幸四郎「鬼平犯科帳 本所・桜屋敷」地上波放送が決定　劇場版公開に合わせ,https://news.yahoo.co.jp/articles/458159313f178339bc44daaf755c76e54de21155,4/19(金) 9:00
flix,シネマトゥデイ,綾野剛＆星野源「MIU404」キャスト『ラストマイル』出演！4機捜メンバー3年半ぶり再始動,https://news.yahoo.co.jp/articles/04acd18145d16c3f31122d1f0d6168b6035cd299,4/19(金) 8:00
flix,シネマトゥデイ,エモすぎ…山崎賢人『陰陽師0』×主題歌「邂逅」のコラボMV公開,https://news.yahoo.co.jp/articles/5a6334878daf8311bb489a47ddba00158e419adc,4/19(金) 8:00
flix,シネマトゥデイ,岡田准一主演、侍バトルロワイヤル「イクサガミ」Netflixで実写化決定！,https://news.yahoo.co.jp/articles/f8ef2630bc8938dd9308f48995da6785a34d794b,4/19(金) 8:00
flix,シネマトゥデイ,西島秀俊xA24！家庭用ロボットめぐるミステリースリラー「サニー」7.10全世界配信決定,https://news.yahoo.co.jp/articles/9845ba3d91e114785012ba19ac0dcff004af1770,4/19(金) 7:00
flix,シネマトゥデイ,地上波初！実写版『耳をすませば』金ローで放送決定,https://news.yahoo.co.jp/articles/f3f73353bff10f17156e24361215934a775a7665,4/19(金) 6:00
flix,シネマトゥデイ,『猿の惑星』竹内力が日本版声優に決定！独裁者の敵猿役「準主役のつもりで」,https://news.yahoo.co.jp/articles/0c9294d8a73a58095af5e92cebb4f4a7ec72b56b,4/19(金) 6:00
flix,シネマトゥデイ,プロポーズした相手は死刑囚…柳楽優弥x黒島結菜『夏目アラタの結婚』実写映画化、『SPEC』堤幸彦が監督,https://news.yahoo.co.jp/articles/790ec19a07f82006925203214fc7ba53ad87537c,4/19(金) 5:00
flix,シネマトゥデイ,監禁、拷問…柴咲コウ×黒沢清監督『蛇の道』予告編にマチュー・アマルリック！,https://news.yahoo.co.jp/articles/ec94d2bdccec1fc7cb7a9503653a7cab235ebd45,4/19(金) 4:00
flix,シネマトゥデイ,『トランスフォーマー／ONE』特報公開！クリヘムが若きオプティマス役、2024年日本公開決定,https://news.yahoo.co.jp/articles/7029c9c10ed258d553dcb5de8f466e617179c0a6,4/18(木) 23:02
flix,シネマトゥデイ,『ゴジラ-1.0』田中美央、ハリウッド版にも声で参加　堀田艦長の名セリフ「衝撃にそなえよ！」生披露,https://news.yahoo.co.jp/articles/dce9b9779ab18f9fbfdfde170fced63aedc0b9f8,4/18(木) 20:49
flix,シネマトゥデイ,ロバート・ダウニー・Jrが1人4役に挑んだドラマ「シンパサイザー」、パク・チャヌク監督が撮影秘話を明かす,https://news.yahoo.co.jp/articles/c85843884adc213569373298d44a0f532325aafb,4/18(木) 20:37
flix,シネマトゥデイ,木村拓哉、主演ドラマ「Believe」豪華キャスト発表で自信「無駄なカット1個もない」,https://news.yahoo.co.jp/articles/f3758a7fd9fba7ae445377d3ebce8d5d4cdf621a,4/18(木) 18:38
flix,シネマトゥデイ,『ミッション：インポッシブル』シリーズを辞めた理由…イルサ役レベッカ・ファーガソンが明かす,https://news.yahoo.co.jp/articles/b81bd4b681e8253f3b13baa533c66b9ac60d9927,4/18(木) 17:34
flix,シネマトゥデイ,スピルバーグ、次回作はSF！UFO映画で『ジュラシック・パーク』脚本家と再タッグ,https://news.yahoo.co.jp/articles/9aa456240bafd79ac6ca010e317d30041ecd7708,4/18(木) 17:03
flix,シネマトゥデイ,木村拓哉主演「Believe」主題歌はマンウィズ！アルバム提供曲をセルフカバー,https://news.yahoo.co.jp/articles/7336535b30cb7a446e9ed2573d96a844426c27e5,4/18(木) 17:00
flix,シネマトゥデイ,ナオミ・ワッツの15歳の末っ子が美しすぎる！親子で登場,https://news.yahoo.co.jp/articles/3cbbc606792224171ee4a413ada79adf48e3f30f,4/18(木) 16:02
flix,シネマトゥデイ,『ウィッシュ』ディズニープラスにて配信決定！,https://news.yahoo.co.jp/articles/df49b9f366b5c348ecafdacc0b9d8f5af280960f,4/18(木) 15:53
flix,シネマトゥデイ,安田顕、林遣都へラブコール！脚本・坂元裕二×演出・水田伸生の強力タッグで2人芝居に挑戦,https://news.yahoo.co.jp/articles/5b46e821b03306dbeef8acc874c323e7b28972f9,4/18(木) 12:00
flix,シネマトゥデイ,ヘソまで丸見え！『スパイダーマン』ゼンデイヤのテニスボールドレスがすごい,https://news.yahoo.co.jp/articles/5f7da608767172eed8e749330f94a3cd31acb67b,4/18(木) 11:39
flix,シネマトゥデイ,『ハリー・ポッター』俳優の妻、53歳で死去,https://news.yahoo.co.jp/articles/66278e4d9826027b63e7cbd0dec9a1f7724050cc,4/18(木) 10:58
flix,シネマトゥデイ,タランティーノ監督、引退作になるはずだった批評家題材の新作をボツに,https://news.yahoo.co.jp/articles/6325320861284fe909b8caf09634f7ce264a34b5,4/18(木) 10:09
flix,シネマトゥデイ,＜虎に翼 第15回＞花江（森田望智）が思いを吐き出す,https://news.yahoo.co.jp/articles/513e94f7980fb9da81c713ef317f01dc9006e33a,4/18(木) 8:15
flix,シネマトゥデイ,ラウール主演『赤羽骨子のボディガード』ヒロインは出口夏希！特報＆ティザービジュアル初公開,https://news.yahoo.co.jp/articles/0b71f527f8116851f4aacf58a2fa3684975ead2a,4/18(木) 7:00
flix,シネマトゥデイ,超巨大竜巻VS人類！『ツイスターズ』8.1日本上陸　特報映像が公開,https://news.yahoo.co.jp/articles/0da76a859ad88aea1b9433ca7fbfca660667eddf,4/18(木) 7:00
flix,シネマトゥデイ,役所広司主演『八犬伝』、八犬士に渡邊圭祐、水上恒司ら最旬キャスト集結！9名の新キャストが発表,https://news.yahoo.co.jp/articles/fadc6befa256834fbc442ad9fb7f9c9a3715de7b,4/18(木) 7:00
flix,シネマトゥデイ,「仮面ライダー」杢代和人＆三浦涼介が新選組に！手塚治虫原作ドラマ「君とゆきて咲く」レギュラー出演決定,https://news.yahoo.co.jp/articles/1d43be54f11d0d24a3155ee968d4d87eebc63a28,4/18(木) 5:30
flix,シネマトゥデイ,『バービー』ケン役で話題！キングズリー・ベン＝アディル、ボブ・マーリー伝記映画引っ提げ初来日決定,https://news.yahoo.co.jp/articles/6487ce1bd5da387f24eb3bf9d198d928e88dcb06,4/18(木) 5:00
flix,シネマトゥデイ,島崎信長＆内田雄馬の譲れないエゴ　「ブルーロック」劇場版は掛け合いにこだわり,https://news.yahoo.co.jp/articles/796e05cf0493165e36820e9e366210657712f028,4/17(水) 22:26
flix,シネマトゥデイ,豪華キャストに衝撃！「きれいのくに」監督の深夜ドラマがぶっ飛びの面白さ,https://news.yahoo.co.jp/articles/a98a70177577ff6f984bed0933b627eb16ff34d6,4/17(水) 19:38
flix,シネマトゥデイ,「虎に翼」寅子の毅然とした態度が共感を呼ぶ【ネタバレ】,https://news.yahoo.co.jp/articles/aed4823836c15acaca609aff8450122e1b9f860f,4/17(水) 19:03
flix,シネマトゥデイ,『TENET テネット』ロバート・パティンソンの婚約者、リアルな産後ボディを大胆公開,https://news.yahoo.co.jp/articles/64845452602aaf3477466ddbf940106a3ab1ca63,4/17(水) 18:15
flix,シネマトゥデイ,『スパイダーマン』ゼンデイヤ、大胆レースドレスで圧巻の美,https://news.yahoo.co.jp/articles/eadb5bdfafbd4b607842544f8f6f51fa088b8b15,4/17(水) 17:34
flix,シネマトゥデイ,「虎に翼」よねの過酷な生い立ちが明らかに【ネタバレ注意】,https://news.yahoo.co.jp/articles/028c0976df7d8bfbc21c738bae17c7b3b2583964,4/17(水) 12:53
flix,シネマトゥデイ,エマ・ストーン主演『哀れなるものたち』見放題配信決定！ディズニープラスにて,https://news.yahoo.co.jp/articles/bb419645d954ff333f56a22498743b6eb0474c5a,4/17(水) 12:00
flix,シネマトゥデイ,『ゴジラ-1.0』山崎貴監督、小島秀夫監督と語り尽くす！ラジオ番組「ヒデラジ∞」ゲスト出演,https://news.yahoo.co.jp/articles/efd088d9780d11f2ac12958c7d8f2d1bf8d1d8f0,4/17(水) 12:00
flix,シネマトゥデイ,『マン・オブ・スティール』ヘンリー・カヴィルがパパに！恋人が第1子妊娠,https://news.yahoo.co.jp/articles/dbebe67c48197f0a09dc7c73b9e8abad507f5209,4/17(水) 11:55
flix,シネマトゥデイ,『すずめの戸締まり』Netflixグローバルトップ10入り！「寄生獣」はV2達成,https://news.yahoo.co.jp/articles/b65a16c695ba853b6f1ff546fe4a5760929c713b,4/17(水) 11:12
flix,シネマトゥデイ,『デデデデ後章』本予告編が公開　明かされる母艦襲来の謎、原作者監修のオリジナルエンディングへ,https://news.yahoo.co.jp/articles/d6060d4779badd757985776fb4cb7ac406e9050e,4/17(水) 11:00
flix,シネマトゥデイ,『グランド・イリュージョン3』若き新キャスト陣が明らかに,https://news.yahoo.co.jp/articles/5874e197cf101b865682d9618fa77599f668cebd,4/17(水) 10:38
flix,シネマトゥデイ,＜虎に翼 第14回＞意外な事実が判明する,https://news.yahoo.co.jp/articles/c29ab0cdeea0c8bb9766940ccc2ff4003f04f90f,4/17(水) 8:15
flix,シネマトゥデイ,ソニック＆テイルスも登場！実写ドラマ「ナックルズ」本予告編が公開,https://news.yahoo.co.jp/articles/42c1854b5fe4cccee86cf2d5624eba9a1a235e45,4/17(水) 8:00
flix,シネマトゥデイ,『マッドマックス』悪役クリス・ヘムズワースの鼻は義鼻だった！装着に約4時間,https://news.yahoo.co.jp/articles/c0ab760fa5802925f59fcf06137a1ba5db06f885,4/17(水) 7:03
flix,シネマトゥデイ,藤本タツキ原作、河合優実＆吉田美月喜W主演『ルックバック』本予告＆ビジュアル公開,https://news.yahoo.co.jp/articles/d34f206e9cf57a542c755ec242d20d95d961ab12,4/17(水) 7:00
flix,シネマトゥデイ,永瀬廉主演で20歳差の禁断の恋描く「東京タワー」場面写真公開,https://news.yahoo.co.jp/articles/db452cc6320b038bc45f93181961d095786758ed,4/17(水) 6:00
flix,シネマトゥデイ,バスケW杯男子日本代表の激闘がよみがえる！ドキュメンタリー映画公開決定,https://news.yahoo.co.jp/articles/ab28adde4749903051efb31ac382126fb43f094f,4/17(水) 6:00
flix,シネマトゥデイ,石原さとみ、いきなりの涙に「早い！」　一度は断られるも…直談判の末につかんだ主演作に感慨,https://news.yahoo.co.jp/articles/92a869aba280d71743310d884ec771973985bd10,4/16(火) 20:18
flix,シネマトゥデイ,河合優実、主演作がカンヌ映画祭監督週間正式出品　山中瑶子監督『ナミビアの砂漠』,https://news.yahoo.co.jp/articles/6bacc1335ef3e05b15a661085cdd2abe4f694813,4/16(火) 19:00
flix,シネマトゥデイ,25年大河ドラマ「べらぼう」にインティマシーコーディネーター参加,https://news.yahoo.co.jp/articles/87df27bb020be946f06e82f3d1c0867e202d46fd,4/16(火) 18:37
flix,シネマトゥデイ,『シン・ゴジラ：オルソ』Prime Videoで5・3配信決定！東宝ゴジラシリーズ30作品が見放題,https://news.yahoo.co.jp/articles/f6c4cfd82d1dbcbd19f4b38ee164d8f889028dee,4/16(火) 17:00
flix,シネマトゥデイ,『ゴジラ-1.0』Prime Videoで5・3見放題配信決定！モノクロ版『マイナスカラー』も同時配信,https://news.yahoo.co.jp/articles/86895ef90f416a72ac5c5624c35aba80da93d121,4/16(火) 17:00
flix,シネマトゥデイ,「アンメット」若葉竜也がヤバい！　「世界に知られてしまった」絶賛相次ぐ,https://news.yahoo.co.jp/articles/1cc6b87886e3591691789f776ab15b811fad4776,4/16(火) 15:42
flix,シネマトゥデイ,『ゴジラxコング　新たなる帝国』3週目で世界興収657億円突破！：全米ボックスオフィス考,https://news.yahoo.co.jp/articles/ed0f455301b005abdc44cb2d188778de881406d1,4/16(火) 14:29
flix,シネマトゥデイ,山下智久、「コード・ブルー」は「最高の教材！」新主演ドラマで代表作をアピール！,https://news.yahoo.co.jp/articles/9c9de67d67cac79f998e127da226bc7f72c784d3,4/16(火) 14:15
flix,シネマトゥデイ,『マッドマックス』最新作、クマの人形を身につける暴君クリヘム爆誕！狂気の新ビジュアル公開,https://news.yahoo.co.jp/articles/cc7b9ecfb37d28a12aec85ca229d49807a2c33c4,4/16(火) 12:00
flix,シネマトゥデイ,キアヌ・リーヴス、さっぱり短髪に！恋人とラブラブ登場,https://news.yahoo.co.jp/articles/fc8c5c0c3a3e077ba08bcca884e640e5e3985664,4/16(火) 11:46
flix,シネマトゥデイ,「SHERLOCK（シャーロック）」映画化を今も希望　クリエイターが明かす,https://news.yahoo.co.jp/articles/09060f3f15255b754d52fff712ac6d66f10085fb,4/16(火) 10:53
flix,シネマトゥデイ,キアヌ・リーヴスがシャドウ・ザ・ヘッジホッグ役！『ソニック・ザ・ムービー3』で,https://news.yahoo.co.jp/articles/d0ef37bf26b443408eb4e1f59eb5731a71ccb7cb,4/16(火) 10:21
flix,シネマトゥデイ,＜虎に翼 第13回＞よね（土居志央梨）の生い立ちがわかる,https://news.yahoo.co.jp/articles/2409e8559b8723af476f40684bfe7192fe2ae32e,4/16(火) 8:15
flix,シネマトゥデイ,『マッドマックス』アニャ・テイラー＝ジョイは運転免許を持っていなかった！初運転でいきなり難技習得,https://news.yahoo.co.jp/articles/c444196800c24ceb93e51c983d1564e7a203a3ad,4/16(火) 7:03
flix,シネマトゥデイ,佐藤健企画の書籍「るろうにほん 熊本へ」印税及び利益の寄付を報告,https://news.yahoo.co.jp/articles/b89399be4629113ced0dd07b201ea1895a23c92a,4/16(火) 6:00
flix,シネマトゥデイ,ソン・ガン、2nd写真集「The KARMA」30歳の誕生日に発売決定！,https://news.yahoo.co.jp/articles/b6f92571c0c1fd2b202f63889d2955f0e6be1197,4/16(火) 5:02
flix,シネマトゥデイ,『名探偵コナン』歴代No.1スタートで初登場1位 『オッペンハイマー』11億円突破で3位浮上：映画週末興行成績,https://news.yahoo.co.jp/articles/e0f3bdf38d3a1283440c548bd6338c237254e60e,4/15(月) 20:32
flix,シネマトゥデイ,マ・ドンソク、人気シリーズ『犯罪都市』の構想は“パート8”まで！,https://news.yahoo.co.jp/articles/061b2f90d28ca6674fe5f8052f9fda6671b9e62c,4/15(月) 20:25
flix,シネマトゥデイ,『金カム』で話題の柳俊太郎、ベーシスト役で苦闘　決死の思いで練習「映画をぶち壊したくなかった」,https://news.yahoo.co.jp/articles/a7518473b59ec61c346b73be375ad2e29499fde4,4/15(月) 20:21
flix,シネマトゥデイ,JO1川西拓実、音楽さえあれば何もいらない　初主演映画は「一生僕の心に残る」,https://news.yahoo.co.jp/articles/83a9d063cc19ff5f68dff384e002c2730b228d49,4/15(月) 20:07
flix,シネマトゥデイ,名探偵コナン『100万ドルの五稜星』シリーズ歴代1位！3日間で33億円突破,https://news.yahoo.co.jp/articles/092ba317848a532ae5c22185104e90388d877f7c,4/15(月) 15:59
flix,シネマトゥデイ,『マッドマックス：フュリオサ』で『怒りのデス・ロード』の伏線を整理する　ジョージ・ミラー監督が明言,https://news.yahoo.co.jp/articles/7fcd6aaa08203fcba0fc4b25263e1c231903a3ad,4/15(月) 14:37
flix,シネマトゥデイ,『スパイダーマン』ゼンデイヤ、今度はベストの下に何も着用せず登場,https://news.yahoo.co.jp/articles/990e625f68d18bde584f54d49d63b673ec8c6615,4/15(月) 12:19
flix,シネマトゥデイ,「虎に翼」石田ゆり子が本当にいいシーンだったという名場面,https://news.yahoo.co.jp/articles/eb61f0d1bb9674b6cba8e0e9a73a595f59cc5ab0,4/15(月) 12:01
flix,シネマトゥデイ,トム・クルーズ、共演した子役に誕生日プレゼントを20年贈り続ける！,https://news.yahoo.co.jp/articles/d738377e7d4c2d71d2c4efbe6b325f3600bd467b,4/15(月) 11:43
flix,シネマトゥデイ,『デカレンジャー20th』本予告編＆ストーリー発表　新人デカレンジャーと世代交代、ウメコが撃たれる,https://news.yahoo.co.jp/articles/566096a9a70885cbe2b6568d4396bdb87955d9f4,4/15(月) 11:00
flix,シネマトゥデイ,『555』黒川芽以、『デカレンジャー』新作で特撮凱旋！渡辺勝也監督と25年ぶり再タッグ,https://news.yahoo.co.jp/articles/b794c5bef4fced7b0c6f1c01aa19f56b2c6dddc7,4/15(月) 11:00
flix,シネマトゥデイ,「ワンパンマン」ハリウッド実写版はリライト中！「リック・アンド・モーティ」クリエイターが新加入,https://news.yahoo.co.jp/articles/8379dd2f516697eb581e96c3ec7518328d192571,4/15(月) 10:25
flix,シネマトゥデイ,＜虎に翼 第12回＞はる（石田ゆり子）がひそかに悩む,https://news.yahoo.co.jp/articles/3f108b81d6faaed53abe15dd63f3f514c9f3da2d,4/15(月) 8:15
flix,シネマトゥデイ,キスマイ宮田俊哉、洋画実写で初声優『ブルー きみは大丈夫』もふもふな“空想の友達”役に決定,https://news.yahoo.co.jp/articles/7349125530f05d4448e55f1cb808d052f299b178,4/15(月) 8:00
flix,シネマトゥデイ,『猿の惑星』監督、シリーズ継続を躊躇していた　最新作は過去作未見でも「100%楽しめる」,https://news.yahoo.co.jp/articles/a2f093c4e49b945fbad262fa413bcbb4b02cfe8f,4/15(月) 7:10
flix,シネマトゥデイ,「光る君へ」まひろが道綱の母と対面！石山寺セット美術の裏側,https://news.yahoo.co.jp/articles/e735374e2658ea65fdc64f721f4566a46d21fee0,4/15(月) 5:02
flix,シネマトゥデイ,西島秀俊＆松坂桃李、三谷幸喜作品に初出演　『スオミの話をしよう』新旧夫役キャスト5名発表＆特報公開,https://news.yahoo.co.jp/articles/249e29b4a158c211d6e0e051ec0d596ed1032c6f,4/15(月) 5:00
flix,シネマトゥデイ,福原遥、25年「べらぼう」で大河初出演　花魁役で横浜流星と約10年ぶり共演,https://news.yahoo.co.jp/articles/112c4201bf07cf9cd31111ee413fb613be6894f1,4/15(月) 5:00
flix,シネマトゥデイ,「アンチヒーロー」初回、「ONE PIECE」中井和哉＆平田広明が声でサプライズ登場　「ゾロとサンジ」がトレンド入り,https://news.yahoo.co.jp/articles/bf9646af0b43711599ab6262b74fa23efd3fda14,4/14(日) 23:19
flix,シネマトゥデイ,「アンチヒーロー」ついに判決、緋山は本当に無実なのか　第2話予告編＆あらすじ公開,https://news.yahoo.co.jp/articles/5ff9775e14d4a93204e51f7f53030e37d30b8f1f,4/14(日) 22:50
flix,シネマトゥデイ,日曜劇場「アンチヒーロー」主要人物の名前が判明　苗字に“色”が入る共通点,https://news.yahoo.co.jp/articles/063e4e84a4393fba19122066b7341eb697f0fdec,4/14(日) 22:26
flix,シネマトゥデイ,「アンチヒーロー」追加キャスト発表　緒形直人が謎の男役、細田善彦はコンビニ店員に,https://news.yahoo.co.jp/articles/48da4b5b8a29bf418e99db6f7db1547a185dc77a,4/14(日) 22:20
flix,シネマトゥデイ,「光る君へ」道綱の母と紫式部の出会い…財前直見、裏側明かす,https://news.yahoo.co.jp/articles/8271fb68a446b72b1b927240bcf0b6a84f15636d,4/14(日) 21:30
flix,シネマトゥデイ,「光る君へ」源雅信が道長につぶやいた「不承知」の真意は？,https://news.yahoo.co.jp/articles/7328b079cd0f0e790d1ad9562d43bd5666501575,4/14(日) 21:15
flix,シネマトゥデイ,「光る君へ」清少納言爆誕！ききょうが命名に歓喜した理由,https://news.yahoo.co.jp/articles/3ecc499237ed215cd779ba4482e3654f0bf4dc75,4/14(日) 21:00
flix,シネマトゥデイ,「光る君へ」塩野瑛久の一条天皇が衝撃の美しさ！龍笛シーンもくぎづけに,https://news.yahoo.co.jp/articles/2a8de0487d821e8d18aa8b2f0767a2eb97ca6bc9,4/14(日) 20:47
flix,シネマトゥデイ,【光る君へ第16回あらすじ】まひろ（吉高由里子）が助けを求められる,https://news.yahoo.co.jp/articles/309d15acf2de6a8e0f67f8bb1939dcf9510e36e7,4/14(日) 20:45
flix,シネマトゥデイ,『デデデデ』門出とおんたんの喧嘩シーン公開　幾田りら＆あの、“小学生の声”で同時収録,https://news.yahoo.co.jp/articles/023dd1008c250f6fd6bf1740092e05b69c9618d1,4/14(日) 15:10
flix,シネマトゥデイ,＜虎に翼 第11回＞よね（土居志央梨）でさえ参加する,https://news.yahoo.co.jp/articles/abc5d4c1cdf301f0d9778167365a9dd90e649ac6,4/14(日) 12:12
flix,シネマトゥデイ,酒井大成＆樋口幸平、『キングオージャーVSドンブラザーズ』で味わう「何だこれは？」の世界観　全員死亡に「驚きはなかった」,https://news.yahoo.co.jp/articles/9a9384736455772855fca76e3899821a65389608,4/14(日) 10:00
flix,シネマトゥデイ,「ガッチャード」版ロミオとジュリエット“完全版”が配信決定！脚本・長谷川圭一の書き下ろし台本も公開,https://news.yahoo.co.jp/articles/c1dd20a9c0ce9f8fe84fc6c5cf67f40348078483,4/14(日) 9:30
flix,シネマトゥデイ,美しい…『エイリアン』新作ヒロインのケイリー・スピーニーとは,https://news.yahoo.co.jp/articles/ceecba7b84142cef6a57ffdbf921024c6ee2bf94,4/14(日) 8:10
flix,シネマトゥデイ,今夜『GODZILLA ゴジラ』放送！モンスター・ヴァース第1弾、渡辺謙ら出演,https://news.yahoo.co.jp/articles/f7fe13ddafc79e6a63cf5ff3eca146ae802c8c35,4/14(日) 7:03
flix,シネマトゥデイ,「おいハンサム!!2」高橋克典“ムッシュ”の豹変に笑撃,https://news.yahoo.co.jp/articles/605abae1c7bdf23d4a0fdcb3dd14cf174d49088c,4/14(日) 1:47
flix,シネマトゥデイ,『オーメン：ザ・ファースト』主演女優、実は『リング』が大好き　Jホラーは「本当にトラウマになる」,https://news.yahoo.co.jp/articles/66d468f0d69b1659dd8ee1452c5fb4512433e6a4,4/13(土) 21:03
flix,シネマトゥデイ,「コナン」新作に山口勝平の息子と娘が出演　「ちょっと似ていません？」舞台挨拶で報告,https://news.yahoo.co.jp/articles/7469f37e7f77611166d9bf603796b5adb27d929d,4/13(土) 15:10
flix,シネマトゥデイ,「コナン」新作、初日に興収9.6億円突破！高山みなみ、前作超えのスタートに破顔「早く観たい」,https://news.yahoo.co.jp/articles/4fcd3b9f87fa2588759b8bbc839a51675e88dafa,4/13(土) 14:25
flix,シネマトゥデイ,「涙の女王」毎話流れるエピローグが“神ローグ”すぎる！,https://news.yahoo.co.jp/articles/3a6f6eb5dd9f21d063a283229bc30e79b5506d46,4/13(土) 12:12
flix,シネマトゥデイ,「仮面ライダーガッチャード」第31話　「ロミジュリ」上演が不透明に、マジェードには強烈な一撃【あらすじ】,https://news.yahoo.co.jp/articles/5dff3ecd67c7c983e105c042a5acccb464987f4e,4/13(土) 11:03
flix,シネマトゥデイ,高畑充希＆岡田将生が“今どき”夫婦役　ドラマ「1122 いいふうふ」特報映像が公開,https://news.yahoo.co.jp/articles/93e6beecd804de4a0a80839647a25a3dd9da72af,4/13(土) 10:00
flix,シネマトゥデイ,＜虎に翼 第3週＞よね（土居志央梨）がけがをする,https://news.yahoo.co.jp/articles/e26b8d4f74b715d87711303edde1ca9d1a5d620e,4/13(土) 8:15
flix,シネマトゥデイ,「花咲舞が黙ってない」新シリーズ、今夜スタート！今田美桜のコメントも,https://news.yahoo.co.jp/articles/faf37609ef2186c847ca534d10f9e593c19f8e72,4/13(土) 7:12
flix,シネマトゥデイ,明石家さんま＆大竹しのぶ、27年ぶり本格ドラマ共演「心はロンリー 気持ちは『・・・』FINAL」出演,https://news.yahoo.co.jp/articles/c4ba2aecc75b7e269119dc5281aab9cd07704dff,4/13(土) 5:30
flix,シネマトゥデイ,北山宏光「きみけも」タイムリープ巡る新事実に衝撃,https://news.yahoo.co.jp/articles/efdd54f8fad4e3c5c806255db1369e61e6a8ba7e,4/13(土) 1:59
flix,シネマトゥデイ,今夜！名探偵コナン『紺の拳』金ローで放送　シリーズ何作目？,https://news.yahoo.co.jp/articles/bad4819f31b772c9c7f831db5ae1fbb419b1f009,4/12(金) 20:45
flix,シネマトゥデイ,『ゴジラ-1.0』山崎貴監督、『オッペンハイマー』へのアンサー映画「アイデアはある」将来的な実現へ意欲,https://news.yahoo.co.jp/articles/0da253a5df2623f96c94a6e9a154ceac7cbbc266,4/12(金) 19:02
flix,シネマトゥデイ,『ゴジラ-1.0』初の応援上映「海神作戦応援乗船」新宿・梅田で開催！第2弾入場者特典の配布も決定,https://news.yahoo.co.jp/articles/0518c3afa7daa9129585763742304de23b14ecbb,4/12(金) 18:00
flix,シネマトゥデイ,「ウルトラマンアーク」武器は必殺剣アークアイソード！斬撃や光線技など発動,https://news.yahoo.co.jp/articles/ef1ce73c7134a8223b4cdd89f0977255c6d984d0,4/12(金) 17:00
flix,シネマトゥデイ,「ウルトラマンアーク」ソリス＆ルーナアーマー発表　カラータイマー点滅時にまとう太陽と月の鎧,https://news.yahoo.co.jp/articles/aea40714fa9f12a64b1bc84d056936c51839743c,4/12(金) 17:00
flix,シネマトゥデイ,斎藤工、ハリウッド映画のプロデューサーに就任！動物の命の問題に一石を投じる作品,https://news.yahoo.co.jp/articles/76a5e8fc26b0bc37e9c41a06439ffa8d22e277c1,4/12(金) 16:48
flix,シネマトゥデイ,『トランスフォーマー』『G.I.ジョー』クロスオーバー映画が正式発表！,https://news.yahoo.co.jp/articles/14cb00df9e2ef27c61a2c7632ac7387ec1649163,4/12(金) 11:30
flix,シネマトゥデイ,『キングオージャーVS』忍者おじさん＆ゼンカイザーブラック参戦！駒木根葵汰、3作連続出演の快挙,https://news.yahoo.co.jp/articles/8c03c8442452c2d3cc09bb4d244173dce33b68f5,4/12(金) 11:00
flix,シネマトゥデイ,菅田将暉、Netflix「寄生獣」泉新一役でサプライズ登場　初の韓ドラ出演「反応が楽しみ」,https://news.yahoo.co.jp/articles/fc8c99ca939c125feae218e4b1b952b7cf1c15f7,4/12(金) 11:00
flix,シネマトゥデイ,『キングオージャーVS』本予告編公開　キョウリュウジャーが8人同時変身、宇蟲王ギラ誕生の原因は空蝉丸？,https://news.yahoo.co.jp/articles/4161f189e2c87be9b82df564ff6534cca53cfa78,4/12(金) 11:00
flix,シネマトゥデイ,ゴジラ実写ドラマ「モナーク」シーズン2決定！スピンオフも複数制作へ,https://news.yahoo.co.jp/articles/48d3a1c6b1643de773c0c451fa55f6ef252cb361,4/12(金) 9:57
flix,シネマトゥデイ,名探偵コナン『100万ドルの五稜星』が衝撃的！試写会なしに納得の声続々,https://news.yahoo.co.jp/articles/fdc3abaabec2c85c5fd1ffc69e13b40b3c38317a,4/12(金) 9:38
flix,シネマトゥデイ,15歳になったアンジー＆ブラピの娘、ブラピそっくり！,https://news.yahoo.co.jp/articles/4c460eb462d46ca375093bbbd02fe95982cf89ab,4/12(金) 9:34
flix,シネマトゥデイ,名探偵コナン『紺青の拳』キーパーソン・京極真って？,https://news.yahoo.co.jp/articles/c29b20d6cb95fe801c31316f276696fd3eae2a6d,4/12(金) 8:30
flix,シネマトゥデイ,トムヒ主演スパイドラマ「ナイト・マネジャー」第2、第3シーズンの製作決定！,https://news.yahoo.co.jp/articles/dc959f5a868ca1ca00b0e9ae7855bdac30eed063,4/12(金) 8:26
flix,シネマトゥデイ,辻村深月『傲慢と善良』映画化、9月27日公開！キャストの顔が見えないビジュアル公開,https://news.yahoo.co.jp/articles/1931f919031ace73ae8493f13f7fdcf1348146fb,4/12(金) 8:00
flix,シネマトゥデイ,石原さとみ＆井浦新ら「アンナチュラル」キャスト6年ぶり再結集『ラストマイル』にUDIラボ登場！,https://news.yahoo.co.jp/articles/b1d34e228141b7bafae4522d85d6951ef361f851,4/12(金) 8:00
flix,シネマトゥデイ,GWはジブリ！『猫の恩返し』金ローで放送決定！,https://news.yahoo.co.jp/articles/741bf736cb1377ea5e4cf3bec34c998e29a18895,4/12(金) 6:00
flix,シネマトゥデイ,「キラメイジャー」庄司浩平、新選組・斎藤一に！「君とゆきて咲く」柊太朗＆上野凱とレギュラー出演,https://news.yahoo.co.jp/articles/07d1f0bb2cabb460577863490e74578a326dd851,4/12(金) 5:30
flix,シネマトゥデイ,『ゴジラxコング』日本版主題歌はYaffle x AI「RISE TOGETHER feat. OZworld」に決定　吹替版予告編が公開,https://news.yahoo.co.jp/articles/c9a7480bdf0713b653c14016ac53bf4d7f9e6f96,4/12(金) 5:00
flix,シネマトゥデイ,赤楚衛二主演「Re：リベンジ」初回から衝撃ラストに反響「色々パニック」,https://news.yahoo.co.jp/articles/22f11f3da5dac9af1f0c9569dc7065d79a59df94,4/12(金) 0:59
flix,シネマトゥデイ,浜野謙太、武者行列に家族招くも残念なハプニング,https://news.yahoo.co.jp/articles/f5842e6cf0d6b956fe706443b4eb62b55a540446,4/11(木) 20:27
flix,シネマトゥデイ,実写『キングダム』新映像、大沢たかお“王騎将軍”がカッコよすぎ！しびれる人続出,https://news.yahoo.co.jp/articles/293abb7674f6553b7123eb9ea11c7e9f2b372dd9,4/11(木) 20:03
flix,シネマトゥデイ,『ブレア・ウィッチ・プロジェクト』ブラムハウス制作で復活へ,https://news.yahoo.co.jp/articles/38cb22e26cc93072103588190703ee79604b80f3,4/11(木) 17:12
flix,シネマトゥデイ,『28日後…』第4弾が早くも進行中！『キャンディマン』監督がメガホンか,https://news.yahoo.co.jp/articles/849e86d7672b950b3c9c7e44f195f7e854fed087,4/11(木) 12:14
flix,シネマトゥデイ,染谷将太「夫婦を制覇」　山崎貴監督、佐藤嗣麻子監督の作品出演で,https://news.yahoo.co.jp/articles/0371d366618dd034586bf521c91497b952bf796f,4/11(木) 12:05
flix,シネマトゥデイ,『アバウト・タイム』リバイバル上映決定！ジューンブライドに,https://news.yahoo.co.jp/articles/1d1d1ceade6b5962c5bef0fc5892669aa2b907a0,4/11(木) 12:00
flix,シネマトゥデイ,13歳の少年と不倫し逮捕、刑務所で出産、その少年と再婚した36歳の女性…『メイ・ディセンバー』7月日本公開,https://news.yahoo.co.jp/articles/709d7c76339ce12e058d6a2474306683ff197a16,4/11(木) 11:34
flix,シネマトゥデイ,木村拓哉主演ドラマ「Believe」8名の共演者、後ろ姿のビジュアル公開,https://news.yahoo.co.jp/articles/09e9c50840c217b5c06052cfd19a985170250137,4/11(木) 11:30
flix,シネマトゥデイ,『ファイブ・ナイツ・アット・フレディーズ』続編、2025年秋公開,https://news.yahoo.co.jp/articles/84236efdeead23c97483fc19551189a5cdb121cb,4/11(木) 10:49
flix,シネマトゥデイ,ドラマ「HEROES/ヒーローズ」リブートが進行中！,https://news.yahoo.co.jp/articles/2cb9eef82cae901abb8c508451112ec2f473e023,4/11(木) 10:12
flix,シネマトゥデイ,＜虎に翼 第10回＞よね（土居志央梨）だけが怒る,https://news.yahoo.co.jp/articles/9f30ccc4ed2886d32ac97a0d18471c415ca45edf,4/11(木) 8:15
flix,シネマトゥデイ,『猿の惑星』新作、冷酷な独裁者“シーザー”現る！特別映像＆日本版ポスター公開,https://news.yahoo.co.jp/articles/9597ff5fcac8ad5672d5acdb355538e331ab5438,4/11(木) 8:00
flix,シネマトゥデイ,王騎VSホウ煖が一騎打ち！実写『キングダム』4弾予告編＆新ビジュアル公開,https://news.yahoo.co.jp/articles/3d5edad256f5580d62beb6ef835dee54bac489fc,4/11(木) 5:00
flix,シネマトゥデイ,実写『キングダム』昭王役は草刈正雄！予告編に登場,https://news.yahoo.co.jp/articles/72a4b0c99bdfbc0a9c4047686afc725a3e6b3c73,4/11(木) 5:00
flix,シネマトゥデイ,戸田奈津子、ハリソン・フォードは“バディ”　46年前の来日を回顧「蕎麦屋にいても誰も何とも言わない」,https://news.yahoo.co.jp/articles/c0691b0b54a990d33dda08e7e304deb0c676de20,4/10(水) 21:27
flix,シネマトゥデイ,錦戸亮「貫禄が欲しい！」　コンビニで声をかけられる,https://news.yahoo.co.jp/articles/0b0e1479ce7264c8ed2a2a146227596a2983d195,4/10(水) 19:15
flix,シネマトゥデイ,赤楚衛二「親知らずを抜きたい」　リベンジ宣言,https://news.yahoo.co.jp/articles/870514b94476f149be82225bf99618fb3f4bd540,4/10(水) 18:55
flix,シネマトゥデイ,古田新太、松本幸四郎と「鬼平犯科帳」で17年ぶり共演　松本の鬼平は「一番色っぽい」,https://news.yahoo.co.jp/articles/5e73503b53c8af138bce2c3011bcc37e79dca3cc,4/10(水) 18:00
flix,シネマトゥデイ,裸で街を徘徊し精神科入りした米元人気子役、ネイリストの道へ,https://news.yahoo.co.jp/articles/bd5078af35f7390e9e968e552e6e8c89f424f569,4/10(水) 17:45
flix,シネマトゥデイ,「ゲーム・オブ・スローンズ」ジョン・スノウの後日譚スピンオフ企画がお蔵入り,https://news.yahoo.co.jp/articles/eeea8a5967af6755444596bab04d8bad40321317,4/10(水) 17:03
flix,シネマトゥデイ,クリステン・スチュワート、女性脚本家と婚約中で超ラブラブ！,https://news.yahoo.co.jp/articles/78b635719fea168b1d730fef4b4deacca1cb8753,4/10(水) 16:18
flix,シネマトゥデイ,『ガンダムSEED FREEDOM』新MSのマントに「ウマ娘」の影響　トップガン、ウルトラセブンも参考に,https://news.yahoo.co.jp/articles/36623e7a1be8da61d3beb0484ce1cd5bf8c00845,4/10(水) 14:49
flix,シネマトゥデイ,Netflix実写版「寄生獣」グローバルトップ10で1位の好発進！,https://news.yahoo.co.jp/articles/d69cb99968194ad76b8ca2c3124c02db97940cbb,4/10(水) 14:06
flix,シネマトゥデイ,『ブリジット・ジョーンズの日記』第4弾の製作決定！ヒュー・グラントもカムバック,https://news.yahoo.co.jp/articles/ec4fafb3c2809ce7e5b2827782ae08992c1c1624,4/10(水) 12:30
flix,シネマトゥデイ,「虎に翼」シソンヌが弁護士役でコンビ対決！Xのトレンド入りも,https://news.yahoo.co.jp/articles/e0bca5618898c49b6b0cf099d5694e18433283a1,4/10(水) 12:00
flix,シネマトゥデイ,アニメ「SAND LAND」鳥山明さん考案の新章「天使の勇者編」キービジュアル＆予告編公開,https://news.yahoo.co.jp/articles/45b623a83f269944414aa60286beec4b8891e511,4/10(水) 12:00
flix,シネマトゥデイ,『スター・ウォーズ』一色！GWの横浜・みなとみらいでSWを体感,https://news.yahoo.co.jp/articles/d3242024b264dbd3c1610928fd801731a4658d9f,4/10(水) 11:35
flix,シネマトゥデイ,『ジョーカー2』初予告が公開！ハーレイ・クインとのラブストーリー,https://news.yahoo.co.jp/articles/d06dedc2e4c8ce471e001b54e170ec3b96db5594,4/10(水) 11:28
flix,シネマトゥデイ,ジョーカーが雨の中笑い続ける…『ジョーカー：フォリ・ア・ドゥ』初映像が公開,https://news.yahoo.co.jp/articles/e7e9cc6ad9b7a79198b996da9897a58233d69e28,4/10(水) 9:47
flix,シネマトゥデイ,＜虎に翼 第9回＞よね（土居志央梨）が一緒に苦悩する,https://news.yahoo.co.jp/articles/d143611f17822345c450445f2ba2fd418b748021,4/10(水) 8:15
flix,シネマトゥデイ,『インサイド・ヘッド2』新たな感情はシンパイ、イイナー、ダリィ、ハズカシ！特報＆ポスター公開,https://news.yahoo.co.jp/articles/fe8d43bcf2771aba480486066667328ca97d3dbe,4/10(水) 8:00
flix,シネマトゥデイ,日曜劇場「アンチヒーロー」主題歌はmilet　「鬼滅の刃」作曲家・梶浦由記がメインテーマ担当,https://news.yahoo.co.jp/articles/da9ee67026b879a30e5e8a3b54bfc64df0551ca5,4/10(水) 6:00
flix,シネマトゥデイ,横浜流星、吉沢亮の親友でありライバル役　『国宝』で李相日監督と再タッグ,https://news.yahoo.co.jp/articles/207619b2a34248a6c0be0e436b6ff871fa0e0c71,4/10(水) 5:00
flix,シネマトゥデイ,ジブリ美術館「君たちはどう生きるか」展、第二部は5.25開催　レイアウト200点以上を展示,https://news.yahoo.co.jp/articles/3e634ff8acaf6cd07d1c7b6b4d7ef64e17481865,4/10(水) 4:02
flix,シネマトゥデイ,堂本光一、今は「SHOCK」に集中　自身の去就「慎重に動いています」,https://news.yahoo.co.jp/articles/88a310fd6871e355145c992bc190707f6d73e005,4/10(水) 4:00
flix,シネマトゥデイ,佐藤勝利、timelesz加入希望の堂本光一を丁重にお断り,https://news.yahoo.co.jp/articles/7ecf7b37c32642d98abb90820469458a2ce08f57,4/10(水) 4:00
flix,シネマトゥデイ,『鬼太郎誕生　ゲゲゲの謎』藤本賞で新人賞　内藤プロデューサー、鬼太郎を「世界に広げていければ」,https://news.yahoo.co.jp/articles/56d66a2d3d31b05b9e7a101d06b069926ff71250,4/9(火) 20:02
flix,シネマトゥデイ,『ゴジラ-1.0』製作陣が藤本賞受賞　岸田プロデューサー「70年越しの思いが体現できた」,https://news.yahoo.co.jp/articles/21f676fe0f31ec7febf70a0ffcef0282d6f21e8a,4/9(火) 19:11
flix,シネマトゥデイ,A24三部作ホラー完結編『MaXXXine』予告編が初公開　80年代のLAに殺人鬼の脅威,https://news.yahoo.co.jp/articles/6efdae4b7714c437eecc2aec1fd17a37efc2d52c,4/9(火) 19:10
flix,シネマトゥデイ,「君ゆき」前田拳太郎＆奥智哉、新選組ゆかりの壬生寺貫主と対面　東映太秦映画村ナイトイベントに登場,https://news.yahoo.co.jp/articles/1f6efd2525af8b599e8ae4d035df56420fd065d7,4/9(火) 18:14
flix,シネマトゥデイ,美麗すぎ！山崎賢人『陰陽師0』若き晴明の応援イラスト一挙8点公開,https://news.yahoo.co.jp/articles/4f8a0732f66e864166ba0bd539d1c5d64b85173b,4/9(火) 18:00
flix,シネマトゥデイ,佐野勇斗、6年ぶり写真集発売決定　人生の起点・ニュージーランドで見せる等身大の姿,https://news.yahoo.co.jp/articles/42eed05df3e649d76aff66322d5545f022ac9f60,4/9(火) 17:00
flix,シネマトゥデイ,『スパイダーマン』ゼンデイヤ、ジャケットの下に何も着用せずプレミア登場,https://news.yahoo.co.jp/articles/7f98712e50a311da33ae651b6c4f2e539bd4290f,4/9(火) 16:07
flix,シネマトゥデイ,マーベルxコカ・コーラ、限定デザイン発売決定　新CMにウルヴァリン＆デッドプールら登場,https://news.yahoo.co.jp/articles/01c7b728033a4177e883eea16b02c808191f641a,4/9(火) 15:17
flix,シネマトゥデイ,『ゴジラxコング　新たなる帝国』2週目で世界興収542億円突破！：全米ボックスオフィス考,https://news.yahoo.co.jp/articles/8bde243e86bb012c6ca7dd6dbf7e69c888995c27,4/9(火) 14:44
flix,シネマトゥデイ,『ウィッシュ』に幻の曲があった！未公開シーン公開,https://news.yahoo.co.jp/articles/626cf874fa9c00bcd5ac7a3254c7d22e8725b92b,4/9(火) 12:05
flix,シネマトゥデイ,西島秀俊、黒沢清監督と8年ぶり・5度目タッグ　青木崇高と『蛇の道』出演,https://news.yahoo.co.jp/articles/a7e455e6728f2b50473be435b5cb330bb3790009,4/9(火) 12:00
flix,シネマトゥデイ,マーベル映画クビの『アントマン』カーン俳優、1年間のDV加害者更生プログラム参加が命じられる,https://news.yahoo.co.jp/articles/d8ee75686589c7d0e1f2ecb325eecbe383eac5de,4/9(火) 11:05
flix,シネマトゥデイ,ロバート・ダウニー・Jr、アイアンマンを喜んで再演する「僕のDNAの一部」,https://news.yahoo.co.jp/articles/d2069bfb7707d4453a2280838176df20caf39663,4/9(火) 10:30
flix,シネマトゥデイ,長井龍雪×岡田麿里×田中将賀の新作アニメ、謎の生き物“ふれる”とは？特別な力が明らかに,https://news.yahoo.co.jp/articles/c0bf9c8d7fac15ed2f7f01bd04d4d9b253316cfe,4/9(火) 10:00
flix,シネマトゥデイ,『ソウルフル・ワールド』にもある“共感”と“第三者目線”　心理学の専門家が語る映画で感動する理由,https://news.yahoo.co.jp/articles/601ceae1cef541f18b56df123327b56c749a83d5,4/9(火) 9:02
flix,シネマトゥデイ,＜虎に翼 第8回あらすじ＞理不尽！寅子（伊藤沙莉）が憤る,https://news.yahoo.co.jp/articles/bb1b8ea2a1a92db3081111203998203515c8a30a,4/9(火) 8:15
flix,シネマトゥデイ,今田美桜主演「花咲舞が黙ってない」ゲスト7名が一挙発表！名ゼリフもついに,https://news.yahoo.co.jp/articles/2ed1ea877cb1f763f7533c2b3896df0dff5afaf3,4/9(火) 6:00
flix,シネマトゥデイ,スカヨハ＆チャニング・テイタム共演『フライ・ミー・トゥ・ザ・ムーン』予告編が初公開！7月19日公開決定,https://news.yahoo.co.jp/articles/063ce4ec88189a52bcb9033f3706ab6b69cb5004,4/9(火) 0:37
flix,シネマトゥデイ,ハン・ヒョジュ、韓ドラ「支配種」で初共演のチュ・ジフンに全幅の信頼「心強かった」,https://news.yahoo.co.jp/articles/54e299d9ef23aaae77caca3e6fed14381bdd3b60,4/8(月) 20:31
flix,シネマトゥデイ,「ガンダム」6月から47都道府県でイベント展開　45周年記念カラーの1/12ガンダム立像も登場,https://news.yahoo.co.jp/articles/8907fcc447d5d01d691ed0f71a07f175ea6022c2,4/8(月) 19:02
flix,シネマトゥデイ,『変な家』興収34億突破でV4！『ハイキュー!!』が92億を突破：映画週末興行成績,https://news.yahoo.co.jp/articles/51a4e3a7eaac2a9d641243965ca4089cce8c2ab1,4/8(月) 17:06
flix,シネマトゥデイ,デミ・ムーア61歳、透けてる大胆ドレスで魅了,https://news.yahoo.co.jp/articles/ebf54039041bb59aa31ff2b068de9195a8e981a7,4/8(月) 16:34
flix,シネマトゥデイ,『TENET テネット』ロバート・パティンソンの第1子がお披露目！美しき母子写真が公開,https://news.yahoo.co.jp/articles/77f0c042a708fadb25cefe5b1606734258fd785f,4/8(月) 15:24
flix,シネマトゥデイ,トム・ホランド主演「ロミオ＆ジュリエット」のジュリエット役女優に誹謗中傷「最低な人種差別」,https://news.yahoo.co.jp/articles/874ace980f2816e60419c3383cc399365dd48a90,4/8(月) 14:55
flix,シネマトゥデイ,実写『シティーハンター』Get Wild 響く本予告公開　原作者・北条司も絶賛「眠れなくなる面白さ」,https://news.yahoo.co.jp/articles/02c63dd2ee2d635eaa6c6c26e38fc5a663c6dba3,4/8(月) 12:00
flix,シネマトゥデイ,名探偵コナン『100万ドルの五稜星』世界最速上映に大反響！チケット売り切れ続出,https://news.yahoo.co.jp/articles/3192c8e61fe71cece0e878ebe23efd24ad6fb502,4/8(月) 11:20
flix,シネマトゥデイ,アン・ハサウェイ、満開の桜の前でにっこり「美しすぎる」「プリンセス」,https://news.yahoo.co.jp/articles/245565c64e090b7c8417ed13416a9291edb5a56f,4/8(月) 11:16
flix,シネマトゥデイ,ジャッキー・チェン70歳、見た目激変での健康不安説を一蹴「役づくりです」,https://news.yahoo.co.jp/articles/5560aafca21c3a8ff89378b7bedcdcf65c68a880,4/8(月) 10:51
flix,シネマトゥデイ,【あすの虎に翼】第7回　よねが冷たい言葉を浴びせる,https://news.yahoo.co.jp/articles/24c06b2d0a627fdf19d988dc17fa8f0cdb8bb8e3,4/8(月) 8:15
flix,シネマトゥデイ,『マッドマックス』若きフュリオサの長い髪は「豊穣の証」　最新作で“髪を剃る瞬間”を描く意味,https://news.yahoo.co.jp/articles/b83fcb4c1a049a2324306030c4f1facde0d829fa,4/8(月) 6:46
flix,シネマトゥデイ,「東リベ」和久井健、少年ジャンプ初連載決定　春の新連載3連弾がスタート,https://news.yahoo.co.jp/articles/a8f526ada312424df6e3103f8f2c52c3c2da172b,4/8(月) 0:00
flix,シネマトゥデイ,松田龍平、ドラマ「舟を編む」にサプライズ出演　馬締役・野田洋次郎との縁から実現,https://news.yahoo.co.jp/articles/758ac7e2a338a12a1d073686f508c82c34ebe62b,4/7(日) 22:51
flix,シネマトゥデイ,「光る君へ」ブチ切れ＆暴言の道兼に反応真っ二つ,https://news.yahoo.co.jp/articles/5923aa4bc61811658dd3f0023ebbf263fcaee4aa,4/7(日) 22:00
flix,シネマトゥデイ,JO1＆FANTASTICS『逃走中 THE MOVIE』で夢の共演！メインキャスト6人発表、特報＆ビジュアル公開,https://news.yahoo.co.jp/articles/0a9096b01b28558e402e8d2955a1951756053691,4/7(日) 21:00
flix,シネマトゥデイ,「光る君へ」井浦新、道隆のずるさ指摘　緊迫の後継者指名の裏側,https://news.yahoo.co.jp/articles/e1d4345b4881832efe61810bb6f1660dd739af62,4/7(日) 21:00
flix,シネマトゥデイ,「光る君へ」源明子、呪詛の代償か…ある諺を思い浮かべる視聴者続出,https://news.yahoo.co.jp/articles/79e2eaa11f25941ad532520a55bf554fb713c969,4/7(日) 20:51
flix,シネマトゥデイ,【光る君へ第15回あらすじ】まひろ（吉高由里子）が予想外の人物と出会う,https://news.yahoo.co.jp/articles/6f8fe0e081530c842ff1abad70a11ff41c0a3a48,4/7(日) 20:45
flix,シネマトゥデイ,今夜！間宮祥太朗「アクマゲーム」放送スタート【第1話あらすじ】,https://news.yahoo.co.jp/articles/b838ab398ae8c473f8cf55c8887e1effa9c5f2cc,4/7(日) 20:30
flix,シネマトゥデイ,八木勇征、台北で「美しい彼」名ゼリフ再現　初の海外ファンミーティング開催,https://news.yahoo.co.jp/articles/c377b32d9fdc6567521a6b95cfa135223b9975b5,4/7(日) 16:34
flix,シネマトゥデイ,大泉洋「コナン君を逮捕したかった……」、次回は怪盗キッド役を希望,https://news.yahoo.co.jp/articles/f705bab58ad73d425108e6fa8fb04967322139bb,4/7(日) 16:33
flix,シネマトゥデイ,山口勝平、5年ぶり怪盗キッド登場に感慨「オリンピック周期でコナンに呼ばれる」,https://news.yahoo.co.jp/articles/1a79ffb2581526e48f6327f3937586b5835a96fe,4/7(日) 15:54
flix,シネマトゥデイ,【あすの虎に翼】第6回　寅子がうっとうしいと言われる,https://news.yahoo.co.jp/articles/19bfa9410d04fd662c181fe2c1a53ef227633f2b,4/7(日) 12:04
flix,シネマトゥデイ,【ネタバレ解説】Netflix実写版「寄生獣」衝撃エンディングの意味　監督の狙い＆キャスト起用秘話,https://news.yahoo.co.jp/articles/6f956c5841ca9d200d25b611d828fc9af934a8f6,4/7(日) 12:03
flix,シネマトゥデイ,仮面ライダーゼロスリー「アウトサイダーズep.5」で誕生！正義を迎え撃つ者、ゼインと並ぶビジュアル公開,https://news.yahoo.co.jp/articles/693b8a0d967364110b38527f6737147c2943ab3e,4/7(日) 10:30
flix,シネマトゥデイ,『マッドマックス』ミラー監督、イモータン・ジョー代役案に当初は抵抗も「変身してのけた」,https://news.yahoo.co.jp/articles/0adcc8cf4f5fea03cfd770ab811fd71f125cb1a6,4/7(日) 7:32
flix,シネマトゥデイ,「おいハンサム!!2」初回、心揺さぶった二人の人物　源太郎の名言も健在,https://news.yahoo.co.jp/articles/31a9795b4371efeddb1eb305a6ae042308993532,4/7(日) 3:15
flix,シネマトゥデイ,「おいハンサム!!2」初回、まさかのサプライズ出演に驚き＆歓喜,https://news.yahoo.co.jp/articles/e5eb0aacd42f0bc7b945c1ac8f52be2cbc8c780d,4/7(日) 1:13
flix,シネマトゥデイ,JO1川西拓実、始球式で125キロのストレート　豆原一成が応援も目標160キロに届かず「悔しい」,https://news.yahoo.co.jp/articles/46d0e0608d262916bf2402b9cf477bb5a4abdcea,4/6(土) 19:45
flix,シネマトゥデイ,『オッペンハイマー』は本当に広島・長崎を描かなかったのか…原田眞人監督＆森達也監督が激論,https://news.yahoo.co.jp/articles/05dc3b4c61aa4e45e0a3087b46fb67634e61a4c4,4/6(土) 18:10
flix,シネマトゥデイ,『ヒロアカ』劇場版最新作、敵はダークマイト！三宅健太がオールマイトと一人二役,https://news.yahoo.co.jp/articles/fcf13469bb5cc10b49537cff79f5e5eb16f95ac0,4/6(土) 18:00
flix,シネマトゥデイ,日曜劇場「アンチヒーロー」注目はゴールデンレトリバー・ミル　長谷川博己が示唆「かなりのキーマン」,https://news.yahoo.co.jp/articles/417df426f06919a02b9ce1bab059e2ed5c395953,4/6(土) 17:17
flix,シネマトゥデイ,川口春奈は「いい意味で野蛮少女」姉御肌エピソードを明かされ照れ笑い,https://news.yahoo.co.jp/articles/8aa5cf7ec8381dd676e91c73bd40d41b9c1bf37e,4/6(土) 16:57
flix,シネマトゥデイ,謎多き日曜劇場「アンチヒーロー」は初回冒頭から“圧巻”　長谷川博己「話せないことが多い」,https://news.yahoo.co.jp/articles/3078683b80bdb371e9ede17a356724d4e941be41,4/6(土) 15:59
flix,シネマトゥデイ,ディーン・フジオカ、子供たちに歌舞伎町を猛プッシュ　トーマスが心配「僕が行っても大丈夫かなぁ？」,https://news.yahoo.co.jp/articles/52a9c3b46e69510a70f21a02db2296d86939fb97,4/6(土) 15:33
flix,シネマトゥデイ,「涙の女王」、散りばめられる「愛の不時着」へのオマージュが話題！,https://news.yahoo.co.jp/articles/bcbeb58632b1d61484fc2f94d77b1fbfff34f1dc,4/6(土) 12:12
flix,シネマトゥデイ,『オッペンハイマー』3フォーマットを一日で体験するバスツアー開催決定,https://news.yahoo.co.jp/articles/330bb4fc2641d1c190ec9626e1857e1c9aa7240a,4/6(土) 12:00
flix,シネマトゥデイ,武井壮、タイの人気アクション映画続編に出演　50代で再び世界へ「全て賭けて挑みたい」,https://news.yahoo.co.jp/articles/269f2a16a8447e040abaf46bb092e0b06008627f,4/6(土) 12:00
flix,シネマトゥデイ,トロン第3弾『トロン：アレス』2025年10月10日全米公開決定！主演はジャレッド・レトー,https://news.yahoo.co.jp/articles/3e8212acba536404df482d1dd9edceae128352ab,4/6(土) 11:36
flix,シネマトゥデイ,実写版『モアナと伝説の海』が1年延期…2026年7月10日全米公開,https://news.yahoo.co.jp/articles/386f83713f34b3f6c1bf4e96a936c0363bb431d9,4/6(土) 11:05
flix,シネマトゥデイ,「仮面ライダーガッチャード」第30話　宝太郎＆幼馴染が急接近、モヤモヤするりんね【あらすじ】,https://news.yahoo.co.jp/articles/d90fb6831f70bb8ff3f06984a50514380dcec09e,4/6(土) 11:03
flix,シネマトゥデイ,『マンダロリアン＆グローグー』2026年5月22日全米公開決定！エピソード9以来のスター・ウォーズ新作映画,https://news.yahoo.co.jp/articles/a47de6b0051705c6fef186d5568c6dae8ed8ce55,4/6(土) 10:40
flix,シネマトゥデイ,『トイ・ストーリー5』2026年6月19日全米公開決定！ウッディ＆バズが再登場,https://news.yahoo.co.jp/articles/75d98b1b3e3e6441f94217ae4a6bcad2b8f0ebc3,4/6(土) 10:18
flix,シネマトゥデイ,【来週の虎に翼】寅子がよねを尾行する,https://news.yahoo.co.jp/articles/a8199e9115408a9992a105839f68bfa4e1699709,4/6(土) 8:15
flix,シネマトゥデイ,Netflix実写版「寄生獣」ハイジはなぜ主人公の“顔の右側”に寄生する？監督が明かす新一＆ミギーとの違い,https://news.yahoo.co.jp/articles/4aaada74b7284a434366518d467b36edc8d3153f,4/6(土) 7:10
flix,シネマトゥデイ,北山宏光主演「君が獣になる前に」初回、開始10分で地獄…ハマる視聴者続出,https://news.yahoo.co.jp/articles/03b850e246598dddf4fe2eff37e874c8fcb641aa,4/6(土) 1:50
flix,シネマトゥデイ,2度引退宣言したマイケル・J・フォックス、俳優復帰に意欲,https://news.yahoo.co.jp/articles/c0daa837af04a38864c5120c70dd4b38b2534f18,4/5(金) 18:03
flix,シネマトゥデイ,『アイ・アム・サム』元天才子役、30歳になった現在の心境「最高に幸せ」,https://news.yahoo.co.jp/articles/045f320ad5b07b0c431bf033bc1bd64028d398ea,4/5(金) 17:10
flix,シネマトゥデイ,「デッドプール」クリエイターが生んだ女性ヒーロー、マーゴット・ロビーが映画化！,https://news.yahoo.co.jp/articles/f2c3c255f03c56f36ebe7115a68580d482a38a42,4/5(金) 16:06
flix,シネマトゥデイ,『変な家』の不気味すぎるセット写真一挙公開！よく見ると普通じゃない,https://news.yahoo.co.jp/articles/4397b17ffb06fc7ea250020a1fe9322b2140e39d,4/5(金) 15:08
flix,シネマトゥデイ,目が合った人に襲われまくる男の不条理スリラー『またヴィンセントは襲われる』公開決定,https://news.yahoo.co.jp/articles/105df05ca10e39d9a55654265a6d915a92eff100,4/5(金) 15:00
flix,シネマトゥデイ,「大阪コミコン」ジェイソン・モモア来日決定！「スターゲイト」ジョー・フラニガンと日本のコミコン初参戦,https://news.yahoo.co.jp/articles/4d6192feb254fad5bf01662762b097e70540a941,4/5(金) 13:01
flix,シネマトゥデイ,クリスチャン・ベイル、今度はフランケンシュタインの怪物役！初ビジュアルが公開,https://news.yahoo.co.jp/articles/81d8f4307211e0adcc4458b369e5473695305ace,4/5(金) 12:52
flix,シネマトゥデイ,“和製ドラゴン”倉田保昭・幻の傑作『帰って来たドラゴン』公開決定！凱旋帰国50周年記念,https://news.yahoo.co.jp/articles/16fbb19235cb7ebc6a3753ed9601ebb9895f9eee,4/5(金) 12:00
flix,シネマトゥデイ,『男はつらいよ』初のシネマ・コンサート開催決定！寅さんファミリーも来る,https://news.yahoo.co.jp/articles/ca7cc6dba65f744ba4847325843ce4793538f973,4/5(金) 12:00
flix,シネマトゥデイ,『キューティ・ブロンド』ドラマ化が進行中,https://news.yahoo.co.jp/articles/440616033ed78a6320ffed931a90d76c05823714,4/5(金) 11:24
flix,シネマトゥデイ,『デューン　砂の惑星』第3弾が企画開発中！レジェンダリーが認める,https://news.yahoo.co.jp/articles/7cc3ff88f2b19e842fbcd7ba049be60b725f771d,4/5(金) 10:46
flix,シネマトゥデイ,『ゴジラ-1.0』クリティクス・チョイス・スーパー・アワードで2冠！ゴジラがAI人形ミーガン抑え悪役賞,https://news.yahoo.co.jp/articles/354b5adee53b216ce09bc0970d8a23cb1565ef4f,4/5(金) 10:08
flix,シネマトゥデイ,橋本環奈、朝ドラ「おむすび」でギャルのパラパラ体験に喜び,https://news.yahoo.co.jp/articles/58d7b5a12a459ad955765d2a2a27dd6fbb9c6b68,4/5(金) 9:16
flix,シネマトゥデイ,「アンナチュラル」「MIU404」キャラが新コンビ結成で登場！世界線が交差する映画『ラストマイル』追加キャスト発表,https://news.yahoo.co.jp/articles/d87a092c73a2e4d3be1da5936030e817709a9e2e,4/5(金) 8:00
flix,シネマトゥデイ,「ウルトラマンアーク」辻本貴則が初のメイン監督就任　シリーズ構成＆メイン脚本は継田淳,https://news.yahoo.co.jp/articles/a9b300a6b0384018bf05f2c52b6e3189eeaa16ef,4/5(金) 7:01
flix,シネマトゥデイ,ウルトラマン新シリーズ「ウルトラマンアーク」7月6日スタート！主演は戸塚有輝、新米調査員が変身,https://news.yahoo.co.jp/articles/fa16634cea1cf2b811d826c85f11354b65605a07,4/5(金) 7:00
flix,シネマトゥデイ,新ウルトラマン「アーク」変身アイテムはアークアライザー　光の使者“ルティオン”と一体化して誕生,https://news.yahoo.co.jp/articles/a803f9d3b55e58fc14ec8eb17db872cf23144590,4/5(金) 7:00
flix,シネマトゥデイ,Netflix実写「寄生獣」監督、VFXは山崎貴版を参考　東宝スタジオで本人と対面していた,https://news.yahoo.co.jp/articles/41e97b524a7b6d5119a0044b14c7a592f8a7a6a3,4/5(金) 6:32
flix,シネマトゥデイ,今夜！地上波初『すずめの戸締まり』金ローで放送　原菜乃華＆松村北斗がコメント,https://news.yahoo.co.jp/articles/3dc5fd57816ed9e48b08974dc0faf6e0de6f3c24,4/5(金) 6:00
flix,シネマトゥデイ,日曜劇場「アンチヒーロー」新キャスト40名発表　「VIVANT」メンバー再集結、声優・浪川大輔ら初出演,https://news.yahoo.co.jp/articles/9801a3060a5bc89e20efc59821e23115e82b4cab,4/5(金) 6:00
flix,シネマトゥデイ,岩田剛典、初の日曜劇場　長谷川博己主演「アンチヒーロー」出演決定,https://news.yahoo.co.jp/articles/bc711ad832484c24406b46d83a417641978f8133,4/5(金) 6:00
flix,シネマトゥデイ,ジャッキー・チェン、『酔拳』など人気主演作がGWに3夜連続放送決定！,https://news.yahoo.co.jp/articles/ada0ce03df22f238a6f779cd48cc0fee17938f0e,4/5(金) 5:12
flix,シネマトゥデイ,吉田鋼太郎「おいハンサム!!2」のコルセットは「監督が仕掛けた罠」,https://news.yahoo.co.jp/articles/22c30facac0369eb9b8f9d82299d419428d0381b,4/4(木) 22:29
flix,シネマトゥデイ,板垣李光人、『陰陽師0』帝の孤独にシンクロ,https://news.yahoo.co.jp/articles/fc600664f0f6a372adf25b31ebfe42c1ff4d6634,4/4(木) 21:27
flix,シネマトゥデイ,山崎賢人、染谷将太と相性ばっちり！デビュー作での出会い振り返る,https://news.yahoo.co.jp/articles/f9998cfb68ead701a1d93cfde51ad4ff63293196,4/4(木) 21:10
flix,シネマトゥデイ,“テレビから消えた”ウーマン村本大輔、真実に迫るドキュメンタリー公開決定,https://news.yahoo.co.jp/articles/2ec4839711a7628c1151248c23b8d6d5bbfd8037,4/4(木) 18:00
flix,シネマトゥデイ,DV有罪となった『アントマン』カーン俳優、週明けに刑罰が決定…最大で懲役1年の可能性,https://news.yahoo.co.jp/articles/2d0804a8ef1b1d87bf008103b76b5db1bbf89334,4/4(木) 17:44
flix,シネマトゥデイ,DC映画『スーパーガール』は『クルエラ』監督がメガホンか,https://news.yahoo.co.jp/articles/7611e9312c8a859a1935096fd60db0a8d8f10195,4/4(木) 14:51
flix,シネマトゥデイ,韓ドラ「涙の女王」、Netflixグローバルトップ10でついに1位に！,https://news.yahoo.co.jp/articles/7cfb3654d0ad20be4131076069edd23d1282b038,4/4(木) 14:48
flix,シネマトゥデイ,美しすぎる…アニャ・テイラー＝ジョイ、2年前の極秘結婚式の様子を公開,https://news.yahoo.co.jp/articles/32776d85f97c766df8d17ea221a40cee5e54a7f1,4/4(木) 12:40
flix,シネマトゥデイ,反町隆史「GTO」鬼塚復活「本当にやってよかった」異例の放送後囲み取材で感謝,https://news.yahoo.co.jp/articles/da81f00a165400874579d478eb51df4f1dea35e8,4/4(木) 12:00
flix,シネマトゥデイ,韓国実写ドラマ「寄生獣」パラサイトが空から襲来！本編アクションシーン公開,https://news.yahoo.co.jp/articles/a515405d0d46aa57db8fa08f22b139f8e9a0fd6a,4/4(木) 12:00
flix,シネマトゥデイ,反町隆史「GTOリバイバル」松嶋菜々子との夫婦共演「良いシーンになった」　オンエア後「お礼は言いました」,https://news.yahoo.co.jp/articles/03109810c7e12669ba733562127b1c2bb6e70a5d,4/4(木) 12:00
flix,シネマトゥデイ,MCU版『ファンタスティック・フォー』シルバーサーファー役が決定,https://news.yahoo.co.jp/articles/c1a23e7feb1deae35c0a7409a99c3818e2035e28,4/4(木) 11:50
flix,シネマトゥデイ,時間ロスに厳しいノーラン監督、『オッペンハイマー』撮影中のトイレ休憩は「1日2回」と決めていた,https://news.yahoo.co.jp/articles/9ab666b706e4ab826abbe2a1ec61edb5423f87a4,4/4(木) 11:32
flix,シネマトゥデイ,『マトリックス』第5弾、正式発表！監督・脚本家が決定,https://news.yahoo.co.jp/articles/d49d80b4b9b7c9b7fc18ad9ce53c41ceb72ab3d7,4/4(木) 10:27
flix,シネマトゥデイ,＜虎に翼 第5回＞まさか！桂場（松山ケンイチ）の意外な答え,https://news.yahoo.co.jp/articles/40ad1bb413112d3c7556a7d768feadc94f2c8da4,4/4(木) 8:15
flix,シネマトゥデイ,『ゴジラxコング』尾上松也、宮野真守、鈴木もぐら、真矢ミキら吹替キャスト14名発表！,https://news.yahoo.co.jp/articles/a69266f28d7dca1ff43e6cfdbb2b7b38c025b775,4/4(木) 8:00
flix,シネマトゥデイ,なにわ男子・大西流星が映画初主演　「恋を知らない僕たちは」実写化で窪塚愛流、齊藤なぎさ、莉子、猪狩蒼弥、志田彩良と共演,https://news.yahoo.co.jp/articles/5a311b6d6c16831cde3510f3b3365e14416fe74b,4/4(木) 7:00
flix,シネマトゥデイ,『オッペンハイマー』ラブシーン撮影中に予期せぬハプニング　女優も困惑「望まないタイミング」,https://news.yahoo.co.jp/articles/61f23bdfd04b066ab1e31d0ef7868b7dd0ff4a9e,4/4(木) 6:46
flix,シネマトゥデイ,「僕のヒーローアカデミア」世界累計1億部を突破　堀越耕平が感謝のイラスト＆メッセージ,https://news.yahoo.co.jp/articles/57eea8e2657a6d50eb6dd626501b18b093cac65d,4/4(木) 0:00
flix,シネマトゥデイ,「虎に翼」花江にほれぼれ！最強説も飛び出す【ネタバレ注意】,https://news.yahoo.co.jp/articles/fb7a04a9d6f102efeb252b5cbd8fbc43c1f3798b,4/3(水) 19:03
flix,シネマトゥデイ,『サマーウォーズ』公開15周年プロジェクト始動　第一弾フィルムコンサート開催が決定,https://news.yahoo.co.jp/articles/ac566873cd49e2b2ba80594af91d4097cf9bdc31,4/3(水) 17:00
flix,シネマトゥデイ,裸で街を徘徊し精神科入りした米元人気子役、うつで体重増加も回復傾向,https://news.yahoo.co.jp/articles/ca93b48eb7097ab71da26643d7f3d09c2ea7adb4,4/3(水) 15:12
flix,シネマトゥデイ,「キングオージャー」撮影技術を紐解く書籍、4.10発売　上堀内監督らのインタビュー＆背景ビジュアル収録,https://news.yahoo.co.jp/articles/4043b95ee85293401f167f76b050598da826c9c0,4/3(水) 14:25
flix,シネマトゥデイ,高橋文哉『ブルーピリオド』ユカちゃん役に喜び　「一言では紹介できない役」,https://news.yahoo.co.jp/articles/d98e0ad482600afc9c7b5f086c043362bc3b922b,4/3(水) 13:46
flix,シネマトゥデイ,眞栄田郷敦、『ブルーピリオド』八虎に強い共感　「撮影が楽しくて楽しくて」,https://news.yahoo.co.jp/articles/ba96077ec720a14672a0312b29de60ef94b06522,4/3(水) 13:17
flix,シネマトゥデイ,マシン・ガン・ケリー、衝撃の上半身黒塗りタトゥーは「人生で一番の痛み」,https://news.yahoo.co.jp/articles/c80940091475b6881e8c5169d86e3a4a900e8ac4,4/3(水) 12:32
flix,シネマトゥデイ,『ガンダムSEED FREEDOM』デスティニーインパルス登場案が存在した！CGスタッフが明かす裏話,https://news.yahoo.co.jp/articles/b415f72b3627afd85f9ec9be5f8506a13d44a293,4/3(水) 12:31
flix,シネマトゥデイ,「虎に翼」女性教師のワンシーンが反響を呼ぶ【ネタバレ注意】,https://news.yahoo.co.jp/articles/49ebfad737b667073ef242da63b4904a9d5fd3a9,4/3(水) 12:19
flix,シネマトゥデイ,ジョーカー2、邦題は『ジョーカー：フォリ・ア・ドゥ』！10月11日に日本公開,https://news.yahoo.co.jp/articles/b46ac4567173d758aca94d6af03c8dcd73067202,4/3(水) 12:00
flix,シネマトゥデイ,『ジョーカー2』はR指定「いくつかの強い暴力描写、短いフルヌード」,https://news.yahoo.co.jp/articles/163de7bf4f2f9f1a1dc17dc6f4d9e0d43fc7cab1,4/3(水) 10:59
flix,シネマトゥデイ,『ジョーカー2』初ポスターが公開！ジョーカーとハーレイ・クインがダンス,https://news.yahoo.co.jp/articles/20fc2088cb8c018cc17391fcc8449f08a93b63f2,4/3(水) 9:50
flix,シネマトゥデイ,＜あすの虎に翼＞第4回　寅子（伊藤沙莉）が作戦に出る,https://news.yahoo.co.jp/articles/f2d8f74a96eebe948f0a1bece958207806acb61d,4/3(水) 8:15
flix,シネマトゥデイ,ピクサー名作にこの人アリ　天才ピート・ドクター監督『ソウルフル・ワールド』までの軌跡,https://news.yahoo.co.jp/articles/ec7259dfd09c00357b41f1df2624913cedea752c,4/3(水) 7:32
flix,シネマトゥデイ,3時間の『オッペンハイマー』長すぎて飽きてしまうのでは…編集者が不安視していた,https://news.yahoo.co.jp/articles/ed57f449f4b3adf2820e529b9ceb725db3ea6695,4/3(水) 6:46
flix,シネマトゥデイ,平泉成、80歳で映画初主演！Aぇ! group・佐野晶哉と58歳差の師弟役,https://news.yahoo.co.jp/articles/ff914bc34656d41ecb1809c2b865010270d0b546,4/3(水) 6:00
flix,シネマトゥデイ,JO1佐藤景瑚、月9初出演　「366日」広瀬アリス＆眞栄田郷敦の恋模様に関わるキーマン役,https://news.yahoo.co.jp/articles/f3dbc434ab0a820c6caf003d26d3138745819242,4/3(水) 4:30
flix,シネマトゥデイ,「キャプテン翼」漫画終了後もネーム形式で物語継続　高橋陽一「創作活動は続けていく」,https://news.yahoo.co.jp/articles/53af5df9b0f85fc188a57f861a1e62876c575f5f,4/3(水) 0:00
flix,シネマトゥデイ,キャロル参戦！「ウォーキング・デッド：ダリル・ディクソン」シーズン2本編映像が先行公開、夏に全米放送,https://news.yahoo.co.jp/articles/1a098e8f920288f9eae9097d765945f766da6d19,4/2(火) 20:03
flix,シネマトゥデイ,『ブルーピリオド』眞栄田郷敦主演で実写映画化　共演に高橋文哉×板垣李光人×桜田ひより、8月9日公開,https://news.yahoo.co.jp/articles/8867806ae9efbdc0e383e5906a8441ebd9de9e05,4/2(火) 19:00
flix,シネマトゥデイ,『オッペンハイマー』で広島・長崎の惨状を描かなかった理由をノーラン監督はどう説明しているのか,https://news.yahoo.co.jp/articles/4410da7cf53993bde37e631e3b914f0f4acfb4e6,4/2(火) 18:12
flix,シネマトゥデイ,『スター・ウォーズ』『ハリー・ポッター』シリーズ全作一挙上映決定！,https://news.yahoo.co.jp/articles/6f7eb8a0e2dd6b34d63080a3b103c00ac10cb3eb,4/2(火) 18:00
flix,シネマトゥデイ,実写ドラマ「磯部磯兵衛物語」母上役は檀れい！鈴木福、長濱ねるらメインキャスト発表,https://news.yahoo.co.jp/articles/32162b6f661b2a9ca0dd491046e4cc4b32c1002b,4/2(火) 17:00
flix,シネマトゥデイ,『ゴジラxコング　新たなる帝国』興収120億円を上げ首位デビュー！：全米ボックスオフィス考,https://news.yahoo.co.jp/articles/de930e9a0a52a2ba8c1c6710343121f93015c272,4/2(火) 14:14
flix,シネマトゥデイ,虎に翼・弟役の子役は？「かわいい」と話題の永瀬矢紘,https://news.yahoo.co.jp/articles/bcba670b5e05e4b245e557ef5e6cb09a56dbd6f1,4/2(火) 12:34
flix,シネマトゥデイ,「特捜戦隊デカレンジャーwithトンボオージャー」初夏配信決定！ヤンマ・ガスト＆ジャスミンの恋物語,https://news.yahoo.co.jp/articles/a33dd3ac46f3aabc4f05fe1d7ebad99c7efe6ac8,4/2(火) 12:00
flix,シネマトゥデイ,もはや水着？ケイティ・ペリー、大胆スケスケドレスで授賞式に登場,https://news.yahoo.co.jp/articles/4b70a269508e5c1b1a60ab4a267cd19d9e684dfc,4/2(火) 10:39
flix,シネマトゥデイ,＜あすの虎に翼＞第3回　母・はる（石田ゆり子）がいない間に…寅子（伊藤沙莉）がたくらむ,https://news.yahoo.co.jp/articles/4f4ead36f4feea52b0875b11a52ab4206d29ca5f,4/2(火) 8:15
flix,シネマトゥデイ,『劇場版ブルーロック』ゲスト声優に霜降り明星・せいや　原作者描き下ろし漫画の配布も決定,https://news.yahoo.co.jp/articles/f0c36f9b2a6b4cd8a23e4b20af2017ce9fc0b3a0,4/2(火) 8:00
flix,シネマトゥデイ,『オッペンハイマー』アインシュタインを演じたのは？『戦メリ』でロレンス役,https://news.yahoo.co.jp/articles/470d710bb7d0c96ebbf502883d05fa0ccfe061c6,4/2(火) 7:12
flix,シネマトゥデイ,『変な家』興収26億突破でV3！『オッペンハイマー』が興収4億に迫り4位のスタート：映画週末興行成績,https://news.yahoo.co.jp/articles/dafc326941e2fb16a758be66f167b47aedf5b280,4/1(月) 20:52
flix,シネマトゥデイ,佐藤健の恋愛相談に歓声　悩める観客に「俺にすれば」,https://news.yahoo.co.jp/articles/5c0798fe1d21ee32cca92fb583e40c966e48986b,4/1(月) 19:50
flix,シネマトゥデイ,高橋一生「岸辺露伴は動かない」シリーズ最新作「密漁海岸」5月放送決定　トニオ・トラサルディが登場,https://news.yahoo.co.jp/articles/98f2ec6ca065af2954a623d464fecd9d7bfdab49,4/1(月) 19:02
flix,シネマトゥデイ,『オッペンハイマー』最終興収25億円を見込める2024年洋画ナンバーワンスタート,https://news.yahoo.co.jp/articles/1a38bf3f27d5f1877c45968f19d7749eea0bc179,4/1(月) 17:14
flix,シネマトゥデイ,『シティーハンター』実写版で冴羽リョウを演じたことがあるのは？,https://news.yahoo.co.jp/articles/c38b2c5d088997043530f048a2034ff1466a0087,4/1(月) 16:18
flix,シネマトゥデイ,『ゴジラxコング』監督、山崎貴監督と特別対談！『ゴジラ対ヘドラ』『ゴジラVSデストロイア』への愛ものぞかせる,https://news.yahoo.co.jp/articles/b74b22babaf65dd00d640bf88b4bf87aee786b72,4/1(月) 15:16
flix,シネマトゥデイ,JO1・川西拓実、桜田ひよりと目を合わせられず　「初主演でプレッシャー」,https://news.yahoo.co.jp/articles/fb557b364df1e6b11c6dc18b70c02486890f00c1,4/1(月) 13:15
flix,シネマトゥデイ,新朝ドラ「虎に翼」が大好評「すごく面白そう」「全部良い」,https://news.yahoo.co.jp/articles/95837866e791b893c3888c8130e0b0ede76cbce3,4/1(月) 13:12
flix,シネマトゥデイ,朝ドラ「虎に翼」、藤森慎吾がヒロインのお見合い相手で初出演！,https://news.yahoo.co.jp/articles/763d83ddbbf5cbb70836f4744d018244c0cb3f56,4/1(月) 12:00
flix,シネマトゥデイ,ノーラン監督、『オッペンハイマー』不倫相手役の女優に謝罪していた「役が小さくて申し訳ない」,https://news.yahoo.co.jp/articles/02988c76bf830e30c091e62d32220cd63829f71c,4/1(月) 11:01
flix,シネマトゥデイ,「デカレンジャー」激推しエピソード大投票が開催決定！上位作品はYouTubeで配信,https://news.yahoo.co.jp/articles/41ab4f8d4955ce961dfa24a036c4b1ff9c07168b,4/1(月) 11:00
flix,シネマトゥデイ,＜あすの虎に翼＞第2回　寅子（伊藤沙莉）の運命を変える出会い,https://news.yahoo.co.jp/articles/5d1419df7af2e7981382512039b5ff85ca2a097a,4/1(月) 8:15
flix,シネマトゥデイ,山崎賢人のマイルール「頭は常にクールで」　経験が結実した安倍晴明役,https://news.yahoo.co.jp/articles/d8216a70cc9b2bf09089450f231ca89004f560e0,4/1(月) 8:02
flix,シネマトゥデイ,FANTASTICS木村慧人「鏡で笑顔を練習」　ラブコメでハイスペックイケメン役,https://news.yahoo.co.jp/articles/9d9622a92b45efeebc2bd6cb9aef1b5c240ab4ce,4/1(月) 7:15
flix,シネマトゥデイ,「光る君へ」の毎熊克哉、今度はヒモ役！ダメ男ながら「人として憧れがある」,https://news.yahoo.co.jp/articles/3e075edb975d38a8916c524de709d322773a3ffd,4/1(月) 7:00
flix,シネマトゥデイ,サメ映画の金字塔『JAWS／ジョーズ』シリーズ、3週連続放送！,https://news.yahoo.co.jp/articles/488cccab44fbb60b241dee8155fb53abed620eec,4/1(月) 6:12
flix,シネマトゥデイ,本田翼、山下智久と12年ぶり共演　4月期フジ「ブルーモーメント」で婚約者役,https://news.yahoo.co.jp/articles/17f3d28d2051b0a67db1b7744090974a762f0c00,4/1(月) 5:00
flix,シネマトゥデイ,山下美月、乃木坂46卒業後初の映画出演　『六人の嘘つきな大学生』で倉悠貴＆西垣匠と就活生役,https://news.yahoo.co.jp/articles/b5cfd3ab876ce941ec6c8c8b1d0db5a1ebf36e07,4/1(月) 4:00
flix,シネマトゥデイ,「光る君へ」嫁姑バトルの兆し…言葉と裏腹な“圧”が恐ろしすぎる,https://news.yahoo.co.jp/articles/8f6970018d7e97e4273358ecc673de03e279d08b,3/31(日) 22:15
flix,シネマトゥデイ,高畑充希「光る君へ」の藤原定子は「陰のある花のようなイメージ」,https://news.yahoo.co.jp/articles/60563ce46de8d0d3e6f7a3998522f92be9507483,3/31(日) 21:20
flix,シネマトゥデイ,「光る君へ」源明子が笑顔を見せた理由　瀧内公美、撮影裏明かす,https://news.yahoo.co.jp/articles/3f05947d7d46bd68ebe872cdd068811948021678,3/31(日) 21:07
flix,シネマトゥデイ,「光る君へ」まひろと倫子、修羅場の前兆か…運命の出会いとダブル展開,https://news.yahoo.co.jp/articles/eecede1a5e231665824be45455565beb0f6df015,3/31(日) 21:00
flix,シネマトゥデイ,【光る君へ第14回あらすじ】道兼（玉置玲央）が激高する,https://news.yahoo.co.jp/articles/6a5dc285bf0893ba2c38fd0e083daa6705b6cc1e,3/31(日) 20:45
flix,シネマトゥデイ,＜虎に翼 第1回あらすじ＞寅子（伊藤沙莉）が調子に乗ってしまう,https://news.yahoo.co.jp/articles/fd3463b475dbc445310ee39a3153122e128ce8b2,3/31(日) 18:05
flix,シネマトゥデイ,ギャップすごい！実写『シティーハンター』鈴木亮平の“おバカっこいい”ビジュアル5点公開,https://news.yahoo.co.jp/articles/55310fac3b43a60e58374fc4bdeb6ce5e648c793,3/31(日) 18:00
flix,シネマトゥデイ,ケビン・コスナー、2度の離婚を経て自腹で監督主演作を制作中,https://news.yahoo.co.jp/articles/5b243b6330c952d5d5aacafc9a126824db795667,3/31(日) 15:15
flix,シネマトゥデイ,オーメンのトラウマ再び…『オーメン』前日譚、初代リスペクトの本編映像公開,https://news.yahoo.co.jp/articles/652d0b6122f399ee6cd1ed9e766eb34b7f1618e5,3/31(日) 15:10
flix,シネマトゥデイ,佐藤健は「とても熱い人」　『四月になれば彼女は』山田智和監督を感激させた一言,https://news.yahoo.co.jp/articles/19139a349c758f9a07d12320708933cfa9bbbaf9,3/31(日) 12:15
flix,シネマトゥデイ,『オッペンハイマー』トルーマン大統領を演じたのは？ノーラン監督と12年ぶり再タッグの名優,https://news.yahoo.co.jp/articles/e568fe985f3e38db86d355c5e06932961cca37a8,3/31(日) 11:46
flix,シネマトゥデイ,「ジェン・ブイ」アンドレ役チャンス・パードモさん、バイク事故で死去　27歳,https://news.yahoo.co.jp/articles/b99fbdf29b44ae6d9cae9f522cd4a93b369697c4,3/31(日) 11:38
flix,シネマトゥデイ,「SHOGUN 将軍」尾崎英二郎、諦めずに掴んだ重要人物役　ハリウッドで旋風「新たな時代の波」,https://news.yahoo.co.jp/articles/46f0e2c606a8d9776e248ad4473cd2e8aca2d22b,3/31(日) 8:03
flix,シネマトゥデイ,『トップガン』ハングマン俳優ら出演ラブコメ！『恋するプリテンダー』5月日本公開,https://news.yahoo.co.jp/articles/cae593fef27463b85574b4cbaa9a624e1347f637,3/31(日) 7:10
flix,シネマトゥデイ,今夜31日、夢のコラボ！「ルパン三世VS名探偵コナン」日曜アニメ劇場で放送,https://news.yahoo.co.jp/articles/522405e6bcae38947b91edb65dee842858e8a9c3,3/31(日) 5:02
flix,シネマトゥデイ,庵野秀明が企画＆プロデュース！「宇宙戦艦ヤマト」50周年企画始動,https://news.yahoo.co.jp/articles/6a1a24bd61f7df4a952f850da6fa6963c7c4a353,3/30(土) 19:59
flix,シネマトゥデイ,『沈黙のパレード』大ブレイク中の出口夏希に注目！スクリーンデビュー作で可憐な魅力,https://news.yahoo.co.jp/articles/fcdbf89d3c89d1902d58e3326952037e4b45a355,3/30(土) 18:32
flix,シネマトゥデイ,LiLiCo＆小田井涼平、離婚危機に直面していた　ドッキリきっかけで大喧嘩「本当に別れると思って…」,https://news.yahoo.co.jp/articles/ed379a0995c4dcad67f2fbb9963102cbb12778b9,3/30(土) 15:36
flix,シネマトゥデイ,失言のデパート？ミーガン・フォックスから目が離せない！,https://news.yahoo.co.jp/articles/2357af39531383ba6d6feb3f94d146a85790e755,3/30(土) 13:10
flix,シネマトゥデイ,『オッペンハイマー』ノーラン監督、次回作候補が判明　カルトSFドラマのリメイクか,https://news.yahoo.co.jp/articles/e0d8998d629fbbea51608b71077be24f3b73c695,3/30(土) 12:03
flix,シネマトゥデイ,『ガメラ2 レギオン襲来』『時をかける少女』『大魔神』YouTubeプレミア公開決定,https://news.yahoo.co.jp/articles/f55a59f11c327b09395fefdf539b151b358376c4,3/30(土) 11:40
flix,シネマトゥデイ,「仮面ライダーガッチャード」村長が悲惨な姿で…第29話「この村は泣いている」あらすじ,https://news.yahoo.co.jp/articles/4a7d42c8897d10cc78dab299a756e9ffdf3e7966,3/30(土) 11:03
flix,シネマトゥデイ,＜虎に翼 第1週あらすじ＞寅子（伊藤沙莉）が法律に出会う,https://news.yahoo.co.jp/articles/1bf4e2202070992d099bec78e88c1eb869c7c341,3/30(土) 8:15
flix,シネマトゥデイ,現代の恋愛描く『四月になれば彼女は』の裏側　俊英・山田智和が長編監督デビュー,https://news.yahoo.co.jp/articles/4836777f4155d56c8867510a67c4f84014e22846,3/30(土) 8:02
flix,シネマトゥデイ,「不適切にもほどがある！」最終回で市郎が見せたアップデート　劇的な変化に反響「いい教師すぎる」,https://news.yahoo.co.jp/articles/8354ceaba4d7628b6ad00c0d9c58a82f46dd7189,3/30(土) 7:32
flix,シネマトゥデイ,今夜、Number_iが民放初歌唱！日テレ新音楽番組「with MUSIC」春の2時間SP生放送,https://news.yahoo.co.jp/articles/fd71ddb9c0a40b3b01d5fcf718b8a817a8b0c62a,3/30(土) 6:00
flix,シネマトゥデイ,名作『スタンド・バイ・ミー』今夜放送,https://news.yahoo.co.jp/articles/713b1784bf18e99be66cb7ff93e62f32f5e1c8c9,3/30(土) 5:35
flix,シネマトゥデイ,「不適切にもほどがある！」早くも続編希望の声　最終話ラストに期待高まる,https://news.yahoo.co.jp/articles/0b75e27a91dc3fb061213e4963ef20357026f1da,3/30(土) 2:10
flix,シネマトゥデイ,「不適切にもほどがある！」純子と渚の母娘シーンに反響　時を超えた助言に「泣ける」の声,https://news.yahoo.co.jp/articles/d6d8e0677b9fa34295817fc660e2e7120e295e43,3/30(土) 0:42
flix,シネマトゥデイ,Creepy Nuts「不適切にもほどがある！」最終回にサプライズ出演　市郎たちの前で主題歌披露【コメントあり】,https://news.yahoo.co.jp/articles/02bb1be46967ecb30811a6b95ce79870b02f4d51,3/29(金) 23:15
flix,シネマトゥデイ,小島秀夫監督＆盟友ファティ・アキン監督が対談『RHEINGOLD ラインゴールド』は現代人の閉塞感を打ち破る！,https://news.yahoo.co.jp/articles/b08438e66aaee9feccfa3befa33f4b319334b1e6,3/29(金) 19:15
flix,シネマトゥデイ,「仮面ライダーギーツ」ハクビの変身ポーズはオニシスターのオマージュだった！志田音々、妹・志田こはく愛が爆発,https://news.yahoo.co.jp/articles/33fe5a2fa809583de2260b4c030550e703c443bd,3/29(金) 17:39
flix,シネマトゥデイ,キルステン・ダンスト、“スパイダーマンキス”の撮影は「悲惨だった」,https://news.yahoo.co.jp/articles/4ee97c258ebc4221de0438baaccc24b6308aa987,3/29(金) 17:37
flix,シネマトゥデイ,高岩成二、仮面ライダー展で「俺、参上！」　地元・埼玉開催でアンバサダー就任「佐藤健に勝ちました」,https://news.yahoo.co.jp/articles/8061d53129df1f72c8333c94025b279301d56617,3/29(金) 16:57
flix,シネマトゥデイ,宮内洋、仮面ライダーV3にサプライズ変身！“ミスター平成ライダー”高岩成二＆ギーツと夢の共演,https://news.yahoo.co.jp/articles/97cf6beefc302b962db41f948abdfda40e66fad5,3/29(金) 16:00
flix,シネマトゥデイ,「ストレンジャー・シングス」女優、映画は観ない「そんな長い時間座ってらんない」,https://news.yahoo.co.jp/articles/822323ad376c62c30041a1039e4688d1244f0f52,3/29(金) 15:11
flix,シネマトゥデイ,大河ドラマ過去20年間で好きな主人公トップ10発表,https://news.yahoo.co.jp/articles/9f39c52e9838964305753b5dd8f00b9bf94d223e,3/29(金) 12:37
flix,シネマトゥデイ,フジ「大奥」最終話で明かされた真実！大どんでん返しに驚きの声,https://news.yahoo.co.jp/articles/ce60c469c464e51f8ac63b9797c6274bf02630b9,3/29(金) 12:18
flix,シネマトゥデイ,ソニック実写ドラマ「ナックルズ」Paramount+で初夏配信！舞台は映画第2弾と第3弾の間,https://news.yahoo.co.jp/articles/947e44f946d755da2a5104589e958be64d755a8d,3/29(金) 12:00
flix,シネマトゥデイ,プーさんが人間狩り…『プー　あくまのくまさん』第3弾早くも決定！,https://news.yahoo.co.jp/articles/caaea6b84c4ff97afa9fd8ed73979e46845e70a2,3/29(金) 11:59
flix,シネマトゥデイ,『ゴジラ-1.0』山崎貴監督、ハリウッド大手エージェンシーと契約！スピルバーグ監督ら所属,https://news.yahoo.co.jp/articles/61733b7413fdffb4b5852deb075e8721f888a064,3/29(金) 11:14
flix,シネマトゥデイ,『オッペンハイマー』クリストファー・ノーランにナイトの称号,https://news.yahoo.co.jp/articles/3b9a444d4dad5b683b8bcdda9fec6d541a7adb4b,3/29(金) 10:17
flix,シネマトゥデイ,『オッペンハイマー』キリアン・マーフィー、一人称で書かれた脚本に戸惑い,https://news.yahoo.co.jp/articles/6e8fb3d6a133fc7909b4da9b578142b5624cd5fa,3/29(金) 8:00
flix,シネマトゥデイ,エマ・ストーン＆『哀れなるものたち』監督、3度目のタッグ！三部作構成の新作『憐れみの3章』日本公開決定,https://news.yahoo.co.jp/articles/f70588033cf697d23d933d4fce42688da92c0761,3/29(金) 8:00
flix,シネマトゥデイ,『ゴーストバスターズ』メガネっ子のマッケナ・グレイスが激変！17才に,https://news.yahoo.co.jp/articles/d120eb7415f40e70362ad358c2e94e8f7a433da7,3/29(金) 7:22
flix,シネマトゥデイ,『マッドマックス：フュリオサ』5.31日本公開！IMAXほかラージフォーマット上映決定,https://news.yahoo.co.jp/articles/1822910ca0fbdb4265b48010072256456016cccd,3/29(金) 7:00
flix,シネマトゥデイ,金ロー、実写版『シンデレラ』放送決定,https://news.yahoo.co.jp/articles/7261973925590ff6cc41192fb15e58532414b20c,3/29(金) 6:00
flix,シネマトゥデイ,中村倫也主演、心に響くカウンセリングドラマ「Shrink」8月放送決定！共演に土屋太鳳,https://news.yahoo.co.jp/articles/bca936fa348bd920c60d9eed8366ade51ec42d76,3/29(金) 4:00
flix,シネマトゥデイ,押切蓮介のホラー漫画「サユリ」実写映画化　監督は『貞子vs伽椰子』の白石晃士,https://news.yahoo.co.jp/articles/dc596579eb7deb7e63646c74b633e6d1321b0ab6,3/28(木) 17:00
flix,シネマトゥデイ,『TENET テネット』ロバート・パティンソンに第1子誕生！,https://news.yahoo.co.jp/articles/0be817d54d84746a6e64f83860f0ede5ad29cd6c,3/28(木) 16:07
flix,シネマトゥデイ,『天使にラブ・ソングを3』は脚本執筆中！ウーピー・ゴールドバーグが明かす,https://news.yahoo.co.jp/articles/561ac548aede8b3e3414efc1c2a035bdc5b53a76,3/28(木) 15:35
flix,シネマトゥデイ,「Glee」リア・ミシェル、第2子妊娠！大胆マタニティフォトも公開,https://news.yahoo.co.jp/articles/a0ab97d8c88b72160e7988a9bbe973c2d1362c19,3/28(木) 12:15
flix,シネマトゥデイ,フジ「大奥」小芝風花＆亀梨和也クランクアップ！愛あるサプライズ演出も,https://news.yahoo.co.jp/articles/8f78d97526bc31b32161889854bf09f76a772170,3/28(木) 12:00
flix,シネマトゥデイ,2024年春観たいドラマは？期待度ランキングTOP20発表,https://news.yahoo.co.jp/articles/685f29ccd83ee7bae2f20d62b43f27d8a7a75a5e,3/28(木) 12:00
flix,シネマトゥデイ,『スター・トレック』第4弾、新脚本家が決定！クリス・パイン主演シリーズの最終章,https://news.yahoo.co.jp/articles/42333521ce16d0d387c29e54f7afa4b88107737c,3/28(木) 11:31
flix,シネマトゥデイ,マーベル最強ヴィランによる新チーム『サンダーボルツ』撮影中！エレーナの戦闘服など公開,https://news.yahoo.co.jp/articles/6afa6fb0e0fb41dbe40c3a0ec6bac2aef3b8cdc8,3/28(木) 10:45
flix,シネマトゥデイ,＜ブギウギ最終回あらすじ＞スズ子（趣里）が最後のステージに立つ,https://news.yahoo.co.jp/articles/69e3a6ec858bf375125773143399f2878f0d8384,3/28(木) 8:15
flix,シネマトゥデイ,フジ「大奥」不吉な予兆を感じ…【最終話あらすじ】,https://news.yahoo.co.jp/articles/860b2710e8594f46261d0f7bf987fe225b4c3b2d,3/28(木) 7:15
flix,シネマトゥデイ,なかやまきんに君、シュワちゃんをライバル視　主演俳優として「同じ土俵に上がっている」,https://news.yahoo.co.jp/articles/5cb38bcbaaeaa048fe61a7102999cc3f0ae77000,3/28(木) 6:00
flix,シネマトゥデイ,舞台「千と千尋の神隠し」川栄李奈・千尋役の初日開幕！,https://news.yahoo.co.jp/articles/395481b58b3b625a82bdeb42fed829d5fbabe1aa,3/28(木) 4:00
flix,シネマトゥデイ,「テラフォーマーズ」5年ぶりに連載再開　4.4発売「週刊ヤングジャンプ」18号より,https://news.yahoo.co.jp/articles/142b490652f19b5172e82aeb4081ae215d72a373,3/28(木) 0:00
flix,シネマトゥデイ,超キュート！エル・ファニング、ばっさりボブに,https://news.yahoo.co.jp/articles/4c2cd48dc981a6514e525aa5cf83721931bbae88,3/27(水) 21:21
flix,シネマトゥデイ,名探偵コナン、Netflixで劇場版作品5作が週間トップ10に一挙ランキング入り！,https://news.yahoo.co.jp/articles/6078b39d4b200572b5b58e2e4b0046082427e2dd,3/27(水) 18:12
flix,シネマトゥデイ,クリヘム、タトゥーを入れるマット・デイモンの手を握っていてあげる,https://news.yahoo.co.jp/articles/6005b15d76383382893cea5a3548c0dfecf77c07,3/27(水) 17:05
flix,シネマトゥデイ,マーベル・スタジオ、東京ディズニーランドのアトラクション初参戦！「イッツ・ア・スモールワールド」にグルートら登場,https://news.yahoo.co.jp/articles/b80ec92191df3c8dd0db798e660325220d1c6dce,3/27(水) 16:37
flix,シネマトゥデイ,「Eye Love You」多幸感たっぷりなラストに満足も“尺不足”の声も,https://news.yahoo.co.jp/articles/bf6b757f5ea039a1551d426ac83f0d5f2d2e89da,3/27(水) 15:38
flix,シネマトゥデイ,河合優実主演「家族だから愛したんじゃなくて、愛したのが家族だった」NHK総合で7月放送決定！,https://news.yahoo.co.jp/articles/c9108a9e7b9c2fea2a9a9d7deacda2d2dd796de9,3/27(水) 12:32
flix,シネマトゥデイ,『スパイダーマン』ゼンデイヤ、大胆な“テニスコートドレス”で魅了！,https://news.yahoo.co.jp/articles/a577d70a07fbaede3c5974c78bd04d2f3834b852,3/27(水) 11:56
flix,シネマトゥデイ,『バッドガイズ2』2025年8月公開！,https://news.yahoo.co.jp/articles/99c4d3fb7fdf82b13d0053f26bb3aed231fbdc4b,3/27(水) 11:21
flix,シネマトゥデイ,韓ドラ「涙の女王」、Netflix日本で2週連続1位をキープ！,https://news.yahoo.co.jp/articles/ad03bd891a18fb644d893a38b524fbdf970c7680,3/27(水) 11:02
flix,シネマトゥデイ,トム・クルーズは『トップガン』第3弾のストーリーを「本当に気に入っている」,https://news.yahoo.co.jp/articles/599cd9d612fa1349b3ffd27d03f2e266bef24782,3/27(水) 10:12
flix,シネマトゥデイ,劇場版『TOKYO MER』『鬼太郎誕生 ゲゲゲの謎』プライムビデオで4月から,https://news.yahoo.co.jp/articles/535e3a3af279a62e9a3e8734cbc46f2ed3e9181e,3/27(水) 10:00
flix,シネマトゥデイ,TOBE初コンサートのSpecial Editionがアマプラで4月26日配信スタート,https://news.yahoo.co.jp/articles/5289e7a57c42e824d17a12983914353a22661ea4,3/27(水) 10:00
flix,シネマトゥデイ,＜ブギウギ第125回あらすじ＞スズ子（趣里）と羽鳥（草なぎ剛）が本心を語り合う,https://news.yahoo.co.jp/articles/d42181c8a0e01d4b0701e3010ab4aaef3b8e5b28,3/27(水) 8:15
flix,シネマトゥデイ,『ゴジラxコング』モスラ参戦決定！新たな敵登場の最新予告編公開,https://news.yahoo.co.jp/articles/51fceef0d12d202d6f825a1afed2b38567309164,3/27(水) 8:00
flix,シネマトゥデイ,『パイレーツ・オブ・カリビアン』次回作はリブート版　プロデューサーが認める,https://news.yahoo.co.jp/articles/21f67ca260c41b966bb8599c7a3476ff8882cc32,3/27(水) 7:03
flix,シネマトゥデイ,木村拓哉、ドラマ「Believe」クランクインで奇跡　ビジュアル1弾公開,https://news.yahoo.co.jp/articles/49906a10193b3ee4efd44cd680987dcde15d0fe5,3/27(水) 6:30
flix,シネマトゥデイ,「相棒」意外と知らない家族関係　肉親が唯一登場してない歴代相棒とは,https://news.yahoo.co.jp/articles/04d68adf3df506210acf7fcdc016f20d8225141d,3/27(水) 6:10
flix,シネマトゥデイ,バッドボーイズ最新作『RIDE OR DIE』6.21公開決定！マイク＆マーカスが容疑者に、衝撃の予告編公開,https://news.yahoo.co.jp/articles/f01af227290a24416b768090f1f7b34e22b5e430,3/26(火) 23:07
flix,シネマトゥデイ,「Eye Love You」クランクアップ！侑里テオ揃って思い出の屋上で,https://news.yahoo.co.jp/articles/789da75ea9504a0b8c50dc582ace3b34a553c95d,3/26(火) 22:58
flix,シネマトゥデイ,テオの心の声字幕＆メイキング収録！「Eye Love You」Blu-ray&DVDが発売決定,https://news.yahoo.co.jp/articles/f734f061c221b74d34c4ddb49124821fb18789b2,3/26(火) 22:57
flix,シネマトゥデイ,『デデデデ』後章、竹中直人が“侵略者の議長役”で友情出演　追加キャスト発表,https://news.yahoo.co.jp/articles/b1b5e82de9ac8f5929ecb5a23bf050877d53243a,3/26(火) 18:00
flix,シネマトゥデイ,『ハイキュー!!』入プレ4弾の内容発表　追加応援上映の詳細も,https://news.yahoo.co.jp/articles/e77959a86f4091a1ae410f966488983e73dc8635,3/26(火) 18:00
flix,シネマトゥデイ,シュワちゃん、ペースメーカーを入れる「より機械に近づいた」,https://news.yahoo.co.jp/articles/443d722b1de9bb328257f18ab0c4a110f676ac22,3/26(火) 17:17
flix,シネマトゥデイ,初4K！『スター・ウォーズ エピソード1/ファントム・メナス』4日間限定上映決定,https://news.yahoo.co.jp/articles/5b564144a14809a2e9530aaa4212d7f25762ed9d,3/26(火) 17:00
flix,シネマトゥデイ,Netflixシリーズ「寄生獣」ヨン・サンホ監督、原作との違いを語る！原作・岩明均からは「面白い」,https://news.yahoo.co.jp/articles/2cd56288187badc9244b4a6ad38e73cffc13f1ed,3/26(火) 15:41
flix,シネマトゥデイ,次の朝ドラ「虎に翼」のモデルはだれ？,https://news.yahoo.co.jp/articles/0596188d9bc1436c0e6915adbd1df58c63343fb2,3/26(火) 12:40
flix,シネマトゥデイ,冬ドラマで演技が光っていた女優ベスト10！「ふてほど」河合優実が第1位に,https://news.yahoo.co.jp/articles/cf3bfe9bdae7ab19149a81b54ccfde61b4ce3413,3/26(火) 12:05
flix,シネマトゥデイ,アン・ハサウェイ、ネットいじめで役を失った過去「クリストファー・ノーラン監督に救われた」,https://news.yahoo.co.jp/articles/759005ce9f0f2bb6e08461a8af89e995d88dcb61,3/26(火) 11:31
flix,シネマトゥデイ,スカーレット・ヨハンソン、『ジュラシック・ワールド』新作に主演へ！,https://news.yahoo.co.jp/articles/5d87262d3306fdbee5a97ed8d5648f620006e23f,3/26(火) 10:14
flix,シネマトゥデイ,＜ブギウギ第124回あらすじ＞羽鳥（草なぎ剛）と話せないまま引退会見へ,https://news.yahoo.co.jp/articles/8b7836f435b388ad8e913954ab6ff563f93967c8,3/26(火) 8:15
flix,シネマトゥデイ,『ゴーストバスターズ』初代メンバー集結！「ニューヨークに戻るのは格別だ」シリーズ愛を語る特別映像公開,https://news.yahoo.co.jp/articles/99bc62ed54d2a1810643af046cc0b2069671a329,3/26(火) 8:03
flix,シネマトゥデイ,寛一郎主演『シサム』公開決定！アイヌと和人の交流を描く歴史スペクタクル,https://news.yahoo.co.jp/articles/3a1f3e4f1aacca71bf41c253c95a2584b91399c2,3/26(火) 7:00
flix,シネマトゥデイ,上白石萌音＆京本大我が時代劇でバディ結成　宮部みゆき「霊験お初」ドラマSPで初映像化,https://news.yahoo.co.jp/articles/2278e24b229e7bced5e2957c6a12987a249411b9,3/26(火) 5:00
flix,シネマトゥデイ,「GTOリバイバル」松嶋菜々子の出演が決定！冬月あずさとして再び鬼塚の前に,https://news.yahoo.co.jp/articles/8042fef0a5f75c9bd1af91105826408bdd48180e,3/26(火) 5:00
flix,シネマトゥデイ,七海ひろき主演、舞台「サイボーグ009」キャストビジュアルが公開,https://news.yahoo.co.jp/articles/de69953f81ba225878c85b72452f9b86463813dd,3/25(月) 20:00
flix,シネマトゥデイ,工藤静香「おじゃる丸」新EDテーマ担当　wacci橋口洋平が作詞・作曲「大切に歌っていきたい」,https://news.yahoo.co.jp/articles/177dd5f38df47a984903047699b9bfbd493a0120,3/25(月) 18:10
flix,シネマトゥデイ,『ゴーストバスターズ』最新作、全米首位デビュー！前作超えのオープニング興収,https://news.yahoo.co.jp/articles/aee96bb70c03ec98eb03d71c8653e14b8720807d,3/25(月) 17:45
flix,シネマトゥデイ,『変な家』前週上回る成績でV2！佐藤健主演『四月になれば彼女は』が4位：映画週末興行成績,https://news.yahoo.co.jp/articles/334c84f4dd8fb8a8c692f9190c2988e6a785e599,3/25(月) 17:31
flix,シネマトゥデイ,『キャプテン・アメリカ4』にバッキー・バーンズは登場せず…新キャップが落胆,https://news.yahoo.co.jp/articles/71895d9da9fe522c42b9074c857622713fddb221,3/25(月) 16:04
flix,シネマトゥデイ,『ガンダムSEED FREEDOM』新ビジュアル公開　マイティーストライクフリーダム登場、重田智が作画,https://news.yahoo.co.jp/articles/d6c3d2e62f0ff47053ed1921654eb65257ce1758,3/25(月) 14:35
flix,シネマトゥデイ,「Eye Love You」最終話目前、SNSでは「ロスが深刻」の声も,https://news.yahoo.co.jp/articles/ad94c349cfcbd3f2e3ca266b5304b7bc3bd0d6a9,3/25(月) 13:53
flix,シネマトゥデイ,フジ「大奥」最終回直前！キャスト陣がクランクアップコメント発表「さみしい～！」,https://news.yahoo.co.jp/articles/f57cfaa17504c2a40f05d0d544cfadfcb70bd971,3/25(月) 12:25
flix,シネマトゥデイ,＜ブギウギ第123回あらすじ＞りつ子（菊地凛子）に引退を止められないかと相談する,https://news.yahoo.co.jp/articles/2513e39f84f2e40e103645b6c1b1b9aa5f5665d8,3/25(月) 8:15
flix,シネマトゥデイ,「開運！なんでも鑑定団」元櫻坂46・菅井友香が新MC就任　片渕茜アナは番組アシスタント卒業,https://news.yahoo.co.jp/articles/e53cd646fe63336c634c5d95c758c3a2bec39d16,3/25(月) 8:00
flix,シネマトゥデイ,実写『キングダム』4弾、摎役は新木優子！ビジュアル＆映像公開,https://news.yahoo.co.jp/articles/5751cff3bf2671e07dae562fa5948fa0bf463456,3/25(月) 5:00
flix,シネマトゥデイ,「光る君へ」枕絵見たロバート秋山・実資の反応が面白過ぎた,https://news.yahoo.co.jp/articles/7268d729a0b33bee4bb15b76802834f1893ad5e7,3/24(日) 22:34
flix,シネマトゥデイ,「光る君へ」源明子の告白に戦慄　役のヒントは六条御息所,https://news.yahoo.co.jp/articles/5fdbb3f702df44d94c80427a4d9482fdf0145b14,3/24(日) 21:32
flix,シネマトゥデイ,「光る君へ」藤原頼忠の声が小さい理由　橋爪淳、解釈明かす,https://news.yahoo.co.jp/articles/4ad1a3ead509b00c5f19157034ac48843275d8d2,3/24(日) 21:15
flix,シネマトゥデイ,町田啓太“父”橋爪淳が「もう大好き」　「光る君へ」初共演に喜び爆発,https://news.yahoo.co.jp/articles/b8fd9c8e7286bf39da84b1b7cb1f85e39fa02bad,3/24(日) 21:04
flix,シネマトゥデイ,「光る君へ」倫子の大胆な“肉食”ぶりに驚き,https://news.yahoo.co.jp/articles/da8ba58f1e0d9d754b410cd3c7b5f53ae9ac1988,3/24(日) 20:54
flix,シネマトゥデイ,【光る君へ第13回あらすじ】道隆（井浦新）の娘・定子（高畑充希）が入内する,https://news.yahoo.co.jp/articles/8024b42f708430c91a49655df5f95771f1dedb7d,3/24(日) 20:45
flix,シネマトゥデイ,母艦が浮かび、兵器が横切る…『デデデデ』青春と破滅の序章を映す本編映像公開,https://news.yahoo.co.jp/articles/6abf6f2fe8733d2a14c7b6c3dd017e02b4e0c92e,3/24(日) 15:10
flix,シネマトゥデイ,＜ブギウギ第122回あらすじ＞スズ子（趣里）が大きな決断をする,https://news.yahoo.co.jp/articles/8a1388c8636a40755cc60e4833e5ced03ee46d4f,3/24(日) 12:05
flix,シネマトゥデイ,「キングオージャーFLT」大阪SP公演ゲスト発表　関智一x三木眞一郎x志村知幸x天野浩成、宇蟲五道化＆バグナラクが集結,https://news.yahoo.co.jp/articles/e331cbb33ffe1b0f52530894b21f4868622fe1ce,3/24(日) 10:00
flix,シネマトゥデイ,『ミッション：インポッシブル／デッドレコニング PART ONE』Netflixで4.18配信決定,https://news.yahoo.co.jp/articles/efd5fe1ac51fc5267dffdd1ca4eccd1425da5e85,3/24(日) 8:10
flix,シネマトゥデイ,『トランスフォーマー／ビースト覚醒』4月4日Netflix配信決定！,https://news.yahoo.co.jp/articles/a57da6cc4cde4bfdfb4a606459a1113403f03755,3/24(日) 7:03
flix,シネマトゥデイ,ウマ娘「ROAD TO THE TOP」再編集版2週間限定ロードショー決定,https://news.yahoo.co.jp/articles/cc847d151ee764c84c54305f467bc9a831907e60,3/23(土) 20:00
flix,シネマトゥデイ,実写『シティーハンター』鈴木亮平「Get Wild」にきたぁ!!予告編リアクション動画が公開,https://news.yahoo.co.jp/articles/13ba062947e89ff94ca92db61947af90bf80df50,3/23(土) 19:17
flix,シネマトゥデイ,『トランスフォーマー』ミーガン・フォックス、これまでに受けた豊胸手術＆整形手術を明かす,https://news.yahoo.co.jp/articles/8232db6f130721de1b3eace68994f0c961c39709,3/23(土) 17:44
flix,シネマトゥデイ,あのちゃん、声への批判に心境吐露…初声優で「救われた」,https://news.yahoo.co.jp/articles/edc837194b5d18ecc4d0f8399bb1d03fe8e1fc83,3/23(土) 14:23
flix,シネマトゥデイ,キャメロン・ディアス51歳、第2子誕生！,https://news.yahoo.co.jp/articles/a09556715a27d2a489a2424c896a17ba671a7766,3/23(土) 13:24
flix,シネマトゥデイ,刃牙と十鬼蛇王馬が激突！Netflix映画『範馬刃牙VSケンガンアシュラ』制作決定,https://news.yahoo.co.jp/articles/5386037b2eaecf6aaa8b3f55fdd6b108bf319b8a,3/23(土) 12:00
flix,シネマトゥデイ,Netflix「機動戦士ガンダム　復讐のレクイエム」ガンダムEX・ザクII登場　本予告編が公開,https://news.yahoo.co.jp/articles/0f523619e055865eccbf09d5acdaf523ed5f7fcd,3/23(土) 12:00
flix,シネマトゥデイ,『ジョーカー2』には15曲のカバー曲あり！「ほとんどジュークボックス・ミュージカル」,https://news.yahoo.co.jp/articles/9504a8fecae695bed47fc7d2721536538d9649a7,3/23(土) 11:54
flix,シネマトゥデイ,『ザ・コンサルタント2』撮影開始へ！ベン・アフレックひげをそって準備万端,https://news.yahoo.co.jp/articles/16cf74044731d8d99ec8f5d942e82a5c8b286a57,3/23(土) 11:50
flix,シネマトゥデイ,俳優・寺田農さん、肺がんのため81歳で死去　『天空の城ラピュタ』ムスカ役など,https://news.yahoo.co.jp/articles/7b976d3b6bdedb5bba9255ac87e2c41ce05bd029,3/23(土) 11:47
flix,シネマトゥデイ,『ウルトラマンブレーザー』必殺技大投票、最終結果発表！1位はブレーザー光線,https://news.yahoo.co.jp/articles/d961e2ad2e294429e8c643524e5a6e07d297dc6d,3/23(土) 11:27
flix,シネマトゥデイ,＜最終週のブギウギ＞スズ子が引退を決意する,https://news.yahoo.co.jp/articles/81814a09236a9bf280cf7b7b0e6daf2fe373e49f,3/23(土) 11:27
flix,シネマトゥデイ,「不適切にもほどがある！」ゆずる、命がけのミュージカルに反響　市郎のツッコミにネット反応,https://news.yahoo.co.jp/articles/aa17d064c7bb0afa086f3677bbd635749c07d98f,3/23(土) 11:27
flix,シネマトゥデイ,「不適切にもほどがある！」純子とムッチ先輩、未来を見てきた二人の対比に反響「グッときた」,https://news.yahoo.co.jp/articles/1cb00e66da6aa1fd24097e31407da0450a22399a,3/23(土) 0:39
flix,シネマトゥデイ,カンバーバッチ、“青いモンスター”に執着する父を怪演　異色スリラー「エリック」配信決定,https://news.yahoo.co.jp/articles/1510ddfd02f78845c86889780cf9eb01324995b7,3/23(土) 0:00
flix,シネマトゥデイ,劇場版『ウマ娘』主題歌入り胸アツ最新予告映像＆キービジュアルが公開！,https://news.yahoo.co.jp/articles/b9bc50d021a26b59e2b3c2b0c17f53ad1af649bb,3/22(金) 20:00
flix,シネマトゥデイ,佐藤健、恋している人が少ない昨今に願い,https://news.yahoo.co.jp/articles/1ec664d5171b57a5962e05a84c502a9f00f1b42b,3/22(金) 20:00
flix,シネマトゥデイ,冬ドラマで演技が光っていた俳優ベスト10、第1位は「ふてほど」阿部サダヲ！,https://news.yahoo.co.jp/articles/2717f8bacf8a43157e952d2f21e2c1f19afbb924,3/22(金) 19:14
flix,シネマトゥデイ,河合優実＆坂東龍汰がチグハグ探偵コンビに！W主演ドラマ「RoOT／ルート」場面写真が一挙公開,https://news.yahoo.co.jp/articles/9669bbb4d268d32ffceb9ded3648b141d9419932,3/22(金) 18:00
flix,シネマトゥデイ,『マッドマックス：フュリオサ』カンヌでワールドプレミア上映　アニャ＆クリヘムら出席へ,https://news.yahoo.co.jp/articles/2d1f413547b248de9f5148ee6b41859c954c53e7,3/22(金) 17:01
flix,シネマトゥデイ,アニメ化してほしいマンガランキング2024、トップ10が発表！,https://news.yahoo.co.jp/articles/f10d218969fbbd983be2b3e9b6fcbddb90f2745d,3/22(金) 17:00
flix,シネマトゥデイ,「キングオージャー　王の秘宝展」明日開幕！劇中使用の小道具＆東京限定アイテム、巨大もっふんなど展示,https://news.yahoo.co.jp/articles/d98a428f3fb534955a4d705cbbc1b30124db477f,3/22(金) 15:56
flix,シネマトゥデイ,『ビートルジュース2』初予告が公開！マイケル・キートンのビートルジュース再び,https://news.yahoo.co.jp/articles/f7df11d0bdd34b41c3eb937248fb1b3331903983,3/22(金) 13:00
flix,シネマトゥデイ,再現度すごい！映画版「ウィキッド」キャラクタービジュアル一挙公開,https://news.yahoo.co.jp/articles/dc49c95d22d1a818b497ebdab40f72c3bf7666f2,3/22(金) 12:29
flix,シネマトゥデイ,町田啓太、ハリウッド進出に意欲「心の準備はできています」,https://news.yahoo.co.jp/articles/04841cfcb5e288f98eeda266d31315c55df6c5ec,3/22(金) 12:23
flix,シネマトゥデイ,ブギウギついに最終週へ　予告に飛び交う衝撃ワード【ネタバレ注意】,https://news.yahoo.co.jp/articles/8e2f65f0f43b6b34178bbb159e4c80ae16b130e0,3/22(金) 12:02
flix,シネマトゥデイ,『おいしい給食』劇場版3弾、甘利田がマズすぎる給食に撃沈…予告編＆新場面写真公開,https://news.yahoo.co.jp/articles/24e54587d9cb412b378da4a34f7a2feadbc89581,3/22(金) 12:00
flix,シネマトゥデイ,『処刑人3』ついに始動！ノーマン・リーダスらのマクマナス兄弟再び,https://news.yahoo.co.jp/articles/05b7f5c57074ca471532a256f361737a05f88da3,3/22(金) 11:49
flix,シネマトゥデイ,Vシネ「キングオージャー」本ポスター公開！ドンモモタロウ、キョウリュウレッドら強化フォームの名称発表,https://news.yahoo.co.jp/articles/e1186c191be57b36ccc1d33dca6d9dcef476f621,3/22(金) 11:00
flix,シネマトゥデイ,名探偵コナン『100万ドルの五稜星』、怪盗キッドが日本中をジャック!? 公開日に向け“1412計画”が始動！,https://news.yahoo.co.jp/articles/c318fa6688f409f5f41c4e2e2763b7e96033f2ab,3/22(金) 10:44
flix,シネマトゥデイ,スター・ウォーズの祭典が日本に！「スター・ウォーズ セレブレーション ジャパン 2025」キービジュアル公開,https://news.yahoo.co.jp/articles/e868c28d098c0e36cd73360677a678383109dd05,3/22(金) 10:03
flix,シネマトゥデイ,36年ぶり続編！『ビートルジュース2』初ビジュアルが公開,https://news.yahoo.co.jp/articles/3b28bae280416d9e312216d098fa89b972fc4582,3/22(金) 7:10
flix,シネマトゥデイ,金ロー『名探偵コナン』2週連続放送決定！『黒鉄の魚影』は地上波初,https://news.yahoo.co.jp/articles/57add77be1d8be5c1177e2eb6cd3a2818ac7cd55,3/22(金) 6:00
flix,シネマトゥデイ,本日22日、マット・デイモン主演『ジェイソン・ボーン』放送！午後のロードショーで,https://news.yahoo.co.jp/articles/2f33ad76bc37943bd23c481cbb93b67ebb3b79dc,3/22(金) 5:02
flix,シネマトゥデイ,元男闘呼組・成田昭次「不適切にもほどがある！」最終話で31年ぶりドラマ出演「一生の宝になりました！」,https://news.yahoo.co.jp/articles/3371510549c44082c082038cc965200e435c3f2c,3/22(金) 4:00
flix,シネマトゥデイ,IWGPから24年　渡辺謙＆窪塚洋介、“刑事と不良”役で再共演「大人になったな」,https://news.yahoo.co.jp/articles/eb77ac3167ae71504755497e967f797c43797bdf,3/21(木) 20:59
flix,シネマトゥデイ,笠松将、窪塚洋介の“落下”ネタに「ギリギリですからね」,https://news.yahoo.co.jp/articles/1a9f8306c3cf593ac310d777da3aa7f0d2c16543,3/21(木) 20:34
flix,シネマトゥデイ,ガンダム45周年スペシャル配信決定　30周年「Gガンダム」新情報発表も,https://news.yahoo.co.jp/articles/d12078fb334f9fb55f13aa9bc21be7b73e160e83,3/21(木) 20:18
flix,シネマトゥデイ,『ネバーエンディング・ストーリー』新たな映画シリーズ制作へ,https://news.yahoo.co.jp/articles/2207791433390638c3a7372a3b89864d56ba25dc,3/21(木) 19:23
flix,シネマトゥデイ,『がんばっていきまっしょい』劇場アニメ化決定　主演声優は雨宮天,https://news.yahoo.co.jp/articles/269aa7bccaab286b965cdbbed78f984e59adaebd,3/21(木) 18:00
flix,シネマトゥデイ,『あぶない刑事』新作、ダンディ＆セクシーな場面写真一挙10点公開,https://news.yahoo.co.jp/articles/bdf710a2ef81c37413c923d2ab0d38d3ab93af57,3/21(木) 17:05
flix,シネマトゥデイ,ジャッキー・チェン、50周年記念超大作『ライド・オン』5.31日本公開決定！レジェンド声優も限定復活,https://news.yahoo.co.jp/articles/c1ee58adc69c31efd67900dbbd95fe880ebbd293,3/21(木) 16:53
flix,シネマトゥデイ,SixTONES森本慎太郎、GP帯ドラマ単独初主演！4月期日テレ「街並み照らすヤツら」で闘うケーキ屋に,https://news.yahoo.co.jp/articles/ad2c78ca7b652335c053b2e68a929f21a3ac3074,3/21(木) 16:03
flix,シネマトゥデイ,『ブレードランナー』ブライアント警部役Ｍ・エメット・ウォルシュさん死去,https://news.yahoo.co.jp/articles/66179089a4c79938ea7c50c992124d124c7222d5,3/21(木) 15:50
flix,シネマトゥデイ,少女のような可憐さ！アン・ハサウェイ、白の超ミニドレスで魅了,https://news.yahoo.co.jp/articles/80d23c7888d2ece5eeea8eb3428a68be4a5405b4,3/21(木) 15:13
flix,シネマトゥデイ,「ロキ」トム・ヒドルストン＆ソフィア・ディ・マルティーノ来日決定！大阪コミコン初参戦,https://news.yahoo.co.jp/articles/87f16204d3bef85bc07e1ea042bfa7ae02c64db9,3/21(木) 15:03
flix,シネマトゥデイ,小松菜奈＆松田龍平W主演『わたくしどもは。』5.31公開決定！2人の男女が導く神秘の世界,https://news.yahoo.co.jp/articles/fc4fb3bcbcc4617278f0f4cb54de3312d9791b13,3/21(木) 14:56
flix,シネマトゥデイ,伊藤沙莉、朝ドラ「虎に翼」スタート直前！「いいパワーがもらえる予感」,https://news.yahoo.co.jp/articles/7e99f04610f45ced983a2686000a41442e51faef,3/21(木) 12:56
flix,シネマトゥデイ,『マッドマックス：フュリオサ』5月日本公開決定！狂気の本予告編、フュリオサが髪を剃る瞬間も,https://news.yahoo.co.jp/articles/718c072954d8138f30cb8ac309214f8968a43b58,3/21(木) 12:10
flix,シネマトゥデイ,大胆！『マダム・ウェブ』出演女優、彫刻みたいな胸当てでプレミアに出席,https://news.yahoo.co.jp/articles/ddf6194022ed4ee77d3bd5244c7a0b5262869f0a,3/21(木) 12:08
flix,シネマトゥデイ,「ウルトラマンゼロ」15周年イベント、GWに開催決定！ゼロの歴史を名言と共に辿る,https://news.yahoo.co.jp/articles/ac62ba248c9597989197b53a3b126a53164e5ee4,3/21(木) 12:08
flix,シネマトゥデイ,劇場版モノノ怪『唐傘』7月26日公開決定　追加キャストに黒沢ともよ、悠木碧、小山茉美,https://news.yahoo.co.jp/articles/6add6468866893dc2b607236d9fba50482cb936b,3/21(木) 12:04
flix,シネマトゥデイ,「ザ・シムズ」映画化！マーゴット・ロビーがプロデュース,https://news.yahoo.co.jp/articles/d4c345eebeadb4540e4c05ef46106671630c570c,3/21(木) 11:48
flix,シネマトゥデイ,『エイリアン』新作、恐怖の初予告が公開！リドリー・スコットが「クソ素晴らしい」と絶賛した映画,https://news.yahoo.co.jp/articles/03ce53540d48b201adac507cc1526c03c33d6efc,3/21(木) 11:03
flix,シネマトゥデイ,＜ブギウギ第121回あらすじ＞股野（森永悠希）とアユミ（吉柳咲良）が訪ねてくる,https://news.yahoo.co.jp/articles/a7e2132a928fd4a3251d2dc3b6afa13240ce94f6,3/21(木) 8:29
flix,シネマトゥデイ,フジ「大奥」衝撃の告白に困惑…【第10話あらすじ】,https://news.yahoo.co.jp/articles/e92ae68200218c1265b447022f0e785224c2b262,3/21(木) 7:25
flix,シネマトゥデイ,綾瀬はるか、主演最新作『ルート29』今秋公開決定！風変わりな少女と旅をする感動のロードムービー,https://news.yahoo.co.jp/articles/512c03bb8a23a1c8c8f029c11bf71f94fab2bc38,3/21(木) 7:10
flix,シネマトゥデイ,実写ドラマ「ブラック・ジャック」手塚漫画常連のヒョウタンツギ登場　井之脇海、早乙女太一、橋爪功ら新キャスト発表,https://news.yahoo.co.jp/articles/8ffb1b3522bfc064475c3bc29fcd4ea272f947fb,3/21(木) 6:35
flix,シネマトゥデイ,宮舘涼太「大奥」スピンオフドラマで初の単独主演決定,https://news.yahoo.co.jp/articles/987ecbcb99c76fab5be0d58b135ac44368984d92,3/21(木) 5:33
flix,シネマトゥデイ,二宮和也主演の日曜劇場「ブラックペアン」6年ぶり続編、7月期放送,https://news.yahoo.co.jp/articles/4d31259ea09f49867605476b4fdfca6362b2f243,3/21(木) 5:11
flix,シネマトゥデイ,舘ひろし、30年ぶりフジ系連ドラ出演　山下智久主演「ブルーモーメント」で特命担当大臣役,https://news.yahoo.co.jp/articles/7028545c5ca957823bb55e637a654dca8e100233,3/21(木) 5:06
flix,シネマトゥデイ,「婚活1000本ノック」最終回、八木勇征の心揺さぶるアドリブに反響,https://news.yahoo.co.jp/articles/626943a7a7f7430db1b628350ac4194a591007a7,3/21(木) 0:08
flix,シネマトゥデイ,『ゴジラ-1.0』スピルバーグ宅に一番くじのゴジラフィギュア　山崎貴監督がほのぼの秘話告白,https://news.yahoo.co.jp/articles/548fc72928fa6e462c2eaccfe4ad4e1346bcc41f,3/20(水) 23:37
flix,シネマトゥデイ,『ゴジラ-1.0』神木隆之介、オスカー受賞の山崎貴監督に「『スター・ウォーズ』撮りたいのでは？」と直球質問,https://news.yahoo.co.jp/articles/d649dd331d91f5220c0a788ab484ab8701a2daa3,3/20(水) 22:52
flix,シネマトゥデイ,「Eye Love You」ファンミ、チェ・ジョンヒョプの名シーン生披露に会場悶絶！,https://news.yahoo.co.jp/articles/a74e9ed6adfe52ea60441fa93b7bafbb83a639d3,3/20(水) 22:52
flix,シネマトゥデイ,中国SF「三体」実写化に恐怖心も…「GOT」スタッフ再集結で挑むNetflix版「間違っていなかったと証明できる」,https://news.yahoo.co.jp/articles/4a1fc54e393144d501a4c4af8bf379f021831767,3/20(水) 19:09
flix,シネマトゥデイ,ゴーストバスターズ＆ダンダダン怪奇コラボビジュアル公開　モモ＆オカルンがゴースト退治,https://news.yahoo.co.jp/articles/bde9bd02c97eea6d0400f013b129e8647cc851b1,3/20(水) 18:20
flix,シネマトゥデイ,『デューン2』ティモシー・シャラメ「全ての道はニューヨークに続くのかも」皇帝役クリストファー・ウォーケンとの共演に感慨,https://news.yahoo.co.jp/articles/7e34214886b8a6a2bb8df69ef0a4e64164e20baa,3/20(水) 15:01
flix,シネマトゥデイ,幾田りら＆あの、理想は自然体でいること　ブレイク後も変わらぬスタンス,https://news.yahoo.co.jp/articles/0dced7623eed662c6a0396b896b774394bf51b24,3/20(水) 12:10
flix,シネマトゥデイ,「不適切にもほどがある！」キヨシ役で注目の15歳・坂元愛登、昭和の距離感が心地良く「今戻ってもやっていける」,https://news.yahoo.co.jp/articles/b33d77519b6104d01f64fd6eb7b6dc625292729b,3/20(水) 12:00
flix,シネマトゥデイ,石原さとみ主演『ミッシング』崩壊寸前の母親を熱演！魂揺さぶられる衝撃の予告映像が公開,https://news.yahoo.co.jp/articles/b428c58dff98ee6693f072da707fb7edf509b656,3/20(水) 10:04
flix,シネマトゥデイ,＜ブギウギ第120回あらすじ＞羽鳥（草なぎ剛）のもとに向かう,https://news.yahoo.co.jp/articles/8f05c076e814f93ffe775d1d6e84e59da39a134b,3/20(水) 8:17
flix,シネマトゥデイ,"「逃走中」20周年で映画化！人気ボーイズグループ夢の共演、参加総数は1,000人",https://news.yahoo.co.jp/articles/0e03f66aabb6280ae67a2cda43fee5fe2bff33b9,3/20(水) 8:06
flix,シネマトゥデイ,河合優実主演、社会が見落とした少女の物語　佐藤二朗＆稲垣吾郎共演『あんのこと』予告編公開,https://news.yahoo.co.jp/articles/c01de5960c329bacd132ec8c2e85d10cba5a45a5,3/20(水) 7:01
flix,シネマトゥデイ,「光る君へ」柄本佑、道長の懺悔シーンで解釈に変化　「道長にとって初めての局面」,https://news.yahoo.co.jp/articles/9eb1ede8febf461953fa17680416d95c5678cfd7,3/20(水) 6:02
flix,シネマトゥデイ,スター・ウォーズ最新作「アコライト」6月5日より初回2話日米同時配信 「イカゲーム」イ・ジョンジェ登場の特報公開,https://news.yahoo.co.jp/articles/bb1f5f0cceee0094c646e7d134d0ed788a9a676c,3/20(水) 1:15
flix,シネマトゥデイ,『ゴーストバスターズ』ニューヨークで巨大ゴーストとチェイス！新ガジェットも登場する本編映像公開,https://news.yahoo.co.jp/articles/a7f09515efb0a390863a72c704cbc9b99bac6406,3/19(火) 19:01
flix,シネマトゥデイ,血のライトセーバー…『スター・ウォーズ』新ドラマ、衝撃ビジュアル公開,https://news.yahoo.co.jp/articles/f6087b5c0f09148ca87bfe7f19fe6d681ae23629,3/19(火) 18:04
flix,シネマトゥデイ,『007』新ジェームズ・ボンド、アーロン・テイラー＝ジョンソンに正式オファーが出たもよう,https://news.yahoo.co.jp/articles/61a4d81c2172805707eda7254696d860bf3d0db7,3/19(火) 17:28
flix,シネマトゥデイ,主演女優の大胆すぎる装いも話題！A24のレズビアンスリラーが6位にジャンプアップ：全米ボックスオフィス考,https://news.yahoo.co.jp/articles/ea4a727d6ace23de8247b8259428f3d5e398c12c,3/19(火) 16:03
flix,シネマトゥデイ,ノーマン・リーダス来日決定！日本のコミコンに初参戦,https://news.yahoo.co.jp/articles/f758502cdc23c8d68d9b25152ff7a36c6d2185f7,3/19(火) 12:05
flix,シネマトゥデイ,『仮面ライダー555 パラダイス・ロスト』明日からYouTube無料初配信！,https://news.yahoo.co.jp/articles/b634fb051f6111b1efa18ba0aae1a691a86d2f1a,3/19(火) 12:04
flix,シネマトゥデイ,若葉竜也、池松壮亮の恋人役で『ぼくのお日さま』出演決定！奥山大史監督商業映画デビュー作,https://news.yahoo.co.jp/articles/fec2833a542281fbcbd9465d9e6abdc43a180b33,3/19(火) 12:03
flix,シネマトゥデイ,カーンの名前が入った『アベンジャーズ』第5弾、タイトル変更が確定,https://news.yahoo.co.jp/articles/2ba4cf7f7e6ccac95551366df3ee986edca7686a,3/19(火) 10:37
flix,シネマトゥデイ,＜ブギウギ第119回あらすじ＞羽鳥（草なぎ剛）が厳しい言葉を投げかける,https://news.yahoo.co.jp/articles/4df18c4ae193c4b8778401fcae62cc8536652ab7,3/19(火) 8:19
flix,シネマトゥデイ,「踊る」新作映画、主人公は室井慎次！プロジェクト再始動が正式発表,https://news.yahoo.co.jp/articles/bf9294a8fdbff62211c49d52344c00c3b41a630e,3/19(火) 6:00
flix,シネマトゥデイ,“悪魔の子”ダミアン誕生に隠された真実…『オーメン』前日譚映画、本予告編が公開,https://news.yahoo.co.jp/articles/ca6dc92c9556eef5d06923f0f6ecd00d8d77ab25,3/19(火) 6:00
flix,シネマトゥデイ,JO1木全翔也＆内村光良、高山一実原作アニメ『トラペジウム』に声優参加,https://news.yahoo.co.jp/articles/34a61d21e10492d27515315e9873e56f54db8b73,3/19(火) 4:00
flix,シネマトゥデイ,ザック・スナイダー『REBEL MOON』パート2、最新予告編公開！反乱者VS帝国のラストバトル開幕,https://news.yahoo.co.jp/articles/092a4ece463d85ea127618a70a7779d6b15b83e0,3/19(火) 1:00
flix,シネマトゥデイ,町田啓太、吉高由里子から「嫌いになる方法を教えてほしい」と褒め殺し！,https://news.yahoo.co.jp/articles/1b15e253bf79bf1736acd1e8ffe9b243d9d9ea86,3/18(月) 22:04
flix,シネマトゥデイ,幾田りら＆あの、緊張と向き合う方法は「一人の時間を作る」,https://news.yahoo.co.jp/articles/55d7127248014e2a1358a5c8e51e80353fe2222a,3/18(月) 21:37
flix,シネマトゥデイ,吉高由里子、大河で“虫けら”扱いに自虐トーク　ファンミーティング当選倍率8倍！,https://news.yahoo.co.jp/articles/53e33313194f81bf96c7bea302808f11133979a0,3/18(月) 21:33
flix,シネマトゥデイ,「踊る大捜査線」新作映画、秋公開決定！室井慎次登場のティザー映像公開,https://news.yahoo.co.jp/articles/d04ca201ba188e2d845a58d3a876c19407ed95d8,3/18(月) 21:03
flix,シネマトゥデイ,道枝駿佑、山田涼介との忘れられない出会い「これからもずっと憧れ」,https://news.yahoo.co.jp/articles/ab4e31cf8463029fd369a17deabb34db7c772cbe,3/18(月) 20:46
flix,シネマトゥデイ,『変な家』興収4億突破で初登場首位！アカデミー賞効果で邦画2作が浮上：映画週末興行成績,https://news.yahoo.co.jp/articles/58833ba30bd3ade75f8e4c7058778702aa67ff19,3/18(月) 19:22
flix,シネマトゥデイ,「SHOGUN 将軍」美しく力強い藤様を演じているのは？穂志もえかの熱演、世界から絶賛の声,https://news.yahoo.co.jp/articles/8c223477f4be349ed93cb7281269786481d5afc7,3/18(月) 19:03
flix,シネマトゥデイ,山田尚子監督『きみの色』主演声優は鈴川紗由、高石あかり、木戸大聖！1600人のオーディション勝ち抜く,https://news.yahoo.co.jp/articles/79ef1300d7463ebf279a0766d98f1ae35b2a81e5,3/18(月) 18:34
flix,シネマトゥデイ,「サイボーグ009」初の舞台化決定　島村ジョー役は七海ひろき！,https://news.yahoo.co.jp/articles/2deef2d81b2dd3433f2c85f44ef03c5e2e5b928c,3/18(月) 18:01
flix,シネマトゥデイ,山田尚子監督、新垣結衣にダメ元で声優オファー,https://news.yahoo.co.jp/articles/2c597a7dae2fcdf9826aceeac24ea29b6175ee8d,3/18(月) 17:44
flix,シネマトゥデイ,新垣結衣、山田尚子監督のアニメ映画で声優　3人の主人公を導くシスターに,https://news.yahoo.co.jp/articles/100f82de70b0f05e8f5415aa19d4261819e89be4,3/18(月) 17:03
flix,シネマトゥデイ,中村倫也「ブギウギ」ディレクター役でサプライズ登場　ダジャレは「心を無にして」,https://news.yahoo.co.jp/articles/679b13b69635990fc2f188048754da731e795535,3/18(月) 15:10
flix,シネマトゥデイ,Snow Man佐久間大介のピンクルック公開　『マッチング』で恐ろしくも美しい怪演話題,https://news.yahoo.co.jp/articles/6b60e22f16d399353f3d942ef20e2a8bcc435e3d,3/18(月) 15:00
flix,シネマトゥデイ,イラストレーター・いのまたむつみさん死去「テイルズ オブ」「ブレンパワード」「サイバーフォーミュラ」など　関連企業が追悼,https://news.yahoo.co.jp/articles/4b8a46a92c55461107c2ee00392890bb275bf8cb,3/18(月) 14:41
flix,シネマトゥデイ,「踊る大捜査線」今夜9時に何が？公式サイトで謎のカウントダウン,https://news.yahoo.co.jp/articles/481f5e2510d0d96d0c952ea412da1090d2403dd4,3/18(月) 14:06
flix,シネマトゥデイ,ネトフリ韓ドラ、過去5年間で好きなラブコメ作品トップ10発表,https://news.yahoo.co.jp/articles/df896122e48d85ccf373651a93cb5d6ff50500a2,3/18(月) 13:44
flix,シネマトゥデイ,ディーン・フジオカ、劇場版『きかんしゃトーマス』イケボ発明家登場シーンが公開！,https://news.yahoo.co.jp/articles/d4e21f525072a852f8ff50caa7da2ce7199a8da1,3/18(月) 11:00
flix,シネマトゥデイ,＜ブギウギ第118回あらすじ＞小田島（水澤紳吾）が訪ねてくる,https://news.yahoo.co.jp/articles/03175b6b91f2a8dd1cc816626fef4ef5b376ccaf,3/18(月) 8:15
flix,シネマトゥデイ,『デデデデ』後章、公開日が変更「ご期待に応えられる作品をお届けするため」,https://news.yahoo.co.jp/articles/9b9d4bbc8668917b95a2860e6d3ce3c1a5508601,3/18(月) 8:00
flix,シネマトゥデイ,『六人の嘘つきな大学生』九賀蒼太役は佐野勇斗！浜辺美波、赤楚衛二との“裏表ビジュアル”も公開,https://news.yahoo.co.jp/articles/b867e24c133a8882d5db598fc6e889dd8c15ea0c,3/18(月) 7:00
flix,シネマトゥデイ,「光る君へ」柄本佑が見た吉高由里子の凄さ　涙の名演は「佇んで見るしかできなかった」,https://news.yahoo.co.jp/articles/1992dfda1f157fd4744f9f7d3153abae262b2c7b,3/18(月) 6:15
flix,シネマトゥデイ,「光る君へ」藤原道長は『ゴッドファーザー』アル・パチーノをイメージ　柄本佑、プレッシャーを明かす,https://news.yahoo.co.jp/articles/b007ddc4be39dc30a9712b6b77d28e58ec8eabe7,3/18(月) 5:00
flix,シネマトゥデイ,「光る君へ」猟奇事件に戦慄…残された謎に指摘も,https://news.yahoo.co.jp/articles/3202ac5eaddff817416ca927ebb4120f01481e45,3/17(日) 22:17
flix,シネマトゥデイ,「光る君へ」の安倍晴明はビジネスマン！ユースケ・サンタマリア「かっこよくしようとは思っていない」,https://news.yahoo.co.jp/articles/7ef7f161bb2c075bafcc1d029087a3a73f0b539d,3/17(日) 21:15
flix,シネマトゥデイ,「光る君へ」まひろ＆道長、愛のもつれに議論白熱,https://news.yahoo.co.jp/articles/5a097ea0b75e258fc2bc6b130ef8769418d91255,3/17(日) 21:05
flix,シネマトゥデイ,【光る君へ第12回あらすじ】道長（柄本佑）の縁談は？,https://news.yahoo.co.jp/articles/da8a097e14a9ca0736ab7fdb1dd0c5feaee3df2f,3/17(日) 20:45
flix,シネマトゥデイ,＜ブギウギ第117回あらすじ＞新たなスター歌手・水城アユミ（吉柳咲良）が台頭する,https://news.yahoo.co.jp/articles/eb5eb20c5b03d87890d2830698fd556e1389caa0,3/17(日) 12:05
flix,シネマトゥデイ,『デューン　砂の惑星PART2』で全カットされた俳優たち　ヴィルヌーヴ監督「苦渋の決断」,https://news.yahoo.co.jp/articles/da0b298dc32a6bf220d32b80a4dab24d2006d4e3,3/17(日) 12:03
flix,シネマトゥデイ,『わんだふるぷりきゅあ！』映画化、9.13上映決定！特報＆描き下ろしティザービジュアル公開,https://news.yahoo.co.jp/articles/bdb040168a53ffd0bf8629e0ee3a57cb7e4f33de,3/17(日) 9:00
flix,シネマトゥデイ,『デューン　砂の惑星PART2』アドリブで誕生したフェイド＝ラウサの強烈シーン　オースティン・バトラーが明かす,https://news.yahoo.co.jp/articles/92602a6e1a891b2562b6704dffc3ea4217ed1384,3/17(日) 7:03
flix,シネマトゥデイ,『デューン　砂の惑星PART2』クリストファー・ウォーケン、皇帝役で4年ぶり映画復帰を決めた理由,https://news.yahoo.co.jp/articles/b4be82f458134d5cbd15847ff6a0b54bd3ce623b,3/16(土) 18:10
flix,シネマトゥデイ,小島秀夫の新ラジオ番組「ヒデラジ∞」放送決定　「ふてほど」河合優実と無限のカルチャーを語り尽くす,https://news.yahoo.co.jp/articles/8147517673930a5143f31a6ece56ed789b730d64,3/16(土) 12:00
flix,シネマトゥデイ,「仮面ライダーガッチャード」宝太郎＆りんね＆スパナ、グリオンに挑む！第27話「ガッチャ！クロスホッパー！」あらすじ,https://news.yahoo.co.jp/articles/2d9ea77de1b435a1752f7944f0acfab2c512c424,3/16(土) 11:03
flix,シネマトゥデイ,＜来週のブギウギ＞人気若手歌手・水城アユミ（吉柳咲良）にお願いされる,https://news.yahoo.co.jp/articles/3c050505ad77102d15db1841fe0c8729f241b262,3/16(土) 8:15
flix,シネマトゥデイ,INI尾崎匠海、GP帯連ドラ初出演　杉咲花主演「アンメット」追加キャスト7名発表,https://news.yahoo.co.jp/articles/8d916eb75cdc5e9ca7dce3524e3870d9ec46cacc,3/16(土) 8:00
flix,シネマトゥデイ,「不適切にもほどがある！」スケバン卒業、純子の未来への思いに「切ない」の声,https://news.yahoo.co.jp/articles/96dd7361806fcdac3f692a190c91b2d4cc925424,3/16(土) 7:12
flix,シネマトゥデイ,「不適切にもほどがある！」ムッチ先輩の未来にネット驚愕　令和でゴキゲンな姿に「最高」の声,https://news.yahoo.co.jp/articles/38e43549b4eb47d54d837193f834c4b2500c7f2b,3/16(土) 0:56
flix,シネマトゥデイ,「不適切にもほどがある！」キョンキョン登場に驚きと喜びの声　小泉今日子が本人役で出演,https://news.yahoo.co.jp/articles/e3215444d889fe4edc5e07731772ad7dc4d6850a,3/15(金) 23:54
flix,シネマトゥデイ,中国SF「三体」Netflix実写化、制作陣が悩んだ仮想現実　半日撮影のためにセット建設,https://news.yahoo.co.jp/articles/e3c009e4392f9b145e1f0e5a5bc85cb10fe8bd3e,3/15(金) 21:03
flix,シネマトゥデイ,斉藤由貴、“怖い役”が定着　監督にも恐怖を感じさせる,https://news.yahoo.co.jp/articles/5996f03ba7a105ec1bc3a76dcea9c4378f7005cf,3/15(金) 20:25
flix,シネマトゥデイ,クリストファー・ノーランが『ゴジラ-1.0』を絶賛！「観る者を引き込む素晴らしい映画」,https://news.yahoo.co.jp/articles/4e012100d8406408f0efacffddf583c313d0b296,3/15(金) 19:00
flix,シネマトゥデイ,脚なっが！アニャ・テイラー＝ジョイ、奇抜な超ミニドレスで魅了,https://news.yahoo.co.jp/articles/ad99c1e6044e3803edb086205d3476dc1bd466e3,3/15(金) 16:22
flix,シネマトゥデイ,生きたまま焼かれた21歳の女性…実際に起きた事件を基にした『12日の殺人』は「リアル」と元刑事たちが評価,https://news.yahoo.co.jp/articles/f1679933420ea60ff0441219aa498084de54bd3a,3/15(金) 16:00
flix,シネマトゥデイ,佐竹桃華、感極まり声震わせる…2年越しで『私ときどきレッサーパンダ』が劇場公開！,https://news.yahoo.co.jp/articles/0d46316fac962354ad7557a2a405e86aafa93192,3/15(金) 15:16
flix,シネマトゥデイ,実写版『シティーハンター』エンディングは「Get Wild」新録版に決定！鈴木亮平「もっこり」連呼の予告公開,https://news.yahoo.co.jp/articles/3b159909eab38f8035f1f8ad48c690be1b12339a,3/15(金) 12:00
flix,シネマトゥデイ,『哀れなるものたち』エマ・ストーン＆ランティモス監督の次回作、早くも6月公開！,https://news.yahoo.co.jp/articles/25844881d9ff6720c4e9131127b3b64e43cb7278,3/15(金) 11:45
flix,シネマトゥデイ,『デカレンジャー20th』7ORDER長妻怜央がプレミアデカレッドに変身！アンジュルム川村文乃とゲスト出演,https://news.yahoo.co.jp/articles/768819491a4632e5dfe3ce3300afb473c5e527b7,3/15(金) 11:00
flix,シネマトゥデイ,「SHOGUN 将軍」真田広之の一日に密着　全シーンを徹底監修、二階堂ふみも驚がく「いつお休みになっていたんだろう？」,https://news.yahoo.co.jp/articles/aed5eb06f992854e1e60ed03d3907da9a6241fed,3/15(金) 10:00
flix,シネマトゥデイ,デヴィッド・リンチ版『デューン／砂の惑星』4Kリマスターが劇場公開決定,https://news.yahoo.co.jp/articles/97d23eefedfbc5cd18de2b388c7b7389375c0d69,3/15(金) 9:00
flix,シネマトゥデイ,韓国発！実話に基づく奇跡のバスケ映画『リバウンド』日本予告が公開,https://news.yahoo.co.jp/articles/5cc38dedd14e07b098babf2bfd7dbd007b4dd51c,3/15(金) 9:00
flix,シネマトゥデイ,「不適切にもほどがある！」櫻坂46・守屋麗奈が民放ドラマ初出演『MONDAYS』円井わんと第9話登場,https://news.yahoo.co.jp/articles/cddef95ca47b3ec7d8581866d4f044526837cc4d,3/15(金) 7:00
flix,シネマトゥデイ,羽生結弦にインスピレーション！『陰陽師0』山崎賢人“舞”アクションの裏側公開,https://news.yahoo.co.jp/articles/8d2e9345d2242c91c71b4604f33e6e855977846f,3/15(金) 7:00
flix,シネマトゥデイ,役所広司主演で「八犬伝」実写化決定！内野聖陽、寺島しのぶらキャスト6名一挙発表,https://news.yahoo.co.jp/articles/126709da0a207b3395857a3e5156d919557d1987,3/15(金) 7:00
flix,シネマトゥデイ,「花咲舞が黙ってない」令和版、上川隆也が舞の叔父役で出演決定！「間近で見られることがうれしい」,https://news.yahoo.co.jp/articles/3607feade0ebf63385a01434cff2cfc1e5e4293e,3/15(金) 6:00
flix,シネマトゥデイ,今夜放送！『アーヤと魔女』キャラクター＆声優キャストは？,https://news.yahoo.co.jp/articles/9b18ef401407e6406ad3894c74a26897aa347da6,3/15(金) 5:02
flix,シネマトゥデイ,ボン・ジョヴィ、山下智久主演連ドラ「ブルーモーメント」主題歌を担当,https://news.yahoo.co.jp/articles/0f6a23bda9ac8c2aa57ea5a9d37223c0ca2ad246,3/15(金) 4:00
flix,シネマトゥデイ,円谷×MARVELコミック第3弾「ザ・ミステリー・オブ・ウルトラセブン」日本語版発売,https://news.yahoo.co.jp/articles/d36dc824ac2b289396d13a6421a1e35807817e26,3/14(木) 19:02
flix,シネマトゥデイ,宮世琉弥、監督に初主演映画での成長称えられる　「まだ19歳でよく頑張った」,https://news.yahoo.co.jp/articles/602685318adfa7b764f3839afa04bd1b8792ef5c,3/14(木) 18:41
flix,シネマトゥデイ,『スター・ウォーズ』アナキン子役、35歳になった現在…精神科に入院中も回復の兆し,https://news.yahoo.co.jp/articles/b23e0ea53258e82f3cc320bb55eadfff5c763440,3/14(木) 17:43
flix,シネマトゥデイ,胸の部分がズレてる！『ゴーン・ガール』女優の不思議なドレスが話題,https://news.yahoo.co.jp/articles/a33dd65a12b1caf4d63a30db561e2bf9a2ae7fbb,3/14(木) 15:25
flix,シネマトゥデイ,クリストファー・ノーラン長編デビュー作『フォロウィング』HDレストア版全国公開決定,https://news.yahoo.co.jp/articles/829b4206e5d88a9fb76b87f185336e2a16f11cf2,3/14(木) 15:00
flix,シネマトゥデイ,『ゴジラxコング』二大怪獣が爆走する新ビジュアル公開！ゴジラ史上最大規模のラージフォーマット上映決定,https://news.yahoo.co.jp/articles/700785b08dd0638260dcad5bbd2840b982b06ab7,3/14(木) 15:00
flix,シネマトゥデイ,幻の日本劇場未公開作！『美しき仕事』4K上映決定,https://news.yahoo.co.jp/articles/64a9f3af348b7f788dc4321626653cf84d52e1f1,3/14(木) 13:00
flix,シネマトゥデイ,山本耕史、6度目の土方歳三役に「待たせたな！」　『もし徳』追加キャスト発表,https://news.yahoo.co.jp/articles/4da3b7e7cb84469cd677471eb2361f9565141e0f,3/14(木) 12:00
flix,シネマトゥデイ,『デューン』x『ガンダムSEED』コラボが実現！キャラデザイン・平井久司の描き下ろしビジュアル公開,https://news.yahoo.co.jp/articles/ace938b7dd529120fc96ae0e055464629e9536a8,3/14(木) 12:00
flix,シネマトゥデイ,『ワンダーウーマン』監督の『スター・ウォーズ』新作企画、まだ生きていた！,https://news.yahoo.co.jp/articles/911d0b44c9cfa4a5b0fb7c4d2828b9218cdb8923,3/14(木) 11:37
flix,シネマトゥデイ,「私の夫と結婚して」ナ・イヌ、初来日ファンミーティング開催決定！歌声の披露も,https://news.yahoo.co.jp/articles/1452100cadb8d139e1f393946263d9ece373cd63,3/14(木) 11:02
flix,シネマトゥデイ,シドニー・スウィーニー、マーベル『マダム・ウェブ』大コケは気にしない「私は雇われただけ」,https://news.yahoo.co.jp/articles/da49e7a5c9b7257593aa51715f4a4e6a0307b76c,3/14(木) 10:05
flix,シネマトゥデイ,ゼンデイヤ主演、グァダニーノ監督最新作が6月日本公開！テニス界で起きる衝撃の愛の物語,https://news.yahoo.co.jp/articles/83e0f348014cb76ac5002721cb17a819af276ae7,3/14(木) 9:00
flix,シネマトゥデイ,『猿の惑星』新作、物語の鍵を握る猿と人間…キャラクターポスタービジュアル公開,https://news.yahoo.co.jp/articles/d85b0b615aea4f803e85675612c6c54872a073f8,3/14(木) 9:00
flix,シネマトゥデイ,＜ブギウギ第116回あらすじ＞スズ子（趣里）が高橋（内藤剛志）にお願いする,https://news.yahoo.co.jp/articles/d08c06740f34e2603ff0d541eead69bae34a3dd4,3/14(木) 8:15
flix,シネマトゥデイ,フジ「大奥」抱きしめられる倫子…【第9話あらすじ】,https://news.yahoo.co.jp/articles/7986e906759fcf18ce92d1ff0cd6a0afdc8f9a53,3/14(木) 7:20
flix,シネマトゥデイ,藤本タツキ『ルックバック』河合優実＆吉田美月喜がW主演！藤野＆京本役で声優初挑戦,https://news.yahoo.co.jp/articles/ac67d2d41ea32a457c251c690bbfeb2e322bef56,3/14(木) 7:00
flix,シネマトゥデイ,亀梨和也が一人二役！フジ「大奥」で将軍と歌舞伎役者を演じ分け,https://news.yahoo.co.jp/articles/47a64ebe239263bfea04081522a3f6f7fae05b34,3/14(木) 5:30
flix,シネマトゥデイ,「仮面ライダーギーツ」簡秀吉、「リバイス」前田拳太郎＆奥智哉とシン・時代劇で共演「成長したところを見せたい」,https://news.yahoo.co.jp/articles/400a22873fc4cd6640f26de9aaa25d2da49b27c1,3/14(木) 5:30
flix,シネマトゥデイ,野村萬斎、「アンチヒーロー」で初の日曜劇場！強敵・検事正役に,https://news.yahoo.co.jp/articles/985dc8673d857068833e0f763fb5180d74cd450f,3/14(木) 5:00
flix,シネマトゥデイ,大泉洋主演『ディア・ファミリー』有村架純ら6名の追加キャスト発表　涙が詰まった新予告公開,https://news.yahoo.co.jp/articles/7a9b7f6f81aad75fee1a411fd960c254b685173a,3/14(木) 5:00
flix,シネマトゥデイ,「相棒22」最終話に“名探偵コナン”　右京がまさかの発言「友だちではありません」【ネタバレあり】,https://news.yahoo.co.jp/articles/5b1742cb758f6c49f92d3af68a6f6aae6e4e7004,3/14(木) 0:49
flix,シネマトゥデイ,伊勢谷友介「死刑制度を考えるきっかけになれば」　何度も殺される役を通じて気づき,https://news.yahoo.co.jp/articles/87fad44343922ac20198382c361996b93ef618b7,3/13(水) 22:53
flix,シネマトゥデイ,これが殺人ナマケモノだ！女子寮を血に染める衝撃アニマルパニック『キラー・ナマケモノ』予告編公開,https://news.yahoo.co.jp/articles/479f3ad656207a6be1246d5e0d2800e53a19f33f,3/13(水) 20:00
flix,シネマトゥデイ,『ゴールド・ボーイ』羽村仁成がヤバすぎると話題,https://news.yahoo.co.jp/articles/ce2415c894adeabac3d93b26ad5670fc04128ace,3/13(水) 18:32
flix,シネマトゥデイ,横浜みなとみらいに映画館がオープン！全席没入音響体感シート導入は世界初,https://news.yahoo.co.jp/articles/42f1f674beb91be940a7ef1994281a39fde01a50,3/13(水) 18:00
flix,シネマトゥデイ,少年ジャンプ連載「磯部磯兵衛物語」実写ドラマ化決定　ダメ武士・磯兵衛役は杉野遥亮！,https://news.yahoo.co.jp/articles/6a09de88018673d4deb1f91ea26e12e95fa0dd08,3/13(水) 17:00
flix,シネマトゥデイ,大胆！マーゴット・ロビー、コルセットだけでレッドカーペットに,https://news.yahoo.co.jp/articles/81810208b3a797f7e2fc49739f56e6b7f0917b61,3/13(水) 16:51
flix,シネマトゥデイ,東京のハリポタ施設の『ハリー・ポッター』すぎる新メニューが秀逸,https://news.yahoo.co.jp/articles/c86f996f4f10d25ab9ed9a66a3f4f623b1436b8d,3/13(水) 13:09
flix,シネマトゥデイ,マーベル・スタジオ、「X-Men '97」配信直前にクリエイターをクビにする,https://news.yahoo.co.jp/articles/c282d7a6062fa8bac349533b4ec5c1d0534f2002,3/13(水) 12:51
flix,シネマトゥデイ,『ミッドサマー』監督の新作がヤバい！ホアキン・フェニックス、エマ・ストーン、オースティン・バトラー出演,https://news.yahoo.co.jp/articles/75506fb645784b9555b98aa0fc74d8f2b0bba3e1,3/13(水) 12:11
flix,シネマトゥデイ,「Eye Love You」第8話、ラストのセリフに“ユン・テオ”への考察広がる,https://news.yahoo.co.jp/articles/aa1ae4d605d78a00957e3a567e5111d23b294793,3/13(水) 12:03
flix,シネマトゥデイ,大河ドラマ「豊臣兄弟！」仲野太賀の起用理由は？兄・秀吉役の条件とは,https://news.yahoo.co.jp/articles/fba6a3c04329e2ae61757927726d4b8ba93af8bc,3/13(水) 11:32
flix,シネマトゥデイ,『ヴェノム3』正式タイトル発表！公開早まる,https://news.yahoo.co.jp/articles/cdc234e76ebbc5b4f516b281002e9c57904779e3,3/13(水) 10:50
flix,シネマトゥデイ,『ナショナル・トレジャー』第3弾は実現しない…ニコラス・ケイジが明かす,https://news.yahoo.co.jp/articles/3adc442db91613d2dbb84d7711d19ed603c97f82,3/13(水) 10:24
flix,シネマトゥデイ,長澤まさみ主演『パレード』Netflixグローバルトップ10入り！,https://news.yahoo.co.jp/articles/83472c78825807ca79e325d34e02941ae8eefae0,3/13(水) 10:24
flix,シネマトゥデイ,『ザ・バットマン』続編、1年公開延期！,https://news.yahoo.co.jp/articles/c6f63554ac9f360fd1d38b35dd7c293a46a9fb2a,3/13(水) 9:32
flix,シネマトゥデイ,＜ブギウギ第115回あらすじ＞男（水澤紳吾）から再び電話がかかってくる,https://news.yahoo.co.jp/articles/3cf2ffca9ee328761683f7b2c17196db5f16be9f,3/13(水) 8:15
flix,シネマトゥデイ,マイケル・キートン、『モービウス』でバルチャーに何が起きたのか全く理解していなかった,https://news.yahoo.co.jp/articles/9bc1cdf191868c22606216d39f44a6bcc53d7fb9,3/13(水) 8:03
flix,シネマトゥデイ,『マッドマックス：フュリオサ』新イモータン・ジョー役が判明　故ヒュー・キース＝バーンさんから受け継ぐ,https://news.yahoo.co.jp/articles/071ad07e3ec7a4a1f862d85788136a70955432c0,3/13(水) 7:03
flix,シネマトゥデイ,HiHi Jets猪狩蒼弥『先生の白い嘘』で初の映画単独出演　追加キャスト＆主題歌発表,https://news.yahoo.co.jp/articles/e47b9292566e57f7caf0c2cd06e057de10bca8b5,3/13(水) 7:00
flix,シネマトゥデイ,菅田将暉主演『Cloud クラウド』追加キャスト5名発表！全員黒沢組初参加,https://news.yahoo.co.jp/articles/4cbefe32344949fd8f23f3912a90d236111ab7d1,3/13(水) 7:00
flix,シネマトゥデイ,今夜「相棒22」最終回SP後編　事件の黒幕は…右京の動画がカオスをもたらす,https://news.yahoo.co.jp/articles/7ccb4104b57d3dd3bb27b79271d637ba2d53a613,3/13(水) 6:32
flix,シネマトゥデイ,木村拓哉主演「グランメゾン東京」約4年ぶりにSPで復活　鈴木京香、玉森裕太、及川光博、沢村一樹ら再集結,https://news.yahoo.co.jp/articles/ffa6a890087e13b4859a6a740a26539763e7c7b6,3/13(水) 6:00
flix,シネマトゥデイ,『ゴジラ-1.0』山崎貴監督が凱旋会見！「日本映画が変わっていく可能性も…」,https://news.yahoo.co.jp/articles/0ebaa324a8a460e34861e2b6e1b7d17afb447870,3/12(火) 21:40
flix,シネマトゥデイ,アカデミー賞作品賞、なぜノミネート作品を紹介せず発表した？アル・パチーノが説明：第96回アカデミー賞,https://news.yahoo.co.jp/articles/2d014b8899a1872b0c047160d026be1488424c38,3/12(火) 21:03
flix,シネマトゥデイ,全裸でオスカー授賞式登場のジョン・シナ、罰金の可能性もあった　衝撃サプライズの舞台裏：第96回アカデミー賞,https://news.yahoo.co.jp/articles/ec138b139292448e74ac82c8b4c956ee44cc36cf,3/12(火) 19:10
flix,シネマトゥデイ,『カンフー・パンダ4』首位デビュー！『デューン2』は早くも前作超え：全米ボックスオフィス考,https://news.yahoo.co.jp/articles/96e1f89fccea11855771b43f1a699d74012ed32e,3/12(火) 18:18
flix,シネマトゥデイ,仲野太賀、2026年大河ドラマ「豊臣兄弟！」主演！豊臣秀長の下剋上サクセスストーリー,https://news.yahoo.co.jp/articles/70f02e2486ee55be7f7076c8833ad07f85f19417,3/12(火) 17:45
flix,シネマトゥデイ,炎上したエマ・ストーンの受賞時の振る舞い、経緯をミシェル・ヨーが説明：第96回アカデミー賞,https://news.yahoo.co.jp/articles/83b721fc853d741b6fe9fbeda6b1e4839ee46c1a,3/12(火) 12:26
flix,シネマトゥデイ,『オッペンハイマー』ノーラン監督の『メメント』リバイバル上映決定,https://news.yahoo.co.jp/articles/86888640a17e3ebcd9ece45efd1250a4848452ac,3/12(火) 12:00
flix,シネマトゥデイ,『キャプテン・アメリカ』クリス・エヴァンス、26歳新妻とレッドカーペットデビュー！,https://news.yahoo.co.jp/articles/8cb45c53cfe698ed87ccfbd58f7ced6291f23c6d,3/12(火) 11:17
flix,シネマトゥデイ,アカデミー賞視聴者数、3年連続アップ！：第96回アカデミー賞,https://news.yahoo.co.jp/articles/fc4a5f92b7d27117dce8ff3d42c89b1b955a1112,3/12(火) 10:46
flix,シネマトゥデイ,巨匠マイケル・マン最新作『フェラーリ』7月日本公開決定！アダム・ドライヴァーの熱演光る特報映像も,https://news.yahoo.co.jp/articles/9e4d556912a29af5987e536c9d69a715973e61dc,3/12(火) 10:00
flix,シネマトゥデイ,＜ブギウギ第114回あらすじ＞愛子（このか）が見つからない,https://news.yahoo.co.jp/articles/d6e887e3ae3e23dd890c2521d215e03aa27d0cba,3/12(火) 8:15
flix,シネマトゥデイ,杉咲花主演『朽ちないサクラ』、萩原利久ら新キャスト＆キャラビジュアル公開！,https://news.yahoo.co.jp/articles/f697b11e1099e64a62254e913bb4767d5f905adf,3/12(火) 8:00
flix,シネマトゥデイ,「ONE PIECE」きただにひろし＆大槻マキ、歌うことは天職　初代主題歌コンビの飽くなき向上心,https://news.yahoo.co.jp/articles/512b5783ff7005fa8b2a667a36f5583879c95de4,3/12(火) 7:10
