media_en,title_articles,link_articles,date_original
tuliptv,【台風情報】台風12号に続く「台風13号」が24時間以内に発生か…北東に進み7日朝には伊豆諸島近海に,https://news.yahoo.co.jp/articles/7fdd411117443538eb835ecfadb07c922fbce427,9/4(月) 11:09
tuliptv,“ありのまま”で“あるがまま”の作品ずらり　生きづらさも制作の情熱に　富山,https://news.yahoo.co.jp/articles/da9064b93c5530e2edd3a0756620ac3ad94c20a1,9/3(日) 17:59
tuliptv,4日は“どんより”した一日になる見込み…一方で33℃予想と厳しい残暑続く　富山,https://news.yahoo.co.jp/articles/04826965cc08b194cb5c366502159fa4e607afbb,9/3(日) 17:59
tuliptv,3.7キロ沖合で航行不能に…プレジャーボートに乗った親子救助へ海保出動　原因は“ゴミ”　富山,https://news.yahoo.co.jp/articles/b201ab9bcc5f6190c034554e31e0990a3d5ec404,9/3(日) 16:41
tuliptv,梨のシーズン真っ盛り!富山特産・呉羽梨の「豊水」出荷始まる,https://news.yahoo.co.jp/articles/2fb12231525764b7c011952177567d00fe1bba98,9/3(日) 15:48
tuliptv,10代から60代の女性3人が被害　暴行疑いでロシア人の男（41）を逮捕　容疑を否認　富山・射水,https://news.yahoo.co.jp/articles/411af06772920c722bc5182da38ac881ae3f7c26,9/3(日) 15:24
tuliptv,おわら風の盆　陽が沈んだ“坂の町”に哀調の音色響く　富山,https://news.yahoo.co.jp/articles/d59bcae4048ed5093f5dc81c2be09247daa2c75f,9/3(日) 13:02
tuliptv,「今シーズは質が高い」ベニズワイガニ漁が解禁!最高級ブランドは「高志の紅ガニ」,https://news.yahoo.co.jp/articles/3b50485eb0a24e8ff5248fe1368ca70ff08b95f1,9/3(日) 12:44
tuliptv,富山空港の国際線　上海便が運航再開する一方、大連便は運休延長,https://news.yahoo.co.jp/articles/2738b1daef6557601afb4e696a1dc713d498611c,9/3(日) 11:59
tuliptv,富山で33℃・高岡で32℃の予想最高気温　一方、夜のはじめ頃にかけては雨も,https://news.yahoo.co.jp/articles/0c6b89c0a137b6ec558467afead95b4b23176337,9/3(日) 11:57
tuliptv,毎日の “犬の散歩” 炎天下では注意…9月になってもこの暑さ!季節は秋でも熱中症のおそれ,https://news.yahoo.co.jp/articles/d1a07668e9384bf43ecfc26577252c0715e6600b,9/1(金) 22:17
tuliptv,「2」がない!ガソリン200円表示できない…燃料高騰でガソリンスタンドの悩み,https://news.yahoo.co.jp/articles/3d0c6c0345ad98b29194dc965d64adc07d10e5bc,9/1(金) 19:57
tuliptv,シェイクアウト訓練 関東大震災から100年 地震から身を守るダンゴムシのポーズ,https://news.yahoo.co.jp/articles/02c94eace8d616e72f3b5bfc4e13813543faff77,9/1(金) 19:51
tuliptv,海に転落した女性を助けた2人に感謝状　富山,https://news.yahoo.co.jp/articles/55650fd90c71e49c2e0cb718314efa4fe7309380,9/1(金) 19:24
tuliptv,パワースポット日本三霊山 富士山・立山・白山で3県が地域連携しを企画,https://news.yahoo.co.jp/articles/e6b22c8b1fd4a0cfcf865ef3efaabac497b32980,9/1(金) 19:03
tuliptv,おわら風の盆はじまる　坂の町に胡弓の調べ　優美で涼しげな浴衣で踊る　富山,https://news.yahoo.co.jp/articles/aa8220377ef527ca292a3c0370b99151c0101318,9/1(金) 17:11
tuliptv,「学校でなんとなく学ぶだけでは足りない…」幼児期からの性教育を　園児の保護者らが講座,https://news.yahoo.co.jp/articles/a3b7993fbc09541504e8b7e20646858bad16b023,8/31(木) 20:57
tuliptv,危険な暑さ続く…高岡で38.1℃で今夏最高を観測　8月の平均気温30℃超　富山,https://news.yahoo.co.jp/articles/47bcb1a8d2b422aedb98482f387ca55480cce52a,8/31(木) 20:46
tuliptv,工事用ルート施設を一般開放「黒部宇奈月キャニオンルートツアー」来年6月30日開始,https://news.yahoo.co.jp/articles/2ee768fb2cd4644c3c79c5a9e85c3c1761add8ff,8/31(木) 20:42
tuliptv,“かえるクン”の小学生最後の夏…発見いっぱい!好きなことに全力投球で研究成果も,https://news.yahoo.co.jp/articles/d5a60fb0868e14eb499e4e3bb247dd437065daf4,8/31(木) 20:21
tuliptv,名義貸しトラブルで「裁判になる」80代女性が約5000万円だまし取られる　富山・高岡,https://news.yahoo.co.jp/articles/17f79535c1102ec512b3760d1aa2a49a3a0d7108,8/31(木) 15:28
tuliptv,焼肉・うなぎは間違いだった?夏バテに本当に効くメニューは意外にも…,https://news.yahoo.co.jp/articles/470744e42b0f6abc9f164980c3bb06fbd0d96eec,8/31(木) 15:14
tuliptv,集合住宅の階段で倒れている72歳男性 死亡を確認　警察が詳しい状況を調査中　富山,https://news.yahoo.co.jp/articles/c95e3b6ba5e7ae8bdb4a4494b002348ba36f0a02,8/30(水) 21:36
tuliptv,15年ぶり最高値更新レギュラー190円超えるところも ガソリン価格高騰に悲鳴 富山,https://news.yahoo.co.jp/articles/65c58f0e7470d63333c94eca1d03204db4fbe733,8/30(水) 21:17
tuliptv,将来の資産に大きな差が…新NISAって知ってますか?開始まで4か月、街で聞いてみると…,https://news.yahoo.co.jp/articles/657ceeb8c0769f65b97630928eb29f068b368984,8/30(水) 20:54
tuliptv,2歳男児の用水路転落死亡事故をうけ　転落防止呼びかける看板を設置　用水路の安全対策に着手,https://news.yahoo.co.jp/articles/22a7a686b26a808ace600cf326ca40c5549b1315,8/30(水) 20:08
tuliptv,北アルプス・五色ケ原に向かう登山道で京都市の60歳女性が転倒　左足首を骨折,https://news.yahoo.co.jp/articles/f32593e43905fbd4e09f1d3de4819d61b99e304b,8/30(水) 19:54
tuliptv,地銀が関わる国内最大級の太陽光発電所　年間1600トンの二酸化炭素を削減へ　富山,https://news.yahoo.co.jp/articles/f7c18609653a71e6c6830cfb2e4bf9ee642e7916,8/30(水) 19:46
tuliptv,20代女性の自宅に押しかけ、メール連続送信などストーカー行為か　23歳大学生の男を逮捕,https://news.yahoo.co.jp/articles/ea03a5922486aa9c999c0c4212638c7f618379ff,8/30(水) 19:09
tuliptv,美容師の終身雇用掲げて最大25店舗を展開　美容室「ロルドコミュニケーションズ」破産手続き開始　負債総額は約13億5000万円,https://news.yahoo.co.jp/articles/898294ed469d163b908fdd713a1f51323d2a72e4,8/30(水) 18:38
tuliptv,9月に電気料金下がるも…10月にまた値上がり　政府の補助金半減のため　北陸電力,https://news.yahoo.co.jp/articles/050f56acc4ebf647e10a4d8cbca98bfe02e39e29,8/30(水) 18:34
tuliptv,首を骨折 山林で窃盗事件の証拠品を捜索中 警察官10メートル崖下に転落 死亡 富山,https://news.yahoo.co.jp/articles/9617394fc5828925a78988a0f3c9b73ac2fb396b,8/30(水) 18:14
tuliptv,北陸新幹線 東京-福井間は最速2時間51分に　金沢-敦賀間 来年3月16日開業,https://news.yahoo.co.jp/articles/5c736cb8e5a41e07c9739a0db5b4231a7405450f,8/30(水) 17:18
tuliptv,山林で捜査活動中の警察官が崖下に滑落し死亡　富山,https://news.yahoo.co.jp/articles/d6418a3fc8f4ee2aa417242914ce2fe1f6815ff3,8/30(水) 17:08
tuliptv,富山県の特設サイト「ウェルビーイング・チェック」利用者3000人突破,https://news.yahoo.co.jp/articles/9a5b75dcf395c9c0f8444441f851c300d12d4845,8/30(水) 13:16
tuliptv,猛暑日の予想も午後から所によっては雷雨の見込み　モミジわずかに色づき 街なかで季節の変化　富山,https://news.yahoo.co.jp/articles/d96edade45bb7ca65abb98df9c9507dab650cf20,8/30(水) 12:56
tuliptv,小矢部市と商業施設が協定を締結　大雨・大雪の際の緊急待避所を確保,https://news.yahoo.co.jp/articles/6676b51e1774b39ae0fb2fbdc165ebd2bece01b1,8/29(火) 20:46
tuliptv,「一刻も早く日中関係の改善を…」地域の観光産業に影響も　原発処理水の放出めぐる日中関係の悪化で,https://news.yahoo.co.jp/articles/b64957efdb9151af6dedda8dcbe6f6d1dc1b3a03,8/29(火) 20:06
tuliptv,ミスの起きづらい仕組みつくること…情報漏えい今年度4件で富山市が職員研修会,https://news.yahoo.co.jp/articles/8bd861d20f9b335b50d789e47ab12ff19b669121,8/29(火) 19:42
tuliptv,事件への関与隠すためか…19歳大学生ひき逃げ死亡事件　下取りに出した車から “血液” 検出　DNA鑑定で被害者のものと判明,https://news.yahoo.co.jp/articles/dcc8b924b7d823815135367424ff1b0a662ee1f7,8/29(火) 19:34
tuliptv,「台風11号」9月1日頃に沖縄接近…「台風10号」温帯低気圧に変わる…「台風9号」はフィリピン付近を西に進む【雨と風の動きシミュレーション】,https://news.yahoo.co.jp/articles/b76473e2169e7add1bb47645e46e29db988163c4,8/29(火) 19:08
tuliptv,コロナ禍で減った「がん検診」をPR　早期発見・早期治療 呼びかけ　富山,https://news.yahoo.co.jp/articles/7e71d27e6b67f61b887df6633ea7a98bc98154b0,8/29(火) 13:09
tuliptv,容疑者の車から被害者の“血液” DNA鑑定で一致　19歳男子大学生死亡ひき逃げ事件,https://news.yahoo.co.jp/articles/aaa73db9a6ccd06a98f59b3b10ff176bfb5df8d2,8/29(火) 13:03
tuliptv,バスケW杯　世界大会で17年ぶりの歴史的勝利に馬場が号泣,https://news.yahoo.co.jp/articles/6c5fa239bac14342cdcfbc50323393ededbe110e,8/28(月) 21:27
tuliptv,格闘技5刀流の中学生 堀田みず希選手ボクシング全国大会3連覇　受験勉強をしながら練習続ける  富山,https://news.yahoo.co.jp/articles/4759126895a909d847e63574c7278c288a298265,8/28(月) 21:13
tuliptv,駅北にスケボーの拠点　東京五輪メダリスト中山楓奈選手監修　難しい技も練習できるパークに　富山,https://news.yahoo.co.jp/articles/cc1b303ee4f10f5b21f22fe633cf0bae9f8478de,8/28(月) 21:01
tuliptv,車買い替え「今は言いたくない」大学生ひき逃げ死亡事件で69歳の男を逮捕 下取りに出した車に事故の形跡 富山,https://news.yahoo.co.jp/articles/ced295cb67fef1d0de86e6aa16e74851076658d6,8/28(月) 20:54
tuliptv,電気・ガス来月値下がり 燃料費の価格低下と補助金が影響 秋以降は国の対応次第で再び値上がりも富山,https://news.yahoo.co.jp/articles/1a3c93eda7d0abebcddd98f9da44fbfc948eae0b,8/28(月) 20:48
tuliptv,朝乃山 握手会に質問コーナーに…巡業ならでは表情に大盛況　大相撲氷見場所,https://news.yahoo.co.jp/articles/1fb3ff6ba8db9c0fc36011091876bc78557b0e45,8/28(月) 20:42
tuliptv,2学期スタート 蒸し暑い体育館では時間を短縮し10分間の始業式 富山市,https://news.yahoo.co.jp/articles/a1ab0608e586a0954fa9700ea9d0112018a69d09,8/28(月) 20:06
tuliptv,年金の還付金をかたる詐偽相次ぐ 富山で27件 60代の女性が136万円の被害,https://news.yahoo.co.jp/articles/e56e079435da55d949b4c5348ffd69545f07c122,8/28(月) 17:21
tuliptv,子どもたちが元気に登校　富山県内6市町で2学期スタート,https://news.yahoo.co.jp/articles/4c20dc09811f0d086499ff579abead4d8f1ade44,8/28(月) 13:08
tuliptv,「多くの人が動いてくれて感謝している」19歳大学生死亡ひき逃げ事件　死亡した大学生の父親語る　69歳の容疑者逮捕で,https://news.yahoo.co.jp/articles/374045fc0aa364379e84e5dcf9c90fa7d9dfd26f,8/27(日) 22:54
tuliptv,「今は言いたくありません」19歳大学生死亡ひき逃げ事件　69歳アルバイト店員の男を逮捕　事故車両から容疑者を特定　富山,https://news.yahoo.co.jp/articles/1a16dcfee8e0277059e7c540ba2c590c566aab03,8/27(日) 21:46
tuliptv,「屋根から炎」落雷が原因か…富山市で火災相次ぐ　27日夜も注意・警戒を,https://news.yahoo.co.jp/articles/04d04ce3e2744b76a4b3bb623a1e5cd15551d293,8/27(日) 18:08
tuliptv,4500人超の大歓声!大相撲氷見場所　朝乃山に沸く,https://news.yahoo.co.jp/articles/81fe8c7c44640188c56488961cc1d965666e2aef,8/27(日) 18:06
tuliptv,地元に凱旋した朝乃山「皆さんに元気を与える巡業にしたい」氷見場所に意気込み,https://news.yahoo.co.jp/articles/e7d4d1f51d5f79edb7bd0fee7e402a7f92143973,8/27(日) 12:24
tuliptv,鳴りやまない雷鳴　富山市で1時間降水量の観測史上最大を記録　27日夜はじめ頃も雷雨か,https://news.yahoo.co.jp/articles/cf11e3494376a179a4717685686b91012a687921,8/27(日) 12:22
tuliptv,富山維新の会・上野蛍氏「勝手にコメントできる状況ではない」　事務所の賃貸契約書書き換え問題などめぐり,https://news.yahoo.co.jp/articles/9a86bf26c39e8c6c91795e8c17045d26232c8409,8/27(日) 11:03
tuliptv,19歳大学生が死亡したひき逃げ事件　県警本部長が「出頭していただきたい」と犯人によびかけ　富山,https://news.yahoo.co.jp/articles/5d1ffaa951047ec667243dad73026fb15d312339,8/27(日) 10:38
tuliptv,26日も熱中症警戒アラート午後からは雷雨にも注意 富山,https://news.yahoo.co.jp/articles/d22484dd91fbc3ecf0ee0a543332d4de7be6554f,8/26(土) 12:46
tuliptv,東京五輪メダリスト中山楓奈選手監修のスケートパークが富山駅北に完成,https://news.yahoo.co.jp/articles/dcda9ed1b6bc07bb575289052e595d2efa106613,8/26(土) 12:39
tuliptv,優れた映像作品を選ぶ　富映協映像コンテスト2023　4部門16作品から各部門の優秀賞選ぶ,https://news.yahoo.co.jp/articles/4a2a3c4a23a767d37195d3cc583c2beb4b97c302,8/25(金) 21:02
tuliptv,子どものおもちゃ代を減らすには…「赤ちゃん物価指数」高騰に対抗!,https://news.yahoo.co.jp/articles/fa19ce0d3255b61ae7cb04fd8449a0682173473a,8/25(金) 20:16
tuliptv,北アルプス立山 ソーメン滝が突然消えた!標高2300メートルで起きたナゾ…,https://news.yahoo.co.jp/articles/2bbf7cab858d79fb420dde0fae0207d72908a1e3,8/25(金) 19:44
tuliptv,足を切断しても「やりたいことがありすぎて」義足でトライアスロンに挑戦する41歳の哲学　富山,https://news.yahoo.co.jp/articles/656f53b9bf31ca9bc0a03fccb7aafcce0b575514,8/25(金) 19:36
tuliptv,小中学生の生徒数 15年連続で過去最少を更新　高校生も6年連続で減少　富山,https://news.yahoo.co.jp/articles/7e4ee3c5de966ea7b7f91c4c8033bccdf4df9b82,8/25(金) 13:44
tuliptv,横断歩道を歩いていた80歳女性　車にはねられ重体　富山・魚津市,https://news.yahoo.co.jp/articles/5133a3e2c9e4dd1eae02cd96bd1e9ca5ed95241e,8/25(金) 13:41
tuliptv,近所の住宅に侵入し財布と小銭入れを盗んだ疑い　61歳の男を逮捕　財布については容疑否認　富山,https://news.yahoo.co.jp/articles/222ca1757447c4549b432e3bb61a21d6021b126b,8/25(金) 13:03
tuliptv,落石にあたり55歳男性が首の骨など折る重傷　落石防止用金網の交換作業中　富山・黒部,https://news.yahoo.co.jp/articles/935bd1c64f15537aa06b5babbf7f8800b26cabc6,8/25(金) 12:29
tuliptv,国宝の“伝説”が暑さに負けた!?「涸れない池」が干上がりそう…ガイドも困惑　富山・高岡市,https://news.yahoo.co.jp/articles/743af1ca5a6a6d16028477c9d608183a9f8af3af,8/24(木) 21:53
tuliptv,「龍が雲を呼んで雨を降らしてほしい…」国宝に伝わる七不思議「涸れない池」が干上がる　連日の猛暑が影響か?富山・高岡市,https://news.yahoo.co.jp/articles/2f55fcf8ec2d4cf4bc34d5f2b04900935ec07098,8/24(木) 21:53
tuliptv,原発処理水は富山にも影響 シロエビ・ホタルイカを輸出 中国輸入禁止に漁業関係者「外交的圧力だ」,https://news.yahoo.co.jp/articles/84bffeae2e138cf4e46ead561032e1ff14703eca,8/24(木) 19:53
tuliptv,SNSで勧められ60代男性　投資詐欺で計2100万円の被害に　富山,https://news.yahoo.co.jp/articles/edcee66a0c175a4666d9ed192dcbfbe95041515b,8/24(木) 19:34
tuliptv,酷暑と雨不足で川の水が枯れた…　急流で有名な早月川が1か月以上「水位ゼロ」 富山,https://news.yahoo.co.jp/articles/30e17e0e16d79f30bcca8c221c2d0c5abf0f8c93,8/24(木) 19:19
tuliptv,猛暑日最多記録の更新続き7人が熱中症 あすも同じ暑さの予想 突風・竜巻にも注意 富山,https://news.yahoo.co.jp/articles/98d5e06c95efe07686998ff9648465d968d52cd0,8/24(木) 19:14
tuliptv,富山米の早生品種「てんたかく」初検査ですべて1等でも…主力「コシヒカリ」は白未熟粒を懸念　富山・砺波,https://news.yahoo.co.jp/articles/0b26af23e5027f1523ccfa3090ef911c31ab71b6,8/24(木) 19:11
tuliptv,牛が熱中症で死ぬ深刻な暑さ　対策に励む酪農家は赤字転落「日本酪農史の史上最大の危機」と悲鳴　 富山,https://news.yahoo.co.jp/articles/5a1786e72e9170c487b587f7e4eaead67a90dbb4,8/24(木) 18:54
tuliptv,猛暑最多日数の更新続く 富山で37度と残暑厳しい予想,https://news.yahoo.co.jp/articles/ff04521a66156906bf0681486e0fb48319d4f416,8/24(木) 12:56
tuliptv,富山県内のガソリン価格 平均185.8円　10週連続の値上がり,https://news.yahoo.co.jp/articles/9bc6da7637759f4b43a7ff719a3ab7f063ce893c,8/23(水) 18:17
tuliptv,午前中からすでに猛暑日　午後はさらに暑くなる見込み　こまめな水分補給など熱中症対策を　富山,https://news.yahoo.co.jp/articles/a49e1f37bc211b17dbfdf7ab2edd32254869f174,8/23(水) 12:59
tuliptv,ジュノンボーイ目指す15歳!ボクシングとおにぎりで猛アピール!イケメン高校生の素顔…,https://news.yahoo.co.jp/articles/261ade241cb38f4427a4c87631e403fb735e5c2a,8/22(火) 21:03
tuliptv,ビジネスジェットツアーで海外の富裕層観光客を富山に誘致　酒蔵とグルメ人気で来年から本格化,https://news.yahoo.co.jp/articles/c2c0271389dd209fe21c1dfee9880f59b2ce9ffb,8/22(火) 20:24
tuliptv,維新上野蛍氏 去年の参院選で複数選挙事務所疑惑　契約書の書き換え認める 富山,https://news.yahoo.co.jp/articles/8fc871f2e0dfbe93292ee111dded6cf74451f5e2,8/22(火) 20:14
tuliptv,原発処理水の海洋放出決定を受け新田知事「福島だけの問題ではない」風評被害への対応求める　富山,https://news.yahoo.co.jp/articles/4025d1fc2420a4639d218f2e70dd428a41a77dba,8/22(火) 19:53
tuliptv,八村塁出身中学の後輩 高田将吾選手がバスケU18日本代表選出 強豪高校2年でエースナンバー  オリンピック出場目指す,https://news.yahoo.co.jp/articles/c32c6263f2498ea7fe49069f351e1944457754e2,8/22(火) 19:34
tuliptv,「何してるんですか」ドラッグストア店長の声かけに逃げ出した64歳女　総菜パンの万引き疑いで現行犯逮捕　富山・南砺,https://news.yahoo.co.jp/articles/dbd260a5373269960087fa1f9ef40d36a5d18d32,8/22(火) 16:23
tuliptv,北アルプスの登山道で63歳女性が転倒　右足の骨を折る重傷 消防防災ヘリで救助,https://news.yahoo.co.jp/articles/5b642ba8eade6d1668dc1172b8d8e5aef07dd175,8/21(月) 23:14
tuliptv,それぞれが思い描く「たからもの」でいっぱいに!　廃校の教室を彩る「黒板アート」,https://news.yahoo.co.jp/articles/d538b5ec0aba250dd8d7829a7a145026b475053d,8/21(月) 21:42
tuliptv,「早く犯人が見つかってほしい…」19歳大学生死亡ひき逃げ事件　あおむけに倒れた状態ではねられたか　富山,https://news.yahoo.co.jp/articles/b816632f4bf1f32985dddc0db16b155c63a11bf9,8/21(月) 21:14
tuliptv,1本の丸太が芸術作品に…世界の彫刻家が集結!10日間の制作過程を公開　富山・南砺市,https://news.yahoo.co.jp/articles/a62d296948f56a590ce14c819c1fbe22e03b6d76,8/21(月) 20:34
tuliptv,着水時は時速85キロ!3秒間に宙返り3回転 ひねり2回　ハイダイバー荒田恭兵選手…断崖絶壁で技極める,https://news.yahoo.co.jp/articles/b4513220b935d23d48da0469813679ada9ed887a,8/21(月) 20:14
tuliptv,車検切れで2066キロ走行も　公用車2台 期限切れたまま約2か月から3か月使用　富山市,https://news.yahoo.co.jp/articles/7cf2bc6a9bb74d96c7ad03b384bd6881aea0559b,8/21(月) 18:57
tuliptv,置き忘れの財布とスマホ盗んだ疑い　48歳会社員の男を逮捕　富山・立山町,https://news.yahoo.co.jp/articles/6c91b2e0527afb9718dec9c7332779478a02a047,8/21(月) 15:08
tuliptv,「友達にあえてうれしい」一足早い始業式　小中一貫の義務教育学校　富山・南砺市,https://news.yahoo.co.jp/articles/77cd2bc7dfb47798bcbee29739bd129ff42823e0,8/21(月) 13:23
tuliptv,北アルプス剱岳 下山中に50メートル滑落　50歳女性 肋骨など折る重傷　富山・上市町,https://news.yahoo.co.jp/articles/0c6d8c88d10fa06ae2dc5ccdd5e26b1bcb5ba4a3,8/21(月) 11:16
tuliptv,厳しい残暑　富山市の八尾で今年17日目の猛暑日　最多更新,https://news.yahoo.co.jp/articles/e34674822b5531943149d82cd47b8afe2b2d13ec,8/20(日) 17:27
tuliptv,「何事にもチャレンジ!」子どもたちがトップアスリートからスポーツの楽しさを学ぶ,https://news.yahoo.co.jp/articles/a1a901089d685308a6cc238dd1f044e79d7ce385,8/20(日) 17:21
tuliptv,閉校決まった小学校でアートな思い出を残そう!,https://news.yahoo.co.jp/articles/d2af228001ae9f7e65822664fbf35388d102f31c,8/20(日) 14:03
tuliptv,消防車と綱引き　子どもたち何人で引けるかな?,https://news.yahoo.co.jp/articles/4e5872be2fd4db6a886792a875c55c1df568170d,8/20(日) 13:39
tuliptv,ジャンルも世代も超えた多様な表現 富山県内作家の意欲作一堂に ビエンナーレ25日まで,https://news.yahoo.co.jp/articles/5d91a650139ae5f6461502db4d2f639ab98f77f6,8/19(土) 19:27
tuliptv,今年の富山市の猛暑日22日間 年間最多タイに 19日も37℃超え,https://news.yahoo.co.jp/articles/7c745c9352bff5553e857f366f89d8152a347181,8/19(土) 19:21
tuliptv,夏休みに「ますのすし」作りに挑戦!オリジナルパッケージで世界に一つだけ,https://news.yahoo.co.jp/articles/a282f948a049a808f3c9022535ca9e2cc902f5c7,8/19(土) 19:18
tuliptv,姉「なぜ弟が巻き込まれたのか…犯人早くつかまってほしい」男子大学生（19）死亡ひき逃げ事件 実家帰省中に,https://news.yahoo.co.jp/articles/e21daa8dd9e731fd109797095833148e0225418f,8/19(土) 11:44
tuliptv,夜の住宅街でひき逃げ事件　死亡の男性は19歳大学生と判明　富山市の実家に帰省中,https://news.yahoo.co.jp/articles/67f5d7a5ce81bd3e1aa7b4cb039ec16681afb189,8/19(土) 7:08
tuliptv,負けはしたけど甲子園のスーパープレーでトレンド入り　富山商業 激闘振り返る 富山,https://news.yahoo.co.jp/articles/ab67ae0ed9d926dd18eec1f0059788b721264441,8/18(金) 19:49
tuliptv,「道路の真ん中は車、はじっこ歩けば用水路が…」歩行者の曲がり方に注意!相次ぐ転落事故で一斉点検スタート　富山,https://news.yahoo.co.jp/articles/b9aca4720bb04ac0739d8272f5158f56e56f79e7,8/18(金) 19:44
tuliptv,住宅街の路上で血を流した男性が死亡 警察はひき逃事件として捜査本部を設置 富山,https://news.yahoo.co.jp/articles/3c84812eda45385411ae439b13555d4b6d38854b,8/18(金) 19:44
tuliptv,オウム真理教弁護士一家殺害から34年 事件の風化防ごうと都子さん友人8年ぶりに慰霊弔う 富山・魚津市,https://news.yahoo.co.jp/articles/1037b9a9abb6965a72f73a2c18f6616ed6aed58b,8/18(金) 19:09
tuliptv,「完全にキレたね」「職場まで行くぞ」40代女性に対するストーカー行為の疑いで51歳の男を逮捕　富山,https://news.yahoo.co.jp/articles/da59113f0be4473e853463fa2692e5827dd27d88,8/18(金) 19:08
tuliptv,お盆期間の新幹線はコロナ前の9割に 立山黒部アルペンルートもインバウンド回復 富山,https://news.yahoo.co.jp/articles/6fcdb21d7bb719b3bfdc5ec002fa71607af9e80d,8/18(金) 19:02
tuliptv,北陸新幹線 軽井沢-上田駅間　停電で一時運転見合わせ 10分後に運転再開,https://news.yahoo.co.jp/articles/5ff0d1578c20da47d51353e9e56cceb549de388b,8/18(金) 14:57
tuliptv,沸騰している豆乳をあびてやけど 82歳の女性重傷　豆乳を沸騰中に窯のふたがあいたか　富山・南砺市,https://news.yahoo.co.jp/articles/c6f8b0805e208769d77ad7a195b96d75f24360d2,8/18(金) 14:36
tuliptv,観光名所の雨晴付近を走っていた列車と接触 氷見線で女性死亡 富山,https://news.yahoo.co.jp/articles/b72a2eab77ce6709596a220538034f3034cde411,8/18(金) 13:08
tuliptv,顔と首がつぶれた状態で発見  富山市の住宅街の道路でひき逃げか 富山,https://news.yahoo.co.jp/articles/8797812a8e769b0212f4c0d13b0c53763d7d15d0,8/18(金) 12:27
tuliptv,40代女性にSNSで画像送信…「職場まで行くぞ」のメッセージも　51歳の男をストーカー行為等の疑いで逮捕,https://news.yahoo.co.jp/articles/a9c0fc11dd350516221bda37c839dd17a243b83a,8/18(金) 11:46
tuliptv,「菌がうじゃうじゃで…びっくりした」子どもたちが口内細菌を観察　小児歯科医院で夏休みの自由研究,https://news.yahoo.co.jp/articles/2a1ec7efbb5a480752a577d67bd46f972567c116,8/17(木) 20:44
tuliptv,「取り組みはそんなに強くしてこなかった」富山県のふるさと納税　寄付額全国最下位で新田知事,https://news.yahoo.co.jp/articles/800c50bbf6599182138a13e44dea56323f239173,8/17(木) 20:42
tuliptv,過去最高の海面水温で漁業への影響は?来月解禁のベニズワイガニは?富山湾の8月の水温30.38℃,https://news.yahoo.co.jp/articles/1e2da2c998b46ed28d3247cc208c85147666db60,8/17(木) 20:39
tuliptv,秋の味覚サンマ…20日の解禁に向けて出港　深刻な不漁で今年も低水準か,https://news.yahoo.co.jp/articles/b65452378104079f07b9d8065f49910dd7c6b184,8/17(木) 20:32
tuliptv,5秒で「92×98」解けますか? “九九”知らなくても解ける?2ケタ掛け算のいろんな計算方法,https://news.yahoo.co.jp/articles/21d6d4174e035baf1e18821f3af8d3bfd25eea4d,8/17(木) 20:24
tuliptv,最恐スズメバチに挑む!依頼殺到の「ハチバスター」駆除の現場に密着した…,https://news.yahoo.co.jp/articles/5ee6c512158e151699245ca7c22bbe3655b95c5c,8/17(木) 19:54
tuliptv,バスケ日本代表 馬場雄大選手　順調な仕上がり ワールドカップまで9日,https://news.yahoo.co.jp/articles/d85697b66f82a0e08896c0838a4043c07eaf76a4,8/17(木) 18:24
tuliptv,昼過ぎから下り坂　湿った空気の影響受け午後は雷雨の予想も　富山,https://news.yahoo.co.jp/articles/66065c99f8307c017507ade2fe93a65946e255cd,8/17(木) 13:09
tuliptv,4720戸が一時停電 射水市と高岡市　約1時間半後に復旧　富山,https://news.yahoo.co.jp/articles/5e1b455f6c03c3b2b91ed02f68ad7bf384f9aa2e,8/17(木) 13:04
tuliptv,モダンな色使いで花々を描く　日本画家・福井江太郎さんの個展　富山大和,https://news.yahoo.co.jp/articles/f099d6797fa8d982b64908f8c04e999f2c869d67,8/17(木) 12:53
tuliptv,「医師には“心因性”と言われたけど」新型コロナワクチン後遺症ではないのか…体調不良に悩む30代女性,https://news.yahoo.co.jp/articles/0bb8dedfb46591fe3a0b90f13b1425f4cdc62134,8/17(木) 12:32
tuliptv,伝統工芸に触れたり物理を楽しく学んだり!夏休みも10日あまり…今からできる!自由研究アイディア集　富山,https://news.yahoo.co.jp/articles/99979bd1ae77f73908ae1ea9d0dba078ff0ca94c,8/16(水) 21:26
tuliptv,目出し帽にカッターナイフの男が助手席に侵入!40代女性から現金奪い逃走し　富山,https://news.yahoo.co.jp/articles/13f6dda07bec1c05759e1891f7e39210c1ed098f,8/16(水) 21:18
tuliptv,啓翁桜の里がピンチ!豪雨被害から1か月でも現地はそのまま…復旧のめどは立つのか?富山,https://news.yahoo.co.jp/articles/04708c729803b2b9dd0390f3370f28ab9dc01afd,8/16(水) 20:36
tuliptv,エアコンを消す?つけっぱなし?温度設定は?暑い夜を乗り切る快眠法とは,https://news.yahoo.co.jp/articles/3673fa601c5845fb23d870957d89d7973c332c02,8/16(水) 20:16
tuliptv,自然公園内の車に73歳男性の遺体　上半身裸で死後数日経過か　車内には生活用品も　富山・黒部市,https://news.yahoo.co.jp/articles/579e9f794a0e61a31e658ae87c741323bc3afaf6,8/16(水) 19:54
tuliptv,富山市出身のバスケ馬場雄大　W杯前の強化試合で躍動10得点で勝利に貢献　富山,https://news.yahoo.co.jp/articles/ffc845338706029e08eed1c3e67ba012eb172c7d,8/16(水) 17:32
tuliptv,台風7号は日本海を北上　フェーン現象で蒸し暑く曇りの一日　富山,https://news.yahoo.co.jp/articles/a478987207b08e323a7ab78b14e270d65ddee20e,8/16(水) 13:12
tuliptv,「動いたら刺すぞ」未明の駐車場でカッターナイフ突きつけ現金奪う　強盗の疑いで逃げた男の行方を捜査　富山,https://news.yahoo.co.jp/articles/46927dff67527bcf6a8b5d881fdeda5b20aa95b1,8/16(水) 12:46
tuliptv,台風7号16日未明 富山に接近　強風に注意　交通機関にも影響　富山,https://news.yahoo.co.jp/articles/eb055b0f7d508df24fba01fb9604e56c9ec33de0,8/15(火) 21:51
tuliptv,戦争の記憶 次の世代へ　終戦から78年 戦没者悼む　富山県戦没者追悼式【戦争の記憶とやま】,https://news.yahoo.co.jp/articles/05df3a7c933863777e2e963de6e1849521c1993b,8/15(火) 21:36
tuliptv,「いっぱいいるよ!」川魚のつかみどり大会　子どもたちでにぎわう　富山・入善町,https://news.yahoo.co.jp/articles/8e5bb1cb42e98b61f87b8e42dfa67e5610f4a937,8/15(火) 21:11
tuliptv,母から子へ思いをつなぐ朗読劇　戦争の悲惨さ「知るべきこと、考えること」富山大空襲を語り継ぐ【戦争の記憶とやま】,https://news.yahoo.co.jp/articles/00eaeae73fa7f3ccd59a667b9a05070289825ec7,8/15(火) 20:32
tuliptv,「そーっとしとるより 仕方ありません」爪あと残るなか台風7号へ備え　大雨被災地は不安の声　富山・南砺市,https://news.yahoo.co.jp/articles/9316113d38fb627924870e9e1cacc7d939e243e3,8/15(火) 19:46
tuliptv,親子のクマ3頭を駆除…北アルプス薬師岳登山口　相次ぐ目撃情報や人身被害を受け,https://news.yahoo.co.jp/articles/5b3948528d3bdc50f22bd5f23b010eeba52a3101,8/15(火) 18:38
tuliptv,「あなたは年金を多く払い過ぎている…」60代女性 約147万円だまし取られる　自宅の電話に年金機構のサカモト名乗る男,https://news.yahoo.co.jp/articles/23395bfdde305a8c9ecee023a96d04e9eb6d3e3c,8/15(火) 18:02
tuliptv,「気～付けられや!」富山弁を駆使…特殊詐欺の被害防止で県警オリジナルソング「だまされんちゃ!」,https://news.yahoo.co.jp/articles/e8adfd9a704c8b37b0058355e9ddd273426866a6,8/15(火) 13:27
tuliptv,「エモすぎる…」懐かしの「急行立山号」が富山で1日限定復活 鉄道ファン沸く,https://news.yahoo.co.jp/articles/1a1148f262c16ff16cb0170108a779e6e689b8ce,8/14(月) 20:12
tuliptv,富山市の農道で亡くなった男性　死因は熱中症　富山,https://news.yahoo.co.jp/articles/e9ceda0703426a3a10c0f3f5436d146488c0fb6e,8/14(月) 20:03
tuliptv,キャリアわずか1年半で日本代表　富山県立砺波高校の宮川侑大選手　ラグビーU17代表　富山,https://news.yahoo.co.jp/articles/524bffd9f38f1fc0ec3e6f724443c3e59be7df54,8/14(月) 20:02
tuliptv,サンダーバードなど計画運休　富山駅はUターンラッシュ　早めの帰省　富山,https://news.yahoo.co.jp/articles/ef0450ff031e6aad40aef555aef26362a75ebf00,8/14(月) 19:51
tuliptv,ノロノロ台風7号　15日夜から富山県内最接近　フェーン現象で猛暑も　富山,https://news.yahoo.co.jp/articles/fadd994b9e02aca8cc4995841a6e9edf9dc436fb,8/14(月) 19:48
tuliptv,「大変な年や…」　猛暑と少雨の中　台風7号　梨農家も対策　富山,https://news.yahoo.co.jp/articles/2f930875cee0e2a6ff211bdf474a192a90581e5d,8/14(月) 19:44
tuliptv,【台風7号】東海・近畿に15日上陸へ　今後の進路と雨と風の動きシミュレーション【14日午後5時 更新】,https://news.yahoo.co.jp/articles/ca32d7b8a3585e92aa6bcd806643b935b48accc0,8/14(月) 17:11
tuliptv,北ア・剱岳から下山中に標高約2820メートル付近で転倒　63歳男性が腰の骨を折る重傷　富山,https://news.yahoo.co.jp/articles/cf9d2922795ec61fddf568111cefbfbfc3f9c6d2,8/14(月) 15:18
tuliptv,38歳の男性が1人でゴムボートに乗り釣りへ　動けなくなり118番通報　船酔いと熱中症か　富山・射水,https://news.yahoo.co.jp/articles/18bffe7e4a06f869f24608ba03e769fae83f3314,8/14(月) 15:14
tuliptv,【台風7号】東海・近畿に15日上陸へ　北陸はフェーン現象にも警戒【雨と風の動きシミュレーション14日午後1時 更新】,https://news.yahoo.co.jp/articles/5d3d5615339d50f40ffa49be12ea138ba70173e9,8/14(月) 12:57
tuliptv,危険な暑さの上に台風接近のフェーン現象で高温にも注意を　富山最接近は15日夜遅くから16日にかけて,https://news.yahoo.co.jp/articles/b98d805119f7a4c22415d0c5ae14a387c628d93f,8/14(月) 12:19
tuliptv,ふるさと富山の思い出胸に　Uターンラッシュ続く富山駅,https://news.yahoo.co.jp/articles/08045735086cc13c1ce9eb0c0064d4762ec852e2,8/14(月) 12:11
tuliptv,北アルプス立山連峰で女性登山者を山岳警備隊員が2時間背負って救助  富山,https://news.yahoo.co.jp/articles/e9c4262d94700a25d7b6eb7fd343ed7e8d7fcd74,8/14(月) 9:39
tuliptv,台風7号 15日に東海・近畿に接近、上陸へ　雨風などの影響長引くおそれ　お盆のUターン直撃か【14日午前11時 更新】,https://news.yahoo.co.jp/articles/820c77d3d5518aae387378f5fb2722f484babe3b,8/13(日) 21:42
tuliptv,技と力のぶつかりあい　県青年相撲選手権大会　富山・高岡市,https://news.yahoo.co.jp/articles/5898299e15326cc171d0c5c9bb1fe484d6442def,8/13(日) 18:44
tuliptv,「最高の夏休み」お盆のUターン始まる　富山,https://news.yahoo.co.jp/articles/223ce4dfdd6f679a968640731f1845103b712e56,8/13(日) 18:44
tuliptv,新潟の男が住居侵入　1万5000円の入った財布を盗み逮捕　富山・高岡市,https://news.yahoo.co.jp/articles/e082bb0094644c96f50a450d7e12d20af3eca015,8/13(日) 13:14
tuliptv,「盆の入り」先祖の霊に静かに手を合わせる　富山,https://news.yahoo.co.jp/articles/58e704e051c877b22b084a87a31be7949bccd06e,8/13(日) 12:04
tuliptv,富山・魚津市の県道で道路横断中の女性がはねられ死亡,https://news.yahoo.co.jp/articles/8a482b89c8a4d813f8129aa271eeb59fe9aa186d,8/13(日) 12:04
tuliptv,世界的コレクターだった!元テレ朝アナウンサー・松井康真さんがプラモデルなど約700点展示 希少価値高い未組み立ても,https://news.yahoo.co.jp/articles/fb8cf8b8c38c21fa7388b31d1d75807c13c50b9a,8/12(土) 18:27
tuliptv,非常に強い台風7号ゆっくり北上…本州にノロノロ接近で影響長引くか　お盆休みの移動に直撃の可能性【12日午後6時 更新】,https://news.yahoo.co.jp/articles/957df3da0f3a4aa84516fc6c613857c795f0e204,8/12(土) 18:09
tuliptv,北アルプス薬師岳の登山口でクマに襲われ30代男性軽傷　駐車場やキャンプ場付近はクマの生息域!十分な注意を,https://news.yahoo.co.jp/articles/acd8b07b4cceb33c9f2019731e1f9bbe3d5d0889,8/12(土) 17:33
tuliptv,国宝・瑞龍寺を幻想的な光でライトアップ12日まで 和傘の演出も,https://news.yahoo.co.jp/articles/47b3cfa336400a70a3f9bbe2b45983280f929456,8/12(土) 12:42
tuliptv,今シーズン最多4208人!お盆休みのプール 涼を求める人でにぎわう,https://news.yahoo.co.jp/articles/3f0a37b7f4bb386ecf635a1864ba5734a04891d4,8/12(土) 12:36
tuliptv,非常に強い台風7号　本州横断の可能性も…お盆の北陸地方に直撃か【気象予報士 解説】,https://news.yahoo.co.jp/articles/a89d1904324ad153f8de09ad2f01d0af1de36b7e,8/11(金) 20:04
tuliptv,はくたか最大150％　お盆の帰省ラッシュピーク迎える　土産片手に帰省客　富山,https://news.yahoo.co.jp/articles/a0d33394bbb0be45618867f2ab73d1dce1f89753,8/11(金) 19:38
tuliptv,「お盆が来たなって思う…」開店前から200人超える長い列…呉羽梨「幸水」発売,https://news.yahoo.co.jp/articles/444643718a54f1a44283bb4628c5e3f5b2c99e30,8/11(金) 19:32
tuliptv,「呪術廻戦」グッズ目白押しの販売イベント　ファンが熱い視線　富山,https://news.yahoo.co.jp/articles/912d64fa0473b76b99c72658eb5eba525ff5ff9e,8/11(金) 19:24
tuliptv,今年だけで3人も死亡…剱岳の「小窓ノ王」　山岳警備隊「重大な事故が何回も発生している」どんな難所なのか?,https://news.yahoo.co.jp/articles/e981e3ffbc29d5579975ce2979aa24c724ee594a,8/11(金) 19:12
tuliptv,富山市で20日連続の猛暑日　5人が熱中症疑いで搬送　12日も熱中症警戒アラート　富山,https://news.yahoo.co.jp/articles/2f181cb45a1f5760df09cc460a8c3b449d77aeb4,8/11(金) 18:19
tuliptv,「黒煙が見える」アパート火災 焼け跡から1人の遺体　警察と消防 身元の特定進める　富山,https://news.yahoo.co.jp/articles/2a8adf5c39705ba210159ce9494591decd8c50d2,8/11(金) 18:16
tuliptv,“山の日” の北アルプス立山連峰!猛暑の下界とは大違い…大勢の人でにぎわう,https://news.yahoo.co.jp/articles/e834a1dd6223200f6b7f7993073e90d664d1ef37,8/11(金) 18:12
tuliptv,「おいしいもの食べてゆっくりと」　お盆の帰省ラッシュピーク　大きな荷物抱え久しぶりの再会　富山,https://news.yahoo.co.jp/articles/410e1a15698fa8f051accbf07c2699617423686a,8/11(金) 13:11
tuliptv,熱中症の可能性も　富山市の農道で高齢男性が死亡　外出したあと帰宅せず　富山,https://news.yahoo.co.jp/articles/069b0d3945d81ca21bc40da3d65cc7aea6bc5530,8/11(金) 13:08
tuliptv,4地点で観測史上最高を更新　県内では5年ぶりに39℃を観測　富山,https://news.yahoo.co.jp/articles/a7d47b6256f10aec7e231828ce70b73ae373b9e4,8/10(木) 22:06
tuliptv,“真夏の蜃気楼”この時季としては珍しい観測　富山・魚津市,https://news.yahoo.co.jp/articles/0e402bae09ceb6a0c65bdae3cc79c63b8219f4f3,8/10(木) 21:57
tuliptv,「里山を復活させたい!」自宅はまるで“世界の昆虫図鑑”　虫捕り名人に密着してみた…,https://news.yahoo.co.jp/articles/6bcb05c9a5842d37e80b67a399107bf52841bf1e,8/10(木) 21:44
tuliptv,“おかえり富商ナイン”一夜明け富山商業ナインが富山県に…激闘を振り返る,https://news.yahoo.co.jp/articles/a8b129a837abfa8458d8216ac186710ea30da641,8/10(木) 21:18
tuliptv,北アルプス立山連峰 登山道の草を踏み抜き7メートル滑落　61歳男性 右足骨折の重傷,https://news.yahoo.co.jp/articles/a6dd40a878bec79fe833f77130a632b381b4d3b1,8/10(木) 21:09
tuliptv,『その電子マネー何に使うんですか?』で被害阻止5回 　“スゴ腕”コンビニ店長は疑問に思ったら “すぐ声かけ”,https://news.yahoo.co.jp/articles/d49991fe8da66edb914f40a71580416e11f11537,8/10(木) 20:19
tuliptv,岸田総理“年収106万円の壁”への対応 10月適用目指し取りまとめへ　「働き控え」対策で助成金制度など支援強化,https://news.yahoo.co.jp/articles/a6eb4b8992c7695abf92d775bee3e69604382303,8/10(木) 18:34
tuliptv,ふるさと納税寄付額 “最下位” を脱出する術は?富山が誇る「米」「水」新たなトレンドに期待も…,https://news.yahoo.co.jp/articles/8c6cdcc5741ac4be021d339332f2bf8ced1c7e53,8/10(木) 17:19
tuliptv,チャットGPTの自己紹介文 “就職戦線” 変化あり!採用側はどう読む?どう見極める?,https://news.yahoo.co.jp/articles/da12554e31029f3d90241555148739a17989b019,8/10(木) 14:53
tuliptv,「はくたか自由席 乗車率70パーセント」お盆休みの帰省ラッシュでにぎわう改札...富山駅【10日午前11時現在】手荷物いっぱいの家族連れ,https://news.yahoo.co.jp/articles/b8a2f3e0a33ab4e12b77d6a515cda1c6b2661c7d,8/10(木) 13:16
tuliptv,富山で39℃を見込む…こまめな水分補給を　19日連続の猛暑日 富山県内は危険な暑さ,https://news.yahoo.co.jp/articles/2b773cd07704682ad8196c58fe945236e8691825,8/10(木) 12:44
tuliptv,「免許を取ったときの倍!」ガソリン高騰続く　8週連続の高値でドライバーから悲鳴も…富山,https://news.yahoo.co.jp/articles/cef7ba100aee9d470d27c2571be3b17f4ad619e0,8/9(水) 20:27
tuliptv,次期衆院選へ維新活発化　富山1区に元自民富山県議・浅岡氏　富山,https://news.yahoo.co.jp/articles/989ffc6c49dbb18246fabd96226612a4eb979279,8/9(水) 20:14
tuliptv,厳しい暑さが続く…熱中症とみられる症状で12人搬送　富山,https://news.yahoo.co.jp/articles/461454fa7cfd92b57be1ff16137b2e3d5c2444ab,8/9(水) 20:12
tuliptv,ふるさとでの就職促進を　高岡市がインターンシップ　20社が参加　富山,https://news.yahoo.co.jp/articles/aac55b1799a3ca4a307f75c03f6d77747105017e,8/9(水) 20:08
tuliptv,かえるクンが特別授業　カエルの生態知ることで自然環境守ろう　富山,https://news.yahoo.co.jp/articles/6f91b20965c90db67cb0fb8b6ddf126fe60e1557,8/9(水) 20:06
tuliptv,生薬の知識フル活用で開発!サーという感じのさわやかな味…クラフトコーラ続々登場のワケ　富山,https://news.yahoo.co.jp/articles/bb2119ed298e3141de91dc9239ad5a0465e0841c,8/9(水) 19:57
tuliptv,夏の高校野球 甲子園大会　守備が光った!富山商業12回激闘の末 惜しくも初戦敗退,https://news.yahoo.co.jp/articles/5d5ac6a330da0dd210536e1518030ecf29f0aadf,8/9(水) 18:22
tuliptv,夏の高校野球 甲子園大会　富山商業は12回の激闘!惜しくも敗退,https://news.yahoo.co.jp/articles/6c81092086931f699d463ba70419474613502e57,8/9(水) 13:24
tuliptv,県道交差点で車と衝突　オートバイ運転の17歳高校生が重傷　富山,https://news.yahoo.co.jp/articles/635a6d6131632426f90e952e9a06dcca5b9e6ad3,8/9(水) 13:21
tuliptv,“裁断くず” が4B鉛筆に!ヒントはデパートで見た“炭”...2年半の試行錯誤で「日本文具大賞」に輝く　富山,https://news.yahoo.co.jp/articles/05d4e67fb4ee9d22344552ec568ceaa9f4dbe7c5,8/9(水) 7:51
tuliptv,“内緒にしておけば”の同調圧力…日大アメフト部薬物事件でメンタルヘルスの専門家「元の軌道にのせてあげる配慮を」富山,https://news.yahoo.co.jp/articles/c3427e466939106251d5f2fae74db0dc2a9c19cb,8/8(火) 20:24
tuliptv,お盆に北陸道で最大15キロの渋滞も…大規模な工事でう回呼びかけ　富山,https://news.yahoo.co.jp/articles/766b0dcb994ba5e88f2c4266dd66fbef4f28de8f,8/8(火) 20:14
tuliptv,禁止区域への事務所開設に関与か　富山県警が大阪府の暴力団事務所を家宅捜索　富山,https://news.yahoo.co.jp/articles/fe847c4d4669300212c471ec66f9adeb3d907660,8/8(火) 19:57
tuliptv,新型コロナ　新田知事がお盆の感染予防呼びかけ　定点医療機関あたり11.63人と4週連続で増加　富山,https://news.yahoo.co.jp/articles/b8cda6a707f7bfdbe450eaefc2be062cbedf3917,8/8(火) 19:53
tuliptv,突っ伏して涙…自宅に放火した失声症の女　控訴棄却　弁護側「納得できない」　富山,https://news.yahoo.co.jp/articles/75aac5816feffc2846875cb812a30b5ed1d764df,8/8(火) 19:51
tuliptv,10代女性を2時間半にわたり車で連れ回したか　51歳の親族の男を監禁の疑いで現行犯逮捕　富山・高岡市,https://news.yahoo.co.jp/articles/168f81e5b6e0bdd48551d857fce2ba7c83e9a952,8/8(火) 19:51
tuliptv,国際線全面再開への呼び水に…3年5か月ぶりに上海便が再開　火曜と土曜の週2便　富山空港,https://news.yahoo.co.jp/articles/9b80801e57276c1206576f4e96e22e75c035da5d,8/8(火) 19:48
tuliptv,ゴージャス!水面彩る400輪のバラ　プールに響く園児の歓声　富山・小矢部市,https://news.yahoo.co.jp/articles/9dc4092aaf78b5d9138cebd33b635934bffe0d3f,8/8(火) 19:44
tuliptv,「痛い目に遭うとわからせたかった」50代の受刑者に暴行の疑い　30代受刑者を書類送検　富山刑務所,https://news.yahoo.co.jp/articles/3d2b71843765632e1be45066d42c2a1c32477ccb,8/8(火) 16:27
tuliptv,立秋の富山県内　午前中から35℃以上の猛暑日　こまめな水分補給を,https://news.yahoo.co.jp/articles/1bbb15384c03050c514a4ed5040f76337007223b,8/8(火) 13:33
tuliptv,"富山市役所職員を名乗る男「介護保険料を返金します」60代女性 指示されるままATM操作 99万8,780円だまし取られる　富山",https://news.yahoo.co.jp/articles/13f2f3650bc64ec25ddee3a6355bd490898c2607,8/8(火) 1:14
tuliptv,小さな“鉄オタ”大集合…鉄道模型の世界にどっぷり!の楽しみ　富山・高岡市,https://news.yahoo.co.jp/articles/ce3ff41fb5ae1a9f15adad40846ff4c7442c401d,8/7(月) 20:54
tuliptv,「健診・予防管理センター」来年夏完成へ 従来の3倍の規模　済生会富山病院,https://news.yahoo.co.jp/articles/e74676febea7051f00bacc8f4ee9ff24e8ebd899,8/7(月) 20:46
tuliptv,「ありえない!」日本の暑さ…どう思う?世界遺産 五箇山合掌造り集落で外国人に聞いてみた　富山・南砺市,https://news.yahoo.co.jp/articles/9bb3e14fc0b756ff9a396a6f348e7cba9cbc47c3,8/7(月) 20:42
tuliptv,夏休みでピンチ?どうする子どもたちの昼食...栄養満点“こども食堂”が人気　富山・氷見市,https://news.yahoo.co.jp/articles/15c1d2d40ba83718496394a0f77e0551f4c9a5b7,8/7(月) 20:24
tuliptv,まずは1勝を!富山ドリームス開幕から6連敗 リーグ最下位　今シーズンから日本ハンドボールリーグ参戦,https://news.yahoo.co.jp/articles/492f921e52fdef443e996a08758ef0a884fff223,8/7(月) 19:11
tuliptv,富山県内の最低賃金 時給948円に…3年連続で過去最大の引き上げ幅　10月1日から適用,https://news.yahoo.co.jp/articles/617614cf2766c5e415ad55ec375704dae0288d18,8/7(月) 18:57
tuliptv,富山は16日連続の猛暑日　熱中症とみられる症状で男女13人を搬送　8日もこまめな水分補給を,https://news.yahoo.co.jp/articles/fcdb42e2f569bcb882d102fdb00b8d45326d60ee,8/7(月) 18:41
tuliptv,北アルプス薬師岳　61歳男性 登山道で転倒　山小屋で回復待つも自力で歩けず救助　富山,https://news.yahoo.co.jp/articles/4870b7fa5a8d38bc0c810ab95b5662b7d4173256,8/7(月) 18:19
tuliptv,“豪雨災害の自主的な復旧作業に支援を” 富山市議会自由民主党が要望　相談窓口の一本化も　富山,https://news.yahoo.co.jp/articles/d0060f4b9a6f86264ff1f9295b4dbfe378ff0aba,8/7(月) 12:41
tuliptv,富山は16日連続で35℃以上の猛暑日　午前中は全国で最も高い36.6℃　こまめな水分補給を,https://news.yahoo.co.jp/articles/c1a25414761200fbd18ca87aa0e16626d2f6d0a4,8/7(月) 12:34
tuliptv,球児たちの熱い夏　どんなドラマが…夏の甲子園開幕　富商ナイン堂々の行進　富山,https://news.yahoo.co.jp/articles/192683014dc5598ccdcdc9a1798ec5a8c484b75d,8/6(日) 18:34
tuliptv,猛暑で小粒も甘さ十分　夏の味覚呉羽梨「幸水」初出荷　富山,https://news.yahoo.co.jp/articles/bcc47d3ce200b6204544aeb548e06d7686371363,8/6(日) 18:32
tuliptv,夏休み中の子どもたち　木のぬくもり知る　住宅メーカーが工作教室　富山,https://news.yahoo.co.jp/articles/45f330f890d453f7463b8ec87bb3865390a7abb0,8/6(日) 18:24
tuliptv,70メートル崖下に転落　北アルプス剱岳で登山中の埼玉県の男性死亡　富山,https://news.yahoo.co.jp/articles/58053248e5de4e92654129f38f3638ad2e99358f,8/6(日) 14:57
tuliptv,受験生は夏休みが勝負　富山市の学習塾　夏季特訓スタート　富山,https://news.yahoo.co.jp/articles/58fe153ec3076905d48910f41668429762e05d19,8/6(日) 12:57
tuliptv,「ローイング」全国トップレベルの選手が手ほどき　富山市でボート体験会　富山,https://news.yahoo.co.jp/articles/b6a604cdca2b6b0fae2ccc53ac78b653ecab8fda,8/6(日) 12:54
tuliptv,手押し車に名前が…川で見つかった遺体　83歳の女性と判明　富山・氷見市,https://news.yahoo.co.jp/articles/d1524436b60a004778e4e8bde210f852a57a8300,8/6(日) 11:26
tuliptv,浮石踏んで転倒　東京都の男性公務員　手首骨折など重傷　北アルプス浄土山　富山,https://news.yahoo.co.jp/articles/1d999c97aff971f15aa8343c1551ae02c9bf9705,8/6(日) 9:44
tuliptv,“E7系かがやき”かっこいいんだよ!リアルな鉄道模型ずらり…夏休みの子どもたちでにぎわう　富山・高岡市,https://news.yahoo.co.jp/articles/c225622cb4eb86ac9cf4004b2a751250186427ca,8/5(土) 20:57
tuliptv,県警のオープンキャンパスで鑑識活動を体験　瓶についた自分の指紋を採取　富山,https://news.yahoo.co.jp/articles/55a39ec3600846b2e3961c0e236c6239eb641b1c,8/5(土) 20:18
tuliptv,14日間連続35℃以上の猛暑日　熱中症とみられる症状で男女10人搬送　富山,https://news.yahoo.co.jp/articles/1b4f1197aeebf3b3d1c65c14f9c9060f114472f3,8/5(土) 20:02
tuliptv,北アルプス鷲羽岳の登山道で転倒　42歳女性 右足の骨を折る重傷　富山,https://news.yahoo.co.jp/articles/ca3dd1f15265e64e4856d326e7903b4b0de2e80d,8/5(土) 18:08
tuliptv,JR高山線 沿線で枯れ草など焼く火事で一時運転見合わせ　特急など列車3本に遅れ…乗客190人に影響　富山,https://news.yahoo.co.jp/articles/f2d39ca0d29e5c4747c7ce74330d3618ec2d1bad,8/5(土) 16:42
tuliptv,「川に人が浮いている」女性の遺体を発見　警察と消防が身元の特定進める　富山・氷見市,https://news.yahoo.co.jp/articles/aa33e7e41c782d975806d8b046a038d6deb6b4c9,8/5(土) 16:23
