media_en,media_jp,title_articles,link_articles,date_original
tspkeiba,東スポ競馬,【浦和・桜花賞】３番人気のプリンセスアリーが快勝　森泰斗「期するものがありました」　岡田一調教師のラスト重賞で渾身騎乗,https://news.yahoo.co.jp/articles/b7be9546932a630ed2248329d51d8c4fcaa65060,3/27(水) 20:32
tspkeiba,東スポ競馬,【ＵＡＥダービー追い切り】中２週で参戦のジョージテソーロは力強い脚さばき　川田「ここまで順調にこられています」,https://news.yahoo.co.jp/articles/34d90d7cac002043910ddae5102b7da552c009a1,3/27(水) 18:56
tspkeiba,東スポ競馬,【ドバイゴールドカップ追い切り】７歳馬アイアンバローズはシャープな反応　「馬も楽しそうに走っていました」,https://news.yahoo.co.jp/articles/f7025480ab69bd4dc3ecb2ed960fb52a754f364c,3/27(水) 18:45
tspkeiba,東スポ競馬,【大阪杯・調教採点】タスティエーラとソールオリエンスの序列を公開！　関西に潜む〝申し分ない〟存在,https://news.yahoo.co.jp/articles/be9c207b9c9a6f308a77663b4f847e9b8b34f11b,3/27(水) 18:30
tspkeiba,東スポ競馬,【ダービー卿ＣＴ・調教採点】２か月半ぶりでも好評価をゲットした関東馬　切れっ切れの動きを見せた関西馬も虎視眈々,https://news.yahoo.co.jp/articles/123ab3d29b53b97d1ad29b42f13898f65d117bb1,3/27(水) 18:30
tspkeiba,東スポ競馬,【ＵＡＥダービー】サトノフェニックスが回避　主催者から出走取り消しの発表　日本からの参戦は３頭に,https://news.yahoo.co.jp/articles/e0b13a3bfa16ab0af52ee8f15dbd716c89baf3fc,3/27(水) 18:18
tspkeiba,東スポ競馬,約２年ぶりの復帰戦クリノガウディーは４・７京葉Ｓへ　バビットは大阪杯除外なら４・１４福島民報杯へ【次走報】,https://news.yahoo.co.jp/articles/e7036aed2d2e5820ebc123df5daa3616d0ebda7a,3/27(水) 17:54
tspkeiba,東スポ競馬,【ドバイターフ追い切り】ダノンベルーガ確かなブリンカー効果　堀調教師「（２着だった）去年よりもいい状態で出走させられるのでは」,https://news.yahoo.co.jp/articles/89ef16f5cff98c4ab439e9ce533ad3eca4ea6747,3/27(水) 17:39
tspkeiba,東スポ競馬,【ドバイゴールデンシャヒーン追い切り】イグナイターは笹川翼を背に折り合いスムーズ　「感謝しながらそれを結果で返すのがジョッキーの仕事」,https://news.yahoo.co.jp/articles/488247f594d5a849e907db9047cf00cd9f2998a0,3/27(水) 17:38
tspkeiba,東スポ競馬,【ドバイターフ追い切り】マテンロウスカイは一連の状態キープ　ＵＡＥダービー出走のバロンドールはしっかりと負荷をかけ態勢整う,https://news.yahoo.co.jp/articles/5cfd3db73ec076cd89b9b49ee42661e57969cdbb,3/27(水) 17:32
tspkeiba,東スポ競馬,【ドバイワールドカップ追い切り】ウィルソンテソーロは原を背に単走で仕上げ　「砂質がフットワークに合っていて自信を持って臨めます」,https://news.yahoo.co.jp/articles/2d866375407053c4a2b8d3875896990c544cec80,3/27(水) 17:30
tspkeiba,東スポ競馬,【ドバイターフ追い切り】ドウデュースさすがの動きでラスト推定１０秒台　友道調教師「馬体に幅が出て貫禄も出てきた」,https://news.yahoo.co.jp/articles/0339d499c91243a5051f720b674e63ffda2ea88c,3/27(水) 17:15
tspkeiba,東スポ競馬,【ドバイシーマクラシック追い切り】リバティアイランドは川田を背に躍動感あふれる動き　「世界的にも注目されているのを実感しています」,https://news.yahoo.co.jp/articles/b4729833618524114988139eb6383043d6969d53,3/27(水) 17:04
tspkeiba,東スポ競馬,【ドバイワールドカップ追い切り】２年連続ドバイ参戦のドゥラエレーデは軽快な脚取り　「日に日に良くなっているのが感じられます」,https://news.yahoo.co.jp/articles/c6ece3ca6c32c3e2151b6dd0a81b566b98999abd,3/27(水) 16:24
tspkeiba,東スポ競馬,【ドバイターフ追い切り】普段とは違う仕上げも充実のナミュール　フラットコースの最終調整も「いい追い切りになりました」,https://news.yahoo.co.jp/articles/f1294634812c930457aaa879ef8f7de5db87e179,3/27(水) 16:07
tspkeiba,東スポ競馬,【ドバイシーマクラシック追い切り】シャフリヤールは芝コースで単走　２度目の制覇へ向け「雰囲気はいいです」,https://news.yahoo.co.jp/articles/889e1484b62e53ecd5aa4c465900c4eaa160af69,3/27(水) 15:45
tspkeiba,東スポ競馬,【ドバイシーマクラシック追い切り】ルメール「勝つ自信があります」　〝堅実派〟スターズオンアースは申し分ない仕上がり,https://news.yahoo.co.jp/articles/2e4e0ed3bf6b9e2088dfc796e1930bd2e189ad3c,3/27(水) 15:16
tspkeiba,東スポ競馬,【ドバイゴールデンシャヒーン】〝重戦車〟ドンフランキーは叩いた上積み十分　稽古に騎乗した団野「ここにきてもう一つ上がってきている」,https://news.yahoo.co.jp/articles/45d4dfa56491cd4c58a956e2d0a9a7086c7f0809,3/27(水) 15:08
tspkeiba,東スポ競馬,【アルクオーツスプリント追い切り】米国、香港、サウジ経由でドバイ入り　ジャスパークローネは上々の伸び　団野「結果を出して恩返ししたいです」,https://news.yahoo.co.jp/articles/bc9454718627c878e5de118c64cf413fedbf584e,3/27(水) 14:45
tspkeiba,東スポ競馬,フローラルウォーク賞勝ちのエポックヴィーナスはＮＨＫマイルＣへ【次走報】,https://news.yahoo.co.jp/articles/a4905b0b664b0aa3aefc255fa20afd66690395be,3/27(水) 13:57
tspkeiba,東スポ競馬,引退メイケイエールが栗東トレセンから退厩　母として〝第２の生活へ〟　武英調教師「いい子供を産んでほしいですね」,https://news.yahoo.co.jp/articles/88f63f5558a87c87aa368f4aa745807cfa186994,3/27(水) 13:10
tspkeiba,東スポ競馬,大庭和弥がジョッキー引退　ＪＲＡ通算１２４勝　小手川厩舎で調教助手へ,https://news.yahoo.co.jp/articles/4d47f9ca3a2315d16510982dec0766a2c2c48045,3/27(水) 12:27
tspkeiba,東スポ競馬,伏竜Ｓ勝ちのテーオーパスワードはケンタッキーダービーを視野　ミモザ賞を制したエセルフリーダはフローラＳへ【次走報】,https://news.yahoo.co.jp/articles/6fa248a6f56f7aba1ef0f8be1687b3e8d6a4cf07,3/27(水) 12:15
tspkeiba,東スポ競馬,【大阪杯追い切り】ソールオリエンス復権へ馬なりで追走先着！〝４歳牡馬不作論〟を払拭へ,https://news.yahoo.co.jp/articles/4e14a948c15388b024f2ab535c9f4bec3585765a,3/27(水) 11:48
tspkeiba,東スポ競馬,【大阪杯追い切り】スタニングローズは坂路でラスト１１・９秒　１０か月半ぶりの実戦にも高野調教師「問題ないです」,https://news.yahoo.co.jp/articles/4656569d771ce82c54e31d37f58c78774ed91856,3/27(水) 11:48
tspkeiba,東スポ競馬,【桜花賞・１週前追い切り】栗東滞在の２歳女王アスコリピチェーノはさすがの切れ味　チューリップ賞覇者スウィープフィートは坂路でクビ差先着,https://news.yahoo.co.jp/articles/0629a017bd6e9b65deeea6b5e308b83b3fd55bc8,3/27(水) 11:45
tspkeiba,東スポ競馬,【大阪杯】〝負のレッテル〟払拭へ！本格化を迎えたタスティエーラ　持ち前の自在性で小回りコースを攻略,https://news.yahoo.co.jp/articles/6f9b01cd4dfbdaa07f269752989f52b341cb3464,3/27(水) 7:05
tspkeiba,東スポ競馬,【大阪杯・激推し】「競走で勝つに値する状態」　指揮官も超強気！長期休養明けでも怖いスタニングローズ,https://news.yahoo.co.jp/articles/475b1107826c6d09325feb7db1388e7092a5c4a2,3/27(水) 6:35
tspkeiba,東スポ競馬,【ＵＡＥダービー追い切り】フォーエバーヤング１０馬身追走からの併入フィニッシュ　〝夢の舞台〟へ前進なるか,https://news.yahoo.co.jp/articles/655794ec2657a0315f73b1ec5ebecd3aa0f434f7,3/26(火) 19:15
tspkeiba,東スポ競馬,【ドバイシーマＣ追い切り】ジャスティンパレスは杉山晴調教師も納得の最終調整「動き、息遣いとも良好でした」,https://news.yahoo.co.jp/articles/83363efe50206c8fc637caa076985414873eb9e3,3/26(火) 19:05
tspkeiba,東スポ競馬,〝世界最強決定戦〟ドバイシーマクラシック　リバティアイランド、オーギュストロダンら超一流が激突！,https://news.yahoo.co.jp/articles/896f1c88bd288e156b25b3250de6c9ee6ea08664,3/26(火) 19:00
tspkeiba,東スポ競馬,【高知競馬・黒船賞】シャマルが〝復活〟を告げる圧巻の逃走Ｖ！川須「まだやれることを証明してくれました」,https://news.yahoo.co.jp/articles/3e309cde4cb80e791004f34a2afb9fc668b971fe,3/26(火) 18:26
tspkeiba,東スポ競馬,【ドバイゴールドカップ追い切り】リビアングラスは軽快な動きで好仕上げ　前走からの成長が好走のカギ,https://news.yahoo.co.jp/articles/639670a0251a1355c71a32db4a4bfd7441d99832,3/26(火) 18:20
tspkeiba,東スポ競馬,【ドバイゴールデンシャヒーン追い切り】ケイアイドリーはルメールを背に〝バッチリ〟の走り「良い状態で臨めそう」,https://news.yahoo.co.jp/articles/b163e255428e5c91c341a6cd746ee6783bd59034,3/26(火) 18:18
tspkeiba,東スポ競馬,【ドバイゴールデンシャヒーン追い切り】リメイクは〝楽しみが増す〟鋭い反応「スピード感ある追い切りができた」,https://news.yahoo.co.jp/articles/842ebea450c1fc08ce0b14ba3080f4fce2ed5c8b,3/26(火) 18:16
tspkeiba,東スポ競馬,【大阪杯】ソールオリエンスに秘策あり！「行きっぷりは前よりいい」反撃には絶好の舞台,https://news.yahoo.co.jp/articles/3945ac65d514222ed0d1a180b01cadb7330ac6d0,3/26(火) 18:15
tspkeiba,東スポ競馬,【現地情報・ドバイシーマＣ】リバティアイランドさらに迫力を増した馬体「順調な雰囲気を保っております」,https://news.yahoo.co.jp/articles/262b0c98acab4bef26e67b541eb40de92469310b,3/26(火) 18:05
tspkeiba,東スポ競馬,【ドバイワールドカップ追い切り】デルマソトガケ上積み十分！万全の仕上げ「心身ともに競馬へ向け整った」,https://news.yahoo.co.jp/articles/f4dda4a98d967344f1d8621e6e7f24845792a9bd,3/26(火) 17:55
tspkeiba,東スポ競馬,【ドバイワールドカップ追い切り】ウシュバテソーロ連覇へ満足のデキ！力強い脚さばき「うまく調整できました」,https://news.yahoo.co.jp/articles/4d76a21ea4492ce69517b016f743858e31ffe21e,3/26(火) 17:46
tspkeiba,東スポ競馬,【大阪杯・耳より】３か月ぶりでも気合十分！タスティエーラ堀調教師も好感触「心身のバランスを整えてから仕上げてきました」,https://news.yahoo.co.jp/articles/de86a9ddf5459d4937f6f7de49a425059a7b7225,3/26(火) 17:31
tspkeiba,東スポ競馬,【大阪杯・耳より】ソールオリエンスが２度目のＧⅠ制覇へ反撃態勢　手塚調教師「前走を使ってうまくガス抜きできた」,https://news.yahoo.co.jp/articles/042305e2f65043534d0641bd7a6029eb5ebc55df,3/26(火) 17:31
tspkeiba,東スポ競馬,〝５億円ホース〟のオオバンブルマイはダミアン・レーンとの新コンビでドンカスターマイルへ　その後は香港に転戦【次走報】,https://news.yahoo.co.jp/articles/c5936256866993b1f273b6fe5cc9dd6c7e0cb35d,3/26(火) 13:50
tspkeiba,東スポ競馬,【大阪杯展望】レベルに疑問符の〝４歳牡馬〟には負のデータも…強力４歳牝馬＆ベテラン勢が包囲網,https://news.yahoo.co.jp/articles/8da5bf1637095f607d07e24ec1fe5e103fe05320,3/26(火) 12:45
tspkeiba,東スポ競馬,ヨカヨカがコントレイルの牡馬を出産「（母に似た）優しい目をしています」,https://news.yahoo.co.jp/articles/2342b1c2467fc870480d99448c1e7b40fef95803,3/26(火) 12:31
tspkeiba,東スポ競馬,【大阪杯・耳より】大人になったベラジオオペラ充実一途「いい雰囲気できています」　栗東滞在のルージュエヴァイユ「いい馬場でやりたい」,https://news.yahoo.co.jp/articles/948d5395990b41fb7d5e8a384ca81bdbea9425df,3/26(火) 12:30
tspkeiba,東スポ競馬,楽しみ満載のドバイワールドカップデー　連覇を目指すウシュバテソーロ　２年越しの悲願達成もくろむドウデュース,https://news.yahoo.co.jp/articles/b883f4f923451d66185b43dadfa5976ebfb3f135,3/26(火) 12:12
tspkeiba,東スポ競馬,【大阪杯・記者の特注馬】〝子供っぽさ〟は〝ひたむきさ〟の裏返し…成長したローシャムパークがＧＩの壁を突き破る！,https://news.yahoo.co.jp/articles/a8d02d5ad599c7c910fd67ab34c8fd99824b249b,3/26(火) 11:30
tspkeiba,東スポ競馬,毎日杯勝ちメイショウタバルは２戦２勝の浜中とのタッグで皐月賞へ【次走報】,https://news.yahoo.co.jp/articles/b6505c7200de7eb5415c4dc908cc23d279227e49,3/26(火) 9:26
tspkeiba,東スポ競馬,【大阪杯・先手必勝】〝４歳世代〟に黄色信号なら古豪の出番　競馬格言だけじゃない！追い風吹く８歳馬カテドラルが〝波乱の使者〟に,https://news.yahoo.co.jp/articles/3e441f61edeaa1b6178cd97219618c2e59adbcf3,3/26(火) 6:35
tspkeiba,東スポ競馬,ドウデュース＆リバティアイランドが世界を席巻！日本競馬が誇る二枚看板がドバイの地でついに羽ばたく,https://news.yahoo.co.jp/articles/420b0ecadbb466792e4f69abec2a210bf4dd6a7a,3/25(月) 18:50
tspkeiba,東スポ競馬,【大阪杯・厩舎直送】条件好転でＧⅠ奪取へ一直線！　馬体絶好のベラジオオペラは気配も上々「今は気が乗っています」,https://news.yahoo.co.jp/articles/254868fc757ac4abdcba740f96a7267aa44c873e,3/25(月) 18:15
tspkeiba,東スポ競馬,【大阪杯・厩舎直送】ＧⅠ初挑戦のエピファニー好走へのカギは〝距離とペース〟　状態面は不安なし「栗東に来て成績が出ています」,https://news.yahoo.co.jp/articles/9f7621c8fcbfeb69473c1150ac09fc41152ad5f6,3/25(月) 16:04
tspkeiba,東スポ競馬,【大阪杯・厩舎直送】強豪牡馬相手でも期待は十分　２４日に栗東入りのルージュエヴァイユ「今週の追い切りで良くなればと思います」,https://news.yahoo.co.jp/articles/ff9d4f2526f123b433d6b96e2c881658c5922e25,3/25(月) 15:08
tspkeiba,東スポ競馬,【皐月賞・戦況分析】シンエンペラー＆レガレイラが上位争い　３戦全勝シックスペンス参戦なら脅威に,https://news.yahoo.co.jp/articles/94fb3c80eb2949d368cac8692fa98543364a377e,3/25(月) 12:05
tspkeiba,東スポ競馬,【桜花賞登録馬】２歳女王アスコリピチェーノが中心も…ステレンボッシュら多彩なライバル陣に逆転の目アリ！,https://news.yahoo.co.jp/articles/ae1715951d1f9f0ee3ed92545aa8e2b4fc1ea300,3/25(月) 12:00
tspkeiba,東スポ競馬,【高松宮記念・レース回顧】またも２着ナムラクレアに「足りないもの」　明暗を分けた道悪の巧拙,https://news.yahoo.co.jp/articles/13d72503cd93deea821a93e6be28232c2420e026,3/25(月) 11:30
tspkeiba,東スポ競馬,【高松宮記念・一夜明け】〝新短距離王〟マッドクールは激戦後も穏やかな表情　陣営もさらなる飛躍を期待「まだキャリアが浅いですし…」,https://news.yahoo.co.jp/articles/5f12faa1fde8cb80354a1591d8ea9940302b7a14,3/25(月) 9:02
tspkeiba,東スポ競馬,メイケイエールが人々にもたらした「感情」　拍手と声援に包まれた稀代のアイドルホース〝異例の引退式〟,https://news.yahoo.co.jp/articles/8c58a5b7fc7ebaa8af23385e456c1ea8b09a0ce6,3/25(月) 6:50
tspkeiba,東スポ競馬,【高松宮記念】「少しの勝ち運がありませんでした」アタマ差で頂点を逃したナムラクレア…挑戦は続く,https://news.yahoo.co.jp/articles/d250436ca92d2a609468859dd8e9013044a902d5,3/25(月) 6:35
tspkeiba,東スポ競馬,【高松宮記念】マッドクールＧⅠ初Ｖを呼んだ坂井瑠星「覚悟の騎乗」　人馬ともに視界は世界へ！,https://news.yahoo.co.jp/articles/2eb3b4e6495011924c0c2f47e5a24f9de518294e,3/24(日) 20:43
tspkeiba,東スポ競馬,「今日の朝怒ったところだったので」ＪＲＡ初勝利を挙げた吉村誠之助に〝騎手の先輩〟父・智洋も合格点,https://news.yahoo.co.jp/articles/86727ecb2cae255a5f1ea2f729ce2941dc5bb0f3,3/24(日) 20:05
tspkeiba,東スポ競馬,【佐賀競馬・はがくれ大賞典】大井のセイカメテオポリスが横綱相撲で快勝！　秋の〝大舞台〟へ要注目,https://news.yahoo.co.jp/articles/1e8b4a29ab15ac29e496d495d2a4076f1ea5c31d,3/24(日) 20:00
tspkeiba,東スポ競馬,【高松宮記念】ロスなく運んだ１２番人気ロータスランドが５着　岩田康は納得の表情「うまく内に潜り込めた」,https://news.yahoo.co.jp/articles/3858775c925f17faf5b351b9c402e2a9eaf1927a,3/24(日) 20:00
tspkeiba,東スポ競馬,【高松宮記念】ウインカーネリアン粘り腰で低評価を覆す４着　三浦「プラン通りに進めることができました」,https://news.yahoo.co.jp/articles/482daa18124d27ccb65caa09d6bb62ccf10b9a79,3/24(日) 19:55
tspkeiba,東スポ競馬,【高松宮記念】８着ママコチャは〝寒さ〟に泣く　川田「暖かくなってこないと本来の走りはできないのかなという印象です」,https://news.yahoo.co.jp/articles/5849f9c48047ffba4feeeeba59282b25e3d3f563,3/24(日) 19:37
tspkeiba,東スポ競馬,メイケイエール引退式に相棒・池添「常に緊張感があって安心してレースに臨むことはなかったです」,https://news.yahoo.co.jp/articles/2845a53eb2c133e49ada19f0101de7cd65bc3c94,3/24(日) 19:18
tspkeiba,東スポ競馬,【高松宮記念】武豊の敗因分析は「距離というよりも…」　初の６ハロン参戦ソーダズリングは１４着大敗,https://news.yahoo.co.jp/articles/ff014593d2860173691ee25136c8904d7e2cdbd7,3/24(日) 19:11
tspkeiba,東スポ競馬,【高松宮記念】ビクターザウィナー〝不向きな条件〟でも３着好走　香港スプリント界のレベルの高さを証明,https://news.yahoo.co.jp/articles/25e90692378ec26bcf55119e0deb6317b6fb07a5,3/24(日) 19:01
tspkeiba,東スポ競馬,【高松宮記念】重賞連勝で挑んだトウシンマカオは６着　ルメールが指摘した敗因「いつも通りに走れなかった」,https://news.yahoo.co.jp/articles/2ce5cdd5ba6b509465471ac356e778b12fe2ba52,3/24(日) 18:50
tspkeiba,東スポ競馬,【高松宮記念】ナムラクレアまたしても２着…届かなかった〝アタマ差〟　唇をかむ浜中「すごく悔しい」,https://news.yahoo.co.jp/articles/e60ab24a0c174a111bcc8fd1dc67e0854ac7ea7c,3/24(日) 18:33
tspkeiba,東スポ競馬,高松宮記念勝ち馬マッドクールが香港ＧⅠチェアマンズスプリントプライズに招待,https://news.yahoo.co.jp/articles/fd9ed834129bd1d7f6f7fa0be01c276f765d056c,3/24(日) 18:15
tspkeiba,東スポ競馬,【マーチＳ】６着に敗れたブライアンセンス横山武「少し見込まれたかもしれません」,https://news.yahoo.co.jp/articles/2312bd0064cd50a70004dee85906940a49ce7392,3/24(日) 17:56
tspkeiba,東スポ競馬,【六甲Ｓ】９番人気ボルザコフスキーＶで波乱！　ＪＲＡ初勝利の吉村誠「ゆくゆくは日本のトップジョッキーに」,https://news.yahoo.co.jp/articles/650a3f107170997280d06720204975be66d2c169,3/24(日) 16:58
tspkeiba,東スポ競馬,【高松宮記念】マッドクール坂井の〝迷いなき選択〟でＧⅠ初制覇！「まだまだ伸びシロがある馬だと思います」,https://news.yahoo.co.jp/articles/aed633bbf86bdc00635504641f80e3b5f12b9a62,3/24(日) 16:18
tspkeiba,東スポ競馬,【ミモザ賞・中山８Ｒ】オークスの新星となるか　３番人気エセルフリーダが直線一気Ｖ　次走はフローラＳへ,https://news.yahoo.co.jp/articles/fa07dc137fd6c73928710b9474e04552e5c692bd,3/24(日) 15:05
tspkeiba,東スポ競馬,ＳＫＥ４８・熊崎晴香が名付け親のサクラセンターベアがデビュー　結果は１０着も「１００点満点！よく頑張ったね」,https://news.yahoo.co.jp/articles/780fc851cd0cd967c5214a62d6394db62ba3f0b7,3/24(日) 13:37
tspkeiba,東スポ競馬,大塚海渡騎手が約１年４か月ぶり復帰「ここからまた頑張りたいです」,https://news.yahoo.co.jp/articles/60b39bc8b610846227e83abdccd592875a8fcf98,3/24(日) 11:50
tspkeiba,東スポ競馬,【高松宮記念・コメントのツボ】シルクロードＳ圧勝のルガル　西村淳も称賛「前走のように走れば結果はついてくる」,https://news.yahoo.co.jp/articles/29d86c42b1668f76d33b0accad353936a89ca747,3/24(日) 9:27
tspkeiba,東スポ競馬,【マーチＳ・コメントのツボ】２頭出し萱野調教師が自信　キタノヴィジョン「仕掛けのタイミング次第で勝ち負けに」　キタノリューオー「賞金加算を成功させたい」,https://news.yahoo.co.jp/articles/a465808e447bdc253aa6ee1f81d29b635c17c830,3/24(日) 9:11
tspkeiba,東スポ競馬,【高松宮記念・生情報】あの時とは馬が違う！　充実一途のウインマーベルが３連勝で新王者襲名へ,https://news.yahoo.co.jp/articles/6e2d07e2d28ac4a222f7656e0c454b4a6c90350b,3/23(土) 19:35
tspkeiba,東スポ競馬,西園正都調教師がＪＲＡ通算７００勝　愛弟子へ熱い誓い「記録にも記憶にも残るよう橋木騎手を育てていきます」【中京１１Ｒ】,https://news.yahoo.co.jp/articles/77edd665fa00bc17ea45e64bb5177236e9fe8561,3/23(土) 18:20
tspkeiba,東スポ競馬,ＳＫＥ４８・熊崎晴香が名付け親！サクラセンターベアが２４日の中山５Ｒで待望のデビュー　「競馬界のセンターを目指してほしいです」,https://news.yahoo.co.jp/articles/2ffc92378220112d284a60646037d9b49d31a014,3/23(土) 17:54
tspkeiba,東スポ競馬,【中東制圧・インサイドレポート】ドバイワールドカップデー出走予定のライバルたちを爆笑取材！？　リメイクはスピード優先の仕上げに,https://news.yahoo.co.jp/articles/53f4537cc4e0e759afad07beb806e12d45080068,3/23(土) 17:52
tspkeiba,東スポ競馬,【日経賞】新・馬券格言誕生！？〝馬場が荒れた時はこの騎手を買え〟　４番人気シュトルーヴェを重賞初Ｖに導いた鮫島駿の見事な判断,https://news.yahoo.co.jp/articles/d8dabc41d11ca24154726a96eea5bf7edd0eb7b6,3/23(土) 17:50
tspkeiba,東スポ競馬,【毎日杯】重馬場適性だけじゃない！？　メイショウタバル６馬身差完勝の背景　坂井「強い相手にこれだけの差をつけていますから」,https://news.yahoo.co.jp/articles/7e11c5aa83786c24e831ffad05a8f9ba426ebf80,3/23(土) 17:40
tspkeiba,東スポ競馬,【日経賞・１番人気なぜ負けた？】〝抜群の手応え〟もボッケリーニは５着敗戦　またしても見せた悪癖とは…,https://news.yahoo.co.jp/articles/521a5d69078d0a4dc638610481dd2880fd13f92e,3/23(土) 17:25
tspkeiba,東スポ競馬,【日経賞】横山典が見せた変幻自在の大逃げ　マテンロウレオは惜しくも４着　昆調教師「この経験が次に生きれば」,https://news.yahoo.co.jp/articles/a3887764b25fb5726addfb3ede55a047c2bd8f56,3/23(土) 17:21
tspkeiba,東スポ競馬,【毎日杯・人気馬敗戦のナゼ】２番人気ニュージーズは８着で連勝ならず　成長途上で道悪競馬も影響　ルメール「疲れてしまいました」,https://news.yahoo.co.jp/articles/5f65c5c8a1b887f5f6ca2d546221b528a65c4886,3/23(土) 17:13
tspkeiba,東スポ競馬,【毎日杯・１番人気なぜ負けた？】パレスマリス産駒ノーブルロジャーは２着止まり　川田「勝ち馬とは馬場適性の差が出たなという感じです」,https://news.yahoo.co.jp/articles/e851347c2c2299991b22db01768a24ea470702fe,3/23(土) 17:10
tspkeiba,東スポ競馬,【阪神９Ｒ・君子蘭賞】４番人気のミエスペランサが２連勝　西村淳も素質の高さを評価「良馬場ならもっと切れる脚を使える」,https://news.yahoo.co.jp/articles/7a0f4fc493c986925aec100f0a36067349e1ffee,3/23(土) 16:49
tspkeiba,東スポ競馬,【中京１１Ｒ・伊勢Ｓ】８番人気のロコポルティが鮮やかな差し切りＶ　鞍上・丸山も「これから楽しみですね」,https://news.yahoo.co.jp/articles/ee8373fafa0c4b5142f7fe7bd82650c244522dc1,3/23(土) 16:39
tspkeiba,東スポ競馬,【伏竜Ｓ】７番人気の伏兵テーオーパスワードが無傷の２連勝　殊勲の鮫島駿「他に合わせるよりは…と自分のリズムで」,https://news.yahoo.co.jp/articles/e2fc53b79929162a042f20c4bce88b96623b84e2,3/23(土) 16:06
tspkeiba,東スポ競馬,大野拓弥がＪＲＡ通算７００勝達成　現役２８人目の記録に「いろいろな方々や馬に感謝しています」【中山９Ｒ】,https://news.yahoo.co.jp/articles/9422ad1194deea24c17286e220c9d6b968602c38,3/23(土) 15:36
tspkeiba,東スポ競馬,小坂忠士がＪＲＡ障害通算１００勝　「長い期間、乗せていただいた結果。本当にありがたく思います」【阪神４Ｒ】,https://news.yahoo.co.jp/articles/7c27c543916a7d52b192a3e29f1be66cc516b20f,3/23(土) 15:07
tspkeiba,東スポ競馬,ロッテ・吉井理人監督所有馬が転入初戦でＶ　リジンが５番人気で快勝　指名に応えた幸「勝てて良かったです」【阪神８Ｒ】,https://news.yahoo.co.jp/articles/71e7ce40f56bc3952913ea00761061758d9c3a64,3/23(土) 14:55
tspkeiba,東スポ競馬,ルーキー高杉吏麒がＪＲＡ初勝利　７番人気の伏兵を積極策でＶに導く「感動しています」【中京６Ｒ】,https://news.yahoo.co.jp/articles/235d533f1f5ee60bb63f75dd378722f359d06d03,3/23(土) 13:40
tspkeiba,東スポ競馬,【佐賀競馬・はがくれ大賞典】セイカメテオポリス実績では一枚上　相性抜群の吉原寛を背にここは勝ちに来た一戦,https://news.yahoo.co.jp/articles/259529c96559b87e34c48afc703cd7c6324e5e7a,3/22(金) 18:00
tspkeiba,東スポ競馬,【佐賀競馬・はがくれ大賞典】６歳になって勝負強さが増したユアヒストリー　コーナー６つの舞台も不安なし,https://news.yahoo.co.jp/articles/9f711c4a2e2307f33fa5729abee7445f29722c49,3/22(金) 18:00
tspkeiba,東スポ競馬,【佐賀競馬・はがくれ大賞典】当地２走目で上昇気配　サトノディード年齢を感じさせない走り,https://news.yahoo.co.jp/articles/a82a121fb56232b0784c57c3e478b0d50f8ce97d,3/22(金) 18:00
tspkeiba,東スポ競馬,【佐賀競馬・はがくれ大賞典展望】他地区から強豪参戦！爆発力は十分セイカメテオポリス　サトノディードら地元の重賞常連が迎え撃つ,https://news.yahoo.co.jp/articles/3d1419d80125d3d39bdcb95d0bf72737cc3d415f,3/22(金) 18:00
tspkeiba,東スポ競馬,金鯱賞連覇のプログノーシスは昨年２着のクイーンエリザベス２世Ｃに今年も挑戦【次走報】,https://news.yahoo.co.jp/articles/f2c57c297cb326353d96e18994ede569e92a4427,3/22(金) 17:05
tspkeiba,東スポ競馬,【高松宮記念・外厩情報】〝老舗〟外厩とベストマッチの伏兵が武豊のエスコートで戴冠へ,https://news.yahoo.co.jp/articles/ab4946af7edb94a3df9f7f30a93551f2c85de397,3/22(金) 17:05
tspkeiba,東スポ競馬,【高松宮記念・枠順確定後の表情】武豊ソーダズリングは４枠８番　生野助手「極端な枠ではないので競馬もしやすいですね」,https://news.yahoo.co.jp/articles/c4f7fb7bb24ce1416dce68aab3fb4f36e6258537,3/22(金) 12:06
tspkeiba,東スポ競馬,【高松宮記念・枠順確定後の表情】ラストランのメイケイエールは６枠１１番　武英調教師「とにかく１歩目を出るかどうか」,https://news.yahoo.co.jp/articles/4a691bd6033032f8e58c154a226b31d43db3df68,3/22(金) 11:55
tspkeiba,東スポ競馬,【高松宮記念・枠順確定後の表情】馬場悪化も大歓迎！　３枠６番ゲットのルガルに杉山晴調教師「外過ぎなければと思っていたので…」,https://news.yahoo.co.jp/articles/505197c1b9089dc8f1590e3ffbf6a73a4da723bc,3/22(金) 11:41
tspkeiba,東スポ競馬,【高松宮記念・枠順】悲願達成へナムラクレアは２枠３番　前哨戦快勝の４歳馬ルガルは３枠６番,https://news.yahoo.co.jp/articles/287f3a93ea43d45ff3fe69a06f65326ecb9a6fb2,3/22(金) 9:11
tspkeiba,東スポ競馬,【血統値】キズナ産駒〝史上最高レベル〟の３歳世代　４億円ホースも権利取りで皐月賞４頭出しの可能性も,https://news.yahoo.co.jp/articles/5229c1d92aa51476ce74fc40b5dadf3f52376ea2,3/22(金) 6:35
tspkeiba,東スポ競馬,高松宮記念参戦の香港馬ビクターザウィナーを徹底分析　最大の強みはスタートセンス＆ダッシュ力　馬場悪化が追い風に！？,https://news.yahoo.co.jp/articles/ea1777aadb351e8fbd2a04a965511903daf34a45,3/21(木) 18:45
tspkeiba,東スポ競馬,【大阪杯・１週前追い切り】大雪の中で貫禄の４馬身先着！ハーパーにドウデュース効果あり　岩田望も上々評価「いい動きでした」,https://news.yahoo.co.jp/articles/3d2aa3e7e6f3a77b54de2dbe98713ab96811e0c4,3/21(木) 12:05
tspkeiba,東スポ競馬,【高松宮記念・記者の特注馬】引退メイケイエールが見据える有終の美　〝打てる手はすべて打つ〟Ｖシナリオ最大の課題を克服へ,https://news.yahoo.co.jp/articles/68472e5c3c382990284c8e8fe23234ea37682a32,3/21(木) 11:30
tspkeiba,東スポ競馬,エコロヴァルツは武豊、サンライズジパングは菅原明で皐月賞へ【次走報】,https://news.yahoo.co.jp/articles/fbddd651189e521c83d0b680e1d9d1778826e1ab,3/21(木) 9:19
tspkeiba,東スポ競馬,【高松宮記念・血統値】スプリント頂上決戦にふさわしいトウシンマカオ　サクラユタカオー→サクラバクシンオー→ビッグアーサーに続くＧⅠ制覇へ,https://news.yahoo.co.jp/articles/4bfc21c07338105fec26f836863d1b110c9ebb07,3/21(木) 6:35
tspkeiba,東スポ競馬,【大井競馬・京浜盃】サントノーレが７馬身差の圧勝でいざ羽田盃へ　服部茂「やっとＪＲＡ勢に勝てました！」,https://news.yahoo.co.jp/articles/8d52768d67d37c772c6e702cc131710103f6fcbb,3/20(水) 21:14
tspkeiba,東スポ競馬,【日経賞・調教採点】８歳ボッケリーニ文句なしのデキ　状態は太鼓判を押せる〝伏兵〟を美浦坂路で発見！,https://news.yahoo.co.jp/articles/da2aa5f13be6ebb7abb04ee24c30c6dc04427e2e,3/20(水) 18:12
tspkeiba,東スポ競馬,【ドバイターフ・国内最終追い切り】ダノンベルーガはブリンカー着用で昨年のリベンジへ！馬なりラスト１１・２秒,https://news.yahoo.co.jp/articles/87516a02d85a71f00c0ce8070d86b1d3cf5055fe,3/20(水) 17:55
tspkeiba,東スポ競馬,【高松宮記念・調教採点】ナムラクレア〝まさか〟のＢ評価　ビクターザウィナーの〝日本適性〟は？,https://news.yahoo.co.jp/articles/d577ff3ed9445907b2282fcc5c44f65080fd0291,3/20(水) 17:45
tspkeiba,東スポ競馬,スプリングＳ４着コスモブッドレアは青葉賞へ　ユキノロイヤルはニュージーランドＴ参戦【次走報】,https://news.yahoo.co.jp/articles/3c62de645e18f3f1fbced549fa8169c48a47b7f5,3/20(水) 17:41
tspkeiba,東スポ競馬,【高松宮記念】丸田恭介騎手〝男泣き〟の背景　海外での経験生きたナランフレグ渾身のイン突き,https://news.yahoo.co.jp/articles/8e6d565a726c7eaa4a83e57647751a0b44a9aaa1,3/20(水) 17:15
tspkeiba,東スポ競馬,【京浜盃・聞かせて核心】ブルーバードカップ覇者アンモシエラが連勝へ　松永幹調教師「スタートも含めて着実にステップアップしています」,https://news.yahoo.co.jp/articles/8f51c2764de4dca3df4944f493376296a26c1dd0,3/20(水) 16:56
tspkeiba,東スポ競馬,【高松宮記念・追い切り】トウシンマカオは楽な手応えでラスト１１・４秒　申し分ない馬体「成長してしっかりしてきました」,https://news.yahoo.co.jp/articles/4bbe874abc7604aaa27fdfa963df713efb0af989,3/20(水) 16:02
tspkeiba,東スポ競馬,【日経賞追い切り】クロミナンス活気十分にラスト１１・５秒　尾関調教師「いい状態で動きも良かった」　シュトルーヴェ１馬身先着で万全,https://news.yahoo.co.jp/articles/e01f804b36446f78d45a542eba31cdb15c8cb361,3/20(水) 15:48
tspkeiba,東スポ競馬,スプリングＳ９着のウォーターリヒトは京都新聞杯へ　来年で定年迎える河内調教師「皐月賞への出走は賞金で微妙な情勢」【次走報】,https://news.yahoo.co.jp/articles/10c8fbd3c91ddacf622b0637e4c4c187ed9dfe04,3/20(水) 15:32
tspkeiba,東スポ競馬,【大阪杯・１週前追い切り】〝本来の姿〟に戻ったプラダリアはラスト１１・３秒　池添調教師「気配は良好です」,https://news.yahoo.co.jp/articles/ed2891c9ebfe91aee8c2faa95f49de2623f7bfc8,3/20(水) 15:28
tspkeiba,東スポ競馬,一昨年の秋華賞馬スタニングローズは西村淳也との新コンビで大阪杯へ【次走報】,https://news.yahoo.co.jp/articles/ee5b3a9e077ee92276b5921ba77a80416b7ef53b,3/20(水) 14:54
tspkeiba,東スポ競馬,【大阪杯・１週前追い切り】ソールオリエンスは横山武を背にボンドガールと併入　手塚調教師「位置取りを考えたほうがいい気がします」,https://news.yahoo.co.jp/articles/a6e9042dc78a3ddc1011f43e23aa6ffa25e0ea44,3/20(水) 14:30
tspkeiba,東スポ競馬,【高松宮記念・追い切り】ウインマーベル悲願へ万全のラスト１１・２秒　ウインカーネリアンは三浦を背に力強い脚取り,https://news.yahoo.co.jp/articles/caec050d470cab670ecd596663749d25fe24e08c,3/20(水) 13:43
tspkeiba,東スポ競馬,【日経賞追い切り】２年連続〝銀メダル〟のボッケリーニはパワフルな動き　池江調教師「８歳になりますがどんどん良くなっています」,https://news.yahoo.co.jp/articles/5673682d0dc07675a54fc352cff1215c4392e029,3/20(水) 13:05
tspkeiba,東スポ競馬,【ドバイゴールデンシャヒーン・国内最終追い切り】兵庫所属のイグナイターが栗東坂路で調整　新子雅調教師「本当にありがたかったです」,https://news.yahoo.co.jp/articles/bd2eb248c8c78dd2b10c6459ebfec57bd2d015be,3/20(水) 12:59
tspkeiba,東スポ競馬,【ドバイターフ・国内最終追い切り】ドウデュースさらに進化！坂路でラスト１２・０秒　友道調教師も太鼓判「手応えも抜群だった」,https://news.yahoo.co.jp/articles/5613cc4f56bf5fed79e300764a00516d39aca345,3/20(水) 12:01
tspkeiba,東スポ競馬,【高松宮記念・激推し】武豊の重要証言と陣営の実績で〝確信〟　ソーダズリングが初の電撃戦でも侮れない理由,https://news.yahoo.co.jp/articles/b16d37bb4572f7c7acd8faf93bcfba9cd049b4aa,3/20(水) 11:30
tspkeiba,東スポ競馬,【高松宮記念追い切り】ルガルは坂路５１・１秒とさすがの動き　杉山晴調教師「無理をせずにこの時計が出たように状態はすごくいい」,https://news.yahoo.co.jp/articles/e3709242cd71f0b13b0f66587d6d8a79498ab52e,3/20(水) 11:27
tspkeiba,東スポ競馬,【高松宮記念追い切り】ナムラクレアはリズム重視でラスト１１・５秒　長谷川調教師「毛ヅヤもすごく良くなってきました」,https://news.yahoo.co.jp/articles/fd8d66a6bc3dfe8c151b4e1d26ac6ae35fb5011c,3/20(水) 10:45
tspkeiba,東スポ競馬,【高松宮記念追い切り】ラストラン・メイケイエールは池添を背に呼吸ピッタリの登坂　「相変わらずいい動きでした。あとはゲートを…」,https://news.yahoo.co.jp/articles/332086c5708712d3c462c71c48667e0aaf5575d9,3/20(水) 10:10
tspkeiba,東スポ競馬,【高松宮記念追い切り】３か月ぶりの実戦ママコチャは坂路でラスト１２・１秒　見届けた川田も期待「元気いっぱいでしたね」,https://news.yahoo.co.jp/articles/06ba796fe8bad38ceb015f590f867d29312f575d,3/20(水) 9:30
tspkeiba,東スポ競馬,【ドバイワールドカップ・国内最終追い切り】ドゥラエレーデは控えめ時計も活気ある登坂　池添調教師「ドバイは昨年も経験しているし、輸送も大丈夫」,https://news.yahoo.co.jp/articles/c6a78026cdedf3c78facb9cce9664a1ed7ac4a6d,3/20(水) 9:04
tspkeiba,東スポ競馬,【ドバイシーマクラシック・国内最終追い切り】ジャスティンパレス心身ともにパワーアップ　杉山晴調教師が明かした好走へのカギ,https://news.yahoo.co.jp/articles/0d26bb5500b42d5d9996556424ed3f22d36f1a51,3/20(水) 8:50
tspkeiba,東スポ競馬,【ドバイワールドカップデー・国内最終追い切り】ターフ参戦マテンロウスカイ「いい動き」　ゴールデンシャヒーンに挑むドンフランキー「今は６０６キロあるけど」,https://news.yahoo.co.jp/articles/1f94d4507be76290819ee1284c1534a943115efd,3/20(水) 8:41
tspkeiba,東スポ競馬,【高松宮記念】今年も大荒れ？中心はウインマーベル！　昨年１０着からのリベンジへ好走要素揃った,https://news.yahoo.co.jp/articles/1ee99c11bf02bbf092ff3a41648bed30430bfda6,3/20(水) 7:05
tspkeiba,東スポ競馬,日本初騎乗リョン騎手に〝戦友〟藤井勘一郎が直撃インタビュー！　高松宮記念参戦ビクターザウィナーの強みは？,https://news.yahoo.co.jp/articles/6890c0ff5acaeab3f15b4f6fde6fcbd3e1aaff3e,3/19(火) 19:00
tspkeiba,東スポ競馬,東スポ杯２歳Ｓ勝ちシュトラウスは状態を見ながらＮＨＫマイルＣを目標に【次走報】,https://news.yahoo.co.jp/articles/076082a58e68cf3be04501c3ccc0521cb8e1b6e1,3/19(火) 18:35
tspkeiba,東スポ競馬,【高松宮記念】トップ厩舎に〝馬を変える男〟あり！「スーパー攻め専」のアシストで課題克服　ルガルが新王者に名乗り,https://news.yahoo.co.jp/articles/590e965f9a9d6258a9c55be84f69e668e1d564ee,3/19(火) 18:05
tspkeiba,東スポ競馬,名古屋城Ｓ快勝のテーオードレフォンはアンタレスＳへ　梅田調教師「重賞を取れる馬」【次走報】,https://news.yahoo.co.jp/articles/27dcc0d024900ed4fc0feb308dae03858e3c85c1,3/19(火) 17:48
tspkeiba,東スポ競馬,【高松宮記念・耳より】ディヴィーナがラストランでのＧⅠ初制覇へ「調子は２年間くらいずっといい」友道調教師も好感触,https://news.yahoo.co.jp/articles/521de3fdde676867b7521478452fb305823e33ba,3/19(火) 16:56
tspkeiba,東スポ競馬,【日経賞・耳より】古豪マイネルウィルトスが待望の重賞初制覇へ　宮調教師「自分のぶんはきっちり走ってくる馬なので」,https://news.yahoo.co.jp/articles/3569c2eecf3b4703e79c82172012ab6f5d67fe09,3/19(火) 16:55
tspkeiba,東スポ競馬,【ドバイ国際諸競走・国内最終追い切り】ターフ出走のナミュールは見た目以上の好時計　高野調教師「環境の変化自体に強い性格」,https://news.yahoo.co.jp/articles/c9b131933a36770a0dfa5df32fd6da56f82a5dbc,3/19(火) 16:35
tspkeiba,東スポ競馬,ファルコンＳ１１着のサトミノキラリはニュージーランドＴへ　同２着のオーキッドロマンスは葵Ｓが目標【次走報】,https://news.yahoo.co.jp/articles/91c1472bb442433973663618ae4fd5823fb633c1,3/19(火) 13:14
tspkeiba,東スポ競馬,激カワ対決再び！〝最強ポニー決定戦〟　絶対王者コジュウチョウサンに新たな刺客が参戦！？,https://news.yahoo.co.jp/articles/cfc2122cc5ecc865d7033fdc9739c4771e8d7012,3/19(火) 11:50
tspkeiba,東スポ競馬,【高松宮記念・耳より】日曜にもビッシリ！　ウインマーベル課題克服へ調整順調「そろそろ大きなタイトルが欲しい」,https://news.yahoo.co.jp/articles/0ff47e3d948b0aebc58ff32868fb7ac31b8cae25,3/19(火) 11:38
tspkeiba,東スポ競馬,【高松宮記念・記者の特注馬】マッチョなムキムキボディーで〝大変身〟トウシンマカオがスプリントＧⅠの主役候補へ！,https://news.yahoo.co.jp/articles/1e08def9e3b1ffd177677dcc01bc0ea2cb1844a2,3/19(火) 11:30
tspkeiba,東スポ競馬,【高松宮記念・火曜追い切り】香港から参戦ビクターザウィナーはラスト１１・３秒　リョン「左回りも大丈夫」,https://news.yahoo.co.jp/articles/951b0cea84b7f60de655b693bcf90d72a3349ebb,3/19(火) 11:22
tspkeiba,東スポ競馬,【ドバイシーマＣ・国内最終追い切り】リバティアイランド余力残しでラスト１１・７秒　初海外への対応は？,https://news.yahoo.co.jp/articles/7ca498294d73dac53d4b8cc95a4397e132e956c9,3/19(火) 11:22
tspkeiba,東スポ競馬,香港中距離最強馬ロマンチックウォリアーが安田記念を視野　シャム調教師「直線の長い東京のコースにも対応できると思う」,https://news.yahoo.co.jp/articles/6219fc9029a68f62ed6edf0cd3a05b16a9d01e3a,3/19(火) 9:42
tspkeiba,東スポ競馬,【高松宮記念・先手必勝】キングヘイロー、ローレルゲレイロらと同じ好走への〝共通項〟　雨予報でさらにチャンスアップ！？ウインカーネリアンが怖い,https://news.yahoo.co.jp/articles/480040a8d14389ec25e69c152f3701bef397c22f,3/19(火) 6:35
tspkeiba,東スポ競馬,【高松宮記念・厩舎直送】ついに引退…メイケイエールが有終の美へ　臨戦態勢整う「イライラするところがなく穏やかな感じ」,https://news.yahoo.co.jp/articles/3d82b8342c37071e9b0b5ef9bf33b0d56eeef5dd,3/18(月) 19:04
tspkeiba,東スポ競馬,【桜花賞・戦況分析】武豊スウィープフィート、最優秀２歳牝馬アスコリピチェーノら４頭が上位争い　レガレイラの皐月賞参戦で伏兵にもチャンスあり,https://news.yahoo.co.jp/articles/aeda0168dbf1f2789bac94ed6e273dbe8909a9be,3/18(月) 18:05
tspkeiba,東スポ競馬,【高松宮記念・厩舎直送】武豊＆ソーダズリングが電撃戦に参戦　初距離でも陣営は名手に期待「うまく、ユタカさんがエスコートしてくれると思います」,https://news.yahoo.co.jp/articles/8d412fb7a9ccf71ce2ae5e156afc80564cbc4a81,3/18(月) 17:20
tspkeiba,東スポ競馬,【高松宮記念展望】波乱連発の超難解レースは今年も〝カオス〟状態に…　「引退レース」「初距離」「香港馬参戦」で混戦に拍車,https://news.yahoo.co.jp/articles/a6b9629afdb68b84b62e0ccf020acf02ad3182b5,3/18(月) 17:05
tspkeiba,東スポ競馬,【高松宮記念・厩舎直送】ドゥラメンテ産駒が短距離路線も制圧へ　〝堅実派〟ルガルは気配良好「今回もスタートを決められれば」,https://news.yahoo.co.jp/articles/225d93a9d3f59be8476172dfcf025f530cf6cb6a,3/18(月) 16:02
tspkeiba,東スポ競馬,【高松宮記念・厩舎直送】最優秀スプリンターが大一番から始動　ママコチャがいきなり能力全開「十分に乗り込んでいるし、息のほうも大丈夫」,https://news.yahoo.co.jp/articles/04f98c0c896ca214669aeb15ca38bd057fdad6e8,3/18(月) 15:08
tspkeiba,東スポ競馬,【高松宮記念・厩舎直送】父子４代ＧⅠ制覇もくろむビッグシーザー　中２週も不安なし「今くらいの時季がちょうどいいです」,https://news.yahoo.co.jp/articles/8188be60de53882ac36f580bf73f7b9ac3dcc62d,3/18(月) 14:06
tspkeiba,東スポ競馬,【高松宮記念・厩舎直送】悲願のＧⅠ奪取に燃えるナムラクレア　昨年２着からのリベンジへ「良馬場で力を出して勝ち負けしてほしいです」,https://news.yahoo.co.jp/articles/063d6498c6eeac3ddf42e75f41d540effe8c660d,3/18(月) 13:05
tspkeiba,東スポ競馬,【大阪杯登録馬】主役は昨年のダービー覇者タスティエーラ　２頭の皐月賞馬ソールオリエンス＆ジオグリフが牙をむく,https://news.yahoo.co.jp/articles/c13cf1c77193ce3b1903f0a981cfb655da842339,3/18(月) 12:05
tspkeiba,東スポ競馬,【ドバイワールドカップデー】ＪＲＡ所属馬は全２２頭参戦！ドウデュースはドバイターフ、リバティアイランドがドバイシーマクラシック　ドバイＷＣには４頭が出走へ,https://news.yahoo.co.jp/articles/1ba08f0a6126d8851e5dc81ca63dfd9b47d307bb,3/18(月) 11:46
tspkeiba,東スポ競馬,【スプリングＳ】シックスペンス「３馬身半差Ｖ」は本番でも通用するのか？　皐月賞切符ゲットの３頭をチェック,https://news.yahoo.co.jp/articles/557bc603582408d5f22843a40decb549a29f899a,3/18(月) 11:31
tspkeiba,東スポ競馬,皐月賞馬ジオグリフは北村宏との新コンビで大阪杯へ【次走報】,https://news.yahoo.co.jp/articles/cd42db224876ced40ac1e788a9564a41811dd792,3/18(月) 10:35
tspkeiba,東スポ競馬,【スプリングＳ】シックスペンスは混迷牡馬戦線の〝決定打〟になるか　皐月賞で好走の「カギ」は？,https://news.yahoo.co.jp/articles/cb99c86d0dde186d018933a5c811589f4d734aa8,3/18(月) 6:35
tspkeiba,東スポ競馬,【阪神大賞典】テーオーロイヤル〝完全復活以上〟の５馬身差圧勝　陣営を興奮させた「プラスアルファ」の強さとは？,https://news.yahoo.co.jp/articles/b27c5960314a15f24b2e4c6fc446194ea1b27657,3/17(日) 20:23
tspkeiba,東スポ競馬,【スプリングＳ・人気馬なぜ負けた】９着ウォーターリヒトの〝走り頃〟はいつ？幸の言葉に集約された「敗因」,https://news.yahoo.co.jp/articles/1be5e555f57a39085764688882d949ca8fef88b5,3/17(日) 19:56
tspkeiba,東スポ競馬,【阪神大賞典】ワープスピード向正面での〝ワープ〟が奏功２着　長距離重賞４→３→２着で次戦は天皇賞へ,https://news.yahoo.co.jp/articles/b66f3c6a9fb6e6a433f25af3ef32620bcd463e8b,3/17(日) 19:38
tspkeiba,東スポ競馬,【阪神大賞典】「息切れしてしまった」長休明けシルヴァーソニックは１１着　武豊は１７年ぶりのＶならず,https://news.yahoo.co.jp/articles/fb4818c66b53a69b3279c14b0661daae7247300a,3/17(日) 19:23
tspkeiba,東スポ競馬,【スプリングＳ】歴史的大接戦？３着争いはルカランフィーストが制す　３頭横並びのゴール「ハナ差」で皐月賞切符,https://news.yahoo.co.jp/articles/a9d309532b934e0a08cb7bef4568a3e4c9003bee,3/17(日) 19:04
tspkeiba,東スポ競馬,【阪神大賞典】ブローザホーン残った次戦への課題…転厩初戦は３着　３０００メートルに手応えも「工夫して臨みたい」,https://news.yahoo.co.jp/articles/4da27eb3a154e523ef132cfd2e873c826e7ebe57,3/17(日) 18:47
tspkeiba,東スポ競馬,シルヴァーソニック、ゼッフィーロは天皇賞・春を視野に調整【次走報】,https://news.yahoo.co.jp/articles/54803acf0bd432ad3d46a41e68148aebcc2d8da9,3/17(日) 18:36
tspkeiba,東スポ競馬,菜七子の今年初勝利はド派手な８馬身差圧勝！「すごく時間がかかってしまって苦しかった」次の勝利に向け気合,https://news.yahoo.co.jp/articles/76cdc289857600aab5e45a0b095fc1781360ceb2,3/17(日) 18:20
tspkeiba,東スポ競馬,【スプリングＳ】横山和「作戦通り」ブービー人気アレグロブリランテがマイペース逃げで皐月賞切符確保の２着,https://news.yahoo.co.jp/articles/612f06cc3c063e94bb498880da10fd83b7b45b6e,3/17(日) 18:10
tspkeiba,東スポ競馬,【阪神大賞典】〝ショックな敗戦〟ディープボンド得意のレースで１秒３差の７着完敗,https://news.yahoo.co.jp/articles/e7f5401e77749e3c4d4f97551aff0450f3770c2b,3/17(日) 17:49
tspkeiba,東スポ競馬,江田照男が開催４日間の騎乗停止処分に　中山７Ｒで外側に斜行したため,https://news.yahoo.co.jp/articles/36be7bd42e1cad378bca6454618556630ca81b12,3/17(日) 17:22
tspkeiba,東スポ競馬,ソダシ、ママコチャに続けるか？　白毛馬カルパが待望の初勝利　須貝師「ゴール前はすごい声援だったね」,https://news.yahoo.co.jp/articles/d968df79e0fb5e864a26abbce07668a67b7bfd0f,3/17(日) 12:22
tspkeiba,東スポ競馬,【スプリングＳ・コメントのツボ】ルカランフィースト状態良好　鹿戸調教師も意欲満々「ここでもやれて不思議はない」,https://news.yahoo.co.jp/articles/e3cd5db3ffc16beca310497b26e33dc24ab43d4b,3/17(日) 9:16
tspkeiba,東スポ競馬,【ドバイシーマＣ】２２年２冠馬スターズオンアースが国内最終追い　高柳瑞師「動きはよかったですね」,https://news.yahoo.co.jp/articles/d5f77b3d7aeac01c5fca8542e067d48c279b7f09,3/17(日) 9:12
tspkeiba,東スポ競馬,【ドバイＷＣ】ウィルソンテソーロが国内最終追い「かなり順調にきていると思います」コンビ復活の原も手応え十分,https://news.yahoo.co.jp/articles/bb0232b0cfdd52c870cd92df8f859922574b720d,3/17(日) 9:02
tspkeiba,東スポ競馬,【阪神大賞典・コメントのツボ】武豊と再コンビのシルヴァーソニック　長期休養明けでも陣営は自信「まだまだ良くなる余地しかない」,https://news.yahoo.co.jp/articles/523b59b96b058bfe5f4c1cd250bf31e893839453,3/17(日) 9:01
tspkeiba,東スポ競馬,【阪神大賞典・生情報】最大の焦点〝仕上がり〟も万全　武豊＆シルヴァーソニックが長距離路線の主役に名乗り！陣営も断言「体調もめちゃめちゃ良さそうです」,https://news.yahoo.co.jp/articles/6df4726f298b60073fb8a02a82490ca5acedc0ab,3/16(土) 19:35
tspkeiba,東スポ競馬,侍ジャパン監督の井端弘和氏がファルコンＳのプレゼンターに　「現役時代に来て以来の久しぶりの中京競馬場でしたが…」,https://news.yahoo.co.jp/articles/b3e0b9878716984302be3807039d95457c4de8e4,3/16(土) 18:13
tspkeiba,東スポ競馬,【フラワーＣ】いざオークス路線へ　出世レース制したミアネーロを〝最速ジャッジ〟　津村が断言「格段に馬は良くなっていました」,https://news.yahoo.co.jp/articles/3172cd9e86cd12d7c8c9273e1fcb09f93ee8c804,3/16(土) 18:03
tspkeiba,東スポ競馬,小林勝太が開催４日間の騎乗停止処分　１６日の中山１Ｒで斜行,https://news.yahoo.co.jp/articles/2035cb6e8d1ee6284dc957618ff4ad82ad301415,3/16(土) 17:56
tspkeiba,東スポ競馬,【ファルコンＳ】ダノンマッキンリー大外一気で重賞初Ｖ　次なる課題「マイル克服」へ陣営の手応えは？,https://news.yahoo.co.jp/articles/0f1b238d4f61c0c3c8c35b2e0dd0422c451c53fd,3/16(土) 17:55
tspkeiba,東スポ競馬,高橋一哉調教師がＪＲＡ初勝利　新規開業での一番乗りに安堵の表情「まだ実感は湧かないけど、これからですね」【阪神１２Ｒ】,https://news.yahoo.co.jp/articles/93864b53af1174a41bd56e574f8e2c4c56db2b51,3/16(土) 17:54
tspkeiba,東スポ競馬,【フラワーＣ・人気薄激走の背景】光った鞍上のプラン修正　８番人気２着のホーエリートに原「やりたい競馬はできませんでしたが…」,https://news.yahoo.co.jp/articles/d04888fcd39545019498ef0754907c910487150c,3/16(土) 17:48
tspkeiba,東スポ競馬,【中東制圧・インサイドレポート】本当にここはドバイなのか…！？　例年と違うメイダンの馬場状況＆突然起こった緊急事態,https://news.yahoo.co.jp/articles/e7d203720883aa0c8297c9c0ab4e4797156ee023,3/16(土) 17:41
tspkeiba,東スポ競馬,【フラワーＣ・１番人気なぜ負けた？】出遅れ響いたカンティアーモは加速にも課題あり　豪脚で猛追も３着止まり,https://news.yahoo.co.jp/articles/5210521c452cb722a467ecba3906ef2ac295b0b8,3/16(土) 17:36
tspkeiba,東スポ競馬,【ファルコンＳ・人気馬敗戦のナゼ】シュトラウス９着も距離短縮の〝新たな試み〟で得た収穫　課題の気性面に成長は？,https://news.yahoo.co.jp/articles/8d11634797be7e07db03688c4a8066186a36202d,3/16(土) 17:24
tspkeiba,東スポ競馬,【若葉Ｓ】ミスタージーティーが差し切りＶ　２着ホウオウプロサンゲとの〝矢作丼〟で皐月賞切符ゲット　藤岡佑「結果を出せて良かった」,https://news.yahoo.co.jp/articles/afc4e0ca132257a7bf1d53bc728c2115f9cd1a4b,3/16(土) 16:56
tspkeiba,東スポ競馬,【ペガサスジャンプＳ】１番人気のビレッジイーグル３連覇達成　いざ中山グランドジャンプへ　大江原圭「本番も頑張ってもらいたいです」,https://news.yahoo.co.jp/articles/ed66301b874d71e54315cd79e2cd8333073a391f,3/16(土) 15:13
tspkeiba,東スポ競馬,初ダートのフェブラリーＳで２着したガイアフォースが左第２中手骨を骨折　３か月以上の休養へ,https://news.yahoo.co.jp/articles/0f25530851c24c22f40bd348e1a14b5422016214,3/15(金) 16:15
tspkeiba,東スポ競馬,コーラルＳで有終Ｖのレディバグが登録抹消　交流重賞で活躍のホッコータルマエ産駒　今後は繁殖馬に,https://news.yahoo.co.jp/articles/7d6ec2523380fccb1bdc2cfee1e1c7b3f2d3c884,3/15(金) 13:53
tspkeiba,東スポ競馬,２０２１年の京都新聞杯覇者レッドジェネシスが引退　広島県で乗馬へ転身　ディープインパクト×ストームキャットの良血馬,https://news.yahoo.co.jp/articles/e76384d6e17380b430f7f0f048fe7c05b927ee52,3/15(金) 12:41
tspkeiba,東スポ競馬,「アーモンドアイをダービーに出走させたかった？」国枝調教師が本音で回答　今夏デビュー予定アロンズロッドでの〝リベンジ〟も宣言！,https://news.yahoo.co.jp/articles/89957549f10ad40b843e2f1ef238dd07050507ab,3/15(金) 12:40
tspkeiba,東スポ競馬,【東スポ競馬で振り返る昭和の競馬史】メジャースポーツへの予兆？　業界の内実記事が登場／昭和３８年＝１９６３年,https://news.yahoo.co.jp/articles/ea77e669a5282c0961f7d4f044ede242069f8e79,3/15(金) 11:46
tspkeiba,東スポ競馬,【血統値】母の父マンハッタンカフェに流行の兆しあり！　ダービー馬タスティエーラに続きペプチドナイル、セラフィックコールが大暴れ,https://news.yahoo.co.jp/articles/3fe6b00d072a37076320b3aad64b1c69b8287e69,3/15(金) 11:30
tspkeiba,東スポ競馬,【高松宮記念・１週前追い切り】ラストラン迎えるメイケイエールは池添を背に坂路単走　「走りに関しては問題なかったです」,https://news.yahoo.co.jp/articles/292b93c051cccdb7841102633c84ab1d43474b42,3/15(金) 9:41
tspkeiba,東スポ競馬,初陣ではパドックで寝転ぶシーンも　スプリングＳ３着から皐月賞馬へ羽ばたいたダイワメジャーの真実,https://news.yahoo.co.jp/articles/b1f5bed48662dc5143af83fa136c21800d5ce7bd,3/15(金) 8:50
tspkeiba,東スポ競馬,ダートの個性派テリオスベルが引退　江田照男とのコンビで独自のスタイル確立　野坂牧場で殖入りへ,https://news.yahoo.co.jp/articles/11279600760a6b3ad81d3fab0a8c8a852b49f611,3/14(木) 18:25
tspkeiba,東スポ競馬,ミッキーアイル産駒ララクリスティーヌが引退　浦河町のヒダカファームで繁殖入りへ　２０２３年京都牝馬Ｓ覇者,https://news.yahoo.co.jp/articles/8e396e8a778d1ba4f124f5c2f2725115bd12185c,3/14(木) 18:14
tspkeiba,東スポ競馬,【スプリングＳ】連勝中のメイショウタバルは回避　左前肢にフレグモーネ発症,https://news.yahoo.co.jp/articles/d6c2364c709f8c4c2c5255f510f968cbb0c331b5,3/14(木) 14:15
tspkeiba,東スポ競馬,ゴールドシップ産駒の重賞勝ち馬ゴールデンハインドが引退　ビッグレッドグループで繁殖入り,https://news.yahoo.co.jp/articles/b5eba754e5ea51b86b7d31e7055ee1d1778f3ec9,3/14(木) 14:07
tspkeiba,東スポ競馬,小倉２歳Ｓ覇者アスクワンタイムはアーリントンＣから始動　繁殖入りボンボヤージの全弟　春の大目標はＮＨＫマイルＣ【次走報】,https://news.yahoo.co.jp/articles/40926ef79859d4d44aa12fa82c0f290cf2fd5df2,3/14(木) 12:15
tspkeiba,東スポ競馬,【高松宮記念・１週前追い切り】モズメイメイは坂路で余力残しの５３・４秒　巻き返しへ調整は上々「相性がいいかもしれないね」,https://news.yahoo.co.jp/articles/596d452f8d38cfd4994c19616463dee6f1c5d83f,3/14(木) 11:50
tspkeiba,東スポ競馬,〝燃える闘魂〟手塚厩舎２騎がダブル重賞制覇へ　豪華３頭併せでスプリングＳに臨むペッレグリーニ　ファルコンＳ参戦オーキッドロマンスが欲する好走へのカギ,https://news.yahoo.co.jp/articles/965872933be524913a5d13500e05b66f6fd4e032,3/14(木) 11:30
tspkeiba,東スポ競馬,ウィルソンテソーロは原優介との再コンビでドバイワールドカップへ　「２着はいらないので、しっかりと勝てるように」【次走報】,https://news.yahoo.co.jp/articles/d933ee87a5441a909dd4962286e52112bf8493b5,3/14(木) 10:10
tspkeiba,東スポ競馬,【スプリングＳ・血統値】〝キズナ産駒は牝馬だけ〟のイメージ覆す！　シックスペンスはクラシック路線でも期待できる一頭,https://news.yahoo.co.jp/articles/69aefa0c8b649bd1e9f924d9c2038728e9d17af6,3/14(木) 6:35
tspkeiba,東スポ競馬,【スプリングＳ・調教採点】格よりもデキ重視！？　１勝馬の中にいた〝穴候補〟　重賞連続好走のウォーターリヒトは上積みに疑問符,https://news.yahoo.co.jp/articles/aec3b159d7efa81c9f406bfd80cc92debd2901d0,3/13(水) 18:30
tspkeiba,東スポ競馬,【阪神大賞典・調教採点】転厩初戦のブローザホーン〝率直な感想〟　馬なりで堂々先着！　テーオーロイヤル＆ディープボンド以外にも気になる〝存在〟,https://news.yahoo.co.jp/articles/8758242cbbc799819be1bd4edf43a3229924c6c4,3/13(水) 18:30
tspkeiba,東スポ競馬,マイルＣＳ勝ち馬ナミュールはＣ・デムーロとのコンビでドバイターフへ【次走報】,https://news.yahoo.co.jp/articles/e90f580ffc965a07bf7c9cf4014ff9d4da183998,3/13(水) 17:22
tspkeiba,東スポ競馬,ブリーダーズカップクラシックとターフの総賞金が１００万ドル増額　ＢＣ全１４競走の賞金総額は３３００万ドルに,https://news.yahoo.co.jp/articles/e534387785388d888992de6e815f17c947f0778e,3/13(水) 16:46
tspkeiba,東スポ競馬,フィリーズレビュー覇者エトヴプレは桜花賞へ　前走のダメージなく順調「マイルへの対応がカギ」【次走報】,https://news.yahoo.co.jp/articles/721d51ea2ca3a4539347497bedc511d3980dadf6,3/13(水) 13:20
tspkeiba,東スポ競馬,武豊を背にドウデュースがドバイターフへ向けて２週前追い　「メチャクチャ良かった。今年こそ、やね」　昨年は無念の取り消し,https://news.yahoo.co.jp/articles/a406ba4d7e62fe1e5e1d1bb6f3ddd001f74e1c11,3/13(水) 13:02
tspkeiba,東スポ競馬,【ファルコンＳ追い切り】１週前に併せ馬で制御不能のシュトラウスはウッドで単走　武井調教師「できることを確実に…というテーマで」,https://news.yahoo.co.jp/articles/084b3c435967fd8743777f34f9adf9a2c5f3bf6b,3/13(水) 12:05
tspkeiba,東スポ競馬,【阪神大賞典・追い切り】ブローザホーンは〝新厩舎流〟にもピタリ順応　悠々と併入フィニッシュ,https://news.yahoo.co.jp/articles/919632740432c64426da55206f8edff691a4c10d,3/13(水) 11:50
tspkeiba,東スポ競馬,【阪神大賞典・追い切り】ディープボンドは新コンビ・岩田望を背に快伸ラスト１１・５秒「イメージ通り」,https://news.yahoo.co.jp/articles/800bba568b3c64f364af3adf34cc0f5b383e8ef8,3/13(水) 11:50
tspkeiba,東スポ競馬,【スプリングＳ追い切り】ＧⅠ馬に併走遅れも問題なし！　ペッレグリーニ重賞初制覇へ視界は良好,https://news.yahoo.co.jp/articles/33711ccad511d34452e5b69a5fd9afb004885bca,3/13(水) 11:41
tspkeiba,東スポ競馬,【スプリングＳ追い切り】ルカランフィーストはウッドラスト１１・４秒　鹿戸調教師も好感触「このひと追いでちょうど良くなるはず」,https://news.yahoo.co.jp/articles/afa719375d134385e4785cb4fc9217955773a2a0,3/13(水) 11:41
tspkeiba,東スポ競馬,【ファルコンＳ・追い切り】ソンシ切れ味十分のラスト１１・１秒「ここへ向けて順調」　ロジリオン推進力抜群の走り,https://news.yahoo.co.jp/articles/2d22ad642b99f2b3ecb35241856937d22b10483c,3/13(水) 11:40
tspkeiba,東スポ競馬,【スプリングＳ追い切り】連勝中のシックスペンスは馬なりで１馬身半先着　国枝調教師「１ハロンの延長にも対応できそう」,https://news.yahoo.co.jp/articles/8ead0073ee6f8121bb308f64c6ab0e6a534bbc83,3/13(水) 11:30
tspkeiba,東スポ競馬,皐月賞馬ジオグリフは大阪杯に参戦【次走報】,https://news.yahoo.co.jp/articles/7f1c32b9473af53cc97ed4c8267d2e6453378d4a,3/13(水) 10:42
tspkeiba,東スポ競馬,７歳馬ボンボヤージが引退、繁殖入り　２０２２年の北九州記念を単勝１６４・３倍で制す　梅田調教師「本当にこの年齢までよく頑張ってくれました」,https://news.yahoo.co.jp/articles/1b4d4e530b74903df3de25b22cc9a1b6fb597161,3/13(水) 9:28
tspkeiba,東スポ競馬,豪の女性騎手ジェイミー・カーがＧⅠ制覇で流した涙の意味「ホランド騎手とともにレースをしていました」,https://news.yahoo.co.jp/articles/24c3c52b06e03276b176db8ba0d1c13322b95b96,3/12(火) 19:00
tspkeiba,東スポ競馬,【１９９２年・スプリングＳ】ミホノブルボン〝サイボーグの逃げ〟を生んだ戸山流　７馬身差の圧勝！,https://news.yahoo.co.jp/articles/175966b9671d4df9614237cb6a7a8ec420105cc9,3/12(火) 18:44
tspkeiba,東スポ競馬,【スプリングＳ・耳より】重賞で連続好走中ウォーターリヒト「代謝が上がってくればさらに良くなりそう」,https://news.yahoo.co.jp/articles/772ab13b2af93a1d978ee63ae5d9fa2ada5c8029,3/12(火) 17:36
tspkeiba,東スポ競馬,【阪神大賞典・耳より】ブローザホーン吉岡調教師は好感触「前の厩舎で丁寧に調教されていたんだなと感じる」　メイショウブレゲは阪神替わりがポイント,https://news.yahoo.co.jp/articles/80d7614f49ca85fda31541bedce1ae14be226140,3/12(火) 17:35
tspkeiba,東スポ競馬,【フラワーカップ・耳より】フォーザボーイズ中２週を感じさせない動き「千八の方が競馬はしやすい」　テリオスサラも気配良好「中山の方が合うはず」,https://news.yahoo.co.jp/articles/3e47e3e7c6698939ec848611a71838861b641c43,3/12(火) 17:35
tspkeiba,東スポ競馬,【阪神大賞典・耳より】「完全復活、プラスアルファという感じ」テーオーロイヤルは重賞連勝へ手応え,https://news.yahoo.co.jp/articles/2a1e169711ba8e03c7755df8c60e2fd7e9eaea95,3/12(火) 11:48
tspkeiba,東スポ競馬,【スプリングＳ・耳より】態勢万全ペッレグリーニ手塚調教師は初の中山も〝問題なし〟　ルカランフィースト活気十分「ここでもやれる」,https://news.yahoo.co.jp/articles/f6b36db6cc4268977ce1c4100c3729d3e791e782,3/12(火) 11:46
tspkeiba,東スポ競馬,【阪神大賞典・記者の特注馬】武豊と〝３度目の正直〟へ始動　シルヴァーソニック１０か月半のブランクは「割り引き」ではない！,https://news.yahoo.co.jp/articles/6d250f405715356002b2c01a7a656409bd245403,3/12(火) 11:30
tspkeiba,東スポ競馬,【スプリングＳ・現場記者の先手必勝】既に２４キロ増！　成長顕著なアレグロブリランテが混戦のクラシック路線へ一直線,https://news.yahoo.co.jp/articles/cb05965ff8529b42af80072f4946846479c74d99,3/12(火) 6:35
tspkeiba,東スポ競馬,【阪神大賞典・厩舎直送】武豊との再コンビも楽しみなシルヴァーソニック　復帰戦へ向け陣営も名手に期待「うまく乗ってもらえれば」,https://news.yahoo.co.jp/articles/cfa48930e251505fddbc4928e6ca044d7d10e6f4,3/11(月) 19:05
tspkeiba,東スポ競馬,【スプリングＳ展望】重賞好走組に襲いかかる〝強力カルテット〟　１勝クラスＶの実力派たちが皐月賞の権利取りへ,https://news.yahoo.co.jp/articles/d3920a2033d24abd718452e63885eafee6ecbebf,3/11(月) 17:05
tspkeiba,東スポ競馬,【阪神大賞典・厩舎直送】完全復活のテーオーロイヤルが長距離路線を制圧へ　「自信を持って競馬に送り出せます」,https://news.yahoo.co.jp/articles/625547860f1c328fe0940c9e842f4f7ee663cef5,3/11(月) 16:04
tspkeiba,東スポ競馬,【スプリングＳ・厩舎直送】使いながら確実に地力強化！　ＧⅢ連続好走で勢いに乗るウォーターリヒト陣営が挙げたポイント,https://news.yahoo.co.jp/articles/1c939ff9299e7661b0b39393ea983f2fb86a19b5,3/11(月) 15:34
tspkeiba,東スポ競馬,【高松宮記念登録馬】〝崩れない〟ルガルか？〝勢い〟のトウシンマカオか？　戦力拮抗でライバルたちもチャンスは十分,https://news.yahoo.co.jp/articles/61e93df783238f4048e044aa20734c597b128455,3/11(月) 11:49
tspkeiba,東スポ競馬,【金鯱賞・レース回顧】ドゥレッツァ「５馬身差の完敗」をどう見るか　〝まさかの凡走〟ノッキングポイントの課題,https://news.yahoo.co.jp/articles/eea9a71db5a756e35f3406d78638d9410eec23bd,3/11(月) 11:30
tspkeiba,東スポ競馬,【フィリーズレビュー】エトヴプレは桜頂上決戦でどこまでやれるか「千四がギリギリ」鞍上が語った課題,https://news.yahoo.co.jp/articles/7f132b80df75d4d3334e4c63dd413100a6638377,3/11(月) 6:35
tspkeiba,東スポ競馬,【２００１年・フィリーズレビュー】人馬とも〝その後のドラマ〟の出発点となったローズバドと小牧太,https://news.yahoo.co.jp/articles/b7782db6ff628a4aa9c14504aea4c0aff6734fcd,3/10(日) 21:56
tspkeiba,東スポ競馬,【アネモネＳ】２着テウメッサが桜花賞の優先出走権　金成調教師「千六はやはりぴったり」,https://news.yahoo.co.jp/articles/376adf24338935c960b8c84ac771378b12e67ecc,3/10(日) 20:41
tspkeiba,東スポ競馬,【金鯱賞】ノーステッキ完勝プログノーシス　陣営の言葉から見えた〝数字では測れない強さ〟,https://news.yahoo.co.jp/articles/3e9e4ccb340772ace3e2f1bdc4bc00fee343a203,3/10(日) 20:20
tspkeiba,東スポ競馬,【金鯱賞】８歳の白毛馬ハヤヤッコは４着好走　得意の中京で「真面目に上手に走ってくれます」と幸,https://news.yahoo.co.jp/articles/1c26ea62bb6eb5811b848bacf75561f6222500c4,3/10(日) 20:01
tspkeiba,東スポ競馬,【フィリーズレビュー】バウンシーステップはゴール前で桜切符を逃す　「悔しい」菱田は攻めの騎乗もクビ差４着を嘆く,https://news.yahoo.co.jp/articles/07d2ed39cdb2fda1e9861482bdfb14e0c55ce755,3/10(日) 19:52
tspkeiba,東スポ競馬,【金鯱賞】中京の〝鬼〟ぶり発揮ならずヤマニンサルバム１０着　三浦「走りが崩れてしまった」,https://news.yahoo.co.jp/articles/db939b5cce499b1e027cf510af8b294428b2f975,3/10(日) 19:45
tspkeiba,東スポ競馬,【フィリーズレビュー】人気薄３着セシリエプラージュが滑り込みで桜切符　Ｍ・デムーロ「小さい馬だけどよく頑張っている」,https://news.yahoo.co.jp/articles/15cb3694f026dce05fb9b941d0579415a277a8cd,3/10(日) 19:37
tspkeiba,東スポ競馬,【金鯱賞】２年２か月ぶりも…ヨーホーレイクが３着激走　藤岡康「ポテンシャルの高さを見せてくれました」,https://news.yahoo.co.jp/articles/9838b4ad378c3b16ba32206d2235d8090e127970,3/10(日) 19:22
tspkeiba,東スポ競馬,福永祐一厩舎は２戦目も２着　連続銀メダルにも「力を発揮してくれました」【阪神１０Ｒ】,https://news.yahoo.co.jp/articles/7595be2ecadae100267c9c9ee1b47b8a9c4426c2,3/10(日) 19:15
tspkeiba,東スポ競馬,競馬学校の教官に転身の武士沢がラスト騎乗　最後の挨拶では「サプライズ」も！,https://news.yahoo.co.jp/articles/58ccd1b9f9a8ceb49a3a460085e36e07a16af156,3/10(日) 19:05
tspkeiba,東スポ競馬,【フィリーズレビュー】コラソンビートは２着で世代上位の力は示すも…横山武は「いつもの反応がなかった」,https://news.yahoo.co.jp/articles/489046ad209128008857b20624a9d309ea2b5a05,3/10(日) 18:07
tspkeiba,東スポ競馬,【アネモネＳ】キャットファイトがレコードＶの地で桜切符ゲット　大野「思い切って内を突くことにしました」,https://news.yahoo.co.jp/articles/eccfdf6e67a340b0bfa47bc856224740990a3752,3/10(日) 17:50
tspkeiba,東スポ競馬,【金鯱賞】ドゥレッツァ完敗２着　距離かコースか…陣営の敗因分析は？世代レベルへの〝疑問符〟払拭ならず,https://news.yahoo.co.jp/articles/e2bdf870e8ea12f812fe7e4f8b0e55668aeda528,3/10(日) 17:31
tspkeiba,東スポ競馬,【昇竜Ｓ】４番人気チカッパが接戦を制してオープン初勝利　三浦「苦しい形でも抜け出してこられた」,https://news.yahoo.co.jp/articles/8f41a403cb251d2dc39b8f4fcae4ecdb21f94544,3/10(日) 16:47
tspkeiba,東スポ競馬,【フィリーズレビュー】キャンシーエンゼルが返し馬で暴走…疲労のため競走除外に,https://news.yahoo.co.jp/articles/c8abd8f8eeca99b38571383b9560753e567b14d9,3/10(日) 15:47
tspkeiba,東スポ競馬,北村友一が２日間の騎乗停止に　中京５Ｒで注意義務を怠ったため,https://news.yahoo.co.jp/articles/33ed623efeaf554a8f493b383765baf30693535d,3/10(日) 15:18
tspkeiba,東スポ競馬,石神深一が現役５８人目のＪＲＡ通算２００勝達成「１鞍１鞍の重みを感じます」【中山４Ｒ】,https://news.yahoo.co.jp/articles/0e67b19fb07812cee94e0010f242e10aac7e2bb0,3/10(日) 15:04
tspkeiba,東スポ競馬,【フィリーズレビュー・コメントのツボ】ファンタジーＳ２着のドナベティ桜切符奪取へ虎視眈々「力を出せる状態にある」,https://news.yahoo.co.jp/articles/750aca31e4b47601cf3fe713a5e0c6e7c81bc237,3/10(日) 9:12
tspkeiba,東スポ競馬,【金鯱賞・コメントのツボ】ドゥレッツァ大成長！ポテンシャルも十分　尾関調教師「もうひとつ上のランクに行ける可能性のある馬」,https://news.yahoo.co.jp/articles/62b56cfe69325d0e4ad44082accc60f7e6cd0c53,3/10(日) 9:01
tspkeiba,東スポ競馬,【金鯱賞・生情報】相手が強いほうが燃えるタイプ！？　ハンデ戦回避で適鞍をターゲットに　８歳の大ベテラン・ハヤヤッコを侮ることなかれ,https://news.yahoo.co.jp/articles/4d7f05438121f084fd568c7ee3942b72b46fbfab,3/9(土) 19:35
tspkeiba,東スポ競馬,【中山牝馬Ｓ】勝利の要因は的確な馬場読みにあり　岩田望＆コンクシェル逃走Ｖの背景「内が伸びていなかったので外に…」,https://news.yahoo.co.jp/articles/c5403e5bcde3849f94e6e627920db9cfd480da24,3/9(土) 17:49
tspkeiba,東スポ競馬,【中東制圧・インサイドレポート】ドバイで勝ちたい理由　リメイクはヴィクトワールピサと同じ馬房に　現地でも驚きの声「それは本当にラニの子か？」,https://news.yahoo.co.jp/articles/1943dd75362b11e7611dcc5ede939c19de178141,3/9(土) 17:37
tspkeiba,東スポ競馬,【中山牝馬Ｓ】近走大敗続きのシンリョクカがしぶとく伸びて３着　久々の好走に木幡初「牝馬限定の重賞ならば力があります」,https://news.yahoo.co.jp/articles/5548622494a909c021890a48830dcaac463677b0,3/9(土) 17:33
tspkeiba,東スポ競馬,【中山牝馬Ｓ】１番人気フィアスプライドは早め進出も９着止まり　ルメール「風の影響もあって疲れてしまいました」,https://news.yahoo.co.jp/articles/9404d85a381c24ce7d1bd735eaad295a2151ce66,3/9(土) 17:26
tspkeiba,東スポ競馬,福永祐一調教師の初陣はハナ差の２着「これ以上ない競馬をしてくれました」　レオノーレ騎乗の武豊「行ければ行こうと…」【コーラルＳ】,https://news.yahoo.co.jp/articles/54b2f97d4e6d54cd2611cfdf0fd38bed941624d2,3/9(土) 17:00
tspkeiba,東スポ競馬,【コーラルＳ】９番人気レディバグが有終Ｖ　引退レースでの劇的差し切りに酒井「本当に頭が下がる思いです」,https://news.yahoo.co.jp/articles/064f1e7591571827c592232a391b761479468470,3/9(土) 16:58
tspkeiba,東スポ競馬,【中京１１Ｒ・中京スポーツ杯】７番人気のアルムブラーヴが低評価覆す　丸山「直線もシッカリと反応してくれました」,https://news.yahoo.co.jp/articles/9615b24e733777618b5f2591a9d344cd5b90e1d4,3/9(土) 16:21
tspkeiba,東スポ競馬,【阪神９Ｒ・ゆきやなぎ賞】３番人気のショウナンラプンタがクビ差でＶ　鮫島駿「まともにさえ走ればもっと上を目指せる」,https://news.yahoo.co.jp/articles/536ea6e8f0709224146ad59628f9f5ffaa3264d6,3/9(土) 15:40
tspkeiba,東スポ競馬,【阪神スプリングジャンプ】１番人気マイネルグロンが７馬身差の圧倒Ｖ　石神深も絶賛「スター馬になれる」,https://news.yahoo.co.jp/articles/0b3bf3c6a6e1f812b67eaf4fdc92f0a29c0007be,3/9(土) 15:00
tspkeiba,東スポ競馬,北沢伸也が阪神競馬場で引退式　「僕の騎手人生は障害レースだと」　最多勝利障害騎手２度獲得の名手,https://news.yahoo.co.jp/articles/23a19cab4edb6e4ea4818ce6d862c22860b82fa1,3/9(土) 13:27
tspkeiba,東スポ競馬,ルーキー長浜鴻緒がＪＲＡ初勝利　１番人気とのマッチレース制す　「馬の能力を信じて乗りました」【中山２Ｒ】,https://news.yahoo.co.jp/articles/12e4db6ffe5a484b8f22746ff42ac97dfd5107c2,3/9(土) 12:27
tspkeiba,東スポ競馬,【金鯱賞・生情報】２年２か月ぶりの実戦！ヨーホーレイクの本音　最長休み明けＶを期待したくなる理由,https://news.yahoo.co.jp/articles/bc997c15a557627a9901228fdcae34ebe5b6c353,3/9(土) 11:50
tspkeiba,東スポ競馬,【フィリーズレビュー生情報】前哨戦でもきっちりタイトルゲットへ！　栗東滞在コラソンビートが千四でいきなり全開,https://news.yahoo.co.jp/articles/74ff55ae79ffbf92f7ccfb32aa421c7e63601d69,3/9(土) 11:40
tspkeiba,東スポ競馬,【中山牝馬Ｓ・生情報】いい意味で〝裏切り〟の好走を！　注目のダークホース陣営が怪気炎「いつも人気にならないのがこの子」,https://news.yahoo.co.jp/articles/3fcbf8d2bb1d8c7ced0b9a6d0841043230ca16bd,3/9(土) 8:58
tspkeiba,東スポ競馬,小倉大賞典覇者エピファニーは大阪杯、アーバンシックは皐月賞へ【次走報】,https://news.yahoo.co.jp/articles/6a3792946f3834ffde2a31b07f3c38db5ac8bfb4,3/8(金) 19:08
tspkeiba,東スポ競馬,昨年暮れに骨折、現在は療養中のマイネルラウレアのプレート除去手術が無事終了,https://news.yahoo.co.jp/articles/4006e56e67a9f018be78db6f8d8b94cee7c0b54f,3/8(金) 16:49
tspkeiba,東スポ競馬,ダノンエアズロックが右後肢外側副管骨を骨折　回復までの時間は長くかからない見込み,https://news.yahoo.co.jp/articles/0caebf20c4a2db5de88191a0e356e78d03d84b03,3/8(金) 15:03
tspkeiba,東スポ競馬,クイーンＣ勝ちのクイーンズウォークが９日に帰厩　川田とのコンビで桜花賞へ【次走報】,https://news.yahoo.co.jp/articles/b0218e156c9e8d3d61ad6479872accd71aa75ca1,3/8(金) 14:16
tspkeiba,東スポ競馬,【蛯名正義コラム】出会いと別れの季節　いつだって楽しく優しかった中野栄治先生　忘れられないトロットスターの高松宮記念,https://news.yahoo.co.jp/articles/84e18ec27ecb06b3397415897d0844479d76604e,3/8(金) 12:40
tspkeiba,東スポ競馬,【東スポ競馬で振り返る昭和の競馬史】有名人予想の〝元祖〟は？　ブームの先駆けとなったＭＧ対決／昭和３８年＝１９６３年,https://news.yahoo.co.jp/articles/57b52afb31510ac11bd00e4de17e5e3a72355290,3/8(金) 11:38
tspkeiba,東スポ競馬,【血統値】繁栄続けるテスコボーイ系の陰でパーソロン系は〝風前の灯火〟　メジロマックイーン＆トウカイテイオーの血は続くのか？,https://news.yahoo.co.jp/articles/367666fb1ff70f7bdce45fab6909c4f441b4c716,3/8(金) 6:35
tspkeiba,東スポ競馬,元ジョッキーの千葉直人調教師はデビュー週に３頭がスタンバイ　「馬に付加価値をつけてあげられるような厩舎に」,https://news.yahoo.co.jp/articles/71efedfcfc1ac296c5bdabd00fdc273010d7abee,3/7(木) 16:04
tspkeiba,東スポ競馬,２０２２年の福島牝馬Ｓ勝ち馬アナザーリリックが引退　ノーザンファームで繁殖馬に　リオンディーズ産駒,https://news.yahoo.co.jp/articles/99bd7e66406e35a888ad7b9db4411c0c63645e5f,3/7(木) 15:28
tspkeiba,東スポ競馬,【金鯱賞・採れたて】連覇を狙うプログノーシスは急ピッチの調整進む　福永助手「どこまで態勢が整ってくるかだと思います」,https://news.yahoo.co.jp/articles/39978e4b0ff4d4084f6c73e7d449a763991ef047,3/7(木) 11:45
tspkeiba,東スポ競馬,【金鯱賞／記者の特注馬】「なぜぐるぐると回っているのか？」　〝一流厩舎〟ルーティンの謎を徹底追跡　～努力はいつか実を結ぶ～,https://news.yahoo.co.jp/articles/0f37ee2936b76d5ccc53e8eedee7756f9f9a8871,3/7(木) 11:30
tspkeiba,東スポ競馬,【フィリーズレビュー・血統値】今週もスワーヴリチャード産駒の出番！？力量は一枚上のコラソンビート　母の父としても存在感増すオルフェーヴル,https://news.yahoo.co.jp/articles/4463be54bc4b77df1839988c211b619eaed3d3f0,3/7(木) 6:35
tspkeiba,東スポ競馬,【船橋競馬・ダイオライト記念】セラフィックコールが４馬身差の完勝　寺島調教師「ジョッキーもうまく乗ってくれました」,https://news.yahoo.co.jp/articles/9c7d8b830db354d9337b6f89efe5aeef9b142a61,3/6(水) 21:27
tspkeiba,東スポ競馬,【金鯱賞・調教採点】菊花賞馬ドゥレッツァの〝正直な評価〟　感動で涙が止まらない！？長期休養明けの逸材が素晴らしい動きで復活ムード,https://news.yahoo.co.jp/articles/a5fd7089d9253fb859172d0d93329abc8c5d7ddc,3/6(水) 18:30
tspkeiba,東スポ競馬,【フィリーズレビュー・調教採点】いかにも千四が向きそうなタイプがごろごろと…　〝いつでもＡ評価〟みたいな存在も好仕上がりアピール,https://news.yahoo.co.jp/articles/6c43e6cf54bef354eeacdce4b2871ab95d11451a,3/6(水) 18:30
tspkeiba,東スポ競馬,圧巻の末脚で良血馬２頭を撃破！　加藤士津八調教師とハナズゴールの〝記憶〟,https://news.yahoo.co.jp/articles/e0fde7c8d2baefbd4b6c62475ea4e5c42afd6cc8,3/6(水) 18:07
tspkeiba,東スポ競馬,【ダイオライト記念】セラフィックコールの寺島調教師を直撃！「大外ブン回しの競馬では（今後が）さすがに厳しいですけど…」,https://news.yahoo.co.jp/articles/634605f13fef9167fc171f3ce96e83d217f7b372,3/6(水) 17:45
tspkeiba,東スポ競馬,矢嶋大樹調教師が厩舎開業　競馬に興味を持ったのは「マヤノトップガンの菊花賞」　名門・手塚厩舎から羽ばたく,https://news.yahoo.co.jp/articles/cf2e5cca012b7292e3d64f97813f73ef997b1a84,3/6(水) 17:15
tspkeiba,東スポ競馬,ジャスティンカフェが引退　馬事公苑で乗馬に　２０２３年のエプソムＣ覇者,https://news.yahoo.co.jp/articles/400d5202adc715449ebc2a20fe5c4cd589c9215d,3/6(水) 16:27
tspkeiba,東スポ競馬,皐月賞馬ソールオリエンスは横山武との再コンビで大阪杯へ【次走報】,https://news.yahoo.co.jp/articles/010ba9521c1da674affb2b60e3fcaabf8d307fd4,3/6(水) 16:16
tspkeiba,東スポ競馬,マッドクールは坂井との再コンビで高松宮記念へ【次走報】,https://news.yahoo.co.jp/articles/776201f6cdcb535fe8519fc378148b1ddf6af7b8,3/6(水) 13:37
tspkeiba,東スポ競馬,シルヴァーソニックは武豊との再コンビで阪神大賞典へ【次走報】,https://news.yahoo.co.jp/articles/f3a7da4306229593bcf2cbd4b73c50e5bdd5a5a7,3/6(水) 13:29
tspkeiba,東スポ競馬,チューリップ賞２着のセキトバイーストは桜花賞へ　四位調教師「力がある」【次走報】,https://news.yahoo.co.jp/articles/d7986f12cb08da3e99c0320e766559c13bd6771f,3/6(水) 12:45
tspkeiba,東スポ競馬,【金鯱賞追い切り】菊花賞馬ドゥレッツァは馬なりでラスト１１・４秒　尾関調教師も成長実感「体のつくりが大きく変わってきました」,https://news.yahoo.co.jp/articles/cbc1cf753d79e5868fbc4393c4860f55e4e88e06,3/6(水) 12:14
tspkeiba,東スポ競馬,【フィリーズレビュー追い切り】コラソンビート不安なし！栗東坂路４ハロン５１・７秒　栗東滞在にも「少しずつ慣れてきた感じ」,https://news.yahoo.co.jp/articles/70eb530843b42d041048de75d96df7fbd4130596,3/6(水) 12:02
tspkeiba,東スポ競馬,【金鯱賞追い切り】２年２か月ぶりのヨーホーレイクはドウデュースら相手に併入締め　友道調教師「ブランクは感じませんが、競馬に行ってどうか」,https://news.yahoo.co.jp/articles/80a87b7274083da53c80f2cb62638704ffe2a00e,3/6(水) 11:45
tspkeiba,東スポ競馬,聞こえてきたほうきの音の正体　１年前に垣間見えたホースマンとしての〝本質〟　新人ジョッキー・吉村誠之助の姿勢と覚悟,https://news.yahoo.co.jp/articles/59c04564d66001f0e2a7fae333df8fa26e3a0537,3/6(水) 11:30
tspkeiba,東スポ競馬,武士沢友治が引退　ＪＲＡ競馬学校にて教官に転身　マルターズアポジーとのコンビで重賞３勝　ＪＲＡ通算３４０勝,https://news.yahoo.co.jp/articles/22dabc0654a99210bc7c1a075f596ba6b10e9e9e,3/6(水) 11:26
tspkeiba,東スポ競馬,デビュー２週目で重賞騎乗へ！　吉村誠之助がシュシュトディエスでフィリーズレビュー参戦,https://news.yahoo.co.jp/articles/ac7b49ee506d9f9e49165b816cca742663e3b6a2,3/5(火) 20:00
tspkeiba,東スポ競馬,サンテミリオン死す　２０１０年オークスでアパパネとＪＲＡ・ＧⅠ初の同着Ｖ,https://news.yahoo.co.jp/articles/477c18b0a6932a9fdc4b3c4927466bfa9c75c55f,3/5(火) 19:47
tspkeiba,東スポ競馬,６日開業！福永祐一調教師が心境「すべては馬のために」　適性の把握は「乗るのが一番早いからね（笑い）」,https://news.yahoo.co.jp/articles/d2cc2b3f158db3daeeeb812dd39cbb580029a0ac,3/5(火) 19:34
tspkeiba,東スポ競馬,鞍がズレても５馬身半差の圧倒Ｖ！　２つの〝衝撃〟が生まれたドバイ「スーパーサタデー」,https://news.yahoo.co.jp/articles/c5f9c24f6d250c668df57ba4c58087f240cbf696,3/5(火) 19:00
tspkeiba,東スポ競馬,コスモキュランダは在厩で皐月賞へ「レース後も元気です」　シリウスコルトは放牧を挟むか協議【次走報】,https://news.yahoo.co.jp/articles/e00995e5a7a22dbff92b86b364d8ce347b503565,3/5(火) 17:50
tspkeiba,東スポ競馬,【金鯱賞・耳より】ハヤヤッコもうひと花！の期待「中間は元気いっぱいです」　菊花賞以来のシーズンリッチは「どの程度成長しているか」,https://news.yahoo.co.jp/articles/f5c606ffa8ce5923fc3e4ae5fb63fa7602f136f3,3/5(火) 17:24
tspkeiba,東スポ競馬,【中山牝馬Ｓ】タガノパッションは坂路４ハロン５０・７秒の快走　一昨年覇者クリノプレミアム「いつも人気以上に走ってくる」,https://news.yahoo.co.jp/articles/e8dc006893da78cca2cbcaad48d8ac3640d30588,3/5(火) 17:24
tspkeiba,東スポ競馬,京都牝馬Ｓ３着コムストックロードは宗像厩舎へ　関東引退調教師の管理馬の転厩先をＪＲＡが発表,https://news.yahoo.co.jp/articles/80c51c9263d215d072344fe5e45692f4cbd9941d,3/5(火) 14:02
tspkeiba,東スポ競馬,【金鯱賞・耳より】ヤマニンサルバム重賞連勝へ「全体的にパワーアップ」　ブレイヴロッカーは前走で「手応えつかめた」,https://news.yahoo.co.jp/articles/dd989f7a8456dd98c91563e381fba6e632ca81a1,3/5(火) 12:48
tspkeiba,東スポ競馬,【フィリーズレビュー・耳より】まなみと再コンビのポエットリー　前走騎乗の坂井評は「千四ならもっと切れる」,https://news.yahoo.co.jp/articles/47d17d3dac709b9bfab42bef78cdaa963ce511d6,3/5(火) 12:37
tspkeiba,東スポ競馬,【船橋競馬・ダイオライト記念】タフな長距離戦を乗り切る「トモ」に注目！　太もも天使Ｉ　ＬＯＶＥ　Ｕ＠あいりの狙い馬,https://news.yahoo.co.jp/articles/2c3755d4b9cbf4265871d23a065956b0813d9a98,3/5(火) 12:23
tspkeiba,東スポ競馬,アグリは杉山晴、ダノンスコーピオンは福永、ダノンタッチダウンは堀の各厩舎に転厩,https://news.yahoo.co.jp/articles/1fc280a41797cb7fff61d16c7ffc29c8b7e222e1,3/5(火) 11:56
tspkeiba,東スポ競馬,【フィリーズレビュー／記者の特注馬】ポエットリーと馬具で交わすコミュニケーション　銅製のハミは〝速く走る〟合図！,https://news.yahoo.co.jp/articles/540ef1708a0687807a2970e68363fbc7f10fd140,3/5(火) 11:36
tspkeiba,東スポ競馬,【金鯱賞・現場記者の先手必勝】２年超のブランクも〝さすが〟の動き！　ヨーホーレイクが常識破りの再カムバック飾る,https://news.yahoo.co.jp/articles/2a6b7b3137a5b27ab4bb2504f172490bb0a915f3,3/5(火) 6:35
tspkeiba,東スポ競馬,【フィリーズレビュー・厩舎直送】実績断然のコラソンビートが加藤士厩舎に２週連続Ｖ届ける　「無事にレースをしてくれれば結果はついてくる」,https://news.yahoo.co.jp/articles/20a8442e940fc405909d7bdd288c129066bc2124,3/4(月) 19:02
tspkeiba,東スポ競馬,３冠牝馬デアリングタクトの初年度の交配相手はベンバトルに　４か国で重賞１０勝の良血種牡馬,https://news.yahoo.co.jp/articles/040888eb0ae6394cb5aba542c7f5b853e7d7bc79,3/4(月) 18:05
tspkeiba,東スポ競馬,【金鯱賞展望】菊花賞馬ドゥレッツァが始動！連覇狙うプログノーシスと激突　ディープインパクト産駒の素質馬が２年２か月ぶりに復帰へ,https://news.yahoo.co.jp/articles/34afcf682a0b39b4b3a9096753d4ec6baf181f8f,3/4(月) 17:05
tspkeiba,東スポ競馬,【中山牝馬Ｓ・厩舎直送】復調ムード漂うラヴェル　人馬の呼吸を大事に調整変更「落ち着いて、折り合いをつけて運べるようなら」,https://news.yahoo.co.jp/articles/a39a82df781c1765c90f9c40d0a2860bad41ee40,3/4(月) 16:18
tspkeiba,東スポ競馬,【中山牝馬Ｓ・厩舎直送】３馬身差Ｖで再度重賞へ殴り込み　状態良好のコンクシェル「気分良く走ってくれれば」,https://news.yahoo.co.jp/articles/c5f56a1ec0bacb5467d58abae567ae30f28c5428,3/4(月) 15:34
tspkeiba,東スポ競馬,【フィリーズレビュー・厩舎直送】矢作厩舎ドナベティいざ権利取りへ　「うまく立ち回っていい結果を出せれば」,https://news.yahoo.co.jp/articles/afe9d5ed926334e7dc39526e4559b6e6765c4040,3/4(月) 14:50
tspkeiba,東スポ競馬,カペラＳ覇者テイエムトッキュウは東京スプリントから始動　鞍上は北村友【次走報】,https://news.yahoo.co.jp/articles/eea026c9a6c7de00ca31592b94409e78d14e457c,3/4(月) 12:09
tspkeiba,東スポ競馬,京都牝馬Ｓ勝ちのソーダズリングは高松宮記念に参戦【次走報】,https://news.yahoo.co.jp/articles/a30a98b4e7e14e40f1688170e77f671fe7a8d062,3/4(月) 11:54
tspkeiba,東スポ競馬,【弥生賞・レース回顧】コスモバルクをふと思い出した…バカにできない勝ち馬　敗戦組の〝次の買い時〟,https://news.yahoo.co.jp/articles/12cc7703418a5b22919b3a4271501ef0ddc6232d,3/4(月) 11:31
tspkeiba,東スポ競馬,【弥生賞】シンエンペラー連続２着も陣営は〝視界良好〟　矢作調教師「本番には上積みしかないですね」,https://news.yahoo.co.jp/articles/18eb52ad88599a80ab3389e9f5efa77f907b16e3,3/4(月) 6:35
tspkeiba,東スポ競馬,【弥生賞】コスモキュランダ〝全力疾走〟を引き出した「皐月賞男」Ｍ・デムーロの好プレー　本番での可能性は？,https://news.yahoo.co.jp/articles/a85e023ffc84816a57fd69f627d27190ee05aa90,3/3(日) 20:14
tspkeiba,東スポ競馬,レイチェル・キングが短期免許での中央ラスト騎乗　土日５勝の固め打ち「来年も来たいですね」,https://news.yahoo.co.jp/articles/c5e4b416dc2d349f1eb792bd3e7e8ca8adfb008a,3/3(日) 19:36
tspkeiba,東スポ競馬,【弥生賞】不可解７着ダノンエアズロック　最後の伸びを奪ったのは「距離」か「馬場」か…残った大きな課題,https://news.yahoo.co.jp/articles/38987a1a4fca1af63487566ce568d72e1d70cde2,3/3(日) 19:06
tspkeiba,東スポ競馬,【弥生賞】１番人気トロヴァトーレは伸びを欠いて６着止まり　陣営が挙げた複数の敗因「こんなはずではない」,https://news.yahoo.co.jp/articles/defd9062e5f8911e754c96b167d8136c6bd17950,3/3(日) 18:57
tspkeiba,東スポ競馬,【弥生賞】シリウスコルトが〝粘り腰〟で皐月賞への切符をゲット　三浦は本番でも手応え十分！,https://news.yahoo.co.jp/articles/c0de12143e4aece83d5a24a4b84188a516b386b1,3/3(日) 18:29
tspkeiba,東スポ競馬,【弥生賞】シンエンペラーはまたしても２着　勝負どころで反応鈍く…川田「今日のところは勝った馬に馬場が向きました」,https://news.yahoo.co.jp/articles/d80ba1252d9e3e2dc36c8490da9a4340fff57ac1,3/3(日) 18:13
tspkeiba,東スポ競馬,松永昌博調教師が引退　土日で未勝利に終わり「いいところを見せたかったんやけどな」,https://news.yahoo.co.jp/articles/13d3da91e07fced44a7da10705f7a881e480d35f,3/3(日) 17:18
tspkeiba,東スポ競馬,１７勝を挙げた鮫島克駿が冬の小倉リーディング獲得　ルーキーとの対戦で「初心を忘れてはいけないと思いました」,https://news.yahoo.co.jp/articles/a6829b86d654592e584bbe2dc741f328f7f38870,3/3(日) 17:05
tspkeiba,東スポ競馬,小桧山調教師が中山８Ｒでラストラン　ターフ外でも多彩な才能を発揮した個性派「皆さんに感謝しています」,https://news.yahoo.co.jp/articles/da713831b9317aae5f214d5689c61d6272be95f3,3/3(日) 16:47
tspkeiba,東スポ競馬,【大阪城Ｓ】トップハンデのステラヴェローチェが約２年半ぶりの勝利　酒井「力がありますね」,https://news.yahoo.co.jp/articles/30707e3725ec42984b2a4f6922f9936e724d7233,3/3(日) 16:41
tspkeiba,東スポ競馬,ルーキー・大江原比呂が果敢な逃げで初の連対圏入りも反省の弁　〝憧れの存在〟菜七子から教わった「心構え」も,https://news.yahoo.co.jp/articles/a37dac930ea758aeb0e5d675cb80b65463f2c333,3/3(日) 16:32
tspkeiba,東スポ競馬,【関門橋Ｓ】田口貫太が冬の小倉を締めくくるＶ！　ニホンピロキーフ差し切り楽勝「強かったです」,https://news.yahoo.co.jp/articles/bc625ff02c610a76c9e4aae3fcc90a43870a3109,3/3(日) 16:21
tspkeiba,東スポ競馬,引退式で父・安田隆行調教師の感極まる姿に驚き…息子・翔伍師の誓い「安田の名は残りますのでその看板が大きくなるように」,https://news.yahoo.co.jp/articles/f8246c4465f6b38108ee2ded0c306acc7df02294,3/3(日) 16:15
tspkeiba,東スポ競馬,ピクシーナイトの弟ジュンヴァンケットが経験馬相手に初陣Ｖ　岩田望「ポテンシャルは高いです」【阪神４Ｒ】,https://news.yahoo.co.jp/articles/b816798b8a834c1d535305ad041b02e579d3bf90,3/3(日) 16:08
tspkeiba,東スポ競馬,「真面目にやったのは正味１０年」「このままフランスに」ナカノコールに送られた中野栄治調教師は最後まで〝らしさ〟貫く,https://news.yahoo.co.jp/articles/f4cf7e52bb31c942ce9186e23219988640b1296e,3/3(日) 14:52
tspkeiba,東スポ競馬,【アルメリア賞】１番人気ギャンブルルームが接戦を制して２勝目　ムルザバエフ「距離は延ばしても大丈夫そう」,https://news.yahoo.co.jp/articles/89044ff100a8b44a70dfb79a7073bb6fa08cc330,3/3(日) 14:39
tspkeiba,東スポ競馬,加用調教師が小倉６Ｒでラストラン　花束贈呈と胴上げでターフに別れ「引退のいい記念になった」,https://news.yahoo.co.jp/articles/0a22dcdd56a2fc4620b8ef5b0266e069e03fedc2,3/3(日) 13:47
tspkeiba,東スポ競馬,〝小倉の安田〟安田隆行調教師が思い出の地で引退セレモニー「素晴らしいホースマン人生」,https://news.yahoo.co.jp/articles/dac7ef0539d5368f7ed558f4527136d9e8087645,3/3(日) 13:07
tspkeiba,東スポ競馬,ラストデイ中野厩舎が２勝目で〝お祭りムード〟　中山４Ｒをガビーズシスターが快勝「１番人気で予定通りのレース」,https://news.yahoo.co.jp/articles/b29f29c7f42fdc1b92a574c3f68908012fb95bea,3/3(日) 12:40
tspkeiba,東スポ競馬,調教助手から転身した坂口智康の初実戦は８着　ホロ苦デビューも「ジョッキーになってよかった」【小倉４Ｒ】,https://news.yahoo.co.jp/articles/cea3d12584ded182f0bf90bf354ffdb4eb922cf6,3/3(日) 12:21
tspkeiba,東スポ競馬,ラストウィーク中野栄治厩舎のイーサンハンターが快勝　引退に花を添えた武豊「〝ユタカコール〟してもらえれば」,https://news.yahoo.co.jp/articles/6de878eb9972f20b02237be43273034d214a7cd9,3/3(日) 12:08
tspkeiba,東スポ競馬,永島まなみが自身３度目の単勝万馬券Ｖ！完璧立ち回り「ロスなく回ろうと思っていました」【小倉１Ｒ】,https://news.yahoo.co.jp/articles/ad52649b7d5aa3013f12ed3ae673faf7677a6b80,3/3(日) 10:42
tspkeiba,東スポ競馬,【弥生賞・コメントのツボ】２頭出し鹿戸厩舎シュバルツクーゲル「いい感じになってきている」　トロヴァトーレ「満足のいく稽古ができた」,https://news.yahoo.co.jp/articles/88d40edf02da2499568182cc4e8670f7ed110a6c,3/3(日) 9:04
tspkeiba,東スポ競馬,【弥生賞・生情報】目指すはダブルで権利取り！強烈〝２頭出し〟トロヴァトーレ＆シュバルツクーゲル　鹿戸調教師の思惑,https://news.yahoo.co.jp/articles/4c03993eff916b7b3e41d221e0402bab77a76870,3/2(土) 19:35
tspkeiba,東スポ競馬,【真理子の部屋／日曜小倉１０Ｒ】「琢真で勝ちたい」と言われる騎手,https://news.yahoo.co.jp/articles/8b4f566d24f8ca89617b9d94c8c3c9219b4962ae,3/2(土) 19:00
tspkeiba,東スポ競馬,【チューリップ賞】祖母スイープトウショウと内容酷似？　豪快な差し切りを決めたスウィープフィートに武豊「ね？　いい馬でしょう」,https://news.yahoo.co.jp/articles/12d88b87c7b6d642cfd50607fa8abf4caad17259,3/2(土) 18:10
tspkeiba,東スポ競馬,【オーシャンＳ】完勝のトウシンマカオが胸を張って春の電撃王決定戦へ　横山武も称賛「素晴らしいはじけっぷりでした」,https://news.yahoo.co.jp/articles/c7a88a1b44a875cc0100b46e598c1489ba3126ef,3/2(土) 17:55
tspkeiba,東スポ競馬,【中東制圧・インサイドレポート】リメイクが予告通りの馬場でリヤドダートスプリントを差し切りＶ　現地から絶対に伝えたかった〝ホンネ〟,https://news.yahoo.co.jp/articles/8ebe35005560ca734c1e991f38b0a5ae89b88101,3/2(土) 17:53
tspkeiba,東スポ競馬,飯田雄三調教師のラストレースは８着　「長い間やり切ったという感じ。緊張していて涙はないね」【阪神１０Ｒ】,https://news.yahoo.co.jp/articles/f2af174e5d1ace97d1b1cbc87c19f95b594607a8,3/2(土) 17:49
tspkeiba,東スポ競馬,【チューリップ賞】３連単１６９万馬券の立役者は１５番人気のハワイアンティアレ　大波乱演出の３着に西村淳「まだ上積みも見込めそうです」,https://news.yahoo.co.jp/articles/e589f5aab9315c5a64b21d5ebb438da3952a3c94,3/2(土) 17:45
tspkeiba,東スポ競馬,【オーシャンＳ】「４角の進路取りを迷って切り返したのが…」　３着バースクライの岩田望が挙げた勝負の分かれ目,https://news.yahoo.co.jp/articles/bebd058f3c1def25e144846a78071a1008aabe1e,3/2(土) 17:37
tspkeiba,東スポ競馬,【チューリップ賞】逃げ粘った９番人気セキトバイーストが２着を確保　藤岡佑「かわされてからもいい競馬ができた」,https://news.yahoo.co.jp/articles/1b1578e19e0ef4b4082e4a7da2b5358ef6d13c42,3/2(土) 17:30
tspkeiba,東スポ競馬,【チューリップ賞】１番人気タガノエルピーダは直線不発４着で桜切符逃す　団野「自信はあったんですが…」,https://news.yahoo.co.jp/articles/1ca519d48d1a3c3d91082b5749e257419e7c3637,3/2(土) 17:20
tspkeiba,東スポ競馬,【チューリップ賞】イクイノックス半妹ガルサブランカは伸びを欠き８着　ルメールが挙げた〝決定的敗因〟,https://news.yahoo.co.jp/articles/81ae2ddbed103c281d6000587acc56333737c63c,3/2(土) 17:06
tspkeiba,東スポ競馬,【小倉１１Ｒ・早鞆特別】１番人気アイファーテイオーの末脚炸裂　待機策選択の藤懸「この馬の脚を信じていました」,https://news.yahoo.co.jp/articles/77f6e80862397b289b8cdcbdcff270b3344b2ee7,3/2(土) 16:26
tspkeiba,東スポ競馬,イルーシヴパンサーが引退し乗馬へ転身　２０２３年の京都金杯などマイル重賞を２勝,https://news.yahoo.co.jp/articles/05f12ee3ab6dc2a5aa8c7bfc9df1ada27a7388ac,3/2(土) 15:50
tspkeiba,東スポ競馬,【小倉９Ｒ・あざみ賞】１番人気アンクルクロスが一気の差し切りＶ　殊勲の長岡「もともとレースが上手でしたから」,https://news.yahoo.co.jp/articles/373191f5dd5f0d41fb796baecfe315403bdbac5b,3/2(土) 15:10
tspkeiba,東スポ競馬,ルーキー柴田裕一郎が大逃走劇で初勝利　新人一番乗りも本人は反省　師匠・中竹調教師は厳しい採点も笑顔で祝福【小倉８Ｒ】,https://news.yahoo.co.jp/articles/db25c5a188ade6b6ddb08f23ad8bd6b5edf405b8,3/2(土) 15:04
tspkeiba,東スポ競馬,栗東所属の新人騎手４人が小倉で初陣　トップバッター・橋木太希はほろ苦デビューも「感謝の気持ちを持って恩返ししていきたいです」,https://news.yahoo.co.jp/articles/ca908fd7e48f00afc6086d0950eebb403d00ac90,3/2(土) 12:12
tspkeiba,東スポ競馬,高橋裕調教師がラストウイークでいきなりＶ　ペイシャニットの押し切りに「何とか勝ちたかった」と安堵【中山１Ｒ】,https://news.yahoo.co.jp/articles/754baa64379f1f3b9903bea528723371fba6bbda,3/2(土) 11:23
tspkeiba,東スポ競馬,新人ジョッキー３人がデビュー　長浜鴻緒がいきなり２着「落ち着いて出られました」【中山１Ｒ】,https://news.yahoo.co.jp/articles/08134c9f42881e89102d97d6f54968ae22fe5f8c,3/2(土) 11:13
tspkeiba,東スポ競馬,【チューリップ賞・特捜班のガチ】単なる勝負駆けの１勝馬ではない！「お世話になった先生と…」　激レア調整で桜切符を狙う陣営の背景,https://news.yahoo.co.jp/articles/a997dc0d8eaa7cd18cefe41166f008b6193e35c4,3/2(土) 8:53
tspkeiba,東スポ競馬,定年引退の中野栄治調教師の管理馬にルーキー２人が騎乗のレアケース　石神深道＆大江原比呂にエール「まず〝心〟で勝って次に〝技〟で勝って」,https://news.yahoo.co.jp/articles/6a9a7959dd64df3874179e7d06b86e6ed058e14b,3/2(土) 8:13
tspkeiba,東スポ競馬,安田隆行調教師連載【１】京都河原町の街中で馬と〝初遭遇〟　所狭しと遊び回った少年時代,https://news.yahoo.co.jp/articles/88e1a78729d88f077d9bcabf799a88671589009c,3/1(金) 19:07
tspkeiba,東スポ競馬,【チューリップ賞・生情報】１番人気を裏切った前走はあくまでも〝参考外〟　栗東滞在スティールブルーが指揮官最後のクラシックへ〝権利取り〟,https://news.yahoo.co.jp/articles/17881312685fb244558031e1f94845dea36e97d6,3/1(金) 18:20
tspkeiba,東スポ競馬,現役７人目の女性騎手・大江原比呂がデビュー　「愛馬心と体の軟らかさ」生かして初勝利を目指す,https://news.yahoo.co.jp/articles/f27326941b34d8a13077d96a929f8c0bbde9db07,3/1(金) 17:08
tspkeiba,東スポ競馬,【弥生賞・特選情報】シンエンペラーが再び中山へ殴り込み　陣営は新パートナー・川田の効果に期待「しっかり教育してくれるジョッキーですからね」,https://news.yahoo.co.jp/articles/54485a0447cd2c372365b9b4f075a65558af95c0,3/1(金) 12:06
tspkeiba,東スポ競馬,【血統値】異国の地でも輝いた〝ゆかりの血統〟　ヘヴンリーロマンス→ラニ→リメイクが刻む系譜,https://news.yahoo.co.jp/articles/70464c376bbe502bf970c91e00d23c1367fa8e05,3/1(金) 11:30
tspkeiba,東スポ競馬,武豊騎手が振り返った〝ケガの功名〟　弥生賞５着敗戦からダービー馬に輝いたキズナ,https://news.yahoo.co.jp/articles/68491ace87011ac0a07f1c4c144e1df1cc69899c,3/1(金) 6:35
tspkeiba,東スポ競馬,【かきつばた記念】サンライズホークが圧巻の重賞３連勝　殊勲のＭ・デムーロ「この感じでいけたらまだ楽しみが広がる」,https://news.yahoo.co.jp/articles/ba8aeb1511a50c7b554d50e44065fe2185c87549,2/29(木) 21:14
tspkeiba,東スポ競馬,京都記念勝ちのプラダリアは池添とのコンビ継続で大阪杯へ　ドゥラエレーデはドバイワールドカップを目標に調整【次走報】,https://news.yahoo.co.jp/articles/881ce30f5a2845a73add1f3ddc867f6f2e8862bf,2/29(木) 18:01
tspkeiba,東スポ競馬,小林美駒は落馬負傷のため騎乗見合わせ　小倉競馬場での調教中「ご迷惑をおかけして申し訳ありません」,https://news.yahoo.co.jp/articles/1b59f43e79bb953950ffc1717e387900a8dd39af,2/29(木) 17:20
tspkeiba,東スポ競馬,東スポ杯２歳Ｓ覇者シュトラウスは北村宏との新コンビでファルコンＳへ【次走報】,https://news.yahoo.co.jp/articles/e5ec08c842f0a2ed3c2aa7c833cff004221d614b,2/29(木) 17:14
tspkeiba,東スポ競馬,３・１４アーモンドアイＪＲＡ顕彰馬祝賀トークショーでチャリティーオークション実施　収益金は能登半島地震で被災した珠洲ホースパークの支援に,https://news.yahoo.co.jp/articles/d25f73ad85fa25ccaf6d2da09263f45f970d8878,2/29(木) 17:11
tspkeiba,東スポ競馬,ダービー馬タスティエーラは大阪杯で戦列復帰へ　鞍上は松山【次走報】,https://news.yahoo.co.jp/articles/abc775e0f0191059ef70984c57fcb50bedab9c1a,2/29(木) 17:02
tspkeiba,東スポ競馬,坂井瑠星が騎乗停止　計６日間　サウジアラビアでのムチの使用回数制限超過＆斜行で,https://news.yahoo.co.jp/articles/ad99542b32fa9e4442a53a498d47277d33acaff7,2/29(木) 14:38
tspkeiba,東スポ競馬,ラヴズオンリーユーの第２子が誕生　レイデオロの牡馬　ＤＭＭドリームＣ代表・椎名氏「まずは健やかに育ってほしい」,https://news.yahoo.co.jp/articles/750da283c5be1b5f6502738e0e00958f79800993,2/29(木) 13:11
tspkeiba,東スポ競馬,異色の新人ジョッキー・坂口智康が３日の小倉でデビュー予定　調教助手からの転身に「恐怖より好奇心のほうが大きいです」,https://news.yahoo.co.jp/articles/8bf22cecb0563089268eabaf02e04befe393f9ca,2/29(木) 12:10
tspkeiba,東スポ競馬,ステイゴールド産駒の９歳馬アフリカンゴールドが引退　阪神競馬場で乗馬へ転身　２０２２年京都記念覇者,https://news.yahoo.co.jp/articles/027ed9e6b107275ad032f520bed43589fa980bba,2/29(木) 12:04
tspkeiba,東スポ競馬,【引退調教師の言葉】安田隆師「十分すぎる競馬人生」　加用師「馬は血の通った生き物」　松永昌師「スタッフを大事にすることを大切に」　飯田雄師「楽しくやれたのは幸せ」,https://news.yahoo.co.jp/articles/2eabf716dc7a71f8338f860644feb14a39edc787,2/29(木) 11:50
tspkeiba,東スポ競馬,人気薄での好走に〝新人騎手〟の支えあり！先輩も認める確かな騎乗技術　ダービージョッキーの師匠のもとで長浜鴻緒が羽ばたく,https://news.yahoo.co.jp/articles/3e8880453cc042f6cdc0e6ec43827cecc36a0019,2/29(木) 11:30
tspkeiba,東スポ競馬,【弥生賞・血統値】出遅れた〝本命〟レイデオロが送り出す期待馬　母系も優秀！トロヴァトーレはクラシックを意識させる資質あり,https://news.yahoo.co.jp/articles/2df6668bc97ab68ae592d51b8c068619035d03c3,2/29(木) 6:35
